*******************************************************************************
                         ARRAY PREPROCESSOR ver. 1.0
*******************************************************************************



   1	GROUP testgroup
   3	 GRID RECTANGULAR
   4	 ELEMENT
   5	 GEOMETRY RECTANGULAR 53 83
   8	 ADD BLOCK 4 1 -7 1
  10	 GROUP_EXCITATION
  11	 AMPLITUDE UNIFORM 19
  12	 PHASE ROTATION SEQUENTIAL CW ANGLE -45 86
  14	 END

** Generating GROUP: testgroup.
** PSTEP,QSTEP set to:98.478424,98.478424
** Grid ANGLE set to:90.000000 
** Group ROT_ANGLE set to: 0.000000 

** Writing output file: ../inputs/gr100.dat

NEL 
NPORTS
IDUM      REXA     REYA     REZA     THEA     PHEA     PSEA 
          AMP      PSH      PSC      PHEPOL
  12
  12
   1
   1
   1 	 -689.35    98.48     0.00     0.00   -45.00     0.00
   1 	 -689.35    98.48     0.00     0.00   -45.00     0.00
   	   19.00   -45.00     0.00    90.00
   	   19.00   -45.00     0.00    90.00
   2 	 -590.87    98.48     0.00     0.00    41.00     0.00
   2 	 -590.87    98.48     0.00     0.00    41.00     0.00
   	   19.00    41.00     0.00    90.00
   	   19.00    41.00     0.00    90.00
   3 	 -492.39    98.48     0.00     0.00   127.00     0.00
   3 	 -492.39    98.48     0.00     0.00   127.00     0.00
   	   19.00   127.00     0.00    90.00
   	   19.00   127.00     0.00    90.00
   4 	 -393.91    98.48     0.00     0.00   213.00     0.00
   4 	 -393.91    98.48     0.00     0.00   213.00     0.00
   	   19.00   213.00     0.00    90.00
   	   19.00   213.00     0.00    90.00
   5 	 -295.44    98.48     0.00     0.00   299.00     0.00
   5 	 -295.44    98.48     0.00     0.00   299.00     0.00
   	   19.00   299.00     0.00    90.00
   	   19.00   299.00     0.00    90.00
   6 	 -196.96    98.48     0.00     0.00   385.00     0.00
   6 	 -196.96    98.48     0.00     0.00   385.00     0.00
   	   19.00   385.00     0.00    90.00
   	   19.00   385.00     0.00    90.00
   7 	  -98.48    98.48     0.00     0.00   471.00     0.00
   7 	  -98.48    98.48     0.00     0.00   471.00     0.00
   	   19.00   471.00     0.00    90.00
   	   19.00   471.00     0.00    90.00
   8 	   -0.00    98.48     0.00     0.00   557.00     0.00
   8 	   -0.00    98.48     0.00     0.00   557.00     0.00
   	   19.00   557.00     0.00    90.00
   	   19.00   557.00     0.00    90.00
   9 	   98.48    98.48     0.00     0.00   643.00     0.00
   9 	   98.48    98.48     0.00     0.00   643.00     0.00
   	   19.00   643.00     0.00    90.00
   	   19.00   643.00     0.00    90.00
  10 	  196.96    98.48     0.00     0.00   729.00     0.00
  10 	  196.96    98.48     0.00     0.00   729.00     0.00
   	   19.00   729.00     0.00    90.00
   	   19.00   729.00     0.00    90.00
  11 	  295.44    98.48     0.00     0.00   815.00     0.00
  11 	  295.44    98.48     0.00     0.00   815.00     0.00
   	   19.00   815.00     0.00    90.00
   	   19.00   815.00     0.00    90.00
  12 	  393.91    98.48     0.00     0.00   901.00     0.00
  12 	  393.91    98.48     0.00     0.00   901.00     0.00
   	   19.00   901.00     0.00    90.00
   	   19.00   901.00     0.00    90.00

** End writing output file: ../inputs/gr100.dat 
