*******************************************************************************
                         ARRAY PREPROCESSOR ver. 1.0
*******************************************************************************



   1	GROUP testgroup
   3	 GRID SQUARE
   4	 ELEMENT
   5	 GEOMETRY CIRCULAR RADIUS 56
   7	 ADD BLOCK -10 -3 4 -3
   9	 GROUP_EXCITATION
  10	 AMPLITUDE UNIFORM 25
  11	 PHASE UNIFORM -101
  12	 END

** Generating GROUP: testgroup.
** PSTEP,QSTEP set to:112.000000,112.000000
** Grid ANGLE set to:90.000000 
** Group ROT_ANGLE set to: 0.000000 

** Writing output file: ../inputs/gr103.dat

NEL 
NPORTS
IDUM      REXA     REYA     REZA     THEA     PHEA     PSEA 
          AMP      PSH      PSC      PHEPOL
  15
  15
   1
   1
   1 	-1120.00  -336.00     0.00     0.00     0.00     0.00
   1 	-1120.00  -336.00     0.00     0.00     0.00     0.00
   	   25.00  -101.00     0.00    90.00
   	   25.00  -101.00     0.00    90.00
   2 	-1008.00  -336.00     0.00     0.00     0.00     0.00
   2 	-1008.00  -336.00     0.00     0.00     0.00     0.00
   	   25.00  -101.00     0.00    90.00
   	   25.00  -101.00     0.00    90.00
   3 	 -896.00  -336.00     0.00     0.00     0.00     0.00
   3 	 -896.00  -336.00     0.00     0.00     0.00     0.00
   	   25.00  -101.00     0.00    90.00
   	   25.00  -101.00     0.00    90.00
   4 	 -784.00  -336.00     0.00     0.00     0.00     0.00
   4 	 -784.00  -336.00     0.00     0.00     0.00     0.00
   	   25.00  -101.00     0.00    90.00
   	   25.00  -101.00     0.00    90.00
   5 	 -672.00  -336.00     0.00     0.00     0.00     0.00
   5 	 -672.00  -336.00     0.00     0.00     0.00     0.00
   	   25.00  -101.00     0.00    90.00
   	   25.00  -101.00     0.00    90.00
   6 	 -560.00  -336.00     0.00     0.00     0.00     0.00
   6 	 -560.00  -336.00     0.00     0.00     0.00     0.00
   	   25.00  -101.00     0.00    90.00
   	   25.00  -101.00     0.00    90.00
   7 	 -448.00  -336.00     0.00     0.00     0.00     0.00
   7 	 -448.00  -336.00     0.00     0.00     0.00     0.00
   	   25.00  -101.00     0.00    90.00
   	   25.00  -101.00     0.00    90.00
   8 	 -336.00  -336.00     0.00     0.00     0.00     0.00
   8 	 -336.00  -336.00     0.00     0.00     0.00     0.00
   	   25.00  -101.00     0.00    90.00
   	   25.00  -101.00     0.00    90.00
   9 	 -224.00  -336.00     0.00     0.00     0.00     0.00
   9 	 -224.00  -336.00     0.00     0.00     0.00     0.00
   	   25.00  -101.00     0.00    90.00
   	   25.00  -101.00     0.00    90.00
  10 	 -112.00  -336.00     0.00     0.00     0.00     0.00
  10 	 -112.00  -336.00     0.00     0.00     0.00     0.00
   	   25.00  -101.00     0.00    90.00
   	   25.00  -101.00     0.00    90.00
  11 	    0.00  -336.00     0.00     0.00     0.00     0.00
  11 	    0.00  -336.00     0.00     0.00     0.00     0.00
   	   25.00  -101.00     0.00    90.00
   	   25.00  -101.00     0.00    90.00
  12 	  112.00  -336.00     0.00     0.00     0.00     0.00
  12 	  112.00  -336.00     0.00     0.00     0.00     0.00
   	   25.00  -101.00     0.00    90.00
   	   25.00  -101.00     0.00    90.00
  13 	  224.00  -336.00     0.00     0.00     0.00     0.00
  13 	  224.00  -336.00     0.00     0.00     0.00     0.00
   	   25.00  -101.00     0.00    90.00
   	   25.00  -101.00     0.00    90.00
  14 	  336.00  -336.00     0.00     0.00     0.00     0.00
  14 	  336.00  -336.00     0.00     0.00     0.00     0.00
   	   25.00  -101.00     0.00    90.00
   	   25.00  -101.00     0.00    90.00
  15 	  448.00  -336.00     0.00     0.00     0.00     0.00
  15 	  448.00  -336.00     0.00     0.00     0.00     0.00
   	   25.00  -101.00     0.00    90.00
   	   25.00  -101.00     0.00    90.00

** End writing output file: ../inputs/gr103.dat 
