*******************************************************************************
                         ARRAY PREPROCESSOR ver. 1.0
*******************************************************************************



   1	GROUP testgroup
   3	 GRID RECTANGULAR
   4	 ELEMENT
   5	 GEOMETRY CIRCULAR RADIUS 53
   6	 POLARIZATION LINEAR
   7	 ADD BLOCK 3 2 -1 -6
   8	 ADD BLOCK -5 0 -6 -5
   9	 ADD BLOCK -4 0 0 -3
  10	 ADD BLOCK -2 1 0 -3
  12	 GROUP_EXCITATION
  13	 AMPLITUDE UNIFORM 30
  14	 PHASE UNIFORM 67
  15	 END

** Generating GROUP: testgroup.
** PSTEP,QSTEP set to:106.000000,106.000000
** Grid ANGLE set to:90.000000 
** Group ROT_ANGLE set to: 0.000000 

** Writing output file: ../inputs/gr105.dat

NEL 
NPORTS
IDUM      REXA     REYA     REZA     THEA     PHEA     PSEA 
          AMP      PSH      PSC      PHEPOL
  92
  92
   1
   1
   1 	 -106.00  -636.00     0.00     0.00     0.00     0.00
   1 	 -106.00  -636.00     0.00     0.00     0.00     0.00
   	   30.00    67.00     0.00    90.00
   	   30.00    67.00     0.00    90.00
   2 	    0.00  -636.00     0.00     0.00     0.00     0.00
   2 	    0.00  -636.00     0.00     0.00     0.00     0.00
   	   30.00    67.00     0.00    90.00
   	   30.00    67.00     0.00    90.00
   3 	  106.00  -636.00     0.00     0.00     0.00     0.00
   3 	  106.00  -636.00     0.00     0.00     0.00     0.00
   	   30.00    67.00     0.00    90.00
   	   30.00    67.00     0.00    90.00
   4 	  212.00  -636.00     0.00     0.00     0.00     0.00
   4 	  212.00  -636.00     0.00     0.00     0.00     0.00
   	   30.00    67.00     0.00    90.00
   	   30.00    67.00     0.00    90.00
   5 	  318.00  -636.00     0.00     0.00     0.00     0.00
   5 	  318.00  -636.00     0.00     0.00     0.00     0.00
   	   30.00    67.00     0.00    90.00
   	   30.00    67.00     0.00    90.00
   6 	 -106.00  -530.00     0.00     0.00     0.00     0.00
   6 	 -106.00  -530.00     0.00     0.00     0.00     0.00
   	   30.00    67.00     0.00    90.00
   	   30.00    67.00     0.00    90.00
   7 	    0.00  -530.00     0.00     0.00     0.00     0.00
   7 	    0.00  -530.00     0.00     0.00     0.00     0.00
   	   30.00    67.00     0.00    90.00
   	   30.00    67.00     0.00    90.00
   8 	  106.00  -530.00     0.00     0.00     0.00     0.00
   8 	  106.00  -530.00     0.00     0.00     0.00     0.00
   	   30.00    67.00     0.00    90.00
   	   30.00    67.00     0.00    90.00
   9 	  212.00  -530.00     0.00     0.00     0.00     0.00
   9 	  212.00  -530.00     0.00     0.00     0.00     0.00
   	   30.00    67.00     0.00    90.00
   	   30.00    67.00     0.00    90.00
  10 	  318.00  -530.00     0.00     0.00     0.00     0.00
  10 	  318.00  -530.00     0.00     0.00     0.00     0.00
   	   30.00    67.00     0.00    90.00
   	   30.00    67.00     0.00    90.00
  11 	 -106.00  -424.00     0.00     0.00     0.00     0.00
  11 	 -106.00  -424.00     0.00     0.00     0.00     0.00
   	   30.00    67.00     0.00    90.00
   	   30.00    67.00     0.00    90.00
  12 	    0.00  -424.00     0.00     0.00     0.00     0.00
  12 	    0.00  -424.00     0.00     0.00     0.00     0.00
   	   30.00    67.00     0.00    90.00
   	   30.00    67.00     0.00    90.00
  13 	  106.00  -424.00     0.00     0.00     0.00     0.00
  13 	  106.00  -424.00     0.00     0.00     0.00     0.00
   	   30.00    67.00     0.00    90.00
   	   30.00    67.00     0.00    90.00
  14 	  212.00  -424.00     0.00     0.00     0.00     0.00
  14 	  212.00  -424.00     0.00     0.00     0.00     0.00
   	   30.00    67.00     0.00    90.00
   	   30.00    67.00     0.00    90.00
  15 	  318.00  -424.00     0.00     0.00     0.00     0.00
  15 	  318.00  -424.00     0.00     0.00     0.00     0.00
   	   30.00    67.00     0.00    90.00
   	   30.00    67.00     0.00    90.00
  16 	 -106.00  -318.00     0.00     0.00     0.00     0.00
  16 	 -106.00  -318.00     0.00     0.00     0.00     0.00
   	   30.00    67.00     0.00    90.00
   	   30.00    67.00     0.00    90.00
  17 	    0.00  -318.00     0.00     0.00     0.00     0.00
  17 	    0.00  -318.00     0.00     0.00     0.00     0.00
   	   30.00    67.00     0.00    90.00
   	   30.00    67.00     0.00    90.00
  18 	  106.00  -318.00     0.00     0.00     0.00     0.00
  18 	  106.00  -318.00     0.00     0.00     0.00     0.00
   	   30.00    67.00     0.00    90.00
   	   30.00    67.00     0.00    90.00
  19 	  212.00  -318.00     0.00     0.00     0.00     0.00
  19 	  212.00  -318.00     0.00     0.00     0.00     0.00
   	   30.00    67.00     0.00    90.00
   	   30.00    67.00     0.00    90.00
  20 	  318.00  -318.00     0.00     0.00     0.00     0.00
  20 	  318.00  -318.00     0.00     0.00     0.00     0.00
   	   30.00    67.00     0.00    90.00
   	   30.00    67.00     0.00    90.00
  21 	 -106.00  -212.00     0.00     0.00     0.00     0.00
  21 	 -106.00  -212.00     0.00     0.00     0.00     0.00
   	   30.00    67.00     0.00    90.00
   	   30.00    67.00     0.00    90.00
  22 	    0.00  -212.00     0.00     0.00     0.00     0.00
  22 	    0.00  -212.00     0.00     0.00     0.00     0.00
   	   30.00    67.00     0.00    90.00
   	   30.00    67.00     0.00    90.00
  23 	  106.00  -212.00     0.00     0.00     0.00     0.00
  23 	  106.00  -212.00     0.00     0.00     0.00     0.00
   	   30.00    67.00     0.00    90.00
   	   30.00    67.00     0.00    90.00
  24 	  212.00  -212.00     0.00     0.00     0.00     0.00
  24 	  212.00  -212.00     0.00     0.00     0.00     0.00
   	   30.00    67.00     0.00    90.00
   	   30.00    67.00     0.00    90.00
  25 	  318.00  -212.00     0.00     0.00     0.00     0.00
  25 	  318.00  -212.00     0.00     0.00     0.00     0.00
   	   30.00    67.00     0.00    90.00
   	   30.00    67.00     0.00    90.00
  26 	 -106.00  -106.00     0.00     0.00     0.00     0.00
  26 	 -106.00  -106.00     0.00     0.00     0.00     0.00
   	   30.00    67.00     0.00    90.00
   	   30.00    67.00     0.00    90.00
  27 	    0.00  -106.00     0.00     0.00     0.00     0.00
  27 	    0.00  -106.00     0.00     0.00     0.00     0.00
   	   30.00    67.00     0.00    90.00
   	   30.00    67.00     0.00    90.00
  28 	  106.00  -106.00     0.00     0.00     0.00     0.00
  28 	  106.00  -106.00     0.00     0.00     0.00     0.00
   	   30.00    67.00     0.00    90.00
   	   30.00    67.00     0.00    90.00
  29 	  212.00  -106.00     0.00     0.00     0.00     0.00
  29 	  212.00  -106.00     0.00     0.00     0.00     0.00
   	   30.00    67.00     0.00    90.00
   	   30.00    67.00     0.00    90.00
  30 	  318.00  -106.00     0.00     0.00     0.00     0.00
  30 	  318.00  -106.00     0.00     0.00     0.00     0.00
   	   30.00    67.00     0.00    90.00
   	   30.00    67.00     0.00    90.00
  31 	 -106.00     0.00     0.00     0.00     0.00     0.00
  31 	 -106.00     0.00     0.00     0.00     0.00     0.00
   	   30.00    67.00     0.00    90.00
   	   30.00    67.00     0.00    90.00
  32 	    0.00     0.00     0.00     0.00     0.00     0.00
  32 	    0.00     0.00     0.00     0.00     0.00     0.00
   	   30.00    67.00     0.00    90.00
   	   30.00    67.00     0.00    90.00
  33 	  106.00     0.00     0.00     0.00     0.00     0.00
  33 	  106.00     0.00     0.00     0.00     0.00     0.00
   	   30.00    67.00     0.00    90.00
   	   30.00    67.00     0.00    90.00
  34 	  212.00     0.00     0.00     0.00     0.00     0.00
  34 	  212.00     0.00     0.00     0.00     0.00     0.00
   	   30.00    67.00     0.00    90.00
   	   30.00    67.00     0.00    90.00
  35 	  318.00     0.00     0.00     0.00     0.00     0.00
  35 	  318.00     0.00     0.00     0.00     0.00     0.00
   	   30.00    67.00     0.00    90.00
   	   30.00    67.00     0.00    90.00
  36 	 -106.00   106.00     0.00     0.00     0.00     0.00
  36 	 -106.00   106.00     0.00     0.00     0.00     0.00
   	   30.00    67.00     0.00    90.00
   	   30.00    67.00     0.00    90.00
  37 	   -0.00   106.00     0.00     0.00     0.00     0.00
  37 	   -0.00   106.00     0.00     0.00     0.00     0.00
   	   30.00    67.00     0.00    90.00
   	   30.00    67.00     0.00    90.00
  38 	  106.00   106.00     0.00     0.00     0.00     0.00
  38 	  106.00   106.00     0.00     0.00     0.00     0.00
   	   30.00    67.00     0.00    90.00
   	   30.00    67.00     0.00    90.00
  39 	  212.00   106.00     0.00     0.00     0.00     0.00
  39 	  212.00   106.00     0.00     0.00     0.00     0.00
   	   30.00    67.00     0.00    90.00
   	   30.00    67.00     0.00    90.00
  40 	  318.00   106.00     0.00     0.00     0.00     0.00
  40 	  318.00   106.00     0.00     0.00     0.00     0.00
   	   30.00    67.00     0.00    90.00
   	   30.00    67.00     0.00    90.00
  41 	 -106.00   212.00     0.00     0.00     0.00     0.00
  41 	 -106.00   212.00     0.00     0.00     0.00     0.00
   	   30.00    67.00     0.00    90.00
   	   30.00    67.00     0.00    90.00
  42 	   -0.00   212.00     0.00     0.00     0.00     0.00
  42 	   -0.00   212.00     0.00     0.00     0.00     0.00
   	   30.00    67.00     0.00    90.00
   	   30.00    67.00     0.00    90.00
  43 	  106.00   212.00     0.00     0.00     0.00     0.00
  43 	  106.00   212.00     0.00     0.00     0.00     0.00
   	   30.00    67.00     0.00    90.00
   	   30.00    67.00     0.00    90.00
  44 	  212.00   212.00     0.00     0.00     0.00     0.00
  44 	  212.00   212.00     0.00     0.00     0.00     0.00
   	   30.00    67.00     0.00    90.00
   	   30.00    67.00     0.00    90.00
  45 	  318.00   212.00     0.00     0.00     0.00     0.00
  45 	  318.00   212.00     0.00     0.00     0.00     0.00
   	   30.00    67.00     0.00    90.00
   	   30.00    67.00     0.00    90.00
  46 	 -636.00  -530.00     0.00     0.00     0.00     0.00
  46 	 -636.00  -530.00     0.00     0.00     0.00     0.00
   	   30.00    67.00     0.00    90.00
   	   30.00    67.00     0.00    90.00
  47 	 -530.00  -530.00     0.00     0.00     0.00     0.00
  47 	 -530.00  -530.00     0.00     0.00     0.00     0.00
   	   30.00    67.00     0.00    90.00
   	   30.00    67.00     0.00    90.00
  48 	 -636.00  -424.00     0.00     0.00     0.00     0.00
  48 	 -636.00  -424.00     0.00     0.00     0.00     0.00
   	   30.00    67.00     0.00    90.00
   	   30.00    67.00     0.00    90.00
  49 	 -530.00  -424.00     0.00     0.00     0.00     0.00
  49 	 -530.00  -424.00     0.00     0.00     0.00     0.00
   	   30.00    67.00     0.00    90.00
   	   30.00    67.00     0.00    90.00
  50 	 -636.00  -318.00     0.00     0.00     0.00     0.00
  50 	 -636.00  -318.00     0.00     0.00     0.00     0.00
   	   30.00    67.00     0.00    90.00
   	   30.00    67.00     0.00    90.00
  51 	 -530.00  -318.00     0.00     0.00     0.00     0.00
  51 	 -530.00  -318.00     0.00     0.00     0.00     0.00
   	   30.00    67.00     0.00    90.00
   	   30.00    67.00     0.00    90.00
  52 	 -636.00  -212.00     0.00     0.00     0.00     0.00
  52 	 -636.00  -212.00     0.00     0.00     0.00     0.00
   	   30.00    67.00     0.00    90.00
   	   30.00    67.00     0.00    90.00
  53 	 -530.00  -212.00     0.00     0.00     0.00     0.00
  53 	 -530.00  -212.00     0.00     0.00     0.00     0.00
   	   30.00    67.00     0.00    90.00
   	   30.00    67.00     0.00    90.00
  54 	 -636.00  -106.00     0.00     0.00     0.00     0.00
  54 	 -636.00  -106.00     0.00     0.00     0.00     0.00
   	   30.00    67.00     0.00    90.00
   	   30.00    67.00     0.00    90.00
  55 	 -530.00  -106.00     0.00     0.00     0.00     0.00
  55 	 -530.00  -106.00     0.00     0.00     0.00     0.00
   	   30.00    67.00     0.00    90.00
   	   30.00    67.00     0.00    90.00
  56 	 -636.00     0.00     0.00     0.00     0.00     0.00
  56 	 -636.00     0.00     0.00     0.00     0.00     0.00
   	   30.00    67.00     0.00    90.00
   	   30.00    67.00     0.00    90.00
  57 	 -530.00     0.00     0.00     0.00     0.00     0.00
  57 	 -530.00     0.00     0.00     0.00     0.00     0.00
   	   30.00    67.00     0.00    90.00
   	   30.00    67.00     0.00    90.00
  58 	 -424.00  -318.00     0.00     0.00     0.00     0.00
  58 	 -424.00  -318.00     0.00     0.00     0.00     0.00
   	   30.00    67.00     0.00    90.00
   	   30.00    67.00     0.00    90.00
  59 	 -318.00  -318.00     0.00     0.00     0.00     0.00
  59 	 -318.00  -318.00     0.00     0.00     0.00     0.00
   	   30.00    67.00     0.00    90.00
   	   30.00    67.00     0.00    90.00
  60 	 -212.00  -318.00     0.00     0.00     0.00     0.00
  60 	 -212.00  -318.00     0.00     0.00     0.00     0.00
   	   30.00    67.00     0.00    90.00
   	   30.00    67.00     0.00    90.00
  61 	 -106.00  -318.00     0.00     0.00     0.00     0.00
  61 	 -106.00  -318.00     0.00     0.00     0.00     0.00
   	   30.00    67.00     0.00    90.00
   	   30.00    67.00     0.00    90.00
  62 	    0.00  -318.00     0.00     0.00     0.00     0.00
  62 	    0.00  -318.00     0.00     0.00     0.00     0.00
   	   30.00    67.00     0.00    90.00
   	   30.00    67.00     0.00    90.00
  63 	 -424.00  -212.00     0.00     0.00     0.00     0.00
  63 	 -424.00  -212.00     0.00     0.00     0.00     0.00
   	   30.00    67.00     0.00    90.00
   	   30.00    67.00     0.00    90.00
  64 	 -318.00  -212.00     0.00     0.00     0.00     0.00
  64 	 -318.00  -212.00     0.00     0.00     0.00     0.00
   	   30.00    67.00     0.00    90.00
   	   30.00    67.00     0.00    90.00
  65 	 -212.00  -212.00     0.00     0.00     0.00     0.00
  65 	 -212.00  -212.00     0.00     0.00     0.00     0.00
   	   30.00    67.00     0.00    90.00
   	   30.00    67.00     0.00    90.00
  66 	 -106.00  -212.00     0.00     0.00     0.00     0.00
  66 	 -106.00  -212.00     0.00     0.00     0.00     0.00
   	   30.00    67.00     0.00    90.00
   	   30.00    67.00     0.00    90.00
  67 	    0.00  -212.00     0.00     0.00     0.00     0.00
  67 	    0.00  -212.00     0.00     0.00     0.00     0.00
   	   30.00    67.00     0.00    90.00
   	   30.00    67.00     0.00    90.00
  68 	 -424.00  -106.00     0.00     0.00     0.00     0.00
  68 	 -424.00  -106.00     0.00     0.00     0.00     0.00
   	   30.00    67.00     0.00    90.00
   	   30.00    67.00     0.00    90.00
  69 	 -318.00  -106.00     0.00     0.00     0.00     0.00
  69 	 -318.00  -106.00     0.00     0.00     0.00     0.00
   	   30.00    67.00     0.00    90.00
   	   30.00    67.00     0.00    90.00
  70 	 -212.00  -106.00     0.00     0.00     0.00     0.00
  70 	 -212.00  -106.00     0.00     0.00     0.00     0.00
   	   30.00    67.00     0.00    90.00
   	   30.00    67.00     0.00    90.00
  71 	 -106.00  -106.00     0.00     0.00     0.00     0.00
  71 	 -106.00  -106.00     0.00     0.00     0.00     0.00
   	   30.00    67.00     0.00    90.00
   	   30.00    67.00     0.00    90.00
  72 	    0.00  -106.00     0.00     0.00     0.00     0.00
  72 	    0.00  -106.00     0.00     0.00     0.00     0.00
   	   30.00    67.00     0.00    90.00
   	   30.00    67.00     0.00    90.00
  73 	 -424.00     0.00     0.00     0.00     0.00     0.00
  73 	 -424.00     0.00     0.00     0.00     0.00     0.00
   	   30.00    67.00     0.00    90.00
   	   30.00    67.00     0.00    90.00
  74 	 -318.00     0.00     0.00     0.00     0.00     0.00
  74 	 -318.00     0.00     0.00     0.00     0.00     0.00
   	   30.00    67.00     0.00    90.00
   	   30.00    67.00     0.00    90.00
  75 	 -212.00     0.00     0.00     0.00     0.00     0.00
  75 	 -212.00     0.00     0.00     0.00     0.00     0.00
   	   30.00    67.00     0.00    90.00
   	   30.00    67.00     0.00    90.00
  76 	 -106.00     0.00     0.00     0.00     0.00     0.00
  76 	 -106.00     0.00     0.00     0.00     0.00     0.00
   	   30.00    67.00     0.00    90.00
   	   30.00    67.00     0.00    90.00
  77 	    0.00     0.00     0.00     0.00     0.00     0.00
  77 	    0.00     0.00     0.00     0.00     0.00     0.00
   	   30.00    67.00     0.00    90.00
   	   30.00    67.00     0.00    90.00
  78 	 -212.00  -318.00     0.00     0.00     0.00     0.00
  78 	 -212.00  -318.00     0.00     0.00     0.00     0.00
   	   30.00    67.00     0.00    90.00
   	   30.00    67.00     0.00    90.00
  79 	 -106.00  -318.00     0.00     0.00     0.00     0.00
  79 	 -106.00  -318.00     0.00     0.00     0.00     0.00
   	   30.00    67.00     0.00    90.00
   	   30.00    67.00     0.00    90.00
  80 	    0.00  -318.00     0.00     0.00     0.00     0.00
  80 	    0.00  -318.00     0.00     0.00     0.00     0.00
   	   30.00    67.00     0.00    90.00
   	   30.00    67.00     0.00    90.00
  81 	 -212.00  -212.00     0.00     0.00     0.00     0.00
  81 	 -212.00  -212.00     0.00     0.00     0.00     0.00
   	   30.00    67.00     0.00    90.00
   	   30.00    67.00     0.00    90.00
  82 	 -106.00  -212.00     0.00     0.00     0.00     0.00
  82 	 -106.00  -212.00     0.00     0.00     0.00     0.00
   	   30.00    67.00     0.00    90.00
   	   30.00    67.00     0.00    90.00
  83 	    0.00  -212.00     0.00     0.00     0.00     0.00
  83 	    0.00  -212.00     0.00     0.00     0.00     0.00
   	   30.00    67.00     0.00    90.00
   	   30.00    67.00     0.00    90.00
  84 	 -212.00  -106.00     0.00     0.00     0.00     0.00
  84 	 -212.00  -106.00     0.00     0.00     0.00     0.00
   	   30.00    67.00     0.00    90.00
   	   30.00    67.00     0.00    90.00
  85 	 -106.00  -106.00     0.00     0.00     0.00     0.00
  85 	 -106.00  -106.00     0.00     0.00     0.00     0.00
   	   30.00    67.00     0.00    90.00
   	   30.00    67.00     0.00    90.00
  86 	    0.00  -106.00     0.00     0.00     0.00     0.00
  86 	    0.00  -106.00     0.00     0.00     0.00     0.00
   	   30.00    67.00     0.00    90.00
   	   30.00    67.00     0.00    90.00
  87 	 -212.00     0.00     0.00     0.00     0.00     0.00
  87 	 -212.00     0.00     0.00     0.00     0.00     0.00
   	   30.00    67.00     0.00    90.00
   	   30.00    67.00     0.00    90.00
  88 	 -106.00     0.00     0.00     0.00     0.00     0.00
  88 	 -106.00     0.00     0.00     0.00     0.00     0.00
   	   30.00    67.00     0.00    90.00
   	   30.00    67.00     0.00    90.00
  89 	    0.00     0.00     0.00     0.00     0.00     0.00
  89 	    0.00     0.00     0.00     0.00     0.00     0.00
   	   30.00    67.00     0.00    90.00
   	   30.00    67.00     0.00    90.00
  90 	 -212.00   106.00     0.00     0.00     0.00     0.00
  90 	 -212.00   106.00     0.00     0.00     0.00     0.00
   	   30.00    67.00     0.00    90.00
   	   30.00    67.00     0.00    90.00
  91 	 -106.00   106.00     0.00     0.00     0.00     0.00
  91 	 -106.00   106.00     0.00     0.00     0.00     0.00
   	   30.00    67.00     0.00    90.00
   	   30.00    67.00     0.00    90.00
  92 	   -0.00   106.00     0.00     0.00     0.00     0.00
  92 	   -0.00   106.00     0.00     0.00     0.00     0.00
   	   30.00    67.00     0.00    90.00
   	   30.00    67.00     0.00    90.00

** End writing output file: ../inputs/gr105.dat 
