*******************************************************************************
                         ARRAY PREPROCESSOR ver. 1.0
*******************************************************************************



   1	GROUP testgroup
   3	 GRID RECTANGULAR
   4	 ELEMENT
   5	 GEOMETRY CIRCULAR 12
   7	 ADD BLOCK -4 0 1 5
   9	 GROUP_EXCITATION
  10	 AMPLITUDE UNIFORM 29
  11	 PHASE UNIFORM -62
  12	 END

** Generating GROUP: testgroup.
** PSTEP,QSTEP set to:24.000000,24.000000
** Grid ANGLE set to:90.000000 
** Group ROT_ANGLE set to: 0.000000 

** Writing output file: ../inputs/gr113.dat

NEL 
NPORTS
IDUM      REXA     REYA     REZA     THEA     PHEA     PSEA 
          AMP      PSH      PSC      PHEPOL
  36
  36
   1
   1
   1 	  -96.00     0.00     0.00     0.00     0.00     0.00
   1 	  -96.00     0.00     0.00     0.00     0.00     0.00
   	   29.00   -62.00     0.00    90.00
   	   29.00   -62.00     0.00    90.00
   2 	  -72.00     0.00     0.00     0.00     0.00     0.00
   2 	  -72.00     0.00     0.00     0.00     0.00     0.00
   	   29.00   -62.00     0.00    90.00
   	   29.00   -62.00     0.00    90.00
   3 	  -48.00     0.00     0.00     0.00     0.00     0.00
   3 	  -48.00     0.00     0.00     0.00     0.00     0.00
   	   29.00   -62.00     0.00    90.00
   	   29.00   -62.00     0.00    90.00
   4 	  -24.00     0.00     0.00     0.00     0.00     0.00
   4 	  -24.00     0.00     0.00     0.00     0.00     0.00
   	   29.00   -62.00     0.00    90.00
   	   29.00   -62.00     0.00    90.00
   5 	    0.00     0.00     0.00     0.00     0.00     0.00
   5 	    0.00     0.00     0.00     0.00     0.00     0.00
   	   29.00   -62.00     0.00    90.00
   	   29.00   -62.00     0.00    90.00
   6 	   24.00     0.00     0.00     0.00     0.00     0.00
   6 	   24.00     0.00     0.00     0.00     0.00     0.00
   	   29.00   -62.00     0.00    90.00
   	   29.00   -62.00     0.00    90.00
   7 	  -96.00    24.00     0.00     0.00     0.00     0.00
   7 	  -96.00    24.00     0.00     0.00     0.00     0.00
   	   29.00   -62.00     0.00    90.00
   	   29.00   -62.00     0.00    90.00
   8 	  -72.00    24.00     0.00     0.00     0.00     0.00
   8 	  -72.00    24.00     0.00     0.00     0.00     0.00
   	   29.00   -62.00     0.00    90.00
   	   29.00   -62.00     0.00    90.00
   9 	  -48.00    24.00     0.00     0.00     0.00     0.00
   9 	  -48.00    24.00     0.00     0.00     0.00     0.00
   	   29.00   -62.00     0.00    90.00
   	   29.00   -62.00     0.00    90.00
  10 	  -24.00    24.00     0.00     0.00     0.00     0.00
  10 	  -24.00    24.00     0.00     0.00     0.00     0.00
   	   29.00   -62.00     0.00    90.00
   	   29.00   -62.00     0.00    90.00
  11 	   -0.00    24.00     0.00     0.00     0.00     0.00
  11 	   -0.00    24.00     0.00     0.00     0.00     0.00
   	   29.00   -62.00     0.00    90.00
   	   29.00   -62.00     0.00    90.00
  12 	   24.00    24.00     0.00     0.00     0.00     0.00
  12 	   24.00    24.00     0.00     0.00     0.00     0.00
   	   29.00   -62.00     0.00    90.00
   	   29.00   -62.00     0.00    90.00
  13 	  -96.00    48.00     0.00     0.00     0.00     0.00
  13 	  -96.00    48.00     0.00     0.00     0.00     0.00
   	   29.00   -62.00     0.00    90.00
   	   29.00   -62.00     0.00    90.00
  14 	  -72.00    48.00     0.00     0.00     0.00     0.00
  14 	  -72.00    48.00     0.00     0.00     0.00     0.00
   	   29.00   -62.00     0.00    90.00
   	   29.00   -62.00     0.00    90.00
  15 	  -48.00    48.00     0.00     0.00     0.00     0.00
  15 	  -48.00    48.00     0.00     0.00     0.00     0.00
   	   29.00   -62.00     0.00    90.00
   	   29.00   -62.00     0.00    90.00
  16 	  -24.00    48.00     0.00     0.00     0.00     0.00
  16 	  -24.00    48.00     0.00     0.00     0.00     0.00
   	   29.00   -62.00     0.00    90.00
   	   29.00   -62.00     0.00    90.00
  17 	   -0.00    48.00     0.00     0.00     0.00     0.00
  17 	   -0.00    48.00     0.00     0.00     0.00     0.00
   	   29.00   -62.00     0.00    90.00
   	   29.00   -62.00     0.00    90.00
  18 	   24.00    48.00     0.00     0.00     0.00     0.00
  18 	   24.00    48.00     0.00     0.00     0.00     0.00
   	   29.00   -62.00     0.00    90.00
   	   29.00   -62.00     0.00    90.00
  19 	  -96.00    72.00     0.00     0.00     0.00     0.00
  19 	  -96.00    72.00     0.00     0.00     0.00     0.00
   	   29.00   -62.00     0.00    90.00
   	   29.00   -62.00     0.00    90.00
  20 	  -72.00    72.00     0.00     0.00     0.00     0.00
  20 	  -72.00    72.00     0.00     0.00     0.00     0.00
   	   29.00   -62.00     0.00    90.00
   	   29.00   -62.00     0.00    90.00
  21 	  -48.00    72.00     0.00     0.00     0.00     0.00
  21 	  -48.00    72.00     0.00     0.00     0.00     0.00
   	   29.00   -62.00     0.00    90.00
   	   29.00   -62.00     0.00    90.00
  22 	  -24.00    72.00     0.00     0.00     0.00     0.00
  22 	  -24.00    72.00     0.00     0.00     0.00     0.00
   	   29.00   -62.00     0.00    90.00
   	   29.00   -62.00     0.00    90.00
  23 	   -0.00    72.00     0.00     0.00     0.00     0.00
  23 	   -0.00    72.00     0.00     0.00     0.00     0.00
   	   29.00   -62.00     0.00    90.00
   	   29.00   -62.00     0.00    90.00
  24 	   24.00    72.00     0.00     0.00     0.00     0.00
  24 	   24.00    72.00     0.00     0.00     0.00     0.00
   	   29.00   -62.00     0.00    90.00
   	   29.00   -62.00     0.00    90.00
  25 	  -96.00    96.00     0.00     0.00     0.00     0.00
  25 	  -96.00    96.00     0.00     0.00     0.00     0.00
   	   29.00   -62.00     0.00    90.00
   	   29.00   -62.00     0.00    90.00
  26 	  -72.00    96.00     0.00     0.00     0.00     0.00
  26 	  -72.00    96.00     0.00     0.00     0.00     0.00
   	   29.00   -62.00     0.00    90.00
   	   29.00   -62.00     0.00    90.00
  27 	  -48.00    96.00     0.00     0.00     0.00     0.00
  27 	  -48.00    96.00     0.00     0.00     0.00     0.00
   	   29.00   -62.00     0.00    90.00
   	   29.00   -62.00     0.00    90.00
  28 	  -24.00    96.00     0.00     0.00     0.00     0.00
  28 	  -24.00    96.00     0.00     0.00     0.00     0.00
   	   29.00   -62.00     0.00    90.00
   	   29.00   -62.00     0.00    90.00
  29 	   -0.00    96.00     0.00     0.00     0.00     0.00
  29 	   -0.00    96.00     0.00     0.00     0.00     0.00
   	   29.00   -62.00     0.00    90.00
   	   29.00   -62.00     0.00    90.00
  30 	   24.00    96.00     0.00     0.00     0.00     0.00
  30 	   24.00    96.00     0.00     0.00     0.00     0.00
   	   29.00   -62.00     0.00    90.00
   	   29.00   -62.00     0.00    90.00
  31 	  -96.00   120.00     0.00     0.00     0.00     0.00
  31 	  -96.00   120.00     0.00     0.00     0.00     0.00
   	   29.00   -62.00     0.00    90.00
   	   29.00   -62.00     0.00    90.00
  32 	  -72.00   120.00     0.00     0.00     0.00     0.00
  32 	  -72.00   120.00     0.00     0.00     0.00     0.00
   	   29.00   -62.00     0.00    90.00
   	   29.00   -62.00     0.00    90.00
  33 	  -48.00   120.00     0.00     0.00     0.00     0.00
  33 	  -48.00   120.00     0.00     0.00     0.00     0.00
   	   29.00   -62.00     0.00    90.00
   	   29.00   -62.00     0.00    90.00
  34 	  -24.00   120.00     0.00     0.00     0.00     0.00
  34 	  -24.00   120.00     0.00     0.00     0.00     0.00
   	   29.00   -62.00     0.00    90.00
   	   29.00   -62.00     0.00    90.00
  35 	   -0.00   120.00     0.00     0.00     0.00     0.00
  35 	   -0.00   120.00     0.00     0.00     0.00     0.00
   	   29.00   -62.00     0.00    90.00
   	   29.00   -62.00     0.00    90.00
  36 	   24.00   120.00     0.00     0.00     0.00     0.00
  36 	   24.00   120.00     0.00     0.00     0.00     0.00
   	   29.00   -62.00     0.00    90.00
   	   29.00   -62.00     0.00    90.00

** End writing output file: ../inputs/gr113.dat 
