*******************************************************************************
                         ARRAY PREPROCESSOR ver. 1.0
*******************************************************************************



   1	GROUP testgroup
   3	 GRID HEXAGONAL
   4	 ELEMENT
   5	 GEOMETRY CIRCULAR 62
   7	 ADD HEXAGON 4 -12
   8	 ADD BLOCK 2 5 0 2
   9	 ADD HEXAGON -3 -2
  10	 ADD BLOCK -6 -6 -2 -1
  12	 GROUP_EXCITATION
  13	 AMPLITUDE UNIFORM 25
  14	 PHASE UNIFORM 146
  15	 END

** Generating GROUP: testgroup.
** PSTEP,QSTEP set to:124.000000,124.000000
** Grid ANGLE set to:60.000000 
** Group ROT_ANGLE set to: 0.000000 

** Writing output file: ../inputs/gr117.dat

NEL 
NPORTS
IDUM      REXA     REYA     REZA     THEA     PHEA     PSEA 
          AMP      PSH      PSC      PHEPOL
  56
  56
   1
   1
   1 	 -310.00 -1181.26     0.00     0.00     0.00     0.00
   1 	 -310.00 -1181.26     0.00     0.00     0.00     0.00
   	   25.00   146.00     0.00    90.00
   	   25.00   146.00     0.00    90.00
   2 	 -186.00 -1181.26     0.00     0.00     0.00     0.00
   2 	 -186.00 -1181.26     0.00     0.00     0.00     0.00
   	   25.00   146.00     0.00    90.00
   	   25.00   146.00     0.00    90.00
   3 	 -124.00 -1288.65     0.00     0.00     0.00     0.00
   3 	 -124.00 -1288.65     0.00     0.00     0.00     0.00
   	   25.00   146.00     0.00    90.00
   	   25.00   146.00     0.00    90.00
   4 	 -186.00 -1396.03     0.00     0.00     0.00     0.00
   4 	 -186.00 -1396.03     0.00     0.00     0.00     0.00
   	   25.00   146.00     0.00    90.00
   	   25.00   146.00     0.00    90.00
   5 	 -310.00 -1396.03     0.00     0.00     0.00     0.00
   5 	 -310.00 -1396.03     0.00     0.00     0.00     0.00
   	   25.00   146.00     0.00    90.00
   	   25.00   146.00     0.00    90.00
   6 	 -372.00 -1288.65     0.00     0.00     0.00     0.00
   6 	 -372.00 -1288.65     0.00     0.00     0.00     0.00
   	   25.00   146.00     0.00    90.00
   	   25.00   146.00     0.00    90.00
   7 	 -248.00 -1288.65     0.00     0.00     0.00     0.00
   7 	 -248.00 -1288.65     0.00     0.00     0.00     0.00
   	   25.00   146.00     0.00    90.00
   	   25.00   146.00     0.00    90.00
   8 	  124.00   214.77     0.00     0.00     0.00     0.00
   8 	  124.00   214.77     0.00     0.00     0.00     0.00
   	   25.00   146.00     0.00    90.00
   	   25.00   146.00     0.00    90.00
   9 	  248.00   214.77     0.00     0.00     0.00     0.00
   9 	  248.00   214.77     0.00     0.00     0.00     0.00
   	   25.00   146.00     0.00    90.00
   	   25.00   146.00     0.00    90.00
  10 	  372.00   214.77     0.00     0.00     0.00     0.00
  10 	  372.00   214.77     0.00     0.00     0.00     0.00
   	   25.00   146.00     0.00    90.00
   	   25.00   146.00     0.00    90.00
  11 	  186.00   322.16     0.00     0.00     0.00     0.00
  11 	  186.00   322.16     0.00     0.00     0.00     0.00
   	   25.00   146.00     0.00    90.00
   	   25.00   146.00     0.00    90.00
  12 	  310.00   322.16     0.00     0.00     0.00     0.00
  12 	  310.00   322.16     0.00     0.00     0.00     0.00
   	   25.00   146.00     0.00    90.00
   	   25.00   146.00     0.00    90.00
  13 	  434.00   322.16     0.00     0.00     0.00     0.00
  13 	  434.00   322.16     0.00     0.00     0.00     0.00
   	   25.00   146.00     0.00    90.00
   	   25.00   146.00     0.00    90.00
  14 	  248.00   429.55     0.00     0.00     0.00     0.00
  14 	  248.00   429.55     0.00     0.00     0.00     0.00
   	   25.00   146.00     0.00    90.00
   	   25.00   146.00     0.00    90.00
  15 	  372.00   429.55     0.00     0.00     0.00     0.00
  15 	  372.00   429.55     0.00     0.00     0.00     0.00
   	   25.00   146.00     0.00    90.00
   	   25.00   146.00     0.00    90.00
  16 	  496.00   429.55     0.00     0.00     0.00     0.00
  16 	  496.00   429.55     0.00     0.00     0.00     0.00
   	   25.00   146.00     0.00    90.00
   	   25.00   146.00     0.00    90.00
  17 	  310.00   536.94     0.00     0.00     0.00     0.00
  17 	  310.00   536.94     0.00     0.00     0.00     0.00
   	   25.00   146.00     0.00    90.00
   	   25.00   146.00     0.00    90.00
  18 	  434.00   536.94     0.00     0.00     0.00     0.00
  18 	  434.00   536.94     0.00     0.00     0.00     0.00
   	   25.00   146.00     0.00    90.00
   	   25.00   146.00     0.00    90.00
  19 	  558.00   536.94     0.00     0.00     0.00     0.00
  19 	  558.00   536.94     0.00     0.00     0.00     0.00
   	   25.00   146.00     0.00    90.00
   	   25.00   146.00     0.00    90.00
  20 	 -558.00  -107.39     0.00     0.00     0.00     0.00
  20 	 -558.00  -107.39     0.00     0.00     0.00     0.00
   	   25.00   146.00     0.00    90.00
   	   25.00   146.00     0.00    90.00
  21 	 -434.00  -107.39     0.00     0.00     0.00     0.00
  21 	 -434.00  -107.39     0.00     0.00     0.00     0.00
   	   25.00   146.00     0.00    90.00
   	   25.00   146.00     0.00    90.00
  22 	 -372.00  -214.77     0.00     0.00     0.00     0.00
  22 	 -372.00  -214.77     0.00     0.00     0.00     0.00
   	   25.00   146.00     0.00    90.00
   	   25.00   146.00     0.00    90.00
  23 	 -434.00  -322.16     0.00     0.00     0.00     0.00
  23 	 -434.00  -322.16     0.00     0.00     0.00     0.00
   	   25.00   146.00     0.00    90.00
   	   25.00   146.00     0.00    90.00
  24 	 -558.00  -322.16     0.00     0.00     0.00     0.00
  24 	 -558.00  -322.16     0.00     0.00     0.00     0.00
   	   25.00   146.00     0.00    90.00
   	   25.00   146.00     0.00    90.00
  25 	 -620.00  -214.77     0.00     0.00     0.00     0.00
  25 	 -620.00  -214.77     0.00     0.00     0.00     0.00
   	   25.00   146.00     0.00    90.00
   	   25.00   146.00     0.00    90.00
  26 	 -496.00  -214.77     0.00     0.00     0.00     0.00
  26 	 -496.00  -214.77     0.00     0.00     0.00     0.00
   	   25.00   146.00     0.00    90.00
   	   25.00   146.00     0.00    90.00
  27 	-1116.00  -644.32     0.00     0.00     0.00     0.00
  27 	-1116.00  -644.32     0.00     0.00     0.00     0.00
   	   25.00   146.00     0.00    90.00
   	   25.00   146.00     0.00    90.00
  28 	 -992.00  -644.32     0.00     0.00     0.00     0.00
  28 	 -992.00  -644.32     0.00     0.00     0.00     0.00
   	   25.00   146.00     0.00    90.00
   	   25.00   146.00     0.00    90.00
  29 	 -868.00  -644.32     0.00     0.00     0.00     0.00
  29 	 -868.00  -644.32     0.00     0.00     0.00     0.00
   	   25.00   146.00     0.00    90.00
   	   25.00   146.00     0.00    90.00
  30 	 -744.00  -644.32     0.00     0.00     0.00     0.00
  30 	 -744.00  -644.32     0.00     0.00     0.00     0.00
   	   25.00   146.00     0.00    90.00
   	   25.00   146.00     0.00    90.00
  31 	 -620.00  -644.32     0.00     0.00     0.00     0.00
  31 	 -620.00  -644.32     0.00     0.00     0.00     0.00
   	   25.00   146.00     0.00    90.00
   	   25.00   146.00     0.00    90.00
  32 	-1054.00  -536.94     0.00     0.00     0.00     0.00
  32 	-1054.00  -536.94     0.00     0.00     0.00     0.00
   	   25.00   146.00     0.00    90.00
   	   25.00   146.00     0.00    90.00
  33 	 -930.00  -536.94     0.00     0.00     0.00     0.00
  33 	 -930.00  -536.94     0.00     0.00     0.00     0.00
   	   25.00   146.00     0.00    90.00
   	   25.00   146.00     0.00    90.00
  34 	 -806.00  -536.94     0.00     0.00     0.00     0.00
  34 	 -806.00  -536.94     0.00     0.00     0.00     0.00
   	   25.00   146.00     0.00    90.00
   	   25.00   146.00     0.00    90.00
  35 	 -682.00  -536.94     0.00     0.00     0.00     0.00
  35 	 -682.00  -536.94     0.00     0.00     0.00     0.00
   	   25.00   146.00     0.00    90.00
   	   25.00   146.00     0.00    90.00
  36 	 -558.00  -536.94     0.00     0.00     0.00     0.00
  36 	 -558.00  -536.94     0.00     0.00     0.00     0.00
   	   25.00   146.00     0.00    90.00
   	   25.00   146.00     0.00    90.00
  37 	 -992.00  -429.55     0.00     0.00     0.00     0.00
  37 	 -992.00  -429.55     0.00     0.00     0.00     0.00
   	   25.00   146.00     0.00    90.00
   	   25.00   146.00     0.00    90.00
  38 	 -868.00  -429.55     0.00     0.00     0.00     0.00
  38 	 -868.00  -429.55     0.00     0.00     0.00     0.00
   	   25.00   146.00     0.00    90.00
   	   25.00   146.00     0.00    90.00
  39 	 -744.00  -429.55     0.00     0.00     0.00     0.00
  39 	 -744.00  -429.55     0.00     0.00     0.00     0.00
   	   25.00   146.00     0.00    90.00
   	   25.00   146.00     0.00    90.00
  40 	 -620.00  -429.55     0.00     0.00     0.00     0.00
  40 	 -620.00  -429.55     0.00     0.00     0.00     0.00
   	   25.00   146.00     0.00    90.00
   	   25.00   146.00     0.00    90.00
  41 	 -496.00  -429.55     0.00     0.00     0.00     0.00
  41 	 -496.00  -429.55     0.00     0.00     0.00     0.00
   	   25.00   146.00     0.00    90.00
   	   25.00   146.00     0.00    90.00
  42 	 -930.00  -322.16     0.00     0.00     0.00     0.00
  42 	 -930.00  -322.16     0.00     0.00     0.00     0.00
   	   25.00   146.00     0.00    90.00
   	   25.00   146.00     0.00    90.00
  43 	 -806.00  -322.16     0.00     0.00     0.00     0.00
  43 	 -806.00  -322.16     0.00     0.00     0.00     0.00
   	   25.00   146.00     0.00    90.00
   	   25.00   146.00     0.00    90.00
  44 	 -682.00  -322.16     0.00     0.00     0.00     0.00
  44 	 -682.00  -322.16     0.00     0.00     0.00     0.00
   	   25.00   146.00     0.00    90.00
   	   25.00   146.00     0.00    90.00
  45 	 -558.00  -322.16     0.00     0.00     0.00     0.00
  45 	 -558.00  -322.16     0.00     0.00     0.00     0.00
   	   25.00   146.00     0.00    90.00
   	   25.00   146.00     0.00    90.00
  46 	 -434.00  -322.16     0.00     0.00     0.00     0.00
  46 	 -434.00  -322.16     0.00     0.00     0.00     0.00
   	   25.00   146.00     0.00    90.00
   	   25.00   146.00     0.00    90.00
  47 	 -868.00  -214.77     0.00     0.00     0.00     0.00
  47 	 -868.00  -214.77     0.00     0.00     0.00     0.00
   	   25.00   146.00     0.00    90.00
   	   25.00   146.00     0.00    90.00
  48 	 -744.00  -214.77     0.00     0.00     0.00     0.00
  48 	 -744.00  -214.77     0.00     0.00     0.00     0.00
   	   25.00   146.00     0.00    90.00
   	   25.00   146.00     0.00    90.00
  49 	 -620.00  -214.77     0.00     0.00     0.00     0.00
  49 	 -620.00  -214.77     0.00     0.00     0.00     0.00
   	   25.00   146.00     0.00    90.00
   	   25.00   146.00     0.00    90.00
  50 	 -496.00  -214.77     0.00     0.00     0.00     0.00
  50 	 -496.00  -214.77     0.00     0.00     0.00     0.00
   	   25.00   146.00     0.00    90.00
   	   25.00   146.00     0.00    90.00
  51 	 -372.00  -214.77     0.00     0.00     0.00     0.00
  51 	 -372.00  -214.77     0.00     0.00     0.00     0.00
   	   25.00   146.00     0.00    90.00
   	   25.00   146.00     0.00    90.00
  52 	 -806.00  -107.39     0.00     0.00     0.00     0.00
  52 	 -806.00  -107.39     0.00     0.00     0.00     0.00
   	   25.00   146.00     0.00    90.00
   	   25.00   146.00     0.00    90.00
  53 	 -682.00  -107.39     0.00     0.00     0.00     0.00
  53 	 -682.00  -107.39     0.00     0.00     0.00     0.00
   	   25.00   146.00     0.00    90.00
   	   25.00   146.00     0.00    90.00
  54 	 -558.00  -107.39     0.00     0.00     0.00     0.00
  54 	 -558.00  -107.39     0.00     0.00     0.00     0.00
   	   25.00   146.00     0.00    90.00
   	   25.00   146.00     0.00    90.00
  55 	 -434.00  -107.39     0.00     0.00     0.00     0.00
  55 	 -434.00  -107.39     0.00     0.00     0.00     0.00
   	   25.00   146.00     0.00    90.00
   	   25.00   146.00     0.00    90.00
  56 	 -310.00  -107.39     0.00     0.00     0.00     0.00
  56 	 -310.00  -107.39     0.00     0.00     0.00     0.00
   	   25.00   146.00     0.00    90.00
   	   25.00   146.00     0.00    90.00

** End writing output file: ../inputs/gr117.dat 
