*******************************************************************************
                         ARRAY PREPROCESSOR ver. 1.0
*******************************************************************************



   1	GROUP testgroup
   3	 GRID RECTANGULAR PSTEP 23 QSTEP 61
   4	 ELEMENT
   5	 GEOMETRY CIRCULAR 62
   6	 POLARIZATION CIRCULAR
   7	 ADD BLOCK -2 0 -1 0
   8	 ADD BLOCK -5 7 -5 4
   9	 ADD BLOCK 0 9 2 -4
  11	 GROUP_EXCITATION
  12	 AMPLITUDE UNIFORM 27
  13	 PHASE UNIFORM -66
  14	 END

** WARNING B2: GRID step(s) too small for specified element in GROUP: testgroup
** Generating GROUP: testgroup.
** PSTEP,QSTEP set to:23.000000,61.000000
** Grid ANGLE set to:90.000000 
** Group ROT_ANGLE set to: 0.000000 

** Writing output file: ../inputs/gr122.dat

NEL 
NPORTS
IDUM      REXA     REYA     REZA     THEA     PHEA     PSEA 
          AMP      PSH      PSC      PHEPOL
  48
  48
   1
   1
   1 	  -46.00     0.00     0.00     0.00     0.00     0.00
   1 	  -46.00     0.00     0.00     0.00     0.00     0.00
   	   27.00   -66.00     0.00    90.00
   	   27.00   -66.00     0.00    90.00
   2 	  -23.00     0.00     0.00     0.00     0.00     0.00
   2 	  -23.00     0.00     0.00     0.00     0.00     0.00
   	   27.00   -66.00     0.00    90.00
   	   27.00   -66.00     0.00    90.00
   3 	 -115.00   244.00     0.00     0.00     0.00     0.00
   3 	 -115.00   244.00     0.00     0.00     0.00     0.00
   	   27.00   -66.00     0.00    90.00
   	   27.00   -66.00     0.00    90.00
   4 	 -115.00   305.00     0.00     0.00     0.00     0.00
   4 	 -115.00   305.00     0.00     0.00     0.00     0.00
   	   27.00   -66.00     0.00    90.00
   	   27.00   -66.00     0.00    90.00
   5 	 -115.00   366.00     0.00     0.00     0.00     0.00
   5 	 -115.00   366.00     0.00     0.00     0.00     0.00
   	   27.00   -66.00     0.00    90.00
   	   27.00   -66.00     0.00    90.00
   6 	 -115.00   427.00     0.00     0.00     0.00     0.00
   6 	 -115.00   427.00     0.00     0.00     0.00     0.00
   	   27.00   -66.00     0.00    90.00
   	   27.00   -66.00     0.00    90.00
   7 	    0.00  -244.00     0.00     0.00     0.00     0.00
   7 	    0.00  -244.00     0.00     0.00     0.00     0.00
   	   27.00   -66.00     0.00    90.00
   	   27.00   -66.00     0.00    90.00
   8 	   23.00  -244.00     0.00     0.00     0.00     0.00
   8 	   23.00  -244.00     0.00     0.00     0.00     0.00
   	   27.00   -66.00     0.00    90.00
   	   27.00   -66.00     0.00    90.00
   9 	   46.00  -244.00     0.00     0.00     0.00     0.00
   9 	   46.00  -244.00     0.00     0.00     0.00     0.00
   	   27.00   -66.00     0.00    90.00
   	   27.00   -66.00     0.00    90.00
  10 	    0.00  -183.00     0.00     0.00     0.00     0.00
  10 	    0.00  -183.00     0.00     0.00     0.00     0.00
   	   27.00   -66.00     0.00    90.00
   	   27.00   -66.00     0.00    90.00
  11 	   23.00  -183.00     0.00     0.00     0.00     0.00
  11 	   23.00  -183.00     0.00     0.00     0.00     0.00
   	   27.00   -66.00     0.00    90.00
   	   27.00   -66.00     0.00    90.00
  12 	   46.00  -183.00     0.00     0.00     0.00     0.00
  12 	   46.00  -183.00     0.00     0.00     0.00     0.00
   	   27.00   -66.00     0.00    90.00
   	   27.00   -66.00     0.00    90.00
  13 	    0.00  -122.00     0.00     0.00     0.00     0.00
  13 	    0.00  -122.00     0.00     0.00     0.00     0.00
   	   27.00   -66.00     0.00    90.00
   	   27.00   -66.00     0.00    90.00
  14 	   23.00  -122.00     0.00     0.00     0.00     0.00
  14 	   23.00  -122.00     0.00     0.00     0.00     0.00
   	   27.00   -66.00     0.00    90.00
   	   27.00   -66.00     0.00    90.00
  15 	   46.00  -122.00     0.00     0.00     0.00     0.00
  15 	   46.00  -122.00     0.00     0.00     0.00     0.00
   	   27.00   -66.00     0.00    90.00
   	   27.00   -66.00     0.00    90.00
  16 	    0.00   -61.00     0.00     0.00     0.00     0.00
  16 	    0.00   -61.00     0.00     0.00     0.00     0.00
   	   27.00   -66.00     0.00    90.00
   	   27.00   -66.00     0.00    90.00
  17 	   23.00   -61.00     0.00     0.00     0.00     0.00
  17 	   23.00   -61.00     0.00     0.00     0.00     0.00
   	   27.00   -66.00     0.00    90.00
   	   27.00   -66.00     0.00    90.00
  18 	   46.00   -61.00     0.00     0.00     0.00     0.00
  18 	   46.00   -61.00     0.00     0.00     0.00     0.00
   	   27.00   -66.00     0.00    90.00
   	   27.00   -66.00     0.00    90.00
  19 	    0.00     0.00     0.00     0.00     0.00     0.00
  19 	    0.00     0.00     0.00     0.00     0.00     0.00
   	   27.00   -66.00     0.00    90.00
   	   27.00   -66.00     0.00    90.00
  20 	   23.00     0.00     0.00     0.00     0.00     0.00
  20 	   23.00     0.00     0.00     0.00     0.00     0.00
   	   27.00   -66.00     0.00    90.00
   	   27.00   -66.00     0.00    90.00
  21 	   46.00     0.00     0.00     0.00     0.00     0.00
  21 	   46.00     0.00     0.00     0.00     0.00     0.00
   	   27.00   -66.00     0.00    90.00
   	   27.00   -66.00     0.00    90.00
  22 	   -0.00    61.00     0.00     0.00     0.00     0.00
  22 	   -0.00    61.00     0.00     0.00     0.00     0.00
   	   27.00   -66.00     0.00    90.00
   	   27.00   -66.00     0.00    90.00
  23 	   23.00    61.00     0.00     0.00     0.00     0.00
  23 	   23.00    61.00     0.00     0.00     0.00     0.00
   	   27.00   -66.00     0.00    90.00
   	   27.00   -66.00     0.00    90.00
  24 	   46.00    61.00     0.00     0.00     0.00     0.00
  24 	   46.00    61.00     0.00     0.00     0.00     0.00
   	   27.00   -66.00     0.00    90.00
   	   27.00   -66.00     0.00    90.00
  25 	   -0.00   122.00     0.00     0.00     0.00     0.00
  25 	   -0.00   122.00     0.00     0.00     0.00     0.00
   	   27.00   -66.00     0.00    90.00
   	   27.00   -66.00     0.00    90.00
  26 	   23.00   122.00     0.00     0.00     0.00     0.00
  26 	   23.00   122.00     0.00     0.00     0.00     0.00
   	   27.00   -66.00     0.00    90.00
   	   27.00   -66.00     0.00    90.00
  27 	   46.00   122.00     0.00     0.00     0.00     0.00
  27 	   46.00   122.00     0.00     0.00     0.00     0.00
   	   27.00   -66.00     0.00    90.00
   	   27.00   -66.00     0.00    90.00
  28 	   -0.00   183.00     0.00     0.00     0.00     0.00
  28 	   -0.00   183.00     0.00     0.00     0.00     0.00
   	   27.00   -66.00     0.00    90.00
   	   27.00   -66.00     0.00    90.00
  29 	   23.00   183.00     0.00     0.00     0.00     0.00
  29 	   23.00   183.00     0.00     0.00     0.00     0.00
   	   27.00   -66.00     0.00    90.00
   	   27.00   -66.00     0.00    90.00
  30 	   46.00   183.00     0.00     0.00     0.00     0.00
  30 	   46.00   183.00     0.00     0.00     0.00     0.00
   	   27.00   -66.00     0.00    90.00
   	   27.00   -66.00     0.00    90.00
  31 	   -0.00   244.00     0.00     0.00     0.00     0.00
  31 	   -0.00   244.00     0.00     0.00     0.00     0.00
   	   27.00   -66.00     0.00    90.00
   	   27.00   -66.00     0.00    90.00
  32 	   23.00   244.00     0.00     0.00     0.00     0.00
  32 	   23.00   244.00     0.00     0.00     0.00     0.00
   	   27.00   -66.00     0.00    90.00
   	   27.00   -66.00     0.00    90.00
  33 	   46.00   244.00     0.00     0.00     0.00     0.00
  33 	   46.00   244.00     0.00     0.00     0.00     0.00
   	   27.00   -66.00     0.00    90.00
   	   27.00   -66.00     0.00    90.00
  34 	   -0.00   305.00     0.00     0.00     0.00     0.00
  34 	   -0.00   305.00     0.00     0.00     0.00     0.00
   	   27.00   -66.00     0.00    90.00
   	   27.00   -66.00     0.00    90.00
  35 	   23.00   305.00     0.00     0.00     0.00     0.00
  35 	   23.00   305.00     0.00     0.00     0.00     0.00
   	   27.00   -66.00     0.00    90.00
   	   27.00   -66.00     0.00    90.00
  36 	   46.00   305.00     0.00     0.00     0.00     0.00
  36 	   46.00   305.00     0.00     0.00     0.00     0.00
   	   27.00   -66.00     0.00    90.00
   	   27.00   -66.00     0.00    90.00
  37 	   -0.00   366.00     0.00     0.00     0.00     0.00
  37 	   -0.00   366.00     0.00     0.00     0.00     0.00
   	   27.00   -66.00     0.00    90.00
   	   27.00   -66.00     0.00    90.00
  38 	   23.00   366.00     0.00     0.00     0.00     0.00
  38 	   23.00   366.00     0.00     0.00     0.00     0.00
   	   27.00   -66.00     0.00    90.00
   	   27.00   -66.00     0.00    90.00
  39 	   46.00   366.00     0.00     0.00     0.00     0.00
  39 	   46.00   366.00     0.00     0.00     0.00     0.00
   	   27.00   -66.00     0.00    90.00
   	   27.00   -66.00     0.00    90.00
  40 	   -0.00   427.00     0.00     0.00     0.00     0.00
  40 	   -0.00   427.00     0.00     0.00     0.00     0.00
   	   27.00   -66.00     0.00    90.00
   	   27.00   -66.00     0.00    90.00
  41 	   23.00   427.00     0.00     0.00     0.00     0.00
  41 	   23.00   427.00     0.00     0.00     0.00     0.00
   	   27.00   -66.00     0.00    90.00
   	   27.00   -66.00     0.00    90.00
  42 	   46.00   427.00     0.00     0.00     0.00     0.00
  42 	   46.00   427.00     0.00     0.00     0.00     0.00
   	   27.00   -66.00     0.00    90.00
   	   27.00   -66.00     0.00    90.00
  43 	   -0.00   488.00     0.00     0.00     0.00     0.00
  43 	   -0.00   488.00     0.00     0.00     0.00     0.00
   	   27.00   -66.00     0.00    90.00
   	   27.00   -66.00     0.00    90.00
  44 	   23.00   488.00     0.00     0.00     0.00     0.00
  44 	   23.00   488.00     0.00     0.00     0.00     0.00
   	   27.00   -66.00     0.00    90.00
   	   27.00   -66.00     0.00    90.00
  45 	   46.00   488.00     0.00     0.00     0.00     0.00
  45 	   46.00   488.00     0.00     0.00     0.00     0.00
   	   27.00   -66.00     0.00    90.00
   	   27.00   -66.00     0.00    90.00
  46 	   -0.00   549.00     0.00     0.00     0.00     0.00
  46 	   -0.00   549.00     0.00     0.00     0.00     0.00
   	   27.00   -66.00     0.00    90.00
   	   27.00   -66.00     0.00    90.00
  47 	   23.00   549.00     0.00     0.00     0.00     0.00
  47 	   23.00   549.00     0.00     0.00     0.00     0.00
   	   27.00   -66.00     0.00    90.00
   	   27.00   -66.00     0.00    90.00
  48 	   46.00   549.00     0.00     0.00     0.00     0.00
  48 	   46.00   549.00     0.00     0.00     0.00     0.00
   	   27.00   -66.00     0.00    90.00
   	   27.00   -66.00     0.00    90.00

** End writing output file: ../inputs/gr122.dat 
