*******************************************************************************
                         ARRAY PREPROCESSOR ver. 1.0
*******************************************************************************



   1	GROUP testgroup
   3	 GRID RECTANGULAR
   4	 ELEMENT
   5	 GEOMETRY RECTANGULAR 89 83
   8	 ADD BLOCK 4 0 -1 -5
  10	 GROUP_EXCITATION
  11	 AMPLITUDE SECOND ORDER 29 33 25 24 19
  12	 PHASE UNIFORM -149
  13	 END

** Generating GROUP: testgroup.
** PSTEP,QSTEP set to:89.000000,83.000000
** Grid ANGLE set to:90.000000 
** Group ROT_ANGLE set to: 0.000000 

** Writing output file: ../inputs/gr124.dat

NEL 
NPORTS
IDUM      REXA     REYA     REZA     THEA     PHEA     PSEA 
          AMP      PSH      PSC      PHEPOL
  36
  36
   1
   1
   1 	  -89.00  -415.00     0.00     0.00     0.00     0.00
   1 	  -89.00  -415.00     0.00     0.00     0.00     0.00
   	   28.00  -149.00     0.00    90.00
   	   28.00  -149.00     0.00    90.00
   2 	    0.00  -415.00     0.00     0.00     0.00     0.00
   2 	    0.00  -415.00     0.00     0.00     0.00     0.00
   	   26.40  -149.00     0.00    90.00
   	   26.40  -149.00     0.00    90.00
   3 	   89.00  -415.00     0.00     0.00     0.00     0.00
   3 	   89.00  -415.00     0.00     0.00     0.00     0.00
   	   24.80  -149.00     0.00    90.00
   	   24.80  -149.00     0.00    90.00
   4 	  178.00  -415.00     0.00     0.00     0.00     0.00
   4 	  178.00  -415.00     0.00     0.00     0.00     0.00
   	   23.20  -149.00     0.00    90.00
   	   23.20  -149.00     0.00    90.00
   5 	  267.00  -415.00     0.00     0.00     0.00     0.00
   5 	  267.00  -415.00     0.00     0.00     0.00     0.00
   	   21.60  -149.00     0.00    90.00
   	   21.60  -149.00     0.00    90.00
   6 	  356.00  -415.00     0.00     0.00     0.00     0.00
   6 	  356.00  -415.00     0.00     0.00     0.00     0.00
   	   20.00  -149.00     0.00    90.00
   	   20.00  -149.00     0.00    90.00
   7 	  -89.00  -332.00     0.00     0.00     0.00     0.00
   7 	  -89.00  -332.00     0.00     0.00     0.00     0.00
   	   31.80  -149.00     0.00    90.00
   	   31.80  -149.00     0.00    90.00
   8 	    0.00  -332.00     0.00     0.00     0.00     0.00
   8 	    0.00  -332.00     0.00     0.00     0.00     0.00
   	   30.20  -149.00     0.00    90.00
   	   30.20  -149.00     0.00    90.00
   9 	   89.00  -332.00     0.00     0.00     0.00     0.00
   9 	   89.00  -332.00     0.00     0.00     0.00     0.00
   	   28.60  -149.00     0.00    90.00
   	   28.60  -149.00     0.00    90.00
  10 	  178.00  -332.00     0.00     0.00     0.00     0.00
  10 	  178.00  -332.00     0.00     0.00     0.00     0.00
   	   27.00  -149.00     0.00    90.00
   	   27.00  -149.00     0.00    90.00
  11 	  267.00  -332.00     0.00     0.00     0.00     0.00
  11 	  267.00  -332.00     0.00     0.00     0.00     0.00
   	   25.40  -149.00     0.00    90.00
   	   25.40  -149.00     0.00    90.00
  12 	  356.00  -332.00     0.00     0.00     0.00     0.00
  12 	  356.00  -332.00     0.00     0.00     0.00     0.00
   	   23.80  -149.00     0.00    90.00
   	   23.80  -149.00     0.00    90.00
  13 	  -89.00  -249.00     0.00     0.00     0.00     0.00
  13 	  -89.00  -249.00     0.00     0.00     0.00     0.00
   	   33.20  -149.00     0.00    90.00
   	   33.20  -149.00     0.00    90.00
  14 	    0.00  -249.00     0.00     0.00     0.00     0.00
  14 	    0.00  -249.00     0.00     0.00     0.00     0.00
   	   31.60  -149.00     0.00    90.00
   	   31.60  -149.00     0.00    90.00
  15 	   89.00  -249.00     0.00     0.00     0.00     0.00
  15 	   89.00  -249.00     0.00     0.00     0.00     0.00
   	   30.00  -149.00     0.00    90.00
   	   30.00  -149.00     0.00    90.00
  16 	  178.00  -249.00     0.00     0.00     0.00     0.00
  16 	  178.00  -249.00     0.00     0.00     0.00     0.00
   	   28.40  -149.00     0.00    90.00
   	   28.40  -149.00     0.00    90.00
  17 	  267.00  -249.00     0.00     0.00     0.00     0.00
  17 	  267.00  -249.00     0.00     0.00     0.00     0.00
   	   26.80  -149.00     0.00    90.00
   	   26.80  -149.00     0.00    90.00
  18 	  356.00  -249.00     0.00     0.00     0.00     0.00
  18 	  356.00  -249.00     0.00     0.00     0.00     0.00
   	   25.20  -149.00     0.00    90.00
   	   25.20  -149.00     0.00    90.00
  19 	  -89.00  -166.00     0.00     0.00     0.00     0.00
  19 	  -89.00  -166.00     0.00     0.00     0.00     0.00
   	   32.20  -149.00     0.00    90.00
   	   32.20  -149.00     0.00    90.00
  20 	    0.00  -166.00     0.00     0.00     0.00     0.00
  20 	    0.00  -166.00     0.00     0.00     0.00     0.00
   	   30.60  -149.00     0.00    90.00
   	   30.60  -149.00     0.00    90.00
  21 	   89.00  -166.00     0.00     0.00     0.00     0.00
  21 	   89.00  -166.00     0.00     0.00     0.00     0.00
   	   29.00  -149.00     0.00    90.00
   	   29.00  -149.00     0.00    90.00
  22 	  178.00  -166.00     0.00     0.00     0.00     0.00
  22 	  178.00  -166.00     0.00     0.00     0.00     0.00
   	   27.40  -149.00     0.00    90.00
   	   27.40  -149.00     0.00    90.00
  23 	  267.00  -166.00     0.00     0.00     0.00     0.00
  23 	  267.00  -166.00     0.00     0.00     0.00     0.00
   	   25.80  -149.00     0.00    90.00
   	   25.80  -149.00     0.00    90.00
  24 	  356.00  -166.00     0.00     0.00     0.00     0.00
  24 	  356.00  -166.00     0.00     0.00     0.00     0.00
   	   24.20  -149.00     0.00    90.00
   	   24.20  -149.00     0.00    90.00
  25 	  -89.00   -83.00     0.00     0.00     0.00     0.00
  25 	  -89.00   -83.00     0.00     0.00     0.00     0.00
   	   28.80  -149.00     0.00    90.00
   	   28.80  -149.00     0.00    90.00
  26 	    0.00   -83.00     0.00     0.00     0.00     0.00
  26 	    0.00   -83.00     0.00     0.00     0.00     0.00
   	   27.20  -149.00     0.00    90.00
   	   27.20  -149.00     0.00    90.00
  27 	   89.00   -83.00     0.00     0.00     0.00     0.00
  27 	   89.00   -83.00     0.00     0.00     0.00     0.00
   	   25.60  -149.00     0.00    90.00
   	   25.60  -149.00     0.00    90.00
  28 	  178.00   -83.00     0.00     0.00     0.00     0.00
  28 	  178.00   -83.00     0.00     0.00     0.00     0.00
   	   24.00  -149.00     0.00    90.00
   	   24.00  -149.00     0.00    90.00
  29 	  267.00   -83.00     0.00     0.00     0.00     0.00
  29 	  267.00   -83.00     0.00     0.00     0.00     0.00
   	   22.40  -149.00     0.00    90.00
   	   22.40  -149.00     0.00    90.00
  30 	  356.00   -83.00     0.00     0.00     0.00     0.00
  30 	  356.00   -83.00     0.00     0.00     0.00     0.00
   	   20.80  -149.00     0.00    90.00
   	   20.80  -149.00     0.00    90.00
  31 	  -89.00     0.00     0.00     0.00     0.00     0.00
  31 	  -89.00     0.00     0.00     0.00     0.00     0.00
   	   23.00  -149.00     0.00    90.00
   	   23.00  -149.00     0.00    90.00
  32 	    0.00     0.00     0.00     0.00     0.00     0.00
  32 	    0.00     0.00     0.00     0.00     0.00     0.00
   	   21.40  -149.00     0.00    90.00
   	   21.40  -149.00     0.00    90.00
  33 	   89.00     0.00     0.00     0.00     0.00     0.00
  33 	   89.00     0.00     0.00     0.00     0.00     0.00
   	   19.80  -149.00     0.00    90.00
   	   19.80  -149.00     0.00    90.00
  34 	  178.00     0.00     0.00     0.00     0.00     0.00
  34 	  178.00     0.00     0.00     0.00     0.00     0.00
   	   18.20  -149.00     0.00    90.00
   	   18.20  -149.00     0.00    90.00
  35 	  267.00     0.00     0.00     0.00     0.00     0.00
  35 	  267.00     0.00     0.00     0.00     0.00     0.00
   	   16.60  -149.00     0.00    90.00
   	   16.60  -149.00     0.00    90.00
  36 	  356.00     0.00     0.00     0.00     0.00     0.00
  36 	  356.00     0.00     0.00     0.00     0.00     0.00
   	   15.00  -149.00     0.00    90.00
   	   15.00  -149.00     0.00    90.00

** End writing output file: ../inputs/gr124.dat 
