*******************************************************************************
                         ARRAY PREPROCESSOR ver. 1.0
*******************************************************************************



   1	GROUP testgroup
   3	 GRID SQUARE
   4	 ELEMENT
   5	 GEOMETRY RECTANGULAR 47 37
   8	 ADD BLOCK -6 1 -1 2
  10	 GROUP_EXCITATION
  11	 AMPLITUDE UNIFORM 24
  12	 PHASE UNIFORM -46
  13	 END

** Generating GROUP: testgroup.
** PSTEP,QSTEP set to:47.000000,47.000000
** Grid ANGLE set to:90.000000 
** Group ROT_ANGLE set to: 0.000000 

** Writing output file: ../inputs/gr125.dat

NEL 
NPORTS
IDUM      REXA     REYA     REZA     THEA     PHEA     PSEA 
          AMP      PSH      PSC      PHEPOL
  12
  12
   1
   1
   1 	 -282.00    47.00     0.00     0.00     0.00     0.00
   1 	 -282.00    47.00     0.00     0.00     0.00     0.00
   	   24.00   -46.00     0.00    90.00
   	   24.00   -46.00     0.00    90.00
   2 	 -235.00    47.00     0.00     0.00     0.00     0.00
   2 	 -235.00    47.00     0.00     0.00     0.00     0.00
   	   24.00   -46.00     0.00    90.00
   	   24.00   -46.00     0.00    90.00
   3 	 -188.00    47.00     0.00     0.00     0.00     0.00
   3 	 -188.00    47.00     0.00     0.00     0.00     0.00
   	   24.00   -46.00     0.00    90.00
   	   24.00   -46.00     0.00    90.00
   4 	 -141.00    47.00     0.00     0.00     0.00     0.00
   4 	 -141.00    47.00     0.00     0.00     0.00     0.00
   	   24.00   -46.00     0.00    90.00
   	   24.00   -46.00     0.00    90.00
   5 	  -94.00    47.00     0.00     0.00     0.00     0.00
   5 	  -94.00    47.00     0.00     0.00     0.00     0.00
   	   24.00   -46.00     0.00    90.00
   	   24.00   -46.00     0.00    90.00
   6 	  -47.00    47.00     0.00     0.00     0.00     0.00
   6 	  -47.00    47.00     0.00     0.00     0.00     0.00
   	   24.00   -46.00     0.00    90.00
   	   24.00   -46.00     0.00    90.00
   7 	 -282.00    94.00     0.00     0.00     0.00     0.00
   7 	 -282.00    94.00     0.00     0.00     0.00     0.00
   	   24.00   -46.00     0.00    90.00
   	   24.00   -46.00     0.00    90.00
   8 	 -235.00    94.00     0.00     0.00     0.00     0.00
   8 	 -235.00    94.00     0.00     0.00     0.00     0.00
   	   24.00   -46.00     0.00    90.00
   	   24.00   -46.00     0.00    90.00
   9 	 -188.00    94.00     0.00     0.00     0.00     0.00
   9 	 -188.00    94.00     0.00     0.00     0.00     0.00
   	   24.00   -46.00     0.00    90.00
   	   24.00   -46.00     0.00    90.00
  10 	 -141.00    94.00     0.00     0.00     0.00     0.00
  10 	 -141.00    94.00     0.00     0.00     0.00     0.00
   	   24.00   -46.00     0.00    90.00
   	   24.00   -46.00     0.00    90.00
  11 	  -94.00    94.00     0.00     0.00     0.00     0.00
  11 	  -94.00    94.00     0.00     0.00     0.00     0.00
   	   24.00   -46.00     0.00    90.00
   	   24.00   -46.00     0.00    90.00
  12 	  -47.00    94.00     0.00     0.00     0.00     0.00
  12 	  -47.00    94.00     0.00     0.00     0.00     0.00
   	   24.00   -46.00     0.00    90.00
   	   24.00   -46.00     0.00    90.00

** End writing output file: ../inputs/gr125.dat 
