*******************************************************************************
                         ARRAY PREPROCESSOR ver. 1.0
*******************************************************************************



   1	GROUP testgroup
   3	 GRID TRIANGULAR
   4	 ELEMENT
   5	 GEOMETRY CIRCULAR 49
   6	 POLARIZATION CIRCULAR RH
   8	 ADD BLOCK 0 2 -1 5
   9	 ADD BLOCK -9 -7 -1 2
  10	 ADD BLOCK -8 -10 0 -1
  12	 GROUP_EXCITATION
  13	 AMPLITUDE UNIFORM 27
  14	 PHASE UNIFORM -70
  15	 END

** WARNING B2: GRID step(s) too small for specified element in GROUP: testgroup
** Generating GROUP: testgroup.
** PSTEP,QSTEP set to:98.000000,98.000000
** Grid ANGLE set to:60.000000 
** Group ROT_ANGLE set to: 0.000000 

** Writing output file: ../inputs/gr126.dat

NEL 
NPORTS
IDUM      REXA     REYA     REZA     THEA     PHEA     PSEA 
          AMP      PSH      PSC      PHEPOL
 188
 188
   1
   1
   1 	   -0.00   169.74     0.00     0.00     0.00     0.00
   1 	   -0.00   169.74     0.00     0.00     0.00     0.00
   	   27.00   -70.00     0.00    90.00
   	   27.00   -70.00     0.00    90.00
   2 	   98.00   169.74     0.00     0.00     0.00     0.00
   2 	   98.00   169.74     0.00     0.00     0.00     0.00
   	   27.00   -70.00     0.00    90.00
   	   27.00   -70.00     0.00    90.00
   3 	   49.00   254.61     0.00     0.00     0.00     0.00
   3 	   49.00   254.61     0.00     0.00     0.00     0.00
   	   27.00   -70.00     0.00    90.00
   	   27.00   -70.00     0.00    90.00
   4 	  147.00   254.61     0.00     0.00     0.00     0.00
   4 	  147.00   254.61     0.00     0.00     0.00     0.00
   	   27.00   -70.00     0.00    90.00
   	   27.00   -70.00     0.00    90.00
   5 	   98.00   339.48     0.00     0.00     0.00     0.00
   5 	   98.00   339.48     0.00     0.00     0.00     0.00
   	   27.00   -70.00     0.00    90.00
   	   27.00   -70.00     0.00    90.00
   6 	  196.00   339.48     0.00     0.00     0.00     0.00
   6 	  196.00   339.48     0.00     0.00     0.00     0.00
   	   27.00   -70.00     0.00    90.00
   	   27.00   -70.00     0.00    90.00
   7 	  147.00   424.35     0.00     0.00     0.00     0.00
   7 	  147.00   424.35     0.00     0.00     0.00     0.00
   	   27.00   -70.00     0.00    90.00
   	   27.00   -70.00     0.00    90.00
   8 	  245.00   424.35     0.00     0.00     0.00     0.00
   8 	  245.00   424.35     0.00     0.00     0.00     0.00
   	   27.00   -70.00     0.00    90.00
   	   27.00   -70.00     0.00    90.00
   9 	-1225.00  -594.09     0.00     0.00     0.00     0.00
   9 	-1225.00  -594.09     0.00     0.00     0.00     0.00
   	   27.00   -70.00     0.00    90.00
   	   27.00   -70.00     0.00    90.00
  10 	-1127.00  -594.09     0.00     0.00     0.00     0.00
  10 	-1127.00  -594.09     0.00     0.00     0.00     0.00
   	   27.00   -70.00     0.00    90.00
   	   27.00   -70.00     0.00    90.00
  11 	-1029.00  -594.09     0.00     0.00     0.00     0.00
  11 	-1029.00  -594.09     0.00     0.00     0.00     0.00
   	   27.00   -70.00     0.00    90.00
   	   27.00   -70.00     0.00    90.00
  12 	 -931.00  -594.09     0.00     0.00     0.00     0.00
  12 	 -931.00  -594.09     0.00     0.00     0.00     0.00
   	   27.00   -70.00     0.00    90.00
   	   27.00   -70.00     0.00    90.00
  13 	 -833.00  -594.09     0.00     0.00     0.00     0.00
  13 	 -833.00  -594.09     0.00     0.00     0.00     0.00
   	   27.00   -70.00     0.00    90.00
   	   27.00   -70.00     0.00    90.00
  14 	 -735.00  -594.09     0.00     0.00     0.00     0.00
  14 	 -735.00  -594.09     0.00     0.00     0.00     0.00
   	   27.00   -70.00     0.00    90.00
   	   27.00   -70.00     0.00    90.00
  15 	 -637.00  -594.09     0.00     0.00     0.00     0.00
  15 	 -637.00  -594.09     0.00     0.00     0.00     0.00
   	   27.00   -70.00     0.00    90.00
   	   27.00   -70.00     0.00    90.00
  16 	 -539.00  -594.09     0.00     0.00     0.00     0.00
  16 	 -539.00  -594.09     0.00     0.00     0.00     0.00
   	   27.00   -70.00     0.00    90.00
   	   27.00   -70.00     0.00    90.00
  17 	 -441.00  -594.09     0.00     0.00     0.00     0.00
  17 	 -441.00  -594.09     0.00     0.00     0.00     0.00
   	   27.00   -70.00     0.00    90.00
   	   27.00   -70.00     0.00    90.00
  18 	-1176.00  -509.22     0.00     0.00     0.00     0.00
  18 	-1176.00  -509.22     0.00     0.00     0.00     0.00
   	   27.00   -70.00     0.00    90.00
   	   27.00   -70.00     0.00    90.00
  19 	-1078.00  -509.22     0.00     0.00     0.00     0.00
  19 	-1078.00  -509.22     0.00     0.00     0.00     0.00
   	   27.00   -70.00     0.00    90.00
   	   27.00   -70.00     0.00    90.00
  20 	 -980.00  -509.22     0.00     0.00     0.00     0.00
  20 	 -980.00  -509.22     0.00     0.00     0.00     0.00
   	   27.00   -70.00     0.00    90.00
   	   27.00   -70.00     0.00    90.00
  21 	 -882.00  -509.22     0.00     0.00     0.00     0.00
  21 	 -882.00  -509.22     0.00     0.00     0.00     0.00
   	   27.00   -70.00     0.00    90.00
   	   27.00   -70.00     0.00    90.00
  22 	 -784.00  -509.22     0.00     0.00     0.00     0.00
  22 	 -784.00  -509.22     0.00     0.00     0.00     0.00
   	   27.00   -70.00     0.00    90.00
   	   27.00   -70.00     0.00    90.00
  23 	 -686.00  -509.22     0.00     0.00     0.00     0.00
  23 	 -686.00  -509.22     0.00     0.00     0.00     0.00
   	   27.00   -70.00     0.00    90.00
   	   27.00   -70.00     0.00    90.00
  24 	 -588.00  -509.22     0.00     0.00     0.00     0.00
  24 	 -588.00  -509.22     0.00     0.00     0.00     0.00
   	   27.00   -70.00     0.00    90.00
   	   27.00   -70.00     0.00    90.00
  25 	 -490.00  -509.22     0.00     0.00     0.00     0.00
  25 	 -490.00  -509.22     0.00     0.00     0.00     0.00
   	   27.00   -70.00     0.00    90.00
   	   27.00   -70.00     0.00    90.00
  26 	 -392.00  -509.22     0.00     0.00     0.00     0.00
  26 	 -392.00  -509.22     0.00     0.00     0.00     0.00
   	   27.00   -70.00     0.00    90.00
   	   27.00   -70.00     0.00    90.00
  27 	-1127.00  -424.35     0.00     0.00     0.00     0.00
  27 	-1127.00  -424.35     0.00     0.00     0.00     0.00
   	   27.00   -70.00     0.00    90.00
   	   27.00   -70.00     0.00    90.00
  28 	-1029.00  -424.35     0.00     0.00     0.00     0.00
  28 	-1029.00  -424.35     0.00     0.00     0.00     0.00
   	   27.00   -70.00     0.00    90.00
   	   27.00   -70.00     0.00    90.00
  29 	 -931.00  -424.35     0.00     0.00     0.00     0.00
  29 	 -931.00  -424.35     0.00     0.00     0.00     0.00
   	   27.00   -70.00     0.00    90.00
   	   27.00   -70.00     0.00    90.00
  30 	 -833.00  -424.35     0.00     0.00     0.00     0.00
  30 	 -833.00  -424.35     0.00     0.00     0.00     0.00
   	   27.00   -70.00     0.00    90.00
   	   27.00   -70.00     0.00    90.00
  31 	 -735.00  -424.35     0.00     0.00     0.00     0.00
  31 	 -735.00  -424.35     0.00     0.00     0.00     0.00
   	   27.00   -70.00     0.00    90.00
   	   27.00   -70.00     0.00    90.00
  32 	 -637.00  -424.35     0.00     0.00     0.00     0.00
  32 	 -637.00  -424.35     0.00     0.00     0.00     0.00
   	   27.00   -70.00     0.00    90.00
   	   27.00   -70.00     0.00    90.00
  33 	 -539.00  -424.35     0.00     0.00     0.00     0.00
  33 	 -539.00  -424.35     0.00     0.00     0.00     0.00
   	   27.00   -70.00     0.00    90.00
   	   27.00   -70.00     0.00    90.00
  34 	 -441.00  -424.35     0.00     0.00     0.00     0.00
  34 	 -441.00  -424.35     0.00     0.00     0.00     0.00
   	   27.00   -70.00     0.00    90.00
   	   27.00   -70.00     0.00    90.00
  35 	 -343.00  -424.35     0.00     0.00     0.00     0.00
  35 	 -343.00  -424.35     0.00     0.00     0.00     0.00
   	   27.00   -70.00     0.00    90.00
   	   27.00   -70.00     0.00    90.00
  36 	-1078.00  -339.48     0.00     0.00     0.00     0.00
  36 	-1078.00  -339.48     0.00     0.00     0.00     0.00
   	   27.00   -70.00     0.00    90.00
   	   27.00   -70.00     0.00    90.00
  37 	 -980.00  -339.48     0.00     0.00     0.00     0.00
  37 	 -980.00  -339.48     0.00     0.00     0.00     0.00
   	   27.00   -70.00     0.00    90.00
   	   27.00   -70.00     0.00    90.00
  38 	 -882.00  -339.48     0.00     0.00     0.00     0.00
  38 	 -882.00  -339.48     0.00     0.00     0.00     0.00
   	   27.00   -70.00     0.00    90.00
   	   27.00   -70.00     0.00    90.00
  39 	 -784.00  -339.48     0.00     0.00     0.00     0.00
  39 	 -784.00  -339.48     0.00     0.00     0.00     0.00
   	   27.00   -70.00     0.00    90.00
   	   27.00   -70.00     0.00    90.00
  40 	 -686.00  -339.48     0.00     0.00     0.00     0.00
  40 	 -686.00  -339.48     0.00     0.00     0.00     0.00
   	   27.00   -70.00     0.00    90.00
   	   27.00   -70.00     0.00    90.00
  41 	 -588.00  -339.48     0.00     0.00     0.00     0.00
  41 	 -588.00  -339.48     0.00     0.00     0.00     0.00
   	   27.00   -70.00     0.00    90.00
   	   27.00   -70.00     0.00    90.00
  42 	 -490.00  -339.48     0.00     0.00     0.00     0.00
  42 	 -490.00  -339.48     0.00     0.00     0.00     0.00
   	   27.00   -70.00     0.00    90.00
   	   27.00   -70.00     0.00    90.00
  43 	 -392.00  -339.48     0.00     0.00     0.00     0.00
  43 	 -392.00  -339.48     0.00     0.00     0.00     0.00
   	   27.00   -70.00     0.00    90.00
   	   27.00   -70.00     0.00    90.00
  44 	 -294.00  -339.48     0.00     0.00     0.00     0.00
  44 	 -294.00  -339.48     0.00     0.00     0.00     0.00
   	   27.00   -70.00     0.00    90.00
   	   27.00   -70.00     0.00    90.00
  45 	-1029.00  -254.61     0.00     0.00     0.00     0.00
  45 	-1029.00  -254.61     0.00     0.00     0.00     0.00
   	   27.00   -70.00     0.00    90.00
   	   27.00   -70.00     0.00    90.00
  46 	 -931.00  -254.61     0.00     0.00     0.00     0.00
  46 	 -931.00  -254.61     0.00     0.00     0.00     0.00
   	   27.00   -70.00     0.00    90.00
   	   27.00   -70.00     0.00    90.00
  47 	 -833.00  -254.61     0.00     0.00     0.00     0.00
  47 	 -833.00  -254.61     0.00     0.00     0.00     0.00
   	   27.00   -70.00     0.00    90.00
   	   27.00   -70.00     0.00    90.00
  48 	 -735.00  -254.61     0.00     0.00     0.00     0.00
  48 	 -735.00  -254.61     0.00     0.00     0.00     0.00
   	   27.00   -70.00     0.00    90.00
   	   27.00   -70.00     0.00    90.00
  49 	 -637.00  -254.61     0.00     0.00     0.00     0.00
  49 	 -637.00  -254.61     0.00     0.00     0.00     0.00
   	   27.00   -70.00     0.00    90.00
   	   27.00   -70.00     0.00    90.00
  50 	 -539.00  -254.61     0.00     0.00     0.00     0.00
  50 	 -539.00  -254.61     0.00     0.00     0.00     0.00
   	   27.00   -70.00     0.00    90.00
   	   27.00   -70.00     0.00    90.00
  51 	 -441.00  -254.61     0.00     0.00     0.00     0.00
  51 	 -441.00  -254.61     0.00     0.00     0.00     0.00
   	   27.00   -70.00     0.00    90.00
   	   27.00   -70.00     0.00    90.00
  52 	 -343.00  -254.61     0.00     0.00     0.00     0.00
  52 	 -343.00  -254.61     0.00     0.00     0.00     0.00
   	   27.00   -70.00     0.00    90.00
   	   27.00   -70.00     0.00    90.00
  53 	 -245.00  -254.61     0.00     0.00     0.00     0.00
  53 	 -245.00  -254.61     0.00     0.00     0.00     0.00
   	   27.00   -70.00     0.00    90.00
   	   27.00   -70.00     0.00    90.00
  54 	 -980.00  -169.74     0.00     0.00     0.00     0.00
  54 	 -980.00  -169.74     0.00     0.00     0.00     0.00
   	   27.00   -70.00     0.00    90.00
   	   27.00   -70.00     0.00    90.00
  55 	 -882.00  -169.74     0.00     0.00     0.00     0.00
  55 	 -882.00  -169.74     0.00     0.00     0.00     0.00
   	   27.00   -70.00     0.00    90.00
   	   27.00   -70.00     0.00    90.00
  56 	 -784.00  -169.74     0.00     0.00     0.00     0.00
  56 	 -784.00  -169.74     0.00     0.00     0.00     0.00
   	   27.00   -70.00     0.00    90.00
   	   27.00   -70.00     0.00    90.00
  57 	 -686.00  -169.74     0.00     0.00     0.00     0.00
  57 	 -686.00  -169.74     0.00     0.00     0.00     0.00
   	   27.00   -70.00     0.00    90.00
   	   27.00   -70.00     0.00    90.00
  58 	 -588.00  -169.74     0.00     0.00     0.00     0.00
  58 	 -588.00  -169.74     0.00     0.00     0.00     0.00
   	   27.00   -70.00     0.00    90.00
   	   27.00   -70.00     0.00    90.00
  59 	 -490.00  -169.74     0.00     0.00     0.00     0.00
  59 	 -490.00  -169.74     0.00     0.00     0.00     0.00
   	   27.00   -70.00     0.00    90.00
   	   27.00   -70.00     0.00    90.00
  60 	 -392.00  -169.74     0.00     0.00     0.00     0.00
  60 	 -392.00  -169.74     0.00     0.00     0.00     0.00
   	   27.00   -70.00     0.00    90.00
   	   27.00   -70.00     0.00    90.00
  61 	 -294.00  -169.74     0.00     0.00     0.00     0.00
  61 	 -294.00  -169.74     0.00     0.00     0.00     0.00
   	   27.00   -70.00     0.00    90.00
   	   27.00   -70.00     0.00    90.00
  62 	 -196.00  -169.74     0.00     0.00     0.00     0.00
  62 	 -196.00  -169.74     0.00     0.00     0.00     0.00
   	   27.00   -70.00     0.00    90.00
   	   27.00   -70.00     0.00    90.00
  63 	 -931.00   -84.87     0.00     0.00     0.00     0.00
  63 	 -931.00   -84.87     0.00     0.00     0.00     0.00
   	   27.00   -70.00     0.00    90.00
   	   27.00   -70.00     0.00    90.00
  64 	 -833.00   -84.87     0.00     0.00     0.00     0.00
  64 	 -833.00   -84.87     0.00     0.00     0.00     0.00
   	   27.00   -70.00     0.00    90.00
   	   27.00   -70.00     0.00    90.00
  65 	 -735.00   -84.87     0.00     0.00     0.00     0.00
  65 	 -735.00   -84.87     0.00     0.00     0.00     0.00
   	   27.00   -70.00     0.00    90.00
   	   27.00   -70.00     0.00    90.00
  66 	 -637.00   -84.87     0.00     0.00     0.00     0.00
  66 	 -637.00   -84.87     0.00     0.00     0.00     0.00
   	   27.00   -70.00     0.00    90.00
   	   27.00   -70.00     0.00    90.00
  67 	 -539.00   -84.87     0.00     0.00     0.00     0.00
  67 	 -539.00   -84.87     0.00     0.00     0.00     0.00
   	   27.00   -70.00     0.00    90.00
   	   27.00   -70.00     0.00    90.00
  68 	 -441.00   -84.87     0.00     0.00     0.00     0.00
  68 	 -441.00   -84.87     0.00     0.00     0.00     0.00
   	   27.00   -70.00     0.00    90.00
   	   27.00   -70.00     0.00    90.00
  69 	 -343.00   -84.87     0.00     0.00     0.00     0.00
  69 	 -343.00   -84.87     0.00     0.00     0.00     0.00
   	   27.00   -70.00     0.00    90.00
   	   27.00   -70.00     0.00    90.00
  70 	 -245.00   -84.87     0.00     0.00     0.00     0.00
  70 	 -245.00   -84.87     0.00     0.00     0.00     0.00
   	   27.00   -70.00     0.00    90.00
   	   27.00   -70.00     0.00    90.00
  71 	 -147.00   -84.87     0.00     0.00     0.00     0.00
  71 	 -147.00   -84.87     0.00     0.00     0.00     0.00
   	   27.00   -70.00     0.00    90.00
   	   27.00   -70.00     0.00    90.00
  72 	 -882.00     0.00     0.00     0.00     0.00     0.00
  72 	 -882.00     0.00     0.00     0.00     0.00     0.00
   	   27.00   -70.00     0.00    90.00
   	   27.00   -70.00     0.00    90.00
  73 	 -784.00     0.00     0.00     0.00     0.00     0.00
  73 	 -784.00     0.00     0.00     0.00     0.00     0.00
   	   27.00   -70.00     0.00    90.00
   	   27.00   -70.00     0.00    90.00
  74 	 -686.00     0.00     0.00     0.00     0.00     0.00
  74 	 -686.00     0.00     0.00     0.00     0.00     0.00
   	   27.00   -70.00     0.00    90.00
   	   27.00   -70.00     0.00    90.00
  75 	 -588.00     0.00     0.00     0.00     0.00     0.00
  75 	 -588.00     0.00     0.00     0.00     0.00     0.00
   	   27.00   -70.00     0.00    90.00
   	   27.00   -70.00     0.00    90.00
  76 	 -490.00     0.00     0.00     0.00     0.00     0.00
  76 	 -490.00     0.00     0.00     0.00     0.00     0.00
   	   27.00   -70.00     0.00    90.00
   	   27.00   -70.00     0.00    90.00
  77 	 -392.00     0.00     0.00     0.00     0.00     0.00
  77 	 -392.00     0.00     0.00     0.00     0.00     0.00
   	   27.00   -70.00     0.00    90.00
   	   27.00   -70.00     0.00    90.00
  78 	 -294.00     0.00     0.00     0.00     0.00     0.00
  78 	 -294.00     0.00     0.00     0.00     0.00     0.00
   	   27.00   -70.00     0.00    90.00
   	   27.00   -70.00     0.00    90.00
  79 	 -196.00     0.00     0.00     0.00     0.00     0.00
  79 	 -196.00     0.00     0.00     0.00     0.00     0.00
   	   27.00   -70.00     0.00    90.00
   	   27.00   -70.00     0.00    90.00
  80 	  -98.00     0.00     0.00     0.00     0.00     0.00
  80 	  -98.00     0.00     0.00     0.00     0.00     0.00
   	   27.00   -70.00     0.00    90.00
   	   27.00   -70.00     0.00    90.00
  81 	 -833.00    84.87     0.00     0.00     0.00     0.00
  81 	 -833.00    84.87     0.00     0.00     0.00     0.00
   	   27.00   -70.00     0.00    90.00
   	   27.00   -70.00     0.00    90.00
  82 	 -735.00    84.87     0.00     0.00     0.00     0.00
  82 	 -735.00    84.87     0.00     0.00     0.00     0.00
   	   27.00   -70.00     0.00    90.00
   	   27.00   -70.00     0.00    90.00
  83 	 -637.00    84.87     0.00     0.00     0.00     0.00
  83 	 -637.00    84.87     0.00     0.00     0.00     0.00
   	   27.00   -70.00     0.00    90.00
   	   27.00   -70.00     0.00    90.00
  84 	 -539.00    84.87     0.00     0.00     0.00     0.00
  84 	 -539.00    84.87     0.00     0.00     0.00     0.00
   	   27.00   -70.00     0.00    90.00
   	   27.00   -70.00     0.00    90.00
  85 	 -441.00    84.87     0.00     0.00     0.00     0.00
  85 	 -441.00    84.87     0.00     0.00     0.00     0.00
   	   27.00   -70.00     0.00    90.00
   	   27.00   -70.00     0.00    90.00
  86 	 -343.00    84.87     0.00     0.00     0.00     0.00
  86 	 -343.00    84.87     0.00     0.00     0.00     0.00
   	   27.00   -70.00     0.00    90.00
   	   27.00   -70.00     0.00    90.00
  87 	 -245.00    84.87     0.00     0.00     0.00     0.00
  87 	 -245.00    84.87     0.00     0.00     0.00     0.00
   	   27.00   -70.00     0.00    90.00
   	   27.00   -70.00     0.00    90.00
  88 	 -147.00    84.87     0.00     0.00     0.00     0.00
  88 	 -147.00    84.87     0.00     0.00     0.00     0.00
   	   27.00   -70.00     0.00    90.00
   	   27.00   -70.00     0.00    90.00
  89 	  -49.00    84.87     0.00     0.00     0.00     0.00
  89 	  -49.00    84.87     0.00     0.00     0.00     0.00
   	   27.00   -70.00     0.00    90.00
   	   27.00   -70.00     0.00    90.00
  90 	 -784.00   169.74     0.00     0.00     0.00     0.00
  90 	 -784.00   169.74     0.00     0.00     0.00     0.00
   	   27.00   -70.00     0.00    90.00
   	   27.00   -70.00     0.00    90.00
  91 	 -686.00   169.74     0.00     0.00     0.00     0.00
  91 	 -686.00   169.74     0.00     0.00     0.00     0.00
   	   27.00   -70.00     0.00    90.00
   	   27.00   -70.00     0.00    90.00
  92 	 -588.00   169.74     0.00     0.00     0.00     0.00
  92 	 -588.00   169.74     0.00     0.00     0.00     0.00
   	   27.00   -70.00     0.00    90.00
   	   27.00   -70.00     0.00    90.00
  93 	 -490.00   169.74     0.00     0.00     0.00     0.00
  93 	 -490.00   169.74     0.00     0.00     0.00     0.00
   	   27.00   -70.00     0.00    90.00
   	   27.00   -70.00     0.00    90.00
  94 	 -392.00   169.74     0.00     0.00     0.00     0.00
  94 	 -392.00   169.74     0.00     0.00     0.00     0.00
   	   27.00   -70.00     0.00    90.00
   	   27.00   -70.00     0.00    90.00
  95 	 -294.00   169.74     0.00     0.00     0.00     0.00
  95 	 -294.00   169.74     0.00     0.00     0.00     0.00
   	   27.00   -70.00     0.00    90.00
   	   27.00   -70.00     0.00    90.00
  96 	 -196.00   169.74     0.00     0.00     0.00     0.00
  96 	 -196.00   169.74     0.00     0.00     0.00     0.00
   	   27.00   -70.00     0.00    90.00
   	   27.00   -70.00     0.00    90.00
  97 	  -98.00   169.74     0.00     0.00     0.00     0.00
  97 	  -98.00   169.74     0.00     0.00     0.00     0.00
   	   27.00   -70.00     0.00    90.00
   	   27.00   -70.00     0.00    90.00
  98 	   -0.00   169.74     0.00     0.00     0.00     0.00
  98 	   -0.00   169.74     0.00     0.00     0.00     0.00
   	   27.00   -70.00     0.00    90.00
   	   27.00   -70.00     0.00    90.00
  99 	-1274.00  -848.70     0.00     0.00     0.00     0.00
  99 	-1274.00  -848.70     0.00     0.00     0.00     0.00
   	   27.00   -70.00     0.00    90.00
   	   27.00   -70.00     0.00    90.00
 100 	-1176.00  -848.70     0.00     0.00     0.00     0.00
 100 	-1176.00  -848.70     0.00     0.00     0.00     0.00
   	   27.00   -70.00     0.00    90.00
   	   27.00   -70.00     0.00    90.00
 101 	-1078.00  -848.70     0.00     0.00     0.00     0.00
 101 	-1078.00  -848.70     0.00     0.00     0.00     0.00
   	   27.00   -70.00     0.00    90.00
   	   27.00   -70.00     0.00    90.00
 102 	 -980.00  -848.70     0.00     0.00     0.00     0.00
 102 	 -980.00  -848.70     0.00     0.00     0.00     0.00
   	   27.00   -70.00     0.00    90.00
   	   27.00   -70.00     0.00    90.00
 103 	 -882.00  -848.70     0.00     0.00     0.00     0.00
 103 	 -882.00  -848.70     0.00     0.00     0.00     0.00
   	   27.00   -70.00     0.00    90.00
   	   27.00   -70.00     0.00    90.00
 104 	 -784.00  -848.70     0.00     0.00     0.00     0.00
 104 	 -784.00  -848.70     0.00     0.00     0.00     0.00
   	   27.00   -70.00     0.00    90.00
   	   27.00   -70.00     0.00    90.00
 105 	 -686.00  -848.70     0.00     0.00     0.00     0.00
 105 	 -686.00  -848.70     0.00     0.00     0.00     0.00
   	   27.00   -70.00     0.00    90.00
   	   27.00   -70.00     0.00    90.00
 106 	 -588.00  -848.70     0.00     0.00     0.00     0.00
 106 	 -588.00  -848.70     0.00     0.00     0.00     0.00
   	   27.00   -70.00     0.00    90.00
   	   27.00   -70.00     0.00    90.00
 107 	 -490.00  -848.70     0.00     0.00     0.00     0.00
 107 	 -490.00  -848.70     0.00     0.00     0.00     0.00
   	   27.00   -70.00     0.00    90.00
   	   27.00   -70.00     0.00    90.00
 108 	-1225.00  -763.83     0.00     0.00     0.00     0.00
 108 	-1225.00  -763.83     0.00     0.00     0.00     0.00
   	   27.00   -70.00     0.00    90.00
   	   27.00   -70.00     0.00    90.00
 109 	-1127.00  -763.83     0.00     0.00     0.00     0.00
 109 	-1127.00  -763.83     0.00     0.00     0.00     0.00
   	   27.00   -70.00     0.00    90.00
   	   27.00   -70.00     0.00    90.00
 110 	-1029.00  -763.83     0.00     0.00     0.00     0.00
 110 	-1029.00  -763.83     0.00     0.00     0.00     0.00
   	   27.00   -70.00     0.00    90.00
   	   27.00   -70.00     0.00    90.00
 111 	 -931.00  -763.83     0.00     0.00     0.00     0.00
 111 	 -931.00  -763.83     0.00     0.00     0.00     0.00
   	   27.00   -70.00     0.00    90.00
   	   27.00   -70.00     0.00    90.00
 112 	 -833.00  -763.83     0.00     0.00     0.00     0.00
 112 	 -833.00  -763.83     0.00     0.00     0.00     0.00
   	   27.00   -70.00     0.00    90.00
   	   27.00   -70.00     0.00    90.00
 113 	 -735.00  -763.83     0.00     0.00     0.00     0.00
 113 	 -735.00  -763.83     0.00     0.00     0.00     0.00
   	   27.00   -70.00     0.00    90.00
   	   27.00   -70.00     0.00    90.00
 114 	 -637.00  -763.83     0.00     0.00     0.00     0.00
 114 	 -637.00  -763.83     0.00     0.00     0.00     0.00
   	   27.00   -70.00     0.00    90.00
   	   27.00   -70.00     0.00    90.00
 115 	 -539.00  -763.83     0.00     0.00     0.00     0.00
 115 	 -539.00  -763.83     0.00     0.00     0.00     0.00
   	   27.00   -70.00     0.00    90.00
   	   27.00   -70.00     0.00    90.00
 116 	 -441.00  -763.83     0.00     0.00     0.00     0.00
 116 	 -441.00  -763.83     0.00     0.00     0.00     0.00
   	   27.00   -70.00     0.00    90.00
   	   27.00   -70.00     0.00    90.00
 117 	-1176.00  -678.96     0.00     0.00     0.00     0.00
 117 	-1176.00  -678.96     0.00     0.00     0.00     0.00
   	   27.00   -70.00     0.00    90.00
   	   27.00   -70.00     0.00    90.00
 118 	-1078.00  -678.96     0.00     0.00     0.00     0.00
 118 	-1078.00  -678.96     0.00     0.00     0.00     0.00
   	   27.00   -70.00     0.00    90.00
   	   27.00   -70.00     0.00    90.00
 119 	 -980.00  -678.96     0.00     0.00     0.00     0.00
 119 	 -980.00  -678.96     0.00     0.00     0.00     0.00
   	   27.00   -70.00     0.00    90.00
   	   27.00   -70.00     0.00    90.00
 120 	 -882.00  -678.96     0.00     0.00     0.00     0.00
 120 	 -882.00  -678.96     0.00     0.00     0.00     0.00
   	   27.00   -70.00     0.00    90.00
   	   27.00   -70.00     0.00    90.00
 121 	 -784.00  -678.96     0.00     0.00     0.00     0.00
 121 	 -784.00  -678.96     0.00     0.00     0.00     0.00
   	   27.00   -70.00     0.00    90.00
   	   27.00   -70.00     0.00    90.00
 122 	 -686.00  -678.96     0.00     0.00     0.00     0.00
 122 	 -686.00  -678.96     0.00     0.00     0.00     0.00
   	   27.00   -70.00     0.00    90.00
   	   27.00   -70.00     0.00    90.00
 123 	 -588.00  -678.96     0.00     0.00     0.00     0.00
 123 	 -588.00  -678.96     0.00     0.00     0.00     0.00
   	   27.00   -70.00     0.00    90.00
   	   27.00   -70.00     0.00    90.00
 124 	 -490.00  -678.96     0.00     0.00     0.00     0.00
 124 	 -490.00  -678.96     0.00     0.00     0.00     0.00
   	   27.00   -70.00     0.00    90.00
   	   27.00   -70.00     0.00    90.00
 125 	 -392.00  -678.96     0.00     0.00     0.00     0.00
 125 	 -392.00  -678.96     0.00     0.00     0.00     0.00
   	   27.00   -70.00     0.00    90.00
   	   27.00   -70.00     0.00    90.00
 126 	-1127.00  -594.09     0.00     0.00     0.00     0.00
 126 	-1127.00  -594.09     0.00     0.00     0.00     0.00
   	   27.00   -70.00     0.00    90.00
   	   27.00   -70.00     0.00    90.00
 127 	-1029.00  -594.09     0.00     0.00     0.00     0.00
 127 	-1029.00  -594.09     0.00     0.00     0.00     0.00
   	   27.00   -70.00     0.00    90.00
   	   27.00   -70.00     0.00    90.00
 128 	 -931.00  -594.09     0.00     0.00     0.00     0.00
 128 	 -931.00  -594.09     0.00     0.00     0.00     0.00
   	   27.00   -70.00     0.00    90.00
   	   27.00   -70.00     0.00    90.00
 129 	 -833.00  -594.09     0.00     0.00     0.00     0.00
 129 	 -833.00  -594.09     0.00     0.00     0.00     0.00
   	   27.00   -70.00     0.00    90.00
   	   27.00   -70.00     0.00    90.00
 130 	 -735.00  -594.09     0.00     0.00     0.00     0.00
 130 	 -735.00  -594.09     0.00     0.00     0.00     0.00
   	   27.00   -70.00     0.00    90.00
   	   27.00   -70.00     0.00    90.00
 131 	 -637.00  -594.09     0.00     0.00     0.00     0.00
 131 	 -637.00  -594.09     0.00     0.00     0.00     0.00
   	   27.00   -70.00     0.00    90.00
   	   27.00   -70.00     0.00    90.00
 132 	 -539.00  -594.09     0.00     0.00     0.00     0.00
 132 	 -539.00  -594.09     0.00     0.00     0.00     0.00
   	   27.00   -70.00     0.00    90.00
   	   27.00   -70.00     0.00    90.00
 133 	 -441.00  -594.09     0.00     0.00     0.00     0.00
 133 	 -441.00  -594.09     0.00     0.00     0.00     0.00
   	   27.00   -70.00     0.00    90.00
   	   27.00   -70.00     0.00    90.00
 134 	 -343.00  -594.09     0.00     0.00     0.00     0.00
 134 	 -343.00  -594.09     0.00     0.00     0.00     0.00
   	   27.00   -70.00     0.00    90.00
   	   27.00   -70.00     0.00    90.00
 135 	-1078.00  -509.22     0.00     0.00     0.00     0.00
 135 	-1078.00  -509.22     0.00     0.00     0.00     0.00
   	   27.00   -70.00     0.00    90.00
   	   27.00   -70.00     0.00    90.00
 136 	 -980.00  -509.22     0.00     0.00     0.00     0.00
 136 	 -980.00  -509.22     0.00     0.00     0.00     0.00
   	   27.00   -70.00     0.00    90.00
   	   27.00   -70.00     0.00    90.00
 137 	 -882.00  -509.22     0.00     0.00     0.00     0.00
 137 	 -882.00  -509.22     0.00     0.00     0.00     0.00
   	   27.00   -70.00     0.00    90.00
   	   27.00   -70.00     0.00    90.00
 138 	 -784.00  -509.22     0.00     0.00     0.00     0.00
 138 	 -784.00  -509.22     0.00     0.00     0.00     0.00
   	   27.00   -70.00     0.00    90.00
   	   27.00   -70.00     0.00    90.00
 139 	 -686.00  -509.22     0.00     0.00     0.00     0.00
 139 	 -686.00  -509.22     0.00     0.00     0.00     0.00
   	   27.00   -70.00     0.00    90.00
   	   27.00   -70.00     0.00    90.00
 140 	 -588.00  -509.22     0.00     0.00     0.00     0.00
 140 	 -588.00  -509.22     0.00     0.00     0.00     0.00
   	   27.00   -70.00     0.00    90.00
   	   27.00   -70.00     0.00    90.00
 141 	 -490.00  -509.22     0.00     0.00     0.00     0.00
 141 	 -490.00  -509.22     0.00     0.00     0.00     0.00
   	   27.00   -70.00     0.00    90.00
   	   27.00   -70.00     0.00    90.00
 142 	 -392.00  -509.22     0.00     0.00     0.00     0.00
 142 	 -392.00  -509.22     0.00     0.00     0.00     0.00
   	   27.00   -70.00     0.00    90.00
   	   27.00   -70.00     0.00    90.00
 143 	 -294.00  -509.22     0.00     0.00     0.00     0.00
 143 	 -294.00  -509.22     0.00     0.00     0.00     0.00
   	   27.00   -70.00     0.00    90.00
   	   27.00   -70.00     0.00    90.00
 144 	-1029.00  -424.35     0.00     0.00     0.00     0.00
 144 	-1029.00  -424.35     0.00     0.00     0.00     0.00
   	   27.00   -70.00     0.00    90.00
   	   27.00   -70.00     0.00    90.00
 145 	 -931.00  -424.35     0.00     0.00     0.00     0.00
 145 	 -931.00  -424.35     0.00     0.00     0.00     0.00
   	   27.00   -70.00     0.00    90.00
   	   27.00   -70.00     0.00    90.00
 146 	 -833.00  -424.35     0.00     0.00     0.00     0.00
 146 	 -833.00  -424.35     0.00     0.00     0.00     0.00
   	   27.00   -70.00     0.00    90.00
   	   27.00   -70.00     0.00    90.00
 147 	 -735.00  -424.35     0.00     0.00     0.00     0.00
 147 	 -735.00  -424.35     0.00     0.00     0.00     0.00
   	   27.00   -70.00     0.00    90.00
   	   27.00   -70.00     0.00    90.00
 148 	 -637.00  -424.35     0.00     0.00     0.00     0.00
 148 	 -637.00  -424.35     0.00     0.00     0.00     0.00
   	   27.00   -70.00     0.00    90.00
   	   27.00   -70.00     0.00    90.00
 149 	 -539.00  -424.35     0.00     0.00     0.00     0.00
 149 	 -539.00  -424.35     0.00     0.00     0.00     0.00
   	   27.00   -70.00     0.00    90.00
   	   27.00   -70.00     0.00    90.00
 150 	 -441.00  -424.35     0.00     0.00     0.00     0.00
 150 	 -441.00  -424.35     0.00     0.00     0.00     0.00
   	   27.00   -70.00     0.00    90.00
   	   27.00   -70.00     0.00    90.00
 151 	 -343.00  -424.35     0.00     0.00     0.00     0.00
 151 	 -343.00  -424.35     0.00     0.00     0.00     0.00
   	   27.00   -70.00     0.00    90.00
   	   27.00   -70.00     0.00    90.00
 152 	 -245.00  -424.35     0.00     0.00     0.00     0.00
 152 	 -245.00  -424.35     0.00     0.00     0.00     0.00
   	   27.00   -70.00     0.00    90.00
   	   27.00   -70.00     0.00    90.00
 153 	 -980.00  -339.48     0.00     0.00     0.00     0.00
 153 	 -980.00  -339.48     0.00     0.00     0.00     0.00
   	   27.00   -70.00     0.00    90.00
   	   27.00   -70.00     0.00    90.00
 154 	 -882.00  -339.48     0.00     0.00     0.00     0.00
 154 	 -882.00  -339.48     0.00     0.00     0.00     0.00
   	   27.00   -70.00     0.00    90.00
   	   27.00   -70.00     0.00    90.00
 155 	 -784.00  -339.48     0.00     0.00     0.00     0.00
 155 	 -784.00  -339.48     0.00     0.00     0.00     0.00
   	   27.00   -70.00     0.00    90.00
   	   27.00   -70.00     0.00    90.00
 156 	 -686.00  -339.48     0.00     0.00     0.00     0.00
 156 	 -686.00  -339.48     0.00     0.00     0.00     0.00
   	   27.00   -70.00     0.00    90.00
   	   27.00   -70.00     0.00    90.00
 157 	 -588.00  -339.48     0.00     0.00     0.00     0.00
 157 	 -588.00  -339.48     0.00     0.00     0.00     0.00
   	   27.00   -70.00     0.00    90.00
   	   27.00   -70.00     0.00    90.00
 158 	 -490.00  -339.48     0.00     0.00     0.00     0.00
 158 	 -490.00  -339.48     0.00     0.00     0.00     0.00
   	   27.00   -70.00     0.00    90.00
   	   27.00   -70.00     0.00    90.00
 159 	 -392.00  -339.48     0.00     0.00     0.00     0.00
 159 	 -392.00  -339.48     0.00     0.00     0.00     0.00
   	   27.00   -70.00     0.00    90.00
   	   27.00   -70.00     0.00    90.00
 160 	 -294.00  -339.48     0.00     0.00     0.00     0.00
 160 	 -294.00  -339.48     0.00     0.00     0.00     0.00
   	   27.00   -70.00     0.00    90.00
   	   27.00   -70.00     0.00    90.00
 161 	 -196.00  -339.48     0.00     0.00     0.00     0.00
 161 	 -196.00  -339.48     0.00     0.00     0.00     0.00
   	   27.00   -70.00     0.00    90.00
   	   27.00   -70.00     0.00    90.00
 162 	 -931.00  -254.61     0.00     0.00     0.00     0.00
 162 	 -931.00  -254.61     0.00     0.00     0.00     0.00
   	   27.00   -70.00     0.00    90.00
   	   27.00   -70.00     0.00    90.00
 163 	 -833.00  -254.61     0.00     0.00     0.00     0.00
 163 	 -833.00  -254.61     0.00     0.00     0.00     0.00
   	   27.00   -70.00     0.00    90.00
   	   27.00   -70.00     0.00    90.00
 164 	 -735.00  -254.61     0.00     0.00     0.00     0.00
 164 	 -735.00  -254.61     0.00     0.00     0.00     0.00
   	   27.00   -70.00     0.00    90.00
   	   27.00   -70.00     0.00    90.00
 165 	 -637.00  -254.61     0.00     0.00     0.00     0.00
 165 	 -637.00  -254.61     0.00     0.00     0.00     0.00
   	   27.00   -70.00     0.00    90.00
   	   27.00   -70.00     0.00    90.00
 166 	 -539.00  -254.61     0.00     0.00     0.00     0.00
 166 	 -539.00  -254.61     0.00     0.00     0.00     0.00
   	   27.00   -70.00     0.00    90.00
   	   27.00   -70.00     0.00    90.00
 167 	 -441.00  -254.61     0.00     0.00     0.00     0.00
 167 	 -441.00  -254.61     0.00     0.00     0.00     0.00
   	   27.00   -70.00     0.00    90.00
   	   27.00   -70.00     0.00    90.00
 168 	 -343.00  -254.61     0.00     0.00     0.00     0.00
 168 	 -343.00  -254.61     0.00     0.00     0.00     0.00
   	   27.00   -70.00     0.00    90.00
   	   27.00   -70.00     0.00    90.00
 169 	 -245.00  -254.61     0.00     0.00     0.00     0.00
 169 	 -245.00  -254.61     0.00     0.00     0.00     0.00
   	   27.00   -70.00     0.00    90.00
   	   27.00   -70.00     0.00    90.00
 170 	 -147.00  -254.61     0.00     0.00     0.00     0.00
 170 	 -147.00  -254.61     0.00     0.00     0.00     0.00
   	   27.00   -70.00     0.00    90.00
   	   27.00   -70.00     0.00    90.00
 171 	 -882.00  -169.74     0.00     0.00     0.00     0.00
 171 	 -882.00  -169.74     0.00     0.00     0.00     0.00
   	   27.00   -70.00     0.00    90.00
   	   27.00   -70.00     0.00    90.00
 172 	 -784.00  -169.74     0.00     0.00     0.00     0.00
 172 	 -784.00  -169.74     0.00     0.00     0.00     0.00
   	   27.00   -70.00     0.00    90.00
   	   27.00   -70.00     0.00    90.00
 173 	 -686.00  -169.74     0.00     0.00     0.00     0.00
 173 	 -686.00  -169.74     0.00     0.00     0.00     0.00
   	   27.00   -70.00     0.00    90.00
   	   27.00   -70.00     0.00    90.00
 174 	 -588.00  -169.74     0.00     0.00     0.00     0.00
 174 	 -588.00  -169.74     0.00     0.00     0.00     0.00
   	   27.00   -70.00     0.00    90.00
   	   27.00   -70.00     0.00    90.00
 175 	 -490.00  -169.74     0.00     0.00     0.00     0.00
 175 	 -490.00  -169.74     0.00     0.00     0.00     0.00
   	   27.00   -70.00     0.00    90.00
   	   27.00   -70.00     0.00    90.00
 176 	 -392.00  -169.74     0.00     0.00     0.00     0.00
 176 	 -392.00  -169.74     0.00     0.00     0.00     0.00
   	   27.00   -70.00     0.00    90.00
   	   27.00   -70.00     0.00    90.00
 177 	 -294.00  -169.74     0.00     0.00     0.00     0.00
 177 	 -294.00  -169.74     0.00     0.00     0.00     0.00
   	   27.00   -70.00     0.00    90.00
   	   27.00   -70.00     0.00    90.00
 178 	 -196.00  -169.74     0.00     0.00     0.00     0.00
 178 	 -196.00  -169.74     0.00     0.00     0.00     0.00
   	   27.00   -70.00     0.00    90.00
   	   27.00   -70.00     0.00    90.00
 179 	  -98.00  -169.74     0.00     0.00     0.00     0.00
 179 	  -98.00  -169.74     0.00     0.00     0.00     0.00
   	   27.00   -70.00     0.00    90.00
   	   27.00   -70.00     0.00    90.00
 180 	 -833.00   -84.87     0.00     0.00     0.00     0.00
 180 	 -833.00   -84.87     0.00     0.00     0.00     0.00
   	   27.00   -70.00     0.00    90.00
   	   27.00   -70.00     0.00    90.00
 181 	 -735.00   -84.87     0.00     0.00     0.00     0.00
 181 	 -735.00   -84.87     0.00     0.00     0.00     0.00
   	   27.00   -70.00     0.00    90.00
   	   27.00   -70.00     0.00    90.00
 182 	 -637.00   -84.87     0.00     0.00     0.00     0.00
 182 	 -637.00   -84.87     0.00     0.00     0.00     0.00
   	   27.00   -70.00     0.00    90.00
   	   27.00   -70.00     0.00    90.00
 183 	 -539.00   -84.87     0.00     0.00     0.00     0.00
 183 	 -539.00   -84.87     0.00     0.00     0.00     0.00
   	   27.00   -70.00     0.00    90.00
   	   27.00   -70.00     0.00    90.00
 184 	 -441.00   -84.87     0.00     0.00     0.00     0.00
 184 	 -441.00   -84.87     0.00     0.00     0.00     0.00
   	   27.00   -70.00     0.00    90.00
   	   27.00   -70.00     0.00    90.00
 185 	 -343.00   -84.87     0.00     0.00     0.00     0.00
 185 	 -343.00   -84.87     0.00     0.00     0.00     0.00
   	   27.00   -70.00     0.00    90.00
   	   27.00   -70.00     0.00    90.00
 186 	 -245.00   -84.87     0.00     0.00     0.00     0.00
 186 	 -245.00   -84.87     0.00     0.00     0.00     0.00
   	   27.00   -70.00     0.00    90.00
   	   27.00   -70.00     0.00    90.00
 187 	 -147.00   -84.87     0.00     0.00     0.00     0.00
 187 	 -147.00   -84.87     0.00     0.00     0.00     0.00
   	   27.00   -70.00     0.00    90.00
   	   27.00   -70.00     0.00    90.00
 188 	  -49.00   -84.87     0.00     0.00     0.00     0.00
 188 	  -49.00   -84.87     0.00     0.00     0.00     0.00
   	   27.00   -70.00     0.00    90.00
   	   27.00   -70.00     0.00    90.00

** End writing output file: ../inputs/gr126.dat 
