*******************************************************************************
                         ARRAY PREPROCESSOR ver. 1.0
*******************************************************************************



   1	GROUP testgroup
   3	 GRID HEXAGONAL
   4	 ELEMENT
   5	 GEOMETRY CIRCULAR RADIUS 52
   7	 ADD HEXAGON 2 -7
   8	 ADD HEXAGON 6 -1
   9	 ADD BLOCK 1 -5 9 -3
  10	 ADD BLOCK -5 -1 0 6
  12	 GROUP_EXCITATION
  13	 AMPLITUDE UNIFORM 24
  14	 PHASE UNIFORM -49
  15	 END

** Generating GROUP: testgroup.
** PSTEP,QSTEP set to:104.000000,104.000000
** Grid ANGLE set to:60.000000 
** Group ROT_ANGLE set to: 0.000000 

** Writing output file: ../inputs/gr13.dat

NEL 
NPORTS
IDUM      REXA     REYA     REZA     THEA     PHEA     PSEA 
          AMP      PSH      PSC      PHEPOL
  89
  89
   1
   1
   1 	 -208.00  -540.40     0.00     0.00     0.00     0.00
   1 	 -208.00  -540.40     0.00     0.00     0.00     0.00
   	   24.00   -49.00     0.00    90.00
   	   24.00   -49.00     0.00    90.00
   2 	 -104.00  -540.40     0.00     0.00     0.00     0.00
   2 	 -104.00  -540.40     0.00     0.00     0.00     0.00
   	   24.00   -49.00     0.00    90.00
   	   24.00   -49.00     0.00    90.00
   3 	  -52.00  -630.47     0.00     0.00     0.00     0.00
   3 	  -52.00  -630.47     0.00     0.00     0.00     0.00
   	   24.00   -49.00     0.00    90.00
   	   24.00   -49.00     0.00    90.00
   4 	 -104.00  -720.53     0.00     0.00     0.00     0.00
   4 	 -104.00  -720.53     0.00     0.00     0.00     0.00
   	   24.00   -49.00     0.00    90.00
   	   24.00   -49.00     0.00    90.00
   5 	 -208.00  -720.53     0.00     0.00     0.00     0.00
   5 	 -208.00  -720.53     0.00     0.00     0.00     0.00
   	   24.00   -49.00     0.00    90.00
   	   24.00   -49.00     0.00    90.00
   6 	 -260.00  -630.47     0.00     0.00     0.00     0.00
   6 	 -260.00  -630.47     0.00     0.00     0.00     0.00
   	   24.00   -49.00     0.00    90.00
   	   24.00   -49.00     0.00    90.00
   7 	 -156.00  -630.47     0.00     0.00     0.00     0.00
   7 	 -156.00  -630.47     0.00     0.00     0.00     0.00
   	   24.00   -49.00     0.00    90.00
   	   24.00   -49.00     0.00    90.00
   8 	  520.00     0.00     0.00     0.00     0.00     0.00
   8 	  520.00     0.00     0.00     0.00     0.00     0.00
   	   24.00   -49.00     0.00    90.00
   	   24.00   -49.00     0.00    90.00
   9 	  624.00     0.00     0.00     0.00     0.00     0.00
   9 	  624.00     0.00     0.00     0.00     0.00     0.00
   	   24.00   -49.00     0.00    90.00
   	   24.00   -49.00     0.00    90.00
  10 	  676.00   -90.07     0.00     0.00     0.00     0.00
  10 	  676.00   -90.07     0.00     0.00     0.00     0.00
   	   24.00   -49.00     0.00    90.00
   	   24.00   -49.00     0.00    90.00
  11 	  624.00  -180.13     0.00     0.00     0.00     0.00
  11 	  624.00  -180.13     0.00     0.00     0.00     0.00
   	   24.00   -49.00     0.00    90.00
   	   24.00   -49.00     0.00    90.00
  12 	  520.00  -180.13     0.00     0.00     0.00     0.00
  12 	  520.00  -180.13     0.00     0.00     0.00     0.00
   	   24.00   -49.00     0.00    90.00
   	   24.00   -49.00     0.00    90.00
  13 	  468.00   -90.07     0.00     0.00     0.00     0.00
  13 	  468.00   -90.07     0.00     0.00     0.00     0.00
   	   24.00   -49.00     0.00    90.00
   	   24.00   -49.00     0.00    90.00
  14 	  572.00   -90.07     0.00     0.00     0.00     0.00
  14 	  572.00   -90.07     0.00     0.00     0.00     0.00
   	   24.00   -49.00     0.00    90.00
   	   24.00   -49.00     0.00    90.00
  15 	 -156.00  -450.33     0.00     0.00     0.00     0.00
  15 	 -156.00  -450.33     0.00     0.00     0.00     0.00
   	   24.00   -49.00     0.00    90.00
   	   24.00   -49.00     0.00    90.00
  16 	  -52.00  -450.33     0.00     0.00     0.00     0.00
  16 	  -52.00  -450.33     0.00     0.00     0.00     0.00
   	   24.00   -49.00     0.00    90.00
   	   24.00   -49.00     0.00    90.00
  17 	   52.00  -450.33     0.00     0.00     0.00     0.00
  17 	   52.00  -450.33     0.00     0.00     0.00     0.00
   	   24.00   -49.00     0.00    90.00
   	   24.00   -49.00     0.00    90.00
  18 	  156.00  -450.33     0.00     0.00     0.00     0.00
  18 	  156.00  -450.33     0.00     0.00     0.00     0.00
   	   24.00   -49.00     0.00    90.00
   	   24.00   -49.00     0.00    90.00
  19 	  260.00  -450.33     0.00     0.00     0.00     0.00
  19 	  260.00  -450.33     0.00     0.00     0.00     0.00
   	   24.00   -49.00     0.00    90.00
   	   24.00   -49.00     0.00    90.00
  20 	  364.00  -450.33     0.00     0.00     0.00     0.00
  20 	  364.00  -450.33     0.00     0.00     0.00     0.00
   	   24.00   -49.00     0.00    90.00
   	   24.00   -49.00     0.00    90.00
  21 	  468.00  -450.33     0.00     0.00     0.00     0.00
  21 	  468.00  -450.33     0.00     0.00     0.00     0.00
   	   24.00   -49.00     0.00    90.00
   	   24.00   -49.00     0.00    90.00
  22 	  572.00  -450.33     0.00     0.00     0.00     0.00
  22 	  572.00  -450.33     0.00     0.00     0.00     0.00
   	   24.00   -49.00     0.00    90.00
   	   24.00   -49.00     0.00    90.00
  23 	  676.00  -450.33     0.00     0.00     0.00     0.00
  23 	  676.00  -450.33     0.00     0.00     0.00     0.00
   	   24.00   -49.00     0.00    90.00
   	   24.00   -49.00     0.00    90.00
  24 	 -104.00  -360.27     0.00     0.00     0.00     0.00
  24 	 -104.00  -360.27     0.00     0.00     0.00     0.00
   	   24.00   -49.00     0.00    90.00
   	   24.00   -49.00     0.00    90.00
  25 	    0.00  -360.27     0.00     0.00     0.00     0.00
  25 	    0.00  -360.27     0.00     0.00     0.00     0.00
   	   24.00   -49.00     0.00    90.00
   	   24.00   -49.00     0.00    90.00
  26 	  104.00  -360.27     0.00     0.00     0.00     0.00
  26 	  104.00  -360.27     0.00     0.00     0.00     0.00
   	   24.00   -49.00     0.00    90.00
   	   24.00   -49.00     0.00    90.00
  27 	  208.00  -360.27     0.00     0.00     0.00     0.00
  27 	  208.00  -360.27     0.00     0.00     0.00     0.00
   	   24.00   -49.00     0.00    90.00
   	   24.00   -49.00     0.00    90.00
  28 	  312.00  -360.27     0.00     0.00     0.00     0.00
  28 	  312.00  -360.27     0.00     0.00     0.00     0.00
   	   24.00   -49.00     0.00    90.00
   	   24.00   -49.00     0.00    90.00
  29 	  416.00  -360.27     0.00     0.00     0.00     0.00
  29 	  416.00  -360.27     0.00     0.00     0.00     0.00
   	   24.00   -49.00     0.00    90.00
   	   24.00   -49.00     0.00    90.00
  30 	  520.00  -360.27     0.00     0.00     0.00     0.00
  30 	  520.00  -360.27     0.00     0.00     0.00     0.00
   	   24.00   -49.00     0.00    90.00
   	   24.00   -49.00     0.00    90.00
  31 	  624.00  -360.27     0.00     0.00     0.00     0.00
  31 	  624.00  -360.27     0.00     0.00     0.00     0.00
   	   24.00   -49.00     0.00    90.00
   	   24.00   -49.00     0.00    90.00
  32 	  728.00  -360.27     0.00     0.00     0.00     0.00
  32 	  728.00  -360.27     0.00     0.00     0.00     0.00
   	   24.00   -49.00     0.00    90.00
   	   24.00   -49.00     0.00    90.00
  33 	  -52.00  -270.20     0.00     0.00     0.00     0.00
  33 	  -52.00  -270.20     0.00     0.00     0.00     0.00
   	   24.00   -49.00     0.00    90.00
   	   24.00   -49.00     0.00    90.00
  34 	   52.00  -270.20     0.00     0.00     0.00     0.00
  34 	   52.00  -270.20     0.00     0.00     0.00     0.00
   	   24.00   -49.00     0.00    90.00
   	   24.00   -49.00     0.00    90.00
  35 	  156.00  -270.20     0.00     0.00     0.00     0.00
  35 	  156.00  -270.20     0.00     0.00     0.00     0.00
   	   24.00   -49.00     0.00    90.00
   	   24.00   -49.00     0.00    90.00
  36 	  260.00  -270.20     0.00     0.00     0.00     0.00
  36 	  260.00  -270.20     0.00     0.00     0.00     0.00
   	   24.00   -49.00     0.00    90.00
   	   24.00   -49.00     0.00    90.00
  37 	  364.00  -270.20     0.00     0.00     0.00     0.00
  37 	  364.00  -270.20     0.00     0.00     0.00     0.00
   	   24.00   -49.00     0.00    90.00
   	   24.00   -49.00     0.00    90.00
  38 	  468.00  -270.20     0.00     0.00     0.00     0.00
  38 	  468.00  -270.20     0.00     0.00     0.00     0.00
   	   24.00   -49.00     0.00    90.00
   	   24.00   -49.00     0.00    90.00
  39 	  572.00  -270.20     0.00     0.00     0.00     0.00
  39 	  572.00  -270.20     0.00     0.00     0.00     0.00
   	   24.00   -49.00     0.00    90.00
   	   24.00   -49.00     0.00    90.00
  40 	  676.00  -270.20     0.00     0.00     0.00     0.00
  40 	  676.00  -270.20     0.00     0.00     0.00     0.00
   	   24.00   -49.00     0.00    90.00
   	   24.00   -49.00     0.00    90.00
  41 	  780.00  -270.20     0.00     0.00     0.00     0.00
  41 	  780.00  -270.20     0.00     0.00     0.00     0.00
   	   24.00   -49.00     0.00    90.00
   	   24.00   -49.00     0.00    90.00
  42 	 -572.00   -90.07     0.00     0.00     0.00     0.00
  42 	 -572.00   -90.07     0.00     0.00     0.00     0.00
   	   24.00   -49.00     0.00    90.00
   	   24.00   -49.00     0.00    90.00
  43 	 -468.00   -90.07     0.00     0.00     0.00     0.00
  43 	 -468.00   -90.07     0.00     0.00     0.00     0.00
   	   24.00   -49.00     0.00    90.00
   	   24.00   -49.00     0.00    90.00
  44 	 -364.00   -90.07     0.00     0.00     0.00     0.00
  44 	 -364.00   -90.07     0.00     0.00     0.00     0.00
   	   24.00   -49.00     0.00    90.00
   	   24.00   -49.00     0.00    90.00
  45 	 -260.00   -90.07     0.00     0.00     0.00     0.00
  45 	 -260.00   -90.07     0.00     0.00     0.00     0.00
   	   24.00   -49.00     0.00    90.00
   	   24.00   -49.00     0.00    90.00
  46 	 -156.00   -90.07     0.00     0.00     0.00     0.00
  46 	 -156.00   -90.07     0.00     0.00     0.00     0.00
   	   24.00   -49.00     0.00    90.00
   	   24.00   -49.00     0.00    90.00
  47 	  -52.00   -90.07     0.00     0.00     0.00     0.00
  47 	  -52.00   -90.07     0.00     0.00     0.00     0.00
   	   24.00   -49.00     0.00    90.00
   	   24.00   -49.00     0.00    90.00
  48 	 -520.00     0.00     0.00     0.00     0.00     0.00
  48 	 -520.00     0.00     0.00     0.00     0.00     0.00
   	   24.00   -49.00     0.00    90.00
   	   24.00   -49.00     0.00    90.00
  49 	 -416.00     0.00     0.00     0.00     0.00     0.00
  49 	 -416.00     0.00     0.00     0.00     0.00     0.00
   	   24.00   -49.00     0.00    90.00
   	   24.00   -49.00     0.00    90.00
  50 	 -312.00     0.00     0.00     0.00     0.00     0.00
  50 	 -312.00     0.00     0.00     0.00     0.00     0.00
   	   24.00   -49.00     0.00    90.00
   	   24.00   -49.00     0.00    90.00
  51 	 -208.00     0.00     0.00     0.00     0.00     0.00
  51 	 -208.00     0.00     0.00     0.00     0.00     0.00
   	   24.00   -49.00     0.00    90.00
   	   24.00   -49.00     0.00    90.00
  52 	 -104.00     0.00     0.00     0.00     0.00     0.00
  52 	 -104.00     0.00     0.00     0.00     0.00     0.00
   	   24.00   -49.00     0.00    90.00
   	   24.00   -49.00     0.00    90.00
  53 	    0.00     0.00     0.00     0.00     0.00     0.00
  53 	    0.00     0.00     0.00     0.00     0.00     0.00
   	   24.00   -49.00     0.00    90.00
   	   24.00   -49.00     0.00    90.00
  54 	 -468.00    90.07     0.00     0.00     0.00     0.00
  54 	 -468.00    90.07     0.00     0.00     0.00     0.00
   	   24.00   -49.00     0.00    90.00
   	   24.00   -49.00     0.00    90.00
  55 	 -364.00    90.07     0.00     0.00     0.00     0.00
  55 	 -364.00    90.07     0.00     0.00     0.00     0.00
   	   24.00   -49.00     0.00    90.00
   	   24.00   -49.00     0.00    90.00
  56 	 -260.00    90.07     0.00     0.00     0.00     0.00
  56 	 -260.00    90.07     0.00     0.00     0.00     0.00
   	   24.00   -49.00     0.00    90.00
   	   24.00   -49.00     0.00    90.00
  57 	 -156.00    90.07     0.00     0.00     0.00     0.00
  57 	 -156.00    90.07     0.00     0.00     0.00     0.00
   	   24.00   -49.00     0.00    90.00
   	   24.00   -49.00     0.00    90.00
  58 	  -52.00    90.07     0.00     0.00     0.00     0.00
  58 	  -52.00    90.07     0.00     0.00     0.00     0.00
   	   24.00   -49.00     0.00    90.00
   	   24.00   -49.00     0.00    90.00
  59 	   52.00    90.07     0.00     0.00     0.00     0.00
  59 	   52.00    90.07     0.00     0.00     0.00     0.00
   	   24.00   -49.00     0.00    90.00
   	   24.00   -49.00     0.00    90.00
  60 	 -416.00   180.13     0.00     0.00     0.00     0.00
  60 	 -416.00   180.13     0.00     0.00     0.00     0.00
   	   24.00   -49.00     0.00    90.00
   	   24.00   -49.00     0.00    90.00
  61 	 -312.00   180.13     0.00     0.00     0.00     0.00
  61 	 -312.00   180.13     0.00     0.00     0.00     0.00
   	   24.00   -49.00     0.00    90.00
   	   24.00   -49.00     0.00    90.00
  62 	 -208.00   180.13     0.00     0.00     0.00     0.00
  62 	 -208.00   180.13     0.00     0.00     0.00     0.00
   	   24.00   -49.00     0.00    90.00
   	   24.00   -49.00     0.00    90.00
  63 	 -104.00   180.13     0.00     0.00     0.00     0.00
  63 	 -104.00   180.13     0.00     0.00     0.00     0.00
   	   24.00   -49.00     0.00    90.00
   	   24.00   -49.00     0.00    90.00
  64 	   -0.00   180.13     0.00     0.00     0.00     0.00
  64 	   -0.00   180.13     0.00     0.00     0.00     0.00
   	   24.00   -49.00     0.00    90.00
   	   24.00   -49.00     0.00    90.00
  65 	  104.00   180.13     0.00     0.00     0.00     0.00
  65 	  104.00   180.13     0.00     0.00     0.00     0.00
   	   24.00   -49.00     0.00    90.00
   	   24.00   -49.00     0.00    90.00
  66 	 -364.00   270.20     0.00     0.00     0.00     0.00
  66 	 -364.00   270.20     0.00     0.00     0.00     0.00
   	   24.00   -49.00     0.00    90.00
   	   24.00   -49.00     0.00    90.00
  67 	 -260.00   270.20     0.00     0.00     0.00     0.00
  67 	 -260.00   270.20     0.00     0.00     0.00     0.00
   	   24.00   -49.00     0.00    90.00
   	   24.00   -49.00     0.00    90.00
  68 	 -156.00   270.20     0.00     0.00     0.00     0.00
  68 	 -156.00   270.20     0.00     0.00     0.00     0.00
   	   24.00   -49.00     0.00    90.00
   	   24.00   -49.00     0.00    90.00
  69 	  -52.00   270.20     0.00     0.00     0.00     0.00
  69 	  -52.00   270.20     0.00     0.00     0.00     0.00
   	   24.00   -49.00     0.00    90.00
   	   24.00   -49.00     0.00    90.00
  70 	   52.00   270.20     0.00     0.00     0.00     0.00
  70 	   52.00   270.20     0.00     0.00     0.00     0.00
   	   24.00   -49.00     0.00    90.00
   	   24.00   -49.00     0.00    90.00
  71 	  156.00   270.20     0.00     0.00     0.00     0.00
  71 	  156.00   270.20     0.00     0.00     0.00     0.00
   	   24.00   -49.00     0.00    90.00
   	   24.00   -49.00     0.00    90.00
  72 	 -312.00   360.27     0.00     0.00     0.00     0.00
  72 	 -312.00   360.27     0.00     0.00     0.00     0.00
   	   24.00   -49.00     0.00    90.00
   	   24.00   -49.00     0.00    90.00
  73 	 -208.00   360.27     0.00     0.00     0.00     0.00
  73 	 -208.00   360.27     0.00     0.00     0.00     0.00
   	   24.00   -49.00     0.00    90.00
   	   24.00   -49.00     0.00    90.00
  74 	 -104.00   360.27     0.00     0.00     0.00     0.00
  74 	 -104.00   360.27     0.00     0.00     0.00     0.00
   	   24.00   -49.00     0.00    90.00
   	   24.00   -49.00     0.00    90.00
  75 	   -0.00   360.27     0.00     0.00     0.00     0.00
  75 	   -0.00   360.27     0.00     0.00     0.00     0.00
   	   24.00   -49.00     0.00    90.00
   	   24.00   -49.00     0.00    90.00
  76 	  104.00   360.27     0.00     0.00     0.00     0.00
  76 	  104.00   360.27     0.00     0.00     0.00     0.00
   	   24.00   -49.00     0.00    90.00
   	   24.00   -49.00     0.00    90.00
  77 	  208.00   360.27     0.00     0.00     0.00     0.00
  77 	  208.00   360.27     0.00     0.00     0.00     0.00
   	   24.00   -49.00     0.00    90.00
   	   24.00   -49.00     0.00    90.00
  78 	 -260.00   450.33     0.00     0.00     0.00     0.00
  78 	 -260.00   450.33     0.00     0.00     0.00     0.00
   	   24.00   -49.00     0.00    90.00
   	   24.00   -49.00     0.00    90.00
  79 	 -156.00   450.33     0.00     0.00     0.00     0.00
  79 	 -156.00   450.33     0.00     0.00     0.00     0.00
   	   24.00   -49.00     0.00    90.00
   	   24.00   -49.00     0.00    90.00
  80 	  -52.00   450.33     0.00     0.00     0.00     0.00
  80 	  -52.00   450.33     0.00     0.00     0.00     0.00
   	   24.00   -49.00     0.00    90.00
   	   24.00   -49.00     0.00    90.00
  81 	   52.00   450.33     0.00     0.00     0.00     0.00
  81 	   52.00   450.33     0.00     0.00     0.00     0.00
   	   24.00   -49.00     0.00    90.00
   	   24.00   -49.00     0.00    90.00
  82 	  156.00   450.33     0.00     0.00     0.00     0.00
  82 	  156.00   450.33     0.00     0.00     0.00     0.00
   	   24.00   -49.00     0.00    90.00
   	   24.00   -49.00     0.00    90.00
  83 	  260.00   450.33     0.00     0.00     0.00     0.00
  83 	  260.00   450.33     0.00     0.00     0.00     0.00
   	   24.00   -49.00     0.00    90.00
   	   24.00   -49.00     0.00    90.00
  84 	 -208.00   540.40     0.00     0.00     0.00     0.00
  84 	 -208.00   540.40     0.00     0.00     0.00     0.00
   	   24.00   -49.00     0.00    90.00
   	   24.00   -49.00     0.00    90.00
  85 	 -104.00   540.40     0.00     0.00     0.00     0.00
  85 	 -104.00   540.40     0.00     0.00     0.00     0.00
   	   24.00   -49.00     0.00    90.00
   	   24.00   -49.00     0.00    90.00
  86 	   -0.00   540.40     0.00     0.00     0.00     0.00
  86 	   -0.00   540.40     0.00     0.00     0.00     0.00
   	   24.00   -49.00     0.00    90.00
   	   24.00   -49.00     0.00    90.00
  87 	  104.00   540.40     0.00     0.00     0.00     0.00
  87 	  104.00   540.40     0.00     0.00     0.00     0.00
   	   24.00   -49.00     0.00    90.00
   	   24.00   -49.00     0.00    90.00
  88 	  208.00   540.40     0.00     0.00     0.00     0.00
  88 	  208.00   540.40     0.00     0.00     0.00     0.00
   	   24.00   -49.00     0.00    90.00
   	   24.00   -49.00     0.00    90.00
  89 	  312.00   540.40     0.00     0.00     0.00     0.00
  89 	  312.00   540.40     0.00     0.00     0.00     0.00
   	   24.00   -49.00     0.00    90.00
   	   24.00   -49.00     0.00    90.00

** End writing output file: ../inputs/gr13.dat 
