*******************************************************************************
                         ARRAY PREPROCESSOR ver. 1.0
*******************************************************************************



   1	GROUP testgroup
   3	 GRID HEXAGONAL STEP 73
   4	 ELEMENT
   5	 GEOMETRY CIRCULAR 6
   6	 POLARIZATION CIRCULAR LH
   8	 ADD NODE -5 -2
   9	 ADD BLOCK 8 1 4 -1
  11	 GROUP_EXCITATION
  12	 AMPLITUDE UNIFORM 22
  13	 PHASE UNIFORM -86 deg
  14	 END

** Generating GROUP: testgroup.
** PSTEP,QSTEP set to:73.000000,73.000000
** Grid ANGLE set to:60.000000 
** Group ROT_ANGLE set to: 0.000000 

** Writing output file: ../inputs/gr132.dat

NEL 
NPORTS
IDUM      REXA     REYA     REZA     THEA     PHEA     PSEA 
          AMP      PSH      PSC      PHEPOL
  16
  16
   1
   1
   1 	 -438.00  -126.44     0.00     0.00     0.00     0.00
   1 	 -438.00  -126.44     0.00     0.00     0.00     0.00
   	   22.00   -86.00     0.00    90.00
   	   22.00   -86.00     0.00    90.00
   2 	  255.50   -63.22     0.00     0.00     0.00     0.00
   2 	  255.50   -63.22     0.00     0.00     0.00     0.00
   	   22.00   -86.00     0.00    90.00
   	   22.00   -86.00     0.00    90.00
   3 	  328.50   -63.22     0.00     0.00     0.00     0.00
   3 	  328.50   -63.22     0.00     0.00     0.00     0.00
   	   22.00   -86.00     0.00    90.00
   	   22.00   -86.00     0.00    90.00
   4 	  401.50   -63.22     0.00     0.00     0.00     0.00
   4 	  401.50   -63.22     0.00     0.00     0.00     0.00
   	   22.00   -86.00     0.00    90.00
   	   22.00   -86.00     0.00    90.00
   5 	  474.50   -63.22     0.00     0.00     0.00     0.00
   5 	  474.50   -63.22     0.00     0.00     0.00     0.00
   	   22.00   -86.00     0.00    90.00
   	   22.00   -86.00     0.00    90.00
   6 	  547.50   -63.22     0.00     0.00     0.00     0.00
   6 	  547.50   -63.22     0.00     0.00     0.00     0.00
   	   22.00   -86.00     0.00    90.00
   	   22.00   -86.00     0.00    90.00
   7 	  292.00     0.00     0.00     0.00     0.00     0.00
   7 	  292.00     0.00     0.00     0.00     0.00     0.00
   	   22.00   -86.00     0.00    90.00
   	   22.00   -86.00     0.00    90.00
   8 	  365.00     0.00     0.00     0.00     0.00     0.00
   8 	  365.00     0.00     0.00     0.00     0.00     0.00
   	   22.00   -86.00     0.00    90.00
   	   22.00   -86.00     0.00    90.00
   9 	  438.00     0.00     0.00     0.00     0.00     0.00
   9 	  438.00     0.00     0.00     0.00     0.00     0.00
   	   22.00   -86.00     0.00    90.00
   	   22.00   -86.00     0.00    90.00
  10 	  511.00     0.00     0.00     0.00     0.00     0.00
  10 	  511.00     0.00     0.00     0.00     0.00     0.00
   	   22.00   -86.00     0.00    90.00
   	   22.00   -86.00     0.00    90.00
  11 	  584.00     0.00     0.00     0.00     0.00     0.00
  11 	  584.00     0.00     0.00     0.00     0.00     0.00
   	   22.00   -86.00     0.00    90.00
   	   22.00   -86.00     0.00    90.00
  12 	  328.50    63.22     0.00     0.00     0.00     0.00
  12 	  328.50    63.22     0.00     0.00     0.00     0.00
   	   22.00   -86.00     0.00    90.00
   	   22.00   -86.00     0.00    90.00
  13 	  401.50    63.22     0.00     0.00     0.00     0.00
  13 	  401.50    63.22     0.00     0.00     0.00     0.00
   	   22.00   -86.00     0.00    90.00
   	   22.00   -86.00     0.00    90.00
  14 	  474.50    63.22     0.00     0.00     0.00     0.00
  14 	  474.50    63.22     0.00     0.00     0.00     0.00
   	   22.00   -86.00     0.00    90.00
   	   22.00   -86.00     0.00    90.00
  15 	  547.50    63.22     0.00     0.00     0.00     0.00
  15 	  547.50    63.22     0.00     0.00     0.00     0.00
   	   22.00   -86.00     0.00    90.00
   	   22.00   -86.00     0.00    90.00
  16 	  620.50    63.22     0.00     0.00     0.00     0.00
  16 	  620.50    63.22     0.00     0.00     0.00     0.00
   	   22.00   -86.00     0.00    90.00
   	   22.00   -86.00     0.00    90.00

** End writing output file: ../inputs/gr132.dat 
