*******************************************************************************
                         ARRAY PREPROCESSOR ver. 1.0
*******************************************************************************



   1	GROUP testgroup
   3	 GRID RECTANGULAR
   4	 ELEMENT
   5	 GEOMETRY RECTANGULAR 69 73
   7	 POLARIZATION CIRCULAR
   8	 ADD BLOCK 0 -9 11 7
  10	 GROUP_EXCITATION
  11	 AMPLITUDE UNIFORM 26
  12	 PHASE ROTATION SEQUENTIAL ANGLE 125 101
  14	 END

** Generating GROUP: testgroup.
** PSTEP,QSTEP set to:100.448992,100.448992
** Grid ANGLE set to:90.000000 
** Group ROT_ANGLE set to: 0.000000 

** Writing output file: ../inputs/gr136.dat

NEL 
NPORTS
IDUM      REXA     REYA     REZA     THEA     PHEA     PSEA 
          AMP      PSH      PSC      PHEPOL
 204
 204
   1
   1
   1 	    0.00  -904.04     0.00     0.00  3963.00     0.00
   1 	    0.00  -904.04     0.00     0.00  3963.00     0.00
   	   26.00  3963.00     0.00    90.00
   	   26.00  3963.00     0.00    90.00
   2 	  100.45  -904.04     0.00     0.00  3862.00     0.00
   2 	  100.45  -904.04     0.00     0.00  3862.00     0.00
   	   26.00  3862.00     0.00    90.00
   	   26.00  3862.00     0.00    90.00
   3 	  200.90  -904.04     0.00     0.00  3761.00     0.00
   3 	  200.90  -904.04     0.00     0.00  3761.00     0.00
   	   26.00  3761.00     0.00    90.00
   	   26.00  3761.00     0.00    90.00
   4 	  301.35  -904.04     0.00     0.00  3660.00     0.00
   4 	  301.35  -904.04     0.00     0.00  3660.00     0.00
   	   26.00  3660.00     0.00    90.00
   	   26.00  3660.00     0.00    90.00
   5 	  401.80  -904.04     0.00     0.00  3559.00     0.00
   5 	  401.80  -904.04     0.00     0.00  3559.00     0.00
   	   26.00  3559.00     0.00    90.00
   	   26.00  3559.00     0.00    90.00
   6 	  502.24  -904.04     0.00     0.00  3458.00     0.00
   6 	  502.24  -904.04     0.00     0.00  3458.00     0.00
   	   26.00  3458.00     0.00    90.00
   	   26.00  3458.00     0.00    90.00
   7 	  602.69  -904.04     0.00     0.00  3357.00     0.00
   7 	  602.69  -904.04     0.00     0.00  3357.00     0.00
   	   26.00  3357.00     0.00    90.00
   	   26.00  3357.00     0.00    90.00
   8 	  703.14  -904.04     0.00     0.00  3256.00     0.00
   8 	  703.14  -904.04     0.00     0.00  3256.00     0.00
   	   26.00  3256.00     0.00    90.00
   	   26.00  3256.00     0.00    90.00
   9 	  803.59  -904.04     0.00     0.00  3155.00     0.00
   9 	  803.59  -904.04     0.00     0.00  3155.00     0.00
   	   26.00  3155.00     0.00    90.00
   	   26.00  3155.00     0.00    90.00
  10 	  904.04  -904.04     0.00     0.00  3054.00     0.00
  10 	  904.04  -904.04     0.00     0.00  3054.00     0.00
   	   26.00  3054.00     0.00    90.00
   	   26.00  3054.00     0.00    90.00
  11 	 1004.49  -904.04     0.00     0.00  2953.00     0.00
  11 	 1004.49  -904.04     0.00     0.00  2953.00     0.00
   	   26.00  2953.00     0.00    90.00
   	   26.00  2953.00     0.00    90.00
  12 	 1104.94  -904.04     0.00     0.00  2852.00     0.00
  12 	 1104.94  -904.04     0.00     0.00  2852.00     0.00
   	   26.00  2852.00     0.00    90.00
   	   26.00  2852.00     0.00    90.00
  13 	    0.00  -803.59     0.00     0.00  4064.00     0.00
  13 	    0.00  -803.59     0.00     0.00  4064.00     0.00
   	   26.00  4064.00     0.00    90.00
   	   26.00  4064.00     0.00    90.00
  14 	  100.45  -803.59     0.00     0.00  8811.00     0.00
  14 	  100.45  -803.59     0.00     0.00  8811.00     0.00
   	   26.00  8811.00     0.00    90.00
   	   26.00  8811.00     0.00    90.00
  15 	  200.90  -803.59     0.00     0.00  8710.00     0.00
  15 	  200.90  -803.59     0.00     0.00  8710.00     0.00
   	   26.00  8710.00     0.00    90.00
   	   26.00  8710.00     0.00    90.00
  16 	  301.35  -803.59     0.00     0.00  8609.00     0.00
  16 	  301.35  -803.59     0.00     0.00  8609.00     0.00
   	   26.00  8609.00     0.00    90.00
   	   26.00  8609.00     0.00    90.00
  17 	  401.80  -803.59     0.00     0.00  8508.00     0.00
  17 	  401.80  -803.59     0.00     0.00  8508.00     0.00
   	   26.00  8508.00     0.00    90.00
   	   26.00  8508.00     0.00    90.00
  18 	  502.24  -803.59     0.00     0.00  8407.00     0.00
  18 	  502.24  -803.59     0.00     0.00  8407.00     0.00
   	   26.00  8407.00     0.00    90.00
   	   26.00  8407.00     0.00    90.00
  19 	  602.69  -803.59     0.00     0.00  8306.00     0.00
  19 	  602.69  -803.59     0.00     0.00  8306.00     0.00
   	   26.00  8306.00     0.00    90.00
   	   26.00  8306.00     0.00    90.00
  20 	  703.14  -803.59     0.00     0.00  8205.00     0.00
  20 	  703.14  -803.59     0.00     0.00  8205.00     0.00
   	   26.00  8205.00     0.00    90.00
   	   26.00  8205.00     0.00    90.00
  21 	  803.59  -803.59     0.00     0.00  8104.00     0.00
  21 	  803.59  -803.59     0.00     0.00  8104.00     0.00
   	   26.00  8104.00     0.00    90.00
   	   26.00  8104.00     0.00    90.00
  22 	  904.04  -803.59     0.00     0.00  8003.00     0.00
  22 	  904.04  -803.59     0.00     0.00  8003.00     0.00
   	   26.00  8003.00     0.00    90.00
   	   26.00  8003.00     0.00    90.00
  23 	 1004.49  -803.59     0.00     0.00  7902.00     0.00
  23 	 1004.49  -803.59     0.00     0.00  7902.00     0.00
   	   26.00  7902.00     0.00    90.00
   	   26.00  7902.00     0.00    90.00
  24 	 1104.94  -803.59     0.00     0.00  2751.00     0.00
  24 	 1104.94  -803.59     0.00     0.00  2751.00     0.00
   	   26.00  2751.00     0.00    90.00
   	   26.00  2751.00     0.00    90.00
  25 	    0.00  -703.14     0.00     0.00  4165.00     0.00
  25 	    0.00  -703.14     0.00     0.00  4165.00     0.00
   	   26.00  4165.00     0.00    90.00
   	   26.00  4165.00     0.00    90.00
  26 	  100.45  -703.14     0.00     0.00  8912.00     0.00
  26 	  100.45  -703.14     0.00     0.00  8912.00     0.00
   	   26.00  8912.00     0.00    90.00
   	   26.00  8912.00     0.00    90.00
  27 	  200.90  -703.14     0.00     0.00 12851.00     0.00
  27 	  200.90  -703.14     0.00     0.00 12851.00     0.00
   	   26.00 12851.00     0.00    90.00
   	   26.00 12851.00     0.00    90.00
  28 	  301.35  -703.14     0.00     0.00 12750.00     0.00
  28 	  301.35  -703.14     0.00     0.00 12750.00     0.00
   	   26.00 12750.00     0.00    90.00
   	   26.00 12750.00     0.00    90.00
  29 	  401.80  -703.14     0.00     0.00 12649.00     0.00
  29 	  401.80  -703.14     0.00     0.00 12649.00     0.00
   	   26.00 12649.00     0.00    90.00
   	   26.00 12649.00     0.00    90.00
  30 	  502.24  -703.14     0.00     0.00 12548.00     0.00
  30 	  502.24  -703.14     0.00     0.00 12548.00     0.00
   	   26.00 12548.00     0.00    90.00
   	   26.00 12548.00     0.00    90.00
  31 	  602.69  -703.14     0.00     0.00 12447.00     0.00
  31 	  602.69  -703.14     0.00     0.00 12447.00     0.00
   	   26.00 12447.00     0.00    90.00
   	   26.00 12447.00     0.00    90.00
  32 	  703.14  -703.14     0.00     0.00 12346.00     0.00
  32 	  703.14  -703.14     0.00     0.00 12346.00     0.00
   	   26.00 12346.00     0.00    90.00
   	   26.00 12346.00     0.00    90.00
  33 	  803.59  -703.14     0.00     0.00 12245.00     0.00
  33 	  803.59  -703.14     0.00     0.00 12245.00     0.00
   	   26.00 12245.00     0.00    90.00
   	   26.00 12245.00     0.00    90.00
  34 	  904.04  -703.14     0.00     0.00 12144.00     0.00
  34 	  904.04  -703.14     0.00     0.00 12144.00     0.00
   	   26.00 12144.00     0.00    90.00
   	   26.00 12144.00     0.00    90.00
  35 	 1004.49  -703.14     0.00     0.00  7801.00     0.00
  35 	 1004.49  -703.14     0.00     0.00  7801.00     0.00
   	   26.00  7801.00     0.00    90.00
   	   26.00  7801.00     0.00    90.00
  36 	 1104.94  -703.14     0.00     0.00  2650.00     0.00
  36 	 1104.94  -703.14     0.00     0.00  2650.00     0.00
   	   26.00  2650.00     0.00    90.00
   	   26.00  2650.00     0.00    90.00
  37 	    0.00  -602.69     0.00     0.00  4266.00     0.00
  37 	    0.00  -602.69     0.00     0.00  4266.00     0.00
   	   26.00  4266.00     0.00    90.00
   	   26.00  4266.00     0.00    90.00
  38 	  100.45  -602.69     0.00     0.00  9013.00     0.00
  38 	  100.45  -602.69     0.00     0.00  9013.00     0.00
   	   26.00  9013.00     0.00    90.00
   	   26.00  9013.00     0.00    90.00
  39 	  200.90  -602.69     0.00     0.00 12952.00     0.00
  39 	  200.90  -602.69     0.00     0.00 12952.00     0.00
   	   26.00 12952.00     0.00    90.00
   	   26.00 12952.00     0.00    90.00
  40 	  301.35  -602.69     0.00     0.00 16083.00     0.00
  40 	  301.35  -602.69     0.00     0.00 16083.00     0.00
   	   26.00 16083.00     0.00    90.00
   	   26.00 16083.00     0.00    90.00
  41 	  401.80  -602.69     0.00     0.00 15982.00     0.00
  41 	  401.80  -602.69     0.00     0.00 15982.00     0.00
   	   26.00 15982.00     0.00    90.00
   	   26.00 15982.00     0.00    90.00
  42 	  502.24  -602.69     0.00     0.00 15881.00     0.00
  42 	  502.24  -602.69     0.00     0.00 15881.00     0.00
   	   26.00 15881.00     0.00    90.00
   	   26.00 15881.00     0.00    90.00
  43 	  602.69  -602.69     0.00     0.00 15780.00     0.00
  43 	  602.69  -602.69     0.00     0.00 15780.00     0.00
   	   26.00 15780.00     0.00    90.00
   	   26.00 15780.00     0.00    90.00
  44 	  703.14  -602.69     0.00     0.00 15679.00     0.00
  44 	  703.14  -602.69     0.00     0.00 15679.00     0.00
   	   26.00 15679.00     0.00    90.00
   	   26.00 15679.00     0.00    90.00
  45 	  803.59  -602.69     0.00     0.00 15578.00     0.00
  45 	  803.59  -602.69     0.00     0.00 15578.00     0.00
   	   26.00 15578.00     0.00    90.00
   	   26.00 15578.00     0.00    90.00
  46 	  904.04  -602.69     0.00     0.00 12043.00     0.00
  46 	  904.04  -602.69     0.00     0.00 12043.00     0.00
   	   26.00 12043.00     0.00    90.00
   	   26.00 12043.00     0.00    90.00
  47 	 1004.49  -602.69     0.00     0.00  7700.00     0.00
  47 	 1004.49  -602.69     0.00     0.00  7700.00     0.00
   	   26.00  7700.00     0.00    90.00
   	   26.00  7700.00     0.00    90.00
  48 	 1104.94  -602.69     0.00     0.00  2549.00     0.00
  48 	 1104.94  -602.69     0.00     0.00  2549.00     0.00
   	   26.00  2549.00     0.00    90.00
   	   26.00  2549.00     0.00    90.00
  49 	    0.00  -502.24     0.00     0.00  4367.00     0.00
  49 	    0.00  -502.24     0.00     0.00  4367.00     0.00
   	   26.00  4367.00     0.00    90.00
   	   26.00  4367.00     0.00    90.00
  50 	  100.45  -502.24     0.00     0.00  9114.00     0.00
  50 	  100.45  -502.24     0.00     0.00  9114.00     0.00
   	   26.00  9114.00     0.00    90.00
   	   26.00  9114.00     0.00    90.00
  51 	  200.90  -502.24     0.00     0.00 13053.00     0.00
  51 	  200.90  -502.24     0.00     0.00 13053.00     0.00
   	   26.00 13053.00     0.00    90.00
   	   26.00 13053.00     0.00    90.00
  52 	  301.35  -502.24     0.00     0.00 16184.00     0.00
  52 	  301.35  -502.24     0.00     0.00 16184.00     0.00
   	   26.00 16184.00     0.00    90.00
   	   26.00 16184.00     0.00    90.00
  53 	  401.80  -502.24     0.00     0.00 18507.00     0.00
  53 	  401.80  -502.24     0.00     0.00 18507.00     0.00
   	   26.00 18507.00     0.00    90.00
   	   26.00 18507.00     0.00    90.00
  54 	  502.24  -502.24     0.00     0.00 18406.00     0.00
  54 	  502.24  -502.24     0.00     0.00 18406.00     0.00
   	   26.00 18406.00     0.00    90.00
   	   26.00 18406.00     0.00    90.00
  55 	  602.69  -502.24     0.00     0.00 18305.00     0.00
  55 	  602.69  -502.24     0.00     0.00 18305.00     0.00
   	   26.00 18305.00     0.00    90.00
   	   26.00 18305.00     0.00    90.00
  56 	  703.14  -502.24     0.00     0.00 18204.00     0.00
  56 	  703.14  -502.24     0.00     0.00 18204.00     0.00
   	   26.00 18204.00     0.00    90.00
   	   26.00 18204.00     0.00    90.00
  57 	  803.59  -502.24     0.00     0.00 15477.00     0.00
  57 	  803.59  -502.24     0.00     0.00 15477.00     0.00
   	   26.00 15477.00     0.00    90.00
   	   26.00 15477.00     0.00    90.00
  58 	  904.04  -502.24     0.00     0.00 11942.00     0.00
  58 	  904.04  -502.24     0.00     0.00 11942.00     0.00
   	   26.00 11942.00     0.00    90.00
   	   26.00 11942.00     0.00    90.00
  59 	 1004.49  -502.24     0.00     0.00  7599.00     0.00
  59 	 1004.49  -502.24     0.00     0.00  7599.00     0.00
   	   26.00  7599.00     0.00    90.00
   	   26.00  7599.00     0.00    90.00
  60 	 1104.94  -502.24     0.00     0.00  2448.00     0.00
  60 	 1104.94  -502.24     0.00     0.00  2448.00     0.00
   	   26.00  2448.00     0.00    90.00
   	   26.00  2448.00     0.00    90.00
  61 	    0.00  -401.80     0.00     0.00  4468.00     0.00
  61 	    0.00  -401.80     0.00     0.00  4468.00     0.00
   	   26.00  4468.00     0.00    90.00
   	   26.00  4468.00     0.00    90.00
  62 	  100.45  -401.80     0.00     0.00  9215.00     0.00
  62 	  100.45  -401.80     0.00     0.00  9215.00     0.00
   	   26.00  9215.00     0.00    90.00
   	   26.00  9215.00     0.00    90.00
  63 	  200.90  -401.80     0.00     0.00 13154.00     0.00
  63 	  200.90  -401.80     0.00     0.00 13154.00     0.00
   	   26.00 13154.00     0.00    90.00
   	   26.00 13154.00     0.00    90.00
  64 	  301.35  -401.80     0.00     0.00 16285.00     0.00
  64 	  301.35  -401.80     0.00     0.00 16285.00     0.00
   	   26.00 16285.00     0.00    90.00
   	   26.00 16285.00     0.00    90.00
  65 	  401.80  -401.80     0.00     0.00 18608.00     0.00
  65 	  401.80  -401.80     0.00     0.00 18608.00     0.00
   	   26.00 18608.00     0.00    90.00
   	   26.00 18608.00     0.00    90.00
  66 	  502.24  -401.80     0.00     0.00 20123.00     0.00
  66 	  502.24  -401.80     0.00     0.00 20123.00     0.00
   	   26.00 20123.00     0.00    90.00
   	   26.00 20123.00     0.00    90.00
  67 	  602.69  -401.80     0.00     0.00 20022.00     0.00
  67 	  602.69  -401.80     0.00     0.00 20022.00     0.00
   	   26.00 20022.00     0.00    90.00
   	   26.00 20022.00     0.00    90.00
  68 	  703.14  -401.80     0.00     0.00 18103.00     0.00
  68 	  703.14  -401.80     0.00     0.00 18103.00     0.00
   	   26.00 18103.00     0.00    90.00
   	   26.00 18103.00     0.00    90.00
  69 	  803.59  -401.80     0.00     0.00 15376.00     0.00
  69 	  803.59  -401.80     0.00     0.00 15376.00     0.00
   	   26.00 15376.00     0.00    90.00
   	   26.00 15376.00     0.00    90.00
  70 	  904.04  -401.80     0.00     0.00 11841.00     0.00
  70 	  904.04  -401.80     0.00     0.00 11841.00     0.00
   	   26.00 11841.00     0.00    90.00
   	   26.00 11841.00     0.00    90.00
  71 	 1004.49  -401.80     0.00     0.00  7498.00     0.00
  71 	 1004.49  -401.80     0.00     0.00  7498.00     0.00
   	   26.00  7498.00     0.00    90.00
   	   26.00  7498.00     0.00    90.00
  72 	 1104.94  -401.80     0.00     0.00  2347.00     0.00
  72 	 1104.94  -401.80     0.00     0.00  2347.00     0.00
   	   26.00  2347.00     0.00    90.00
   	   26.00  2347.00     0.00    90.00
  73 	    0.00  -301.35     0.00     0.00  4569.00     0.00
  73 	    0.00  -301.35     0.00     0.00  4569.00     0.00
   	   26.00  4569.00     0.00    90.00
   	   26.00  4569.00     0.00    90.00
  74 	  100.45  -301.35     0.00     0.00  9316.00     0.00
  74 	  100.45  -301.35     0.00     0.00  9316.00     0.00
   	   26.00  9316.00     0.00    90.00
   	   26.00  9316.00     0.00    90.00
  75 	  200.90  -301.35     0.00     0.00 13255.00     0.00
  75 	  200.90  -301.35     0.00     0.00 13255.00     0.00
   	   26.00 13255.00     0.00    90.00
   	   26.00 13255.00     0.00    90.00
  76 	  301.35  -301.35     0.00     0.00 16386.00     0.00
  76 	  301.35  -301.35     0.00     0.00 16386.00     0.00
   	   26.00 16386.00     0.00    90.00
   	   26.00 16386.00     0.00    90.00
  77 	  401.80  -301.35     0.00     0.00 18709.00     0.00
  77 	  401.80  -301.35     0.00     0.00 18709.00     0.00
   	   26.00 18709.00     0.00    90.00
   	   26.00 18709.00     0.00    90.00
  78 	  502.24  -301.35     0.00     0.00 20224.00     0.00
  78 	  502.24  -301.35     0.00     0.00 20224.00     0.00
   	   26.00 20224.00     0.00    90.00
   	   26.00 20224.00     0.00    90.00
  79 	  602.69  -301.35     0.00     0.00 19921.00     0.00
  79 	  602.69  -301.35     0.00     0.00 19921.00     0.00
   	   26.00 19921.00     0.00    90.00
   	   26.00 19921.00     0.00    90.00
  80 	  703.14  -301.35     0.00     0.00 18002.00     0.00
  80 	  703.14  -301.35     0.00     0.00 18002.00     0.00
   	   26.00 18002.00     0.00    90.00
   	   26.00 18002.00     0.00    90.00
  81 	  803.59  -301.35     0.00     0.00 15275.00     0.00
  81 	  803.59  -301.35     0.00     0.00 15275.00     0.00
   	   26.00 15275.00     0.00    90.00
   	   26.00 15275.00     0.00    90.00
  82 	  904.04  -301.35     0.00     0.00 11740.00     0.00
  82 	  904.04  -301.35     0.00     0.00 11740.00     0.00
   	   26.00 11740.00     0.00    90.00
   	   26.00 11740.00     0.00    90.00
  83 	 1004.49  -301.35     0.00     0.00  7397.00     0.00
  83 	 1004.49  -301.35     0.00     0.00  7397.00     0.00
   	   26.00  7397.00     0.00    90.00
   	   26.00  7397.00     0.00    90.00
  84 	 1104.94  -301.35     0.00     0.00  2246.00     0.00
  84 	 1104.94  -301.35     0.00     0.00  2246.00     0.00
   	   26.00  2246.00     0.00    90.00
   	   26.00  2246.00     0.00    90.00
  85 	    0.00  -200.90     0.00     0.00  4670.00     0.00
  85 	    0.00  -200.90     0.00     0.00  4670.00     0.00
   	   26.00  4670.00     0.00    90.00
   	   26.00  4670.00     0.00    90.00
  86 	  100.45  -200.90     0.00     0.00  9417.00     0.00
  86 	  100.45  -200.90     0.00     0.00  9417.00     0.00
   	   26.00  9417.00     0.00    90.00
   	   26.00  9417.00     0.00    90.00
  87 	  200.90  -200.90     0.00     0.00 13356.00     0.00
  87 	  200.90  -200.90     0.00     0.00 13356.00     0.00
   	   26.00 13356.00     0.00    90.00
   	   26.00 13356.00     0.00    90.00
  88 	  301.35  -200.90     0.00     0.00 16487.00     0.00
  88 	  301.35  -200.90     0.00     0.00 16487.00     0.00
   	   26.00 16487.00     0.00    90.00
   	   26.00 16487.00     0.00    90.00
  89 	  401.80  -200.90     0.00     0.00 18810.00     0.00
  89 	  401.80  -200.90     0.00     0.00 18810.00     0.00
   	   26.00 18810.00     0.00    90.00
   	   26.00 18810.00     0.00    90.00
  90 	  502.24  -200.90     0.00     0.00 20325.00     0.00
  90 	  502.24  -200.90     0.00     0.00 20325.00     0.00
   	   26.00 20325.00     0.00    90.00
   	   26.00 20325.00     0.00    90.00
  91 	  602.69  -200.90     0.00     0.00 19820.00     0.00
  91 	  602.69  -200.90     0.00     0.00 19820.00     0.00
   	   26.00 19820.00     0.00    90.00
   	   26.00 19820.00     0.00    90.00
  92 	  703.14  -200.90     0.00     0.00 17901.00     0.00
  92 	  703.14  -200.90     0.00     0.00 17901.00     0.00
   	   26.00 17901.00     0.00    90.00
   	   26.00 17901.00     0.00    90.00
  93 	  803.59  -200.90     0.00     0.00 15174.00     0.00
  93 	  803.59  -200.90     0.00     0.00 15174.00     0.00
   	   26.00 15174.00     0.00    90.00
   	   26.00 15174.00     0.00    90.00
  94 	  904.04  -200.90     0.00     0.00 11639.00     0.00
  94 	  904.04  -200.90     0.00     0.00 11639.00     0.00
   	   26.00 11639.00     0.00    90.00
   	   26.00 11639.00     0.00    90.00
  95 	 1004.49  -200.90     0.00     0.00  7296.00     0.00
  95 	 1004.49  -200.90     0.00     0.00  7296.00     0.00
   	   26.00  7296.00     0.00    90.00
   	   26.00  7296.00     0.00    90.00
  96 	 1104.94  -200.90     0.00     0.00  2145.00     0.00
  96 	 1104.94  -200.90     0.00     0.00  2145.00     0.00
   	   26.00  2145.00     0.00    90.00
   	   26.00  2145.00     0.00    90.00
  97 	    0.00  -100.45     0.00     0.00  4771.00     0.00
  97 	    0.00  -100.45     0.00     0.00  4771.00     0.00
   	   26.00  4771.00     0.00    90.00
   	   26.00  4771.00     0.00    90.00
  98 	  100.45  -100.45     0.00     0.00  9518.00     0.00
  98 	  100.45  -100.45     0.00     0.00  9518.00     0.00
   	   26.00  9518.00     0.00    90.00
   	   26.00  9518.00     0.00    90.00
  99 	  200.90  -100.45     0.00     0.00 13457.00     0.00
  99 	  200.90  -100.45     0.00     0.00 13457.00     0.00
   	   26.00 13457.00     0.00    90.00
   	   26.00 13457.00     0.00    90.00
 100 	  301.35  -100.45     0.00     0.00 16588.00     0.00
 100 	  301.35  -100.45     0.00     0.00 16588.00     0.00
   	   26.00 16588.00     0.00    90.00
   	   26.00 16588.00     0.00    90.00
 101 	  401.80  -100.45     0.00     0.00 18911.00     0.00
 101 	  401.80  -100.45     0.00     0.00 18911.00     0.00
   	   26.00 18911.00     0.00    90.00
   	   26.00 18911.00     0.00    90.00
 102 	  502.24  -100.45     0.00     0.00 20426.00     0.00
 102 	  502.24  -100.45     0.00     0.00 20426.00     0.00
   	   26.00 20426.00     0.00    90.00
   	   26.00 20426.00     0.00    90.00
 103 	  602.69  -100.45     0.00     0.00 19719.00     0.00
 103 	  602.69  -100.45     0.00     0.00 19719.00     0.00
   	   26.00 19719.00     0.00    90.00
   	   26.00 19719.00     0.00    90.00
 104 	  703.14  -100.45     0.00     0.00 17800.00     0.00
 104 	  703.14  -100.45     0.00     0.00 17800.00     0.00
   	   26.00 17800.00     0.00    90.00
   	   26.00 17800.00     0.00    90.00
 105 	  803.59  -100.45     0.00     0.00 15073.00     0.00
 105 	  803.59  -100.45     0.00     0.00 15073.00     0.00
   	   26.00 15073.00     0.00    90.00
   	   26.00 15073.00     0.00    90.00
 106 	  904.04  -100.45     0.00     0.00 11538.00     0.00
 106 	  904.04  -100.45     0.00     0.00 11538.00     0.00
   	   26.00 11538.00     0.00    90.00
   	   26.00 11538.00     0.00    90.00
 107 	 1004.49  -100.45     0.00     0.00  7195.00     0.00
 107 	 1004.49  -100.45     0.00     0.00  7195.00     0.00
   	   26.00  7195.00     0.00    90.00
   	   26.00  7195.00     0.00    90.00
 108 	 1104.94  -100.45     0.00     0.00  2044.00     0.00
 108 	 1104.94  -100.45     0.00     0.00  2044.00     0.00
   	   26.00  2044.00     0.00    90.00
   	   26.00  2044.00     0.00    90.00
 109 	    0.00     0.00     0.00     0.00  4872.00     0.00
 109 	    0.00     0.00     0.00     0.00  4872.00     0.00
   	   26.00  4872.00     0.00    90.00
   	   26.00  4872.00     0.00    90.00
 110 	  100.45     0.00     0.00     0.00  9619.00     0.00
 110 	  100.45     0.00     0.00     0.00  9619.00     0.00
   	   26.00  9619.00     0.00    90.00
   	   26.00  9619.00     0.00    90.00
 111 	  200.90     0.00     0.00     0.00 13558.00     0.00
 111 	  200.90     0.00     0.00     0.00 13558.00     0.00
   	   26.00 13558.00     0.00    90.00
   	   26.00 13558.00     0.00    90.00
 112 	  301.35     0.00     0.00     0.00 16689.00     0.00
 112 	  301.35     0.00     0.00     0.00 16689.00     0.00
   	   26.00 16689.00     0.00    90.00
   	   26.00 16689.00     0.00    90.00
 113 	  401.80     0.00     0.00     0.00 19012.00     0.00
 113 	  401.80     0.00     0.00     0.00 19012.00     0.00
   	   26.00 19012.00     0.00    90.00
   	   26.00 19012.00     0.00    90.00
 114 	  502.24     0.00     0.00     0.00 20527.00     0.00
 114 	  502.24     0.00     0.00     0.00 20527.00     0.00
   	   26.00 20527.00     0.00    90.00
   	   26.00 20527.00     0.00    90.00
 115 	  602.69     0.00     0.00     0.00 19618.00     0.00
 115 	  602.69     0.00     0.00     0.00 19618.00     0.00
   	   26.00 19618.00     0.00    90.00
   	   26.00 19618.00     0.00    90.00
 116 	  703.14     0.00     0.00     0.00 17699.00     0.00
 116 	  703.14     0.00     0.00     0.00 17699.00     0.00
   	   26.00 17699.00     0.00    90.00
   	   26.00 17699.00     0.00    90.00
 117 	  803.59     0.00     0.00     0.00 14972.00     0.00
 117 	  803.59     0.00     0.00     0.00 14972.00     0.00
   	   26.00 14972.00     0.00    90.00
   	   26.00 14972.00     0.00    90.00
 118 	  904.04     0.00     0.00     0.00 11437.00     0.00
 118 	  904.04     0.00     0.00     0.00 11437.00     0.00
   	   26.00 11437.00     0.00    90.00
   	   26.00 11437.00     0.00    90.00
 119 	 1004.49     0.00     0.00     0.00  7094.00     0.00
 119 	 1004.49     0.00     0.00     0.00  7094.00     0.00
   	   26.00  7094.00     0.00    90.00
   	   26.00  7094.00     0.00    90.00
 120 	 1104.94     0.00     0.00     0.00  1943.00     0.00
 120 	 1104.94     0.00     0.00     0.00  1943.00     0.00
   	   26.00  1943.00     0.00    90.00
   	   26.00  1943.00     0.00    90.00
 121 	   -0.00   100.45     0.00     0.00  4973.00     0.00
 121 	   -0.00   100.45     0.00     0.00  4973.00     0.00
   	   26.00  4973.00     0.00    90.00
   	   26.00  4973.00     0.00    90.00
 122 	  100.45   100.45     0.00     0.00  9720.00     0.00
 122 	  100.45   100.45     0.00     0.00  9720.00     0.00
   	   26.00  9720.00     0.00    90.00
   	   26.00  9720.00     0.00    90.00
 123 	  200.90   100.45     0.00     0.00 13659.00     0.00
 123 	  200.90   100.45     0.00     0.00 13659.00     0.00
   	   26.00 13659.00     0.00    90.00
   	   26.00 13659.00     0.00    90.00
 124 	  301.35   100.45     0.00     0.00 16790.00     0.00
 124 	  301.35   100.45     0.00     0.00 16790.00     0.00
   	   26.00 16790.00     0.00    90.00
   	   26.00 16790.00     0.00    90.00
 125 	  401.80   100.45     0.00     0.00 19113.00     0.00
 125 	  401.80   100.45     0.00     0.00 19113.00     0.00
   	   26.00 19113.00     0.00    90.00
   	   26.00 19113.00     0.00    90.00
 126 	  502.24   100.45     0.00     0.00 20628.00     0.00
 126 	  502.24   100.45     0.00     0.00 20628.00     0.00
   	   26.00 20628.00     0.00    90.00
   	   26.00 20628.00     0.00    90.00
 127 	  602.69   100.45     0.00     0.00 19517.00     0.00
 127 	  602.69   100.45     0.00     0.00 19517.00     0.00
   	   26.00 19517.00     0.00    90.00
   	   26.00 19517.00     0.00    90.00
 128 	  703.14   100.45     0.00     0.00 17598.00     0.00
 128 	  703.14   100.45     0.00     0.00 17598.00     0.00
   	   26.00 17598.00     0.00    90.00
   	   26.00 17598.00     0.00    90.00
 129 	  803.59   100.45     0.00     0.00 14871.00     0.00
 129 	  803.59   100.45     0.00     0.00 14871.00     0.00
   	   26.00 14871.00     0.00    90.00
   	   26.00 14871.00     0.00    90.00
 130 	  904.04   100.45     0.00     0.00 11336.00     0.00
 130 	  904.04   100.45     0.00     0.00 11336.00     0.00
   	   26.00 11336.00     0.00    90.00
   	   26.00 11336.00     0.00    90.00
 131 	 1004.49   100.45     0.00     0.00  6993.00     0.00
 131 	 1004.49   100.45     0.00     0.00  6993.00     0.00
   	   26.00  6993.00     0.00    90.00
   	   26.00  6993.00     0.00    90.00
 132 	 1104.94   100.45     0.00     0.00  1842.00     0.00
 132 	 1104.94   100.45     0.00     0.00  1842.00     0.00
   	   26.00  1842.00     0.00    90.00
   	   26.00  1842.00     0.00    90.00
 133 	   -0.00   200.90     0.00     0.00  5074.00     0.00
 133 	   -0.00   200.90     0.00     0.00  5074.00     0.00
   	   26.00  5074.00     0.00    90.00
   	   26.00  5074.00     0.00    90.00
 134 	  100.45   200.90     0.00     0.00  9821.00     0.00
 134 	  100.45   200.90     0.00     0.00  9821.00     0.00
   	   26.00  9821.00     0.00    90.00
   	   26.00  9821.00     0.00    90.00
 135 	  200.90   200.90     0.00     0.00 13760.00     0.00
 135 	  200.90   200.90     0.00     0.00 13760.00     0.00
   	   26.00 13760.00     0.00    90.00
   	   26.00 13760.00     0.00    90.00
 136 	  301.35   200.90     0.00     0.00 16891.00     0.00
 136 	  301.35   200.90     0.00     0.00 16891.00     0.00
   	   26.00 16891.00     0.00    90.00
   	   26.00 16891.00     0.00    90.00
 137 	  401.80   200.90     0.00     0.00 19214.00     0.00
 137 	  401.80   200.90     0.00     0.00 19214.00     0.00
   	   26.00 19214.00     0.00    90.00
   	   26.00 19214.00     0.00    90.00
 138 	  502.24   200.90     0.00     0.00 19315.00     0.00
 138 	  502.24   200.90     0.00     0.00 19315.00     0.00
   	   26.00 19315.00     0.00    90.00
   	   26.00 19315.00     0.00    90.00
 139 	  602.69   200.90     0.00     0.00 19416.00     0.00
 139 	  602.69   200.90     0.00     0.00 19416.00     0.00
   	   26.00 19416.00     0.00    90.00
   	   26.00 19416.00     0.00    90.00
 140 	  703.14   200.90     0.00     0.00 17497.00     0.00
 140 	  703.14   200.90     0.00     0.00 17497.00     0.00
   	   26.00 17497.00     0.00    90.00
   	   26.00 17497.00     0.00    90.00
 141 	  803.59   200.90     0.00     0.00 14770.00     0.00
 141 	  803.59   200.90     0.00     0.00 14770.00     0.00
   	   26.00 14770.00     0.00    90.00
   	   26.00 14770.00     0.00    90.00
 142 	  904.04   200.90     0.00     0.00 11235.00     0.00
 142 	  904.04   200.90     0.00     0.00 11235.00     0.00
   	   26.00 11235.00     0.00    90.00
   	   26.00 11235.00     0.00    90.00
 143 	 1004.49   200.90     0.00     0.00  6892.00     0.00
 143 	 1004.49   200.90     0.00     0.00  6892.00     0.00
   	   26.00  6892.00     0.00    90.00
   	   26.00  6892.00     0.00    90.00
 144 	 1104.94   200.90     0.00     0.00  1741.00     0.00
 144 	 1104.94   200.90     0.00     0.00  1741.00     0.00
   	   26.00  1741.00     0.00    90.00
   	   26.00  1741.00     0.00    90.00
 145 	   -0.00   301.35     0.00     0.00  5175.00     0.00
 145 	   -0.00   301.35     0.00     0.00  5175.00     0.00
   	   26.00  5175.00     0.00    90.00
   	   26.00  5175.00     0.00    90.00
 146 	  100.45   301.35     0.00     0.00  9922.00     0.00
 146 	  100.45   301.35     0.00     0.00  9922.00     0.00
   	   26.00  9922.00     0.00    90.00
   	   26.00  9922.00     0.00    90.00
 147 	  200.90   301.35     0.00     0.00 13861.00     0.00
 147 	  200.90   301.35     0.00     0.00 13861.00     0.00
   	   26.00 13861.00     0.00    90.00
   	   26.00 13861.00     0.00    90.00
 148 	  301.35   301.35     0.00     0.00 16992.00     0.00
 148 	  301.35   301.35     0.00     0.00 16992.00     0.00
   	   26.00 16992.00     0.00    90.00
   	   26.00 16992.00     0.00    90.00
 149 	  401.80   301.35     0.00     0.00 17093.00     0.00
 149 	  401.80   301.35     0.00     0.00 17093.00     0.00
   	   26.00 17093.00     0.00    90.00
   	   26.00 17093.00     0.00    90.00
 150 	  502.24   301.35     0.00     0.00 17194.00     0.00
 150 	  502.24   301.35     0.00     0.00 17194.00     0.00
   	   26.00 17194.00     0.00    90.00
   	   26.00 17194.00     0.00    90.00
 151 	  602.69   301.35     0.00     0.00 17295.00     0.00
 151 	  602.69   301.35     0.00     0.00 17295.00     0.00
   	   26.00 17295.00     0.00    90.00
   	   26.00 17295.00     0.00    90.00
 152 	  703.14   301.35     0.00     0.00 17396.00     0.00
 152 	  703.14   301.35     0.00     0.00 17396.00     0.00
   	   26.00 17396.00     0.00    90.00
   	   26.00 17396.00     0.00    90.00
 153 	  803.59   301.35     0.00     0.00 14669.00     0.00
 153 	  803.59   301.35     0.00     0.00 14669.00     0.00
   	   26.00 14669.00     0.00    90.00
   	   26.00 14669.00     0.00    90.00
 154 	  904.04   301.35     0.00     0.00 11134.00     0.00
 154 	  904.04   301.35     0.00     0.00 11134.00     0.00
   	   26.00 11134.00     0.00    90.00
   	   26.00 11134.00     0.00    90.00
 155 	 1004.49   301.35     0.00     0.00  6791.00     0.00
 155 	 1004.49   301.35     0.00     0.00  6791.00     0.00
   	   26.00  6791.00     0.00    90.00
   	   26.00  6791.00     0.00    90.00
 156 	 1104.94   301.35     0.00     0.00  1640.00     0.00
 156 	 1104.94   301.35     0.00     0.00  1640.00     0.00
   	   26.00  1640.00     0.00    90.00
   	   26.00  1640.00     0.00    90.00
 157 	   -0.00   401.80     0.00     0.00  5276.00     0.00
 157 	   -0.00   401.80     0.00     0.00  5276.00     0.00
   	   26.00  5276.00     0.00    90.00
   	   26.00  5276.00     0.00    90.00
 158 	  100.45   401.80     0.00     0.00 10023.00     0.00
 158 	  100.45   401.80     0.00     0.00 10023.00     0.00
   	   26.00 10023.00     0.00    90.00
   	   26.00 10023.00     0.00    90.00
 159 	  200.90   401.80     0.00     0.00 13962.00     0.00
 159 	  200.90   401.80     0.00     0.00 13962.00     0.00
   	   26.00 13962.00     0.00    90.00
   	   26.00 13962.00     0.00    90.00
 160 	  301.35   401.80     0.00     0.00 14063.00     0.00
 160 	  301.35   401.80     0.00     0.00 14063.00     0.00
   	   26.00 14063.00     0.00    90.00
   	   26.00 14063.00     0.00    90.00
 161 	  401.80   401.80     0.00     0.00 14164.00     0.00
 161 	  401.80   401.80     0.00     0.00 14164.00     0.00
   	   26.00 14164.00     0.00    90.00
   	   26.00 14164.00     0.00    90.00
 162 	  502.24   401.80     0.00     0.00 14265.00     0.00
 162 	  502.24   401.80     0.00     0.00 14265.00     0.00
   	   26.00 14265.00     0.00    90.00
   	   26.00 14265.00     0.00    90.00
 163 	  602.69   401.80     0.00     0.00 14366.00     0.00
 163 	  602.69   401.80     0.00     0.00 14366.00     0.00
   	   26.00 14366.00     0.00    90.00
   	   26.00 14366.00     0.00    90.00
 164 	  703.14   401.80     0.00     0.00 14467.00     0.00
 164 	  703.14   401.80     0.00     0.00 14467.00     0.00
   	   26.00 14467.00     0.00    90.00
   	   26.00 14467.00     0.00    90.00
 165 	  803.59   401.80     0.00     0.00 14568.00     0.00
 165 	  803.59   401.80     0.00     0.00 14568.00     0.00
   	   26.00 14568.00     0.00    90.00
   	   26.00 14568.00     0.00    90.00
 166 	  904.04   401.80     0.00     0.00 11033.00     0.00
 166 	  904.04   401.80     0.00     0.00 11033.00     0.00
   	   26.00 11033.00     0.00    90.00
   	   26.00 11033.00     0.00    90.00
 167 	 1004.49   401.80     0.00     0.00  6690.00     0.00
 167 	 1004.49   401.80     0.00     0.00  6690.00     0.00
   	   26.00  6690.00     0.00    90.00
   	   26.00  6690.00     0.00    90.00
 168 	 1104.94   401.80     0.00     0.00  1539.00     0.00
 168 	 1104.94   401.80     0.00     0.00  1539.00     0.00
   	   26.00  1539.00     0.00    90.00
   	   26.00  1539.00     0.00    90.00
 169 	   -0.00   502.24     0.00     0.00  5377.00     0.00
 169 	   -0.00   502.24     0.00     0.00  5377.00     0.00
   	   26.00  5377.00     0.00    90.00
   	   26.00  5377.00     0.00    90.00
 170 	  100.45   502.24     0.00     0.00 10124.00     0.00
 170 	  100.45   502.24     0.00     0.00 10124.00     0.00
   	   26.00 10124.00     0.00    90.00
   	   26.00 10124.00     0.00    90.00
 171 	  200.90   502.24     0.00     0.00 10225.00     0.00
 171 	  200.90   502.24     0.00     0.00 10225.00     0.00
   	   26.00 10225.00     0.00    90.00
   	   26.00 10225.00     0.00    90.00
 172 	  301.35   502.24     0.00     0.00 10326.00     0.00
 172 	  301.35   502.24     0.00     0.00 10326.00     0.00
   	   26.00 10326.00     0.00    90.00
   	   26.00 10326.00     0.00    90.00
 173 	  401.80   502.24     0.00     0.00 10427.00     0.00
 173 	  401.80   502.24     0.00     0.00 10427.00     0.00
   	   26.00 10427.00     0.00    90.00
   	   26.00 10427.00     0.00    90.00
 174 	  502.24   502.24     0.00     0.00 10528.00     0.00
 174 	  502.24   502.24     0.00     0.00 10528.00     0.00
   	   26.00 10528.00     0.00    90.00
   	   26.00 10528.00     0.00    90.00
 175 	  602.69   502.24     0.00     0.00 10629.00     0.00
 175 	  602.69   502.24     0.00     0.00 10629.00     0.00
   	   26.00 10629.00     0.00    90.00
   	   26.00 10629.00     0.00    90.00
 176 	  703.14   502.24     0.00     0.00 10730.00     0.00
 176 	  703.14   502.24     0.00     0.00 10730.00     0.00
   	   26.00 10730.00     0.00    90.00
   	   26.00 10730.00     0.00    90.00
 177 	  803.59   502.24     0.00     0.00 10831.00     0.00
 177 	  803.59   502.24     0.00     0.00 10831.00     0.00
   	   26.00 10831.00     0.00    90.00
   	   26.00 10831.00     0.00    90.00
 178 	  904.04   502.24     0.00     0.00 10932.00     0.00
 178 	  904.04   502.24     0.00     0.00 10932.00     0.00
   	   26.00 10932.00     0.00    90.00
   	   26.00 10932.00     0.00    90.00
 179 	 1004.49   502.24     0.00     0.00  6589.00     0.00
 179 	 1004.49   502.24     0.00     0.00  6589.00     0.00
   	   26.00  6589.00     0.00    90.00
   	   26.00  6589.00     0.00    90.00
 180 	 1104.94   502.24     0.00     0.00  1438.00     0.00
 180 	 1104.94   502.24     0.00     0.00  1438.00     0.00
   	   26.00  1438.00     0.00    90.00
   	   26.00  1438.00     0.00    90.00
 181 	   -0.00   602.69     0.00     0.00  5478.00     0.00
 181 	   -0.00   602.69     0.00     0.00  5478.00     0.00
   	   26.00  5478.00     0.00    90.00
   	   26.00  5478.00     0.00    90.00
 182 	  100.45   602.69     0.00     0.00  5579.00     0.00
 182 	  100.45   602.69     0.00     0.00  5579.00     0.00
   	   26.00  5579.00     0.00    90.00
   	   26.00  5579.00     0.00    90.00
 183 	  200.90   602.69     0.00     0.00  5680.00     0.00
 183 	  200.90   602.69     0.00     0.00  5680.00     0.00
   	   26.00  5680.00     0.00    90.00
   	   26.00  5680.00     0.00    90.00
 184 	  301.35   602.69     0.00     0.00  5781.00     0.00
 184 	  301.35   602.69     0.00     0.00  5781.00     0.00
   	   26.00  5781.00     0.00    90.00
   	   26.00  5781.00     0.00    90.00
 185 	  401.80   602.69     0.00     0.00  5882.00     0.00
 185 	  401.80   602.69     0.00     0.00  5882.00     0.00
   	   26.00  5882.00     0.00    90.00
   	   26.00  5882.00     0.00    90.00
 186 	  502.24   602.69     0.00     0.00  5983.00     0.00
 186 	  502.24   602.69     0.00     0.00  5983.00     0.00
   	   26.00  5983.00     0.00    90.00
   	   26.00  5983.00     0.00    90.00
 187 	  602.69   602.69     0.00     0.00  6084.00     0.00
 187 	  602.69   602.69     0.00     0.00  6084.00     0.00
   	   26.00  6084.00     0.00    90.00
   	   26.00  6084.00     0.00    90.00
 188 	  703.14   602.69     0.00     0.00  6185.00     0.00
 188 	  703.14   602.69     0.00     0.00  6185.00     0.00
   	   26.00  6185.00     0.00    90.00
   	   26.00  6185.00     0.00    90.00
 189 	  803.59   602.69     0.00     0.00  6286.00     0.00
 189 	  803.59   602.69     0.00     0.00  6286.00     0.00
   	   26.00  6286.00     0.00    90.00
   	   26.00  6286.00     0.00    90.00
 190 	  904.04   602.69     0.00     0.00  6387.00     0.00
 190 	  904.04   602.69     0.00     0.00  6387.00     0.00
   	   26.00  6387.00     0.00    90.00
   	   26.00  6387.00     0.00    90.00
 191 	 1004.49   602.69     0.00     0.00  6488.00     0.00
 191 	 1004.49   602.69     0.00     0.00  6488.00     0.00
   	   26.00  6488.00     0.00    90.00
   	   26.00  6488.00     0.00    90.00
 192 	 1104.94   602.69     0.00     0.00  1337.00     0.00
 192 	 1104.94   602.69     0.00     0.00  1337.00     0.00
   	   26.00  1337.00     0.00    90.00
   	   26.00  1337.00     0.00    90.00
 193 	   -0.00   703.14     0.00     0.00   125.00     0.00
 193 	   -0.00   703.14     0.00     0.00   125.00     0.00
   	   26.00   125.00     0.00    90.00
   	   26.00   125.00     0.00    90.00
 194 	  100.45   703.14     0.00     0.00   226.00     0.00
 194 	  100.45   703.14     0.00     0.00   226.00     0.00
   	   26.00   226.00     0.00    90.00
   	   26.00   226.00     0.00    90.00
 195 	  200.90   703.14     0.00     0.00   327.00     0.00
 195 	  200.90   703.14     0.00     0.00   327.00     0.00
   	   26.00   327.00     0.00    90.00
   	   26.00   327.00     0.00    90.00
 196 	  301.35   703.14     0.00     0.00   428.00     0.00
 196 	  301.35   703.14     0.00     0.00   428.00     0.00
   	   26.00   428.00     0.00    90.00
   	   26.00   428.00     0.00    90.00
 197 	  401.80   703.14     0.00     0.00   529.00     0.00
 197 	  401.80   703.14     0.00     0.00   529.00     0.00
   	   26.00   529.00     0.00    90.00
   	   26.00   529.00     0.00    90.00
 198 	  502.24   703.14     0.00     0.00   630.00     0.00
 198 	  502.24   703.14     0.00     0.00   630.00     0.00
   	   26.00   630.00     0.00    90.00
   	   26.00   630.00     0.00    90.00
 199 	  602.69   703.14     0.00     0.00   731.00     0.00
 199 	  602.69   703.14     0.00     0.00   731.00     0.00
   	   26.00   731.00     0.00    90.00
   	   26.00   731.00     0.00    90.00
 200 	  703.14   703.14     0.00     0.00   832.00     0.00
 200 	  703.14   703.14     0.00     0.00   832.00     0.00
   	   26.00   832.00     0.00    90.00
   	   26.00   832.00     0.00    90.00
 201 	  803.59   703.14     0.00     0.00   933.00     0.00
 201 	  803.59   703.14     0.00     0.00   933.00     0.00
   	   26.00   933.00     0.00    90.00
   	   26.00   933.00     0.00    90.00
 202 	  904.04   703.14     0.00     0.00  1034.00     0.00
 202 	  904.04   703.14     0.00     0.00  1034.00     0.00
   	   26.00  1034.00     0.00    90.00
   	   26.00  1034.00     0.00    90.00
 203 	 1004.49   703.14     0.00     0.00  1135.00     0.00
 203 	 1004.49   703.14     0.00     0.00  1135.00     0.00
   	   26.00  1135.00     0.00    90.00
   	   26.00  1135.00     0.00    90.00
 204 	 1104.94   703.14     0.00     0.00  1236.00     0.00
 204 	 1104.94   703.14     0.00     0.00  1236.00     0.00
   	   26.00  1236.00     0.00    90.00
   	   26.00  1236.00     0.00    90.00

** End writing output file: ../inputs/gr136.dat 
