*******************************************************************************
                         ARRAY PREPROCESSOR ver. 1.0
*******************************************************************************



   1	GROUP testgroup
   3	 GRID RECTANGULAR
   4	 ELEMENT
   5	 GEOMETRY CIRCULAR 31
   6	 POLARIZATION CIRCULAR
   7	 ADD BLOCK 6 -3 -1 4
   9	 GROUP_EXCITATION
  10	 AMPLITUDE UNIFORM 27
  11	 PHASE UNIFORM -97
  12	 END

** Generating GROUP: testgroup.
** PSTEP,QSTEP set to:62.000000,62.000000
** Grid ANGLE set to:90.000000 
** Group ROT_ANGLE set to: 0.000000 

** Writing output file: ../inputs/gr139.dat

NEL 
NPORTS
IDUM      REXA     REYA     REZA     THEA     PHEA     PSEA 
          AMP      PSH      PSC      PHEPOL
  64
  64
   1
   1
   1 	  -62.00  -186.00     0.00     0.00     0.00     0.00
   1 	  -62.00  -186.00     0.00     0.00     0.00     0.00
   	   27.00   -97.00     0.00    90.00
   	   27.00   -97.00     0.00    90.00
   2 	    0.00  -186.00     0.00     0.00     0.00     0.00
   2 	    0.00  -186.00     0.00     0.00     0.00     0.00
   	   27.00   -97.00     0.00    90.00
   	   27.00   -97.00     0.00    90.00
   3 	   62.00  -186.00     0.00     0.00     0.00     0.00
   3 	   62.00  -186.00     0.00     0.00     0.00     0.00
   	   27.00   -97.00     0.00    90.00
   	   27.00   -97.00     0.00    90.00
   4 	  124.00  -186.00     0.00     0.00     0.00     0.00
   4 	  124.00  -186.00     0.00     0.00     0.00     0.00
   	   27.00   -97.00     0.00    90.00
   	   27.00   -97.00     0.00    90.00
   5 	  186.00  -186.00     0.00     0.00     0.00     0.00
   5 	  186.00  -186.00     0.00     0.00     0.00     0.00
   	   27.00   -97.00     0.00    90.00
   	   27.00   -97.00     0.00    90.00
   6 	  248.00  -186.00     0.00     0.00     0.00     0.00
   6 	  248.00  -186.00     0.00     0.00     0.00     0.00
   	   27.00   -97.00     0.00    90.00
   	   27.00   -97.00     0.00    90.00
   7 	  310.00  -186.00     0.00     0.00     0.00     0.00
   7 	  310.00  -186.00     0.00     0.00     0.00     0.00
   	   27.00   -97.00     0.00    90.00
   	   27.00   -97.00     0.00    90.00
   8 	  372.00  -186.00     0.00     0.00     0.00     0.00
   8 	  372.00  -186.00     0.00     0.00     0.00     0.00
   	   27.00   -97.00     0.00    90.00
   	   27.00   -97.00     0.00    90.00
   9 	  -62.00  -124.00     0.00     0.00     0.00     0.00
   9 	  -62.00  -124.00     0.00     0.00     0.00     0.00
   	   27.00   -97.00     0.00    90.00
   	   27.00   -97.00     0.00    90.00
  10 	    0.00  -124.00     0.00     0.00     0.00     0.00
  10 	    0.00  -124.00     0.00     0.00     0.00     0.00
   	   27.00   -97.00     0.00    90.00
   	   27.00   -97.00     0.00    90.00
  11 	   62.00  -124.00     0.00     0.00     0.00     0.00
  11 	   62.00  -124.00     0.00     0.00     0.00     0.00
   	   27.00   -97.00     0.00    90.00
   	   27.00   -97.00     0.00    90.00
  12 	  124.00  -124.00     0.00     0.00     0.00     0.00
  12 	  124.00  -124.00     0.00     0.00     0.00     0.00
   	   27.00   -97.00     0.00    90.00
   	   27.00   -97.00     0.00    90.00
  13 	  186.00  -124.00     0.00     0.00     0.00     0.00
  13 	  186.00  -124.00     0.00     0.00     0.00     0.00
   	   27.00   -97.00     0.00    90.00
   	   27.00   -97.00     0.00    90.00
  14 	  248.00  -124.00     0.00     0.00     0.00     0.00
  14 	  248.00  -124.00     0.00     0.00     0.00     0.00
   	   27.00   -97.00     0.00    90.00
   	   27.00   -97.00     0.00    90.00
  15 	  310.00  -124.00     0.00     0.00     0.00     0.00
  15 	  310.00  -124.00     0.00     0.00     0.00     0.00
   	   27.00   -97.00     0.00    90.00
   	   27.00   -97.00     0.00    90.00
  16 	  372.00  -124.00     0.00     0.00     0.00     0.00
  16 	  372.00  -124.00     0.00     0.00     0.00     0.00
   	   27.00   -97.00     0.00    90.00
   	   27.00   -97.00     0.00    90.00
  17 	  -62.00   -62.00     0.00     0.00     0.00     0.00
  17 	  -62.00   -62.00     0.00     0.00     0.00     0.00
   	   27.00   -97.00     0.00    90.00
   	   27.00   -97.00     0.00    90.00
  18 	    0.00   -62.00     0.00     0.00     0.00     0.00
  18 	    0.00   -62.00     0.00     0.00     0.00     0.00
   	   27.00   -97.00     0.00    90.00
   	   27.00   -97.00     0.00    90.00
  19 	   62.00   -62.00     0.00     0.00     0.00     0.00
  19 	   62.00   -62.00     0.00     0.00     0.00     0.00
   	   27.00   -97.00     0.00    90.00
   	   27.00   -97.00     0.00    90.00
  20 	  124.00   -62.00     0.00     0.00     0.00     0.00
  20 	  124.00   -62.00     0.00     0.00     0.00     0.00
   	   27.00   -97.00     0.00    90.00
   	   27.00   -97.00     0.00    90.00
  21 	  186.00   -62.00     0.00     0.00     0.00     0.00
  21 	  186.00   -62.00     0.00     0.00     0.00     0.00
   	   27.00   -97.00     0.00    90.00
   	   27.00   -97.00     0.00    90.00
  22 	  248.00   -62.00     0.00     0.00     0.00     0.00
  22 	  248.00   -62.00     0.00     0.00     0.00     0.00
   	   27.00   -97.00     0.00    90.00
   	   27.00   -97.00     0.00    90.00
  23 	  310.00   -62.00     0.00     0.00     0.00     0.00
  23 	  310.00   -62.00     0.00     0.00     0.00     0.00
   	   27.00   -97.00     0.00    90.00
   	   27.00   -97.00     0.00    90.00
  24 	  372.00   -62.00     0.00     0.00     0.00     0.00
  24 	  372.00   -62.00     0.00     0.00     0.00     0.00
   	   27.00   -97.00     0.00    90.00
   	   27.00   -97.00     0.00    90.00
  25 	  -62.00     0.00     0.00     0.00     0.00     0.00
  25 	  -62.00     0.00     0.00     0.00     0.00     0.00
   	   27.00   -97.00     0.00    90.00
   	   27.00   -97.00     0.00    90.00
  26 	    0.00     0.00     0.00     0.00     0.00     0.00
  26 	    0.00     0.00     0.00     0.00     0.00     0.00
   	   27.00   -97.00     0.00    90.00
   	   27.00   -97.00     0.00    90.00
  27 	   62.00     0.00     0.00     0.00     0.00     0.00
  27 	   62.00     0.00     0.00     0.00     0.00     0.00
   	   27.00   -97.00     0.00    90.00
   	   27.00   -97.00     0.00    90.00
  28 	  124.00     0.00     0.00     0.00     0.00     0.00
  28 	  124.00     0.00     0.00     0.00     0.00     0.00
   	   27.00   -97.00     0.00    90.00
   	   27.00   -97.00     0.00    90.00
  29 	  186.00     0.00     0.00     0.00     0.00     0.00
  29 	  186.00     0.00     0.00     0.00     0.00     0.00
   	   27.00   -97.00     0.00    90.00
   	   27.00   -97.00     0.00    90.00
  30 	  248.00     0.00     0.00     0.00     0.00     0.00
  30 	  248.00     0.00     0.00     0.00     0.00     0.00
   	   27.00   -97.00     0.00    90.00
   	   27.00   -97.00     0.00    90.00
  31 	  310.00     0.00     0.00     0.00     0.00     0.00
  31 	  310.00     0.00     0.00     0.00     0.00     0.00
   	   27.00   -97.00     0.00    90.00
   	   27.00   -97.00     0.00    90.00
  32 	  372.00     0.00     0.00     0.00     0.00     0.00
  32 	  372.00     0.00     0.00     0.00     0.00     0.00
   	   27.00   -97.00     0.00    90.00
   	   27.00   -97.00     0.00    90.00
  33 	  -62.00    62.00     0.00     0.00     0.00     0.00
  33 	  -62.00    62.00     0.00     0.00     0.00     0.00
   	   27.00   -97.00     0.00    90.00
   	   27.00   -97.00     0.00    90.00
  34 	   -0.00    62.00     0.00     0.00     0.00     0.00
  34 	   -0.00    62.00     0.00     0.00     0.00     0.00
   	   27.00   -97.00     0.00    90.00
   	   27.00   -97.00     0.00    90.00
  35 	   62.00    62.00     0.00     0.00     0.00     0.00
  35 	   62.00    62.00     0.00     0.00     0.00     0.00
   	   27.00   -97.00     0.00    90.00
   	   27.00   -97.00     0.00    90.00
  36 	  124.00    62.00     0.00     0.00     0.00     0.00
  36 	  124.00    62.00     0.00     0.00     0.00     0.00
   	   27.00   -97.00     0.00    90.00
   	   27.00   -97.00     0.00    90.00
  37 	  186.00    62.00     0.00     0.00     0.00     0.00
  37 	  186.00    62.00     0.00     0.00     0.00     0.00
   	   27.00   -97.00     0.00    90.00
   	   27.00   -97.00     0.00    90.00
  38 	  248.00    62.00     0.00     0.00     0.00     0.00
  38 	  248.00    62.00     0.00     0.00     0.00     0.00
   	   27.00   -97.00     0.00    90.00
   	   27.00   -97.00     0.00    90.00
  39 	  310.00    62.00     0.00     0.00     0.00     0.00
  39 	  310.00    62.00     0.00     0.00     0.00     0.00
   	   27.00   -97.00     0.00    90.00
   	   27.00   -97.00     0.00    90.00
  40 	  372.00    62.00     0.00     0.00     0.00     0.00
  40 	  372.00    62.00     0.00     0.00     0.00     0.00
   	   27.00   -97.00     0.00    90.00
   	   27.00   -97.00     0.00    90.00
  41 	  -62.00   124.00     0.00     0.00     0.00     0.00
  41 	  -62.00   124.00     0.00     0.00     0.00     0.00
   	   27.00   -97.00     0.00    90.00
   	   27.00   -97.00     0.00    90.00
  42 	   -0.00   124.00     0.00     0.00     0.00     0.00
  42 	   -0.00   124.00     0.00     0.00     0.00     0.00
   	   27.00   -97.00     0.00    90.00
   	   27.00   -97.00     0.00    90.00
  43 	   62.00   124.00     0.00     0.00     0.00     0.00
  43 	   62.00   124.00     0.00     0.00     0.00     0.00
   	   27.00   -97.00     0.00    90.00
   	   27.00   -97.00     0.00    90.00
  44 	  124.00   124.00     0.00     0.00     0.00     0.00
  44 	  124.00   124.00     0.00     0.00     0.00     0.00
   	   27.00   -97.00     0.00    90.00
   	   27.00   -97.00     0.00    90.00
  45 	  186.00   124.00     0.00     0.00     0.00     0.00
  45 	  186.00   124.00     0.00     0.00     0.00     0.00
   	   27.00   -97.00     0.00    90.00
   	   27.00   -97.00     0.00    90.00
  46 	  248.00   124.00     0.00     0.00     0.00     0.00
  46 	  248.00   124.00     0.00     0.00     0.00     0.00
   	   27.00   -97.00     0.00    90.00
   	   27.00   -97.00     0.00    90.00
  47 	  310.00   124.00     0.00     0.00     0.00     0.00
  47 	  310.00   124.00     0.00     0.00     0.00     0.00
   	   27.00   -97.00     0.00    90.00
   	   27.00   -97.00     0.00    90.00
  48 	  372.00   124.00     0.00     0.00     0.00     0.00
  48 	  372.00   124.00     0.00     0.00     0.00     0.00
   	   27.00   -97.00     0.00    90.00
   	   27.00   -97.00     0.00    90.00
  49 	  -62.00   186.00     0.00     0.00     0.00     0.00
  49 	  -62.00   186.00     0.00     0.00     0.00     0.00
   	   27.00   -97.00     0.00    90.00
   	   27.00   -97.00     0.00    90.00
  50 	   -0.00   186.00     0.00     0.00     0.00     0.00
  50 	   -0.00   186.00     0.00     0.00     0.00     0.00
   	   27.00   -97.00     0.00    90.00
   	   27.00   -97.00     0.00    90.00
  51 	   62.00   186.00     0.00     0.00     0.00     0.00
  51 	   62.00   186.00     0.00     0.00     0.00     0.00
   	   27.00   -97.00     0.00    90.00
   	   27.00   -97.00     0.00    90.00
  52 	  124.00   186.00     0.00     0.00     0.00     0.00
  52 	  124.00   186.00     0.00     0.00     0.00     0.00
   	   27.00   -97.00     0.00    90.00
   	   27.00   -97.00     0.00    90.00
  53 	  186.00   186.00     0.00     0.00     0.00     0.00
  53 	  186.00   186.00     0.00     0.00     0.00     0.00
   	   27.00   -97.00     0.00    90.00
   	   27.00   -97.00     0.00    90.00
  54 	  248.00   186.00     0.00     0.00     0.00     0.00
  54 	  248.00   186.00     0.00     0.00     0.00     0.00
   	   27.00   -97.00     0.00    90.00
   	   27.00   -97.00     0.00    90.00
  55 	  310.00   186.00     0.00     0.00     0.00     0.00
  55 	  310.00   186.00     0.00     0.00     0.00     0.00
   	   27.00   -97.00     0.00    90.00
   	   27.00   -97.00     0.00    90.00
  56 	  372.00   186.00     0.00     0.00     0.00     0.00
  56 	  372.00   186.00     0.00     0.00     0.00     0.00
   	   27.00   -97.00     0.00    90.00
   	   27.00   -97.00     0.00    90.00
  57 	  -62.00   248.00     0.00     0.00     0.00     0.00
  57 	  -62.00   248.00     0.00     0.00     0.00     0.00
   	   27.00   -97.00     0.00    90.00
   	   27.00   -97.00     0.00    90.00
  58 	   -0.00   248.00     0.00     0.00     0.00     0.00
  58 	   -0.00   248.00     0.00     0.00     0.00     0.00
   	   27.00   -97.00     0.00    90.00
   	   27.00   -97.00     0.00    90.00
  59 	   62.00   248.00     0.00     0.00     0.00     0.00
  59 	   62.00   248.00     0.00     0.00     0.00     0.00
   	   27.00   -97.00     0.00    90.00
   	   27.00   -97.00     0.00    90.00
  60 	  124.00   248.00     0.00     0.00     0.00     0.00
  60 	  124.00   248.00     0.00     0.00     0.00     0.00
   	   27.00   -97.00     0.00    90.00
   	   27.00   -97.00     0.00    90.00
  61 	  186.00   248.00     0.00     0.00     0.00     0.00
  61 	  186.00   248.00     0.00     0.00     0.00     0.00
   	   27.00   -97.00     0.00    90.00
   	   27.00   -97.00     0.00    90.00
  62 	  248.00   248.00     0.00     0.00     0.00     0.00
  62 	  248.00   248.00     0.00     0.00     0.00     0.00
   	   27.00   -97.00     0.00    90.00
   	   27.00   -97.00     0.00    90.00
  63 	  310.00   248.00     0.00     0.00     0.00     0.00
  63 	  310.00   248.00     0.00     0.00     0.00     0.00
   	   27.00   -97.00     0.00    90.00
   	   27.00   -97.00     0.00    90.00
  64 	  372.00   248.00     0.00     0.00     0.00     0.00
  64 	  372.00   248.00     0.00     0.00     0.00     0.00
   	   27.00   -97.00     0.00    90.00
   	   27.00   -97.00     0.00    90.00

** End writing output file: ../inputs/gr139.dat 
