*******************************************************************************
                         ARRAY PREPROCESSOR ver. 1.0
*******************************************************************************



   1	GROUP testgroup
   3	 GRID TRIANGULAR ANGLE 46 PSTEP 76 QSTEP 82
   4	 ELEMENT
   5	 GEOMETRY CIRCULAR 80 mm
   6	 POLARIZATION CIRCULAR
   7	 ADD BLOCK 0 -2 3 3
   8	 ADD NODE 0 5
   9	 ADD BLOCK 0 -3 0 5
  10	 ADD NODE 0 -1 ORIENTATION 49 31 3
  12	 GROUP_EXCITATION
  13	 AMPLITUDE UNIFORM 17
  14	 PHASE UNIFORM 127
  15	 END

** WARNING B2: GRID step(s) too small for specified element in GROUP: testgroup
** Generating GROUP: testgroup.
** PSTEP,QSTEP set to:76.000000,82.000000
** Grid ANGLE set to:46.000000 
** Group ROT_ANGLE set to: 0.000000 

** Writing output file: ../inputs/gr14.dat

NEL 
NPORTS
IDUM      REXA     REYA     REZA     THEA     PHEA     PSEA 
          AMP      PSH      PSC      PHEPOL
  35
  35
   1
   1
   1 	 -113.92  -117.97     0.00     0.00     0.00     0.00
   1 	 -113.92  -117.97     0.00     0.00     0.00     0.00
   	   17.00   127.00     0.00    90.00
   	   17.00   127.00     0.00    90.00
   2 	  -37.92  -117.97     0.00     0.00     0.00     0.00
   2 	  -37.92  -117.97     0.00     0.00     0.00     0.00
   	   17.00   127.00     0.00    90.00
   	   17.00   127.00     0.00    90.00
   3 	   38.08  -117.97     0.00     0.00     0.00     0.00
   3 	   38.08  -117.97     0.00     0.00     0.00     0.00
   	   17.00   127.00     0.00    90.00
   	   17.00   127.00     0.00    90.00
   4 	  114.08  -117.97     0.00     0.00     0.00     0.00
   4 	  114.08  -117.97     0.00     0.00     0.00     0.00
   	   17.00   127.00     0.00    90.00
   	   17.00   127.00     0.00    90.00
   5 	  -56.96   -58.99     0.00     0.00     0.00     0.00
   5 	  -56.96   -58.99     0.00     0.00     0.00     0.00
   	   17.00   127.00     0.00    90.00
   	   17.00   127.00     0.00    90.00
   6 	   19.04   -58.99     0.00     0.00     0.00     0.00
   6 	   19.04   -58.99     0.00     0.00     0.00     0.00
   	   17.00   127.00     0.00    90.00
   	   17.00   127.00     0.00    90.00
   7 	   95.04   -58.99     0.00     0.00     0.00     0.00
   7 	   95.04   -58.99     0.00     0.00     0.00     0.00
   	   17.00   127.00     0.00    90.00
   	   17.00   127.00     0.00    90.00
   8 	  171.04   -58.99     0.00     0.00     0.00     0.00
   8 	  171.04   -58.99     0.00     0.00     0.00     0.00
   	   17.00   127.00     0.00    90.00
   	   17.00   127.00     0.00    90.00
   9 	    0.00     0.00     0.00     0.00     0.00     0.00
   9 	    0.00     0.00     0.00     0.00     0.00     0.00
   	   17.00   127.00     0.00    90.00
   	   17.00   127.00     0.00    90.00
  10 	   76.00     0.00     0.00     0.00     0.00     0.00
  10 	   76.00     0.00     0.00     0.00     0.00     0.00
   	   17.00   127.00     0.00    90.00
   	   17.00   127.00     0.00    90.00
  11 	  152.00     0.00     0.00     0.00     0.00     0.00
  11 	  152.00     0.00     0.00     0.00     0.00     0.00
   	   17.00   127.00     0.00    90.00
   	   17.00   127.00     0.00    90.00
  12 	  228.00     0.00     0.00     0.00     0.00     0.00
  12 	  228.00     0.00     0.00     0.00     0.00     0.00
   	   17.00   127.00     0.00    90.00
   	   17.00   127.00     0.00    90.00
  13 	   56.96    58.99     0.00     0.00     0.00     0.00
  13 	   56.96    58.99     0.00     0.00     0.00     0.00
   	   17.00   127.00     0.00    90.00
   	   17.00   127.00     0.00    90.00
  14 	  132.96    58.99     0.00     0.00     0.00     0.00
  14 	  132.96    58.99     0.00     0.00     0.00     0.00
   	   17.00   127.00     0.00    90.00
   	   17.00   127.00     0.00    90.00
  15 	  208.96    58.99     0.00     0.00     0.00     0.00
  15 	  208.96    58.99     0.00     0.00     0.00     0.00
   	   17.00   127.00     0.00    90.00
   	   17.00   127.00     0.00    90.00
  16 	  284.96    58.99     0.00     0.00     0.00     0.00
  16 	  284.96    58.99     0.00     0.00     0.00     0.00
   	   17.00   127.00     0.00    90.00
   	   17.00   127.00     0.00    90.00
  17 	  113.92   117.97     0.00     0.00     0.00     0.00
  17 	  113.92   117.97     0.00     0.00     0.00     0.00
   	   17.00   127.00     0.00    90.00
   	   17.00   127.00     0.00    90.00
  18 	  189.92   117.97     0.00     0.00     0.00     0.00
  18 	  189.92   117.97     0.00     0.00     0.00     0.00
   	   17.00   127.00     0.00    90.00
   	   17.00   127.00     0.00    90.00
  19 	  265.92   117.97     0.00     0.00     0.00     0.00
  19 	  265.92   117.97     0.00     0.00     0.00     0.00
   	   17.00   127.00     0.00    90.00
   	   17.00   127.00     0.00    90.00
  20 	  341.92   117.97     0.00     0.00     0.00     0.00
  20 	  341.92   117.97     0.00     0.00     0.00     0.00
   	   17.00   127.00     0.00    90.00
   	   17.00   127.00     0.00    90.00
  21 	  170.89   176.96     0.00     0.00     0.00     0.00
  21 	  170.89   176.96     0.00     0.00     0.00     0.00
   	   17.00   127.00     0.00    90.00
   	   17.00   127.00     0.00    90.00
  22 	  246.89   176.96     0.00     0.00     0.00     0.00
  22 	  246.89   176.96     0.00     0.00     0.00     0.00
   	   17.00   127.00     0.00    90.00
   	   17.00   127.00     0.00    90.00
  23 	  322.89   176.96     0.00     0.00     0.00     0.00
  23 	  322.89   176.96     0.00     0.00     0.00     0.00
   	   17.00   127.00     0.00    90.00
   	   17.00   127.00     0.00    90.00
  24 	  398.89   176.96     0.00     0.00     0.00     0.00
  24 	  398.89   176.96     0.00     0.00     0.00     0.00
   	   17.00   127.00     0.00    90.00
   	   17.00   127.00     0.00    90.00
  25 	  284.81   294.93     0.00     0.00     0.00     0.00
  25 	  284.81   294.93     0.00     0.00     0.00     0.00
   	   17.00   127.00     0.00    90.00
   	   17.00   127.00     0.00    90.00
  26 	 -170.89  -176.96     0.00     0.00     0.00     0.00
  26 	 -170.89  -176.96     0.00     0.00     0.00     0.00
   	   17.00   127.00     0.00    90.00
   	   17.00   127.00     0.00    90.00
  27 	 -113.92  -117.97     0.00     0.00     0.00     0.00
  27 	 -113.92  -117.97     0.00     0.00     0.00     0.00
   	   17.00   127.00     0.00    90.00
   	   17.00   127.00     0.00    90.00
  28 	  -56.96   -58.99     0.00     0.00     0.00     0.00
  28 	  -56.96   -58.99     0.00     0.00     0.00     0.00
   	   17.00   127.00     0.00    90.00
   	   17.00   127.00     0.00    90.00
  29 	    0.00     0.00     0.00     0.00     0.00     0.00
  29 	    0.00     0.00     0.00     0.00     0.00     0.00
   	   17.00   127.00     0.00    90.00
   	   17.00   127.00     0.00    90.00
  30 	   56.96    58.99     0.00     0.00     0.00     0.00
  30 	   56.96    58.99     0.00     0.00     0.00     0.00
   	   17.00   127.00     0.00    90.00
   	   17.00   127.00     0.00    90.00
  31 	  113.92   117.97     0.00     0.00     0.00     0.00
  31 	  113.92   117.97     0.00     0.00     0.00     0.00
   	   17.00   127.00     0.00    90.00
   	   17.00   127.00     0.00    90.00
  32 	  170.89   176.96     0.00     0.00     0.00     0.00
  32 	  170.89   176.96     0.00     0.00     0.00     0.00
   	   17.00   127.00     0.00    90.00
   	   17.00   127.00     0.00    90.00
  33 	  227.85   235.94     0.00     0.00     0.00     0.00
  33 	  227.85   235.94     0.00     0.00     0.00     0.00
   	   17.00   127.00     0.00    90.00
   	   17.00   127.00     0.00    90.00
  34 	  284.81   294.93     0.00     0.00     0.00     0.00
  34 	  284.81   294.93     0.00     0.00     0.00     0.00
   	   17.00   127.00     0.00    90.00
   	   17.00   127.00     0.00    90.00
  35 	  -56.96   -58.99     0.00    49.00    31.00     3.00
  35 	  -56.96   -58.99     0.00    49.00    31.00     3.00
   	   17.00   127.00     0.00    90.00
   	   17.00   127.00     0.00    90.00

** End writing output file: ../inputs/gr14.dat 
