*******************************************************************************
                         ARRAY PREPROCESSOR ver. 1.0
*******************************************************************************



   1	GROUP testgroup
   3	 GRID RECTANGULAR
   4	 ELEMENT
   5	 GEOMETRY CIRCULAR RADIUS 26
   6	 POLARIZATION CIRCULAR
   7	 PORTS 4
   8	 PORT 1
   9	 AMPLITUDE 30
  10	 PHASE_POL_ARRANG 411
  11	 PORT 2
  12	 AMPLITUDE 22
  13	 PHASE_POL_ARRANG 529
  14	 PORT 3
  15	 AMPLITUDE 14
  16	 PHASE_POL_ARRANG 574
  17	 PORT 4
  18	 AMPLITUDE 33
  19	 PHASE_POL_ARRANG 426
  20	 ADD BLOCK -2 5 -5 1
  22	 GROUP_EXCITATION
  23	 AMPLITUDE UNIFORM 24
  24	 PHASE UNIFORM -59
  25	 END

** Generating GROUP: testgroup.
** PSTEP,QSTEP set to:52.000000,52.000000
** Grid ANGLE set to:90.000000 
** Group ROT_ANGLE set to: 0.000000 

** Writing output file: ../inputs/gr142.dat

NEL 
NPORTS
IDUM      REXA     REYA     REZA     THEA     PHEA     PSEA 
          AMP      PSH      PSC      PHEPOL
  20
  20
   4
   4
   1 	 -260.00    52.00     0.00     0.00     0.00     0.00
   1 	 -260.00    52.00     0.00     0.00     0.00     0.00
   	  720.00   352.00     0.00    90.00
   	  720.00   352.00     0.00    90.00
   	  528.00   470.00     0.00    90.00
   	  528.00   470.00     0.00    90.00
   	  336.00   515.00     0.00    90.00
   	  336.00   515.00     0.00    90.00
   	  792.00   367.00     0.00    90.00
   	  792.00   367.00     0.00    90.00
   2 	 -208.00    52.00     0.00     0.00     0.00     0.00
   2 	 -208.00    52.00     0.00     0.00     0.00     0.00
   	  720.00   352.00     0.00    90.00
   	  720.00   352.00     0.00    90.00
   	  528.00   470.00     0.00    90.00
   	  528.00   470.00     0.00    90.00
   	  336.00   515.00     0.00    90.00
   	  336.00   515.00     0.00    90.00
   	  792.00   367.00     0.00    90.00
   	  792.00   367.00     0.00    90.00
   3 	 -156.00    52.00     0.00     0.00     0.00     0.00
   3 	 -156.00    52.00     0.00     0.00     0.00     0.00
   	  720.00   352.00     0.00    90.00
   	  720.00   352.00     0.00    90.00
   	  528.00   470.00     0.00    90.00
   	  528.00   470.00     0.00    90.00
   	  336.00   515.00     0.00    90.00
   	  336.00   515.00     0.00    90.00
   	  792.00   367.00     0.00    90.00
   	  792.00   367.00     0.00    90.00
   4 	 -104.00    52.00     0.00     0.00     0.00     0.00
   4 	 -104.00    52.00     0.00     0.00     0.00     0.00
   	  720.00   352.00     0.00    90.00
   	  720.00   352.00     0.00    90.00
   	  528.00   470.00     0.00    90.00
   	  528.00   470.00     0.00    90.00
   	  336.00   515.00     0.00    90.00
   	  336.00   515.00     0.00    90.00
   	  792.00   367.00     0.00    90.00
   	  792.00   367.00     0.00    90.00
   5 	 -260.00   104.00     0.00     0.00     0.00     0.00
   5 	 -260.00   104.00     0.00     0.00     0.00     0.00
   	  720.00   352.00     0.00    90.00
   	  720.00   352.00     0.00    90.00
   	  528.00   470.00     0.00    90.00
   	  528.00   470.00     0.00    90.00
   	  336.00   515.00     0.00    90.00
   	  336.00   515.00     0.00    90.00
   	  792.00   367.00     0.00    90.00
   	  792.00   367.00     0.00    90.00
   6 	 -208.00   104.00     0.00     0.00     0.00     0.00
   6 	 -208.00   104.00     0.00     0.00     0.00     0.00
   	  720.00   352.00     0.00    90.00
   	  720.00   352.00     0.00    90.00
   	  528.00   470.00     0.00    90.00
   	  528.00   470.00     0.00    90.00
   	  336.00   515.00     0.00    90.00
   	  336.00   515.00     0.00    90.00
   	  792.00   367.00     0.00    90.00
   	  792.00   367.00     0.00    90.00
   7 	 -156.00   104.00     0.00     0.00     0.00     0.00
   7 	 -156.00   104.00     0.00     0.00     0.00     0.00
   	  720.00   352.00     0.00    90.00
   	  720.00   352.00     0.00    90.00
   	  528.00   470.00     0.00    90.00
   	  528.00   470.00     0.00    90.00
   	  336.00   515.00     0.00    90.00
   	  336.00   515.00     0.00    90.00
   	  792.00   367.00     0.00    90.00
   	  792.00   367.00     0.00    90.00
   8 	 -104.00   104.00     0.00     0.00     0.00     0.00
   8 	 -104.00   104.00     0.00     0.00     0.00     0.00
   	  720.00   352.00     0.00    90.00
   	  720.00   352.00     0.00    90.00
   	  528.00   470.00     0.00    90.00
   	  528.00   470.00     0.00    90.00
   	  336.00   515.00     0.00    90.00
   	  336.00   515.00     0.00    90.00
   	  792.00   367.00     0.00    90.00
   	  792.00   367.00     0.00    90.00
   9 	 -260.00   156.00     0.00     0.00     0.00     0.00
   9 	 -260.00   156.00     0.00     0.00     0.00     0.00
   	  720.00   352.00     0.00    90.00
   	  720.00   352.00     0.00    90.00
   	  528.00   470.00     0.00    90.00
   	  528.00   470.00     0.00    90.00
   	  336.00   515.00     0.00    90.00
   	  336.00   515.00     0.00    90.00
   	  792.00   367.00     0.00    90.00
   	  792.00   367.00     0.00    90.00
  10 	 -208.00   156.00     0.00     0.00     0.00     0.00
  10 	 -208.00   156.00     0.00     0.00     0.00     0.00
   	  720.00   352.00     0.00    90.00
   	  720.00   352.00     0.00    90.00
   	  528.00   470.00     0.00    90.00
   	  528.00   470.00     0.00    90.00
   	  336.00   515.00     0.00    90.00
   	  336.00   515.00     0.00    90.00
   	  792.00   367.00     0.00    90.00
   	  792.00   367.00     0.00    90.00
  11 	 -156.00   156.00     0.00     0.00     0.00     0.00
  11 	 -156.00   156.00     0.00     0.00     0.00     0.00
   	  720.00   352.00     0.00    90.00
   	  720.00   352.00     0.00    90.00
   	  528.00   470.00     0.00    90.00
   	  528.00   470.00     0.00    90.00
   	  336.00   515.00     0.00    90.00
   	  336.00   515.00     0.00    90.00
   	  792.00   367.00     0.00    90.00
   	  792.00   367.00     0.00    90.00
  12 	 -104.00   156.00     0.00     0.00     0.00     0.00
  12 	 -104.00   156.00     0.00     0.00     0.00     0.00
   	  720.00   352.00     0.00    90.00
   	  720.00   352.00     0.00    90.00
   	  528.00   470.00     0.00    90.00
   	  528.00   470.00     0.00    90.00
   	  336.00   515.00     0.00    90.00
   	  336.00   515.00     0.00    90.00
   	  792.00   367.00     0.00    90.00
   	  792.00   367.00     0.00    90.00
  13 	 -260.00   208.00     0.00     0.00     0.00     0.00
  13 	 -260.00   208.00     0.00     0.00     0.00     0.00
   	  720.00   352.00     0.00    90.00
   	  720.00   352.00     0.00    90.00
   	  528.00   470.00     0.00    90.00
   	  528.00   470.00     0.00    90.00
   	  336.00   515.00     0.00    90.00
   	  336.00   515.00     0.00    90.00
   	  792.00   367.00     0.00    90.00
   	  792.00   367.00     0.00    90.00
  14 	 -208.00   208.00     0.00     0.00     0.00     0.00
  14 	 -208.00   208.00     0.00     0.00     0.00     0.00
   	  720.00   352.00     0.00    90.00
   	  720.00   352.00     0.00    90.00
   	  528.00   470.00     0.00    90.00
   	  528.00   470.00     0.00    90.00
   	  336.00   515.00     0.00    90.00
   	  336.00   515.00     0.00    90.00
   	  792.00   367.00     0.00    90.00
   	  792.00   367.00     0.00    90.00
  15 	 -156.00   208.00     0.00     0.00     0.00     0.00
  15 	 -156.00   208.00     0.00     0.00     0.00     0.00
   	  720.00   352.00     0.00    90.00
   	  720.00   352.00     0.00    90.00
   	  528.00   470.00     0.00    90.00
   	  528.00   470.00     0.00    90.00
   	  336.00   515.00     0.00    90.00
   	  336.00   515.00     0.00    90.00
   	  792.00   367.00     0.00    90.00
   	  792.00   367.00     0.00    90.00
  16 	 -104.00   208.00     0.00     0.00     0.00     0.00
  16 	 -104.00   208.00     0.00     0.00     0.00     0.00
   	  720.00   352.00     0.00    90.00
   	  720.00   352.00     0.00    90.00
   	  528.00   470.00     0.00    90.00
   	  528.00   470.00     0.00    90.00
   	  336.00   515.00     0.00    90.00
   	  336.00   515.00     0.00    90.00
   	  792.00   367.00     0.00    90.00
   	  792.00   367.00     0.00    90.00
  17 	 -260.00   260.00     0.00     0.00     0.00     0.00
  17 	 -260.00   260.00     0.00     0.00     0.00     0.00
   	  720.00   352.00     0.00    90.00
   	  720.00   352.00     0.00    90.00
   	  528.00   470.00     0.00    90.00
   	  528.00   470.00     0.00    90.00
   	  336.00   515.00     0.00    90.00
   	  336.00   515.00     0.00    90.00
   	  792.00   367.00     0.00    90.00
   	  792.00   367.00     0.00    90.00
  18 	 -208.00   260.00     0.00     0.00     0.00     0.00
  18 	 -208.00   260.00     0.00     0.00     0.00     0.00
   	  720.00   352.00     0.00    90.00
   	  720.00   352.00     0.00    90.00
   	  528.00   470.00     0.00    90.00
   	  528.00   470.00     0.00    90.00
   	  336.00   515.00     0.00    90.00
   	  336.00   515.00     0.00    90.00
   	  792.00   367.00     0.00    90.00
   	  792.00   367.00     0.00    90.00
  19 	 -156.00   260.00     0.00     0.00     0.00     0.00
  19 	 -156.00   260.00     0.00     0.00     0.00     0.00
   	  720.00   352.00     0.00    90.00
   	  720.00   352.00     0.00    90.00
   	  528.00   470.00     0.00    90.00
   	  528.00   470.00     0.00    90.00
   	  336.00   515.00     0.00    90.00
   	  336.00   515.00     0.00    90.00
   	  792.00   367.00     0.00    90.00
   	  792.00   367.00     0.00    90.00
  20 	 -104.00   260.00     0.00     0.00     0.00     0.00
  20 	 -104.00   260.00     0.00     0.00     0.00     0.00
   	  720.00   352.00     0.00    90.00
   	  720.00   352.00     0.00    90.00
   	  528.00   470.00     0.00    90.00
   	  528.00   470.00     0.00    90.00
   	  336.00   515.00     0.00    90.00
   	  336.00   515.00     0.00    90.00
   	  792.00   367.00     0.00    90.00
   	  792.00   367.00     0.00    90.00

** End writing output file: ../inputs/gr142.dat 
