*******************************************************************************
                         ARRAY PREPROCESSOR ver. 1.0
*******************************************************************************



   1	GROUP testgroup
   3	 GRID SQUARE
   4	 ELEMENT
   5	 GEOMETRY CIRCULAR RADIUS 59
   6	 POLARIZATION LINEAR
   7	 ADD BLOCK 3 5 1 4
   9	 GROUP_EXCITATION
  10	 AMPLITUDE UNIFORM 21
  11	 PHASE UNIFORM 78
  12	 END

** Generating GROUP: testgroup.
** PSTEP,QSTEP set to:118.000000,118.000000
** Grid ANGLE set to:90.000000 
** Group ROT_ANGLE set to: 0.000000 

** Writing output file: ../inputs/gr147.dat

NEL 
NPORTS
IDUM      REXA     REYA     REZA     THEA     PHEA     PSEA 
          AMP      PSH      PSC      PHEPOL
   6
   6
   1
   1
   1 	  118.00   472.00     0.00     0.00     0.00     0.00
   1 	  118.00   472.00     0.00     0.00     0.00     0.00
   	   21.00    78.00     0.00    90.00
   	   21.00    78.00     0.00    90.00
   2 	  236.00   472.00     0.00     0.00     0.00     0.00
   2 	  236.00   472.00     0.00     0.00     0.00     0.00
   	   21.00    78.00     0.00    90.00
   	   21.00    78.00     0.00    90.00
   3 	  354.00   472.00     0.00     0.00     0.00     0.00
   3 	  354.00   472.00     0.00     0.00     0.00     0.00
   	   21.00    78.00     0.00    90.00
   	   21.00    78.00     0.00    90.00
   4 	  118.00   590.00     0.00     0.00     0.00     0.00
   4 	  118.00   590.00     0.00     0.00     0.00     0.00
   	   21.00    78.00     0.00    90.00
   	   21.00    78.00     0.00    90.00
   5 	  236.00   590.00     0.00     0.00     0.00     0.00
   5 	  236.00   590.00     0.00     0.00     0.00     0.00
   	   21.00    78.00     0.00    90.00
   	   21.00    78.00     0.00    90.00
   6 	  354.00   590.00     0.00     0.00     0.00     0.00
   6 	  354.00   590.00     0.00     0.00     0.00     0.00
   	   21.00    78.00     0.00    90.00
   	   21.00    78.00     0.00    90.00

** End writing output file: ../inputs/gr147.dat 
