*******************************************************************************
                         ARRAY PREPROCESSOR ver. 1.0
*******************************************************************************



   1	GROUP testgroup
   3	 GRID RECTANGULAR
   4	 ELEMENT
   5	 GEOMETRY CIRCULAR 41
   7	 ADD BLOCK -3 0 4 7
   8	 ADD BLOCK 2 -5 4 0
  10	 GROUP_EXCITATION
  11	 AMPLITUDE UNIFORM 30
  12	 PHASE UNIFORM -47
  13	 END

** Generating GROUP: testgroup.
** PSTEP,QSTEP set to:82.000000,82.000000
** Grid ANGLE set to:90.000000 
** Group ROT_ANGLE set to: 0.000000 

** Writing output file: ../inputs/gr157.dat

NEL 
NPORTS
IDUM      REXA     REYA     REZA     THEA     PHEA     PSEA 
          AMP      PSH      PSC      PHEPOL
  82
  82
   1
   1
   1 	 -246.00     0.00     0.00     0.00     0.00     0.00
   1 	 -246.00     0.00     0.00     0.00     0.00     0.00
   	   30.00   -47.00     0.00    90.00
   	   30.00   -47.00     0.00    90.00
   2 	 -164.00     0.00     0.00     0.00     0.00     0.00
   2 	 -164.00     0.00     0.00     0.00     0.00     0.00
   	   30.00   -47.00     0.00    90.00
   	   30.00   -47.00     0.00    90.00
   3 	  -82.00     0.00     0.00     0.00     0.00     0.00
   3 	  -82.00     0.00     0.00     0.00     0.00     0.00
   	   30.00   -47.00     0.00    90.00
   	   30.00   -47.00     0.00    90.00
   4 	    0.00     0.00     0.00     0.00     0.00     0.00
   4 	    0.00     0.00     0.00     0.00     0.00     0.00
   	   30.00   -47.00     0.00    90.00
   	   30.00   -47.00     0.00    90.00
   5 	   82.00     0.00     0.00     0.00     0.00     0.00
   5 	   82.00     0.00     0.00     0.00     0.00     0.00
   	   30.00   -47.00     0.00    90.00
   	   30.00   -47.00     0.00    90.00
   6 	  164.00     0.00     0.00     0.00     0.00     0.00
   6 	  164.00     0.00     0.00     0.00     0.00     0.00
   	   30.00   -47.00     0.00    90.00
   	   30.00   -47.00     0.00    90.00
   7 	  246.00     0.00     0.00     0.00     0.00     0.00
   7 	  246.00     0.00     0.00     0.00     0.00     0.00
   	   30.00   -47.00     0.00    90.00
   	   30.00   -47.00     0.00    90.00
   8 	  328.00     0.00     0.00     0.00     0.00     0.00
   8 	  328.00     0.00     0.00     0.00     0.00     0.00
   	   30.00   -47.00     0.00    90.00
   	   30.00   -47.00     0.00    90.00
   9 	 -246.00    82.00     0.00     0.00     0.00     0.00
   9 	 -246.00    82.00     0.00     0.00     0.00     0.00
   	   30.00   -47.00     0.00    90.00
   	   30.00   -47.00     0.00    90.00
  10 	 -164.00    82.00     0.00     0.00     0.00     0.00
  10 	 -164.00    82.00     0.00     0.00     0.00     0.00
   	   30.00   -47.00     0.00    90.00
   	   30.00   -47.00     0.00    90.00
  11 	  -82.00    82.00     0.00     0.00     0.00     0.00
  11 	  -82.00    82.00     0.00     0.00     0.00     0.00
   	   30.00   -47.00     0.00    90.00
   	   30.00   -47.00     0.00    90.00
  12 	   -0.00    82.00     0.00     0.00     0.00     0.00
  12 	   -0.00    82.00     0.00     0.00     0.00     0.00
   	   30.00   -47.00     0.00    90.00
   	   30.00   -47.00     0.00    90.00
  13 	   82.00    82.00     0.00     0.00     0.00     0.00
  13 	   82.00    82.00     0.00     0.00     0.00     0.00
   	   30.00   -47.00     0.00    90.00
   	   30.00   -47.00     0.00    90.00
  14 	  164.00    82.00     0.00     0.00     0.00     0.00
  14 	  164.00    82.00     0.00     0.00     0.00     0.00
   	   30.00   -47.00     0.00    90.00
   	   30.00   -47.00     0.00    90.00
  15 	  246.00    82.00     0.00     0.00     0.00     0.00
  15 	  246.00    82.00     0.00     0.00     0.00     0.00
   	   30.00   -47.00     0.00    90.00
   	   30.00   -47.00     0.00    90.00
  16 	  328.00    82.00     0.00     0.00     0.00     0.00
  16 	  328.00    82.00     0.00     0.00     0.00     0.00
   	   30.00   -47.00     0.00    90.00
   	   30.00   -47.00     0.00    90.00
  17 	 -246.00   164.00     0.00     0.00     0.00     0.00
  17 	 -246.00   164.00     0.00     0.00     0.00     0.00
   	   30.00   -47.00     0.00    90.00
   	   30.00   -47.00     0.00    90.00
  18 	 -164.00   164.00     0.00     0.00     0.00     0.00
  18 	 -164.00   164.00     0.00     0.00     0.00     0.00
   	   30.00   -47.00     0.00    90.00
   	   30.00   -47.00     0.00    90.00
  19 	  -82.00   164.00     0.00     0.00     0.00     0.00
  19 	  -82.00   164.00     0.00     0.00     0.00     0.00
   	   30.00   -47.00     0.00    90.00
   	   30.00   -47.00     0.00    90.00
  20 	   -0.00   164.00     0.00     0.00     0.00     0.00
  20 	   -0.00   164.00     0.00     0.00     0.00     0.00
   	   30.00   -47.00     0.00    90.00
   	   30.00   -47.00     0.00    90.00
  21 	   82.00   164.00     0.00     0.00     0.00     0.00
  21 	   82.00   164.00     0.00     0.00     0.00     0.00
   	   30.00   -47.00     0.00    90.00
   	   30.00   -47.00     0.00    90.00
  22 	  164.00   164.00     0.00     0.00     0.00     0.00
  22 	  164.00   164.00     0.00     0.00     0.00     0.00
   	   30.00   -47.00     0.00    90.00
   	   30.00   -47.00     0.00    90.00
  23 	  246.00   164.00     0.00     0.00     0.00     0.00
  23 	  246.00   164.00     0.00     0.00     0.00     0.00
   	   30.00   -47.00     0.00    90.00
   	   30.00   -47.00     0.00    90.00
  24 	  328.00   164.00     0.00     0.00     0.00     0.00
  24 	  328.00   164.00     0.00     0.00     0.00     0.00
   	   30.00   -47.00     0.00    90.00
   	   30.00   -47.00     0.00    90.00
  25 	 -246.00   246.00     0.00     0.00     0.00     0.00
  25 	 -246.00   246.00     0.00     0.00     0.00     0.00
   	   30.00   -47.00     0.00    90.00
   	   30.00   -47.00     0.00    90.00
  26 	 -164.00   246.00     0.00     0.00     0.00     0.00
  26 	 -164.00   246.00     0.00     0.00     0.00     0.00
   	   30.00   -47.00     0.00    90.00
   	   30.00   -47.00     0.00    90.00
  27 	  -82.00   246.00     0.00     0.00     0.00     0.00
  27 	  -82.00   246.00     0.00     0.00     0.00     0.00
   	   30.00   -47.00     0.00    90.00
   	   30.00   -47.00     0.00    90.00
  28 	   -0.00   246.00     0.00     0.00     0.00     0.00
  28 	   -0.00   246.00     0.00     0.00     0.00     0.00
   	   30.00   -47.00     0.00    90.00
   	   30.00   -47.00     0.00    90.00
  29 	   82.00   246.00     0.00     0.00     0.00     0.00
  29 	   82.00   246.00     0.00     0.00     0.00     0.00
   	   30.00   -47.00     0.00    90.00
   	   30.00   -47.00     0.00    90.00
  30 	  164.00   246.00     0.00     0.00     0.00     0.00
  30 	  164.00   246.00     0.00     0.00     0.00     0.00
   	   30.00   -47.00     0.00    90.00
   	   30.00   -47.00     0.00    90.00
  31 	  246.00   246.00     0.00     0.00     0.00     0.00
  31 	  246.00   246.00     0.00     0.00     0.00     0.00
   	   30.00   -47.00     0.00    90.00
   	   30.00   -47.00     0.00    90.00
  32 	  328.00   246.00     0.00     0.00     0.00     0.00
  32 	  328.00   246.00     0.00     0.00     0.00     0.00
   	   30.00   -47.00     0.00    90.00
   	   30.00   -47.00     0.00    90.00
  33 	 -246.00   328.00     0.00     0.00     0.00     0.00
  33 	 -246.00   328.00     0.00     0.00     0.00     0.00
   	   30.00   -47.00     0.00    90.00
   	   30.00   -47.00     0.00    90.00
  34 	 -164.00   328.00     0.00     0.00     0.00     0.00
  34 	 -164.00   328.00     0.00     0.00     0.00     0.00
   	   30.00   -47.00     0.00    90.00
   	   30.00   -47.00     0.00    90.00
  35 	  -82.00   328.00     0.00     0.00     0.00     0.00
  35 	  -82.00   328.00     0.00     0.00     0.00     0.00
   	   30.00   -47.00     0.00    90.00
   	   30.00   -47.00     0.00    90.00
  36 	   -0.00   328.00     0.00     0.00     0.00     0.00
  36 	   -0.00   328.00     0.00     0.00     0.00     0.00
   	   30.00   -47.00     0.00    90.00
   	   30.00   -47.00     0.00    90.00
  37 	   82.00   328.00     0.00     0.00     0.00     0.00
  37 	   82.00   328.00     0.00     0.00     0.00     0.00
   	   30.00   -47.00     0.00    90.00
   	   30.00   -47.00     0.00    90.00
  38 	  164.00   328.00     0.00     0.00     0.00     0.00
  38 	  164.00   328.00     0.00     0.00     0.00     0.00
   	   30.00   -47.00     0.00    90.00
   	   30.00   -47.00     0.00    90.00
  39 	  246.00   328.00     0.00     0.00     0.00     0.00
  39 	  246.00   328.00     0.00     0.00     0.00     0.00
   	   30.00   -47.00     0.00    90.00
   	   30.00   -47.00     0.00    90.00
  40 	  328.00   328.00     0.00     0.00     0.00     0.00
  40 	  328.00   328.00     0.00     0.00     0.00     0.00
   	   30.00   -47.00     0.00    90.00
   	   30.00   -47.00     0.00    90.00
  41 	 -246.00   410.00     0.00     0.00     0.00     0.00
  41 	 -246.00   410.00     0.00     0.00     0.00     0.00
   	   30.00   -47.00     0.00    90.00
   	   30.00   -47.00     0.00    90.00
  42 	 -164.00   410.00     0.00     0.00     0.00     0.00
  42 	 -164.00   410.00     0.00     0.00     0.00     0.00
   	   30.00   -47.00     0.00    90.00
   	   30.00   -47.00     0.00    90.00
  43 	  -82.00   410.00     0.00     0.00     0.00     0.00
  43 	  -82.00   410.00     0.00     0.00     0.00     0.00
   	   30.00   -47.00     0.00    90.00
   	   30.00   -47.00     0.00    90.00
  44 	   -0.00   410.00     0.00     0.00     0.00     0.00
  44 	   -0.00   410.00     0.00     0.00     0.00     0.00
   	   30.00   -47.00     0.00    90.00
   	   30.00   -47.00     0.00    90.00
  45 	   82.00   410.00     0.00     0.00     0.00     0.00
  45 	   82.00   410.00     0.00     0.00     0.00     0.00
   	   30.00   -47.00     0.00    90.00
   	   30.00   -47.00     0.00    90.00
  46 	  164.00   410.00     0.00     0.00     0.00     0.00
  46 	  164.00   410.00     0.00     0.00     0.00     0.00
   	   30.00   -47.00     0.00    90.00
   	   30.00   -47.00     0.00    90.00
  47 	  246.00   410.00     0.00     0.00     0.00     0.00
  47 	  246.00   410.00     0.00     0.00     0.00     0.00
   	   30.00   -47.00     0.00    90.00
   	   30.00   -47.00     0.00    90.00
  48 	  328.00   410.00     0.00     0.00     0.00     0.00
  48 	  328.00   410.00     0.00     0.00     0.00     0.00
   	   30.00   -47.00     0.00    90.00
   	   30.00   -47.00     0.00    90.00
  49 	 -246.00   492.00     0.00     0.00     0.00     0.00
  49 	 -246.00   492.00     0.00     0.00     0.00     0.00
   	   30.00   -47.00     0.00    90.00
   	   30.00   -47.00     0.00    90.00
  50 	 -164.00   492.00     0.00     0.00     0.00     0.00
  50 	 -164.00   492.00     0.00     0.00     0.00     0.00
   	   30.00   -47.00     0.00    90.00
   	   30.00   -47.00     0.00    90.00
  51 	  -82.00   492.00     0.00     0.00     0.00     0.00
  51 	  -82.00   492.00     0.00     0.00     0.00     0.00
   	   30.00   -47.00     0.00    90.00
   	   30.00   -47.00     0.00    90.00
  52 	   -0.00   492.00     0.00     0.00     0.00     0.00
  52 	   -0.00   492.00     0.00     0.00     0.00     0.00
   	   30.00   -47.00     0.00    90.00
   	   30.00   -47.00     0.00    90.00
  53 	   82.00   492.00     0.00     0.00     0.00     0.00
  53 	   82.00   492.00     0.00     0.00     0.00     0.00
   	   30.00   -47.00     0.00    90.00
   	   30.00   -47.00     0.00    90.00
  54 	  164.00   492.00     0.00     0.00     0.00     0.00
  54 	  164.00   492.00     0.00     0.00     0.00     0.00
   	   30.00   -47.00     0.00    90.00
   	   30.00   -47.00     0.00    90.00
  55 	  246.00   492.00     0.00     0.00     0.00     0.00
  55 	  246.00   492.00     0.00     0.00     0.00     0.00
   	   30.00   -47.00     0.00    90.00
   	   30.00   -47.00     0.00    90.00
  56 	  328.00   492.00     0.00     0.00     0.00     0.00
  56 	  328.00   492.00     0.00     0.00     0.00     0.00
   	   30.00   -47.00     0.00    90.00
   	   30.00   -47.00     0.00    90.00
  57 	 -246.00   574.00     0.00     0.00     0.00     0.00
  57 	 -246.00   574.00     0.00     0.00     0.00     0.00
   	   30.00   -47.00     0.00    90.00
   	   30.00   -47.00     0.00    90.00
  58 	 -164.00   574.00     0.00     0.00     0.00     0.00
  58 	 -164.00   574.00     0.00     0.00     0.00     0.00
   	   30.00   -47.00     0.00    90.00
   	   30.00   -47.00     0.00    90.00
  59 	  -82.00   574.00     0.00     0.00     0.00     0.00
  59 	  -82.00   574.00     0.00     0.00     0.00     0.00
   	   30.00   -47.00     0.00    90.00
   	   30.00   -47.00     0.00    90.00
  60 	   -0.00   574.00     0.00     0.00     0.00     0.00
  60 	   -0.00   574.00     0.00     0.00     0.00     0.00
   	   30.00   -47.00     0.00    90.00
   	   30.00   -47.00     0.00    90.00
  61 	   82.00   574.00     0.00     0.00     0.00     0.00
  61 	   82.00   574.00     0.00     0.00     0.00     0.00
   	   30.00   -47.00     0.00    90.00
   	   30.00   -47.00     0.00    90.00
  62 	  164.00   574.00     0.00     0.00     0.00     0.00
  62 	  164.00   574.00     0.00     0.00     0.00     0.00
   	   30.00   -47.00     0.00    90.00
   	   30.00   -47.00     0.00    90.00
  63 	  246.00   574.00     0.00     0.00     0.00     0.00
  63 	  246.00   574.00     0.00     0.00     0.00     0.00
   	   30.00   -47.00     0.00    90.00
   	   30.00   -47.00     0.00    90.00
  64 	  328.00   574.00     0.00     0.00     0.00     0.00
  64 	  328.00   574.00     0.00     0.00     0.00     0.00
   	   30.00   -47.00     0.00    90.00
   	   30.00   -47.00     0.00    90.00
  65 	  164.00  -410.00     0.00     0.00     0.00     0.00
  65 	  164.00  -410.00     0.00     0.00     0.00     0.00
   	   30.00   -47.00     0.00    90.00
   	   30.00   -47.00     0.00    90.00
  66 	  246.00  -410.00     0.00     0.00     0.00     0.00
  66 	  246.00  -410.00     0.00     0.00     0.00     0.00
   	   30.00   -47.00     0.00    90.00
   	   30.00   -47.00     0.00    90.00
  67 	  328.00  -410.00     0.00     0.00     0.00     0.00
  67 	  328.00  -410.00     0.00     0.00     0.00     0.00
   	   30.00   -47.00     0.00    90.00
   	   30.00   -47.00     0.00    90.00
  68 	  164.00  -328.00     0.00     0.00     0.00     0.00
  68 	  164.00  -328.00     0.00     0.00     0.00     0.00
   	   30.00   -47.00     0.00    90.00
   	   30.00   -47.00     0.00    90.00
  69 	  246.00  -328.00     0.00     0.00     0.00     0.00
  69 	  246.00  -328.00     0.00     0.00     0.00     0.00
   	   30.00   -47.00     0.00    90.00
   	   30.00   -47.00     0.00    90.00
  70 	  328.00  -328.00     0.00     0.00     0.00     0.00
  70 	  328.00  -328.00     0.00     0.00     0.00     0.00
   	   30.00   -47.00     0.00    90.00
   	   30.00   -47.00     0.00    90.00
  71 	  164.00  -246.00     0.00     0.00     0.00     0.00
  71 	  164.00  -246.00     0.00     0.00     0.00     0.00
   	   30.00   -47.00     0.00    90.00
   	   30.00   -47.00     0.00    90.00
  72 	  246.00  -246.00     0.00     0.00     0.00     0.00
  72 	  246.00  -246.00     0.00     0.00     0.00     0.00
   	   30.00   -47.00     0.00    90.00
   	   30.00   -47.00     0.00    90.00
  73 	  328.00  -246.00     0.00     0.00     0.00     0.00
  73 	  328.00  -246.00     0.00     0.00     0.00     0.00
   	   30.00   -47.00     0.00    90.00
   	   30.00   -47.00     0.00    90.00
  74 	  164.00  -164.00     0.00     0.00     0.00     0.00
  74 	  164.00  -164.00     0.00     0.00     0.00     0.00
   	   30.00   -47.00     0.00    90.00
   	   30.00   -47.00     0.00    90.00
  75 	  246.00  -164.00     0.00     0.00     0.00     0.00
  75 	  246.00  -164.00     0.00     0.00     0.00     0.00
   	   30.00   -47.00     0.00    90.00
   	   30.00   -47.00     0.00    90.00
  76 	  328.00  -164.00     0.00     0.00     0.00     0.00
  76 	  328.00  -164.00     0.00     0.00     0.00     0.00
   	   30.00   -47.00     0.00    90.00
   	   30.00   -47.00     0.00    90.00
  77 	  164.00   -82.00     0.00     0.00     0.00     0.00
  77 	  164.00   -82.00     0.00     0.00     0.00     0.00
   	   30.00   -47.00     0.00    90.00
   	   30.00   -47.00     0.00    90.00
  78 	  246.00   -82.00     0.00     0.00     0.00     0.00
  78 	  246.00   -82.00     0.00     0.00     0.00     0.00
   	   30.00   -47.00     0.00    90.00
   	   30.00   -47.00     0.00    90.00
  79 	  328.00   -82.00     0.00     0.00     0.00     0.00
  79 	  328.00   -82.00     0.00     0.00     0.00     0.00
   	   30.00   -47.00     0.00    90.00
   	   30.00   -47.00     0.00    90.00
  80 	  164.00     0.00     0.00     0.00     0.00     0.00
  80 	  164.00     0.00     0.00     0.00     0.00     0.00
   	   30.00   -47.00     0.00    90.00
   	   30.00   -47.00     0.00    90.00
  81 	  246.00     0.00     0.00     0.00     0.00     0.00
  81 	  246.00     0.00     0.00     0.00     0.00     0.00
   	   30.00   -47.00     0.00    90.00
   	   30.00   -47.00     0.00    90.00
  82 	  328.00     0.00     0.00     0.00     0.00     0.00
  82 	  328.00     0.00     0.00     0.00     0.00     0.00
   	   30.00   -47.00     0.00    90.00
   	   30.00   -47.00     0.00    90.00

** End writing output file: ../inputs/gr157.dat 
