*******************************************************************************
                         ARRAY PREPROCESSOR ver. 1.0
*******************************************************************************



   1	GROUP testgroup
   3	 GRID HEXAGONAL
   4	 ELEMENT
   5	 GEOMETRY CIRCULAR 65
   7	 ADD HEXAGON -3 -2
   8	 ADD HEXAGON 3 -4
  10	 GROUP_EXCITATION
  11	 AMPLITUDE UNIFORM 21
  12	 PHASE UNIFORM -9
  13	 END

** Generating GROUP: testgroup.
** PSTEP,QSTEP set to:130.000000,130.000000
** Grid ANGLE set to:60.000000 
** Group ROT_ANGLE set to: 0.000000 

** Writing output file: ../inputs/gr158.dat

NEL 
NPORTS
IDUM      REXA     REYA     REZA     THEA     PHEA     PSEA 
          AMP      PSH      PSC      PHEPOL
  14
  14
   1
   1
   1 	 -585.00  -112.58     0.00     0.00     0.00     0.00
   1 	 -585.00  -112.58     0.00     0.00     0.00     0.00
   	   21.00    -9.00     0.00    90.00
   	   21.00    -9.00     0.00    90.00
   2 	 -455.00  -112.58     0.00     0.00     0.00     0.00
   2 	 -455.00  -112.58     0.00     0.00     0.00     0.00
   	   21.00    -9.00     0.00    90.00
   	   21.00    -9.00     0.00    90.00
   3 	 -390.00  -225.17     0.00     0.00     0.00     0.00
   3 	 -390.00  -225.17     0.00     0.00     0.00     0.00
   	   21.00    -9.00     0.00    90.00
   	   21.00    -9.00     0.00    90.00
   4 	 -455.00  -337.75     0.00     0.00     0.00     0.00
   4 	 -455.00  -337.75     0.00     0.00     0.00     0.00
   	   21.00    -9.00     0.00    90.00
   	   21.00    -9.00     0.00    90.00
   5 	 -585.00  -337.75     0.00     0.00     0.00     0.00
   5 	 -585.00  -337.75     0.00     0.00     0.00     0.00
   	   21.00    -9.00     0.00    90.00
   	   21.00    -9.00     0.00    90.00
   6 	 -650.00  -225.17     0.00     0.00     0.00     0.00
   6 	 -650.00  -225.17     0.00     0.00     0.00     0.00
   	   21.00    -9.00     0.00    90.00
   	   21.00    -9.00     0.00    90.00
   7 	 -520.00  -225.17     0.00     0.00     0.00     0.00
   7 	 -520.00  -225.17     0.00     0.00     0.00     0.00
   	   21.00    -9.00     0.00    90.00
   	   21.00    -9.00     0.00    90.00
   8 	   65.00  -337.75     0.00     0.00     0.00     0.00
   8 	   65.00  -337.75     0.00     0.00     0.00     0.00
   	   21.00    -9.00     0.00    90.00
   	   21.00    -9.00     0.00    90.00
   9 	  195.00  -337.75     0.00     0.00     0.00     0.00
   9 	  195.00  -337.75     0.00     0.00     0.00     0.00
   	   21.00    -9.00     0.00    90.00
   	   21.00    -9.00     0.00    90.00
  10 	  260.00  -450.33     0.00     0.00     0.00     0.00
  10 	  260.00  -450.33     0.00     0.00     0.00     0.00
   	   21.00    -9.00     0.00    90.00
   	   21.00    -9.00     0.00    90.00
  11 	  195.00  -562.92     0.00     0.00     0.00     0.00
  11 	  195.00  -562.92     0.00     0.00     0.00     0.00
   	   21.00    -9.00     0.00    90.00
   	   21.00    -9.00     0.00    90.00
  12 	   65.00  -562.92     0.00     0.00     0.00     0.00
  12 	   65.00  -562.92     0.00     0.00     0.00     0.00
   	   21.00    -9.00     0.00    90.00
   	   21.00    -9.00     0.00    90.00
  13 	    0.00  -450.33     0.00     0.00     0.00     0.00
  13 	    0.00  -450.33     0.00     0.00     0.00     0.00
   	   21.00    -9.00     0.00    90.00
   	   21.00    -9.00     0.00    90.00
  14 	  130.00  -450.33     0.00     0.00     0.00     0.00
  14 	  130.00  -450.33     0.00     0.00     0.00     0.00
   	   21.00    -9.00     0.00    90.00
   	   21.00    -9.00     0.00    90.00

** End writing output file: ../inputs/gr158.dat 
