*******************************************************************************
                         ARRAY PREPROCESSOR ver. 1.0
*******************************************************************************



   1	GROUP testgroup
   3	 GRID RECTANGULAR
   4	 ELEMENT
   5	 GEOMETRY RECTANGULAR 37 78
   7	 POLARIZATION CIRCULAR
   8	 ADD BLOCK -10 0 1 -5
   9	 ADD BLOCK -3 6 -6 3
  10	 ADD BLOCK 1 -7 0 11
  12	 GROUP_EXCITATION
  13	 AMPLITUDE UNIFORM 27
  14	 PHASE UNIFORM -32
  15	 END

** Generating GROUP: testgroup.
** PSTEP,QSTEP set to:37.000000,78.000000
** Grid ANGLE set to:90.000000 
** Group ROT_ANGLE set to: 0.000000 

** Writing output file: ../inputs/gr159.dat

NEL 
NPORTS
IDUM      REXA     REYA     REZA     THEA     PHEA     PSEA 
          AMP      PSH      PSC      PHEPOL
 126
 126
   1
   1
   1 	 -370.00  -390.00     0.00     0.00     0.00     0.00
   1 	 -370.00  -390.00     0.00     0.00     0.00     0.00
   	   27.00   -32.00     0.00    90.00
   	   27.00   -32.00     0.00    90.00
   2 	 -333.00  -390.00     0.00     0.00     0.00     0.00
   2 	 -333.00  -390.00     0.00     0.00     0.00     0.00
   	   27.00   -32.00     0.00    90.00
   	   27.00   -32.00     0.00    90.00
   3 	 -296.00  -390.00     0.00     0.00     0.00     0.00
   3 	 -296.00  -390.00     0.00     0.00     0.00     0.00
   	   27.00   -32.00     0.00    90.00
   	   27.00   -32.00     0.00    90.00
   4 	 -259.00  -390.00     0.00     0.00     0.00     0.00
   4 	 -259.00  -390.00     0.00     0.00     0.00     0.00
   	   27.00   -32.00     0.00    90.00
   	   27.00   -32.00     0.00    90.00
   5 	 -222.00  -390.00     0.00     0.00     0.00     0.00
   5 	 -222.00  -390.00     0.00     0.00     0.00     0.00
   	   27.00   -32.00     0.00    90.00
   	   27.00   -32.00     0.00    90.00
   6 	 -185.00  -390.00     0.00     0.00     0.00     0.00
   6 	 -185.00  -390.00     0.00     0.00     0.00     0.00
   	   27.00   -32.00     0.00    90.00
   	   27.00   -32.00     0.00    90.00
   7 	 -148.00  -390.00     0.00     0.00     0.00     0.00
   7 	 -148.00  -390.00     0.00     0.00     0.00     0.00
   	   27.00   -32.00     0.00    90.00
   	   27.00   -32.00     0.00    90.00
   8 	 -111.00  -390.00     0.00     0.00     0.00     0.00
   8 	 -111.00  -390.00     0.00     0.00     0.00     0.00
   	   27.00   -32.00     0.00    90.00
   	   27.00   -32.00     0.00    90.00
   9 	  -74.00  -390.00     0.00     0.00     0.00     0.00
   9 	  -74.00  -390.00     0.00     0.00     0.00     0.00
   	   27.00   -32.00     0.00    90.00
   	   27.00   -32.00     0.00    90.00
  10 	  -37.00  -390.00     0.00     0.00     0.00     0.00
  10 	  -37.00  -390.00     0.00     0.00     0.00     0.00
   	   27.00   -32.00     0.00    90.00
   	   27.00   -32.00     0.00    90.00
  11 	    0.00  -390.00     0.00     0.00     0.00     0.00
  11 	    0.00  -390.00     0.00     0.00     0.00     0.00
   	   27.00   -32.00     0.00    90.00
   	   27.00   -32.00     0.00    90.00
  12 	   37.00  -390.00     0.00     0.00     0.00     0.00
  12 	   37.00  -390.00     0.00     0.00     0.00     0.00
   	   27.00   -32.00     0.00    90.00
   	   27.00   -32.00     0.00    90.00
  13 	 -370.00  -312.00     0.00     0.00     0.00     0.00
  13 	 -370.00  -312.00     0.00     0.00     0.00     0.00
   	   27.00   -32.00     0.00    90.00
   	   27.00   -32.00     0.00    90.00
  14 	 -333.00  -312.00     0.00     0.00     0.00     0.00
  14 	 -333.00  -312.00     0.00     0.00     0.00     0.00
   	   27.00   -32.00     0.00    90.00
   	   27.00   -32.00     0.00    90.00
  15 	 -296.00  -312.00     0.00     0.00     0.00     0.00
  15 	 -296.00  -312.00     0.00     0.00     0.00     0.00
   	   27.00   -32.00     0.00    90.00
   	   27.00   -32.00     0.00    90.00
  16 	 -259.00  -312.00     0.00     0.00     0.00     0.00
  16 	 -259.00  -312.00     0.00     0.00     0.00     0.00
   	   27.00   -32.00     0.00    90.00
   	   27.00   -32.00     0.00    90.00
  17 	 -222.00  -312.00     0.00     0.00     0.00     0.00
  17 	 -222.00  -312.00     0.00     0.00     0.00     0.00
   	   27.00   -32.00     0.00    90.00
   	   27.00   -32.00     0.00    90.00
  18 	 -185.00  -312.00     0.00     0.00     0.00     0.00
  18 	 -185.00  -312.00     0.00     0.00     0.00     0.00
   	   27.00   -32.00     0.00    90.00
   	   27.00   -32.00     0.00    90.00
  19 	 -148.00  -312.00     0.00     0.00     0.00     0.00
  19 	 -148.00  -312.00     0.00     0.00     0.00     0.00
   	   27.00   -32.00     0.00    90.00
   	   27.00   -32.00     0.00    90.00
  20 	 -111.00  -312.00     0.00     0.00     0.00     0.00
  20 	 -111.00  -312.00     0.00     0.00     0.00     0.00
   	   27.00   -32.00     0.00    90.00
   	   27.00   -32.00     0.00    90.00
  21 	  -74.00  -312.00     0.00     0.00     0.00     0.00
  21 	  -74.00  -312.00     0.00     0.00     0.00     0.00
   	   27.00   -32.00     0.00    90.00
   	   27.00   -32.00     0.00    90.00
  22 	  -37.00  -312.00     0.00     0.00     0.00     0.00
  22 	  -37.00  -312.00     0.00     0.00     0.00     0.00
   	   27.00   -32.00     0.00    90.00
   	   27.00   -32.00     0.00    90.00
  23 	    0.00  -312.00     0.00     0.00     0.00     0.00
  23 	    0.00  -312.00     0.00     0.00     0.00     0.00
   	   27.00   -32.00     0.00    90.00
   	   27.00   -32.00     0.00    90.00
  24 	   37.00  -312.00     0.00     0.00     0.00     0.00
  24 	   37.00  -312.00     0.00     0.00     0.00     0.00
   	   27.00   -32.00     0.00    90.00
   	   27.00   -32.00     0.00    90.00
  25 	 -370.00  -234.00     0.00     0.00     0.00     0.00
  25 	 -370.00  -234.00     0.00     0.00     0.00     0.00
   	   27.00   -32.00     0.00    90.00
   	   27.00   -32.00     0.00    90.00
  26 	 -333.00  -234.00     0.00     0.00     0.00     0.00
  26 	 -333.00  -234.00     0.00     0.00     0.00     0.00
   	   27.00   -32.00     0.00    90.00
   	   27.00   -32.00     0.00    90.00
  27 	 -296.00  -234.00     0.00     0.00     0.00     0.00
  27 	 -296.00  -234.00     0.00     0.00     0.00     0.00
   	   27.00   -32.00     0.00    90.00
   	   27.00   -32.00     0.00    90.00
  28 	 -259.00  -234.00     0.00     0.00     0.00     0.00
  28 	 -259.00  -234.00     0.00     0.00     0.00     0.00
   	   27.00   -32.00     0.00    90.00
   	   27.00   -32.00     0.00    90.00
  29 	 -222.00  -234.00     0.00     0.00     0.00     0.00
  29 	 -222.00  -234.00     0.00     0.00     0.00     0.00
   	   27.00   -32.00     0.00    90.00
   	   27.00   -32.00     0.00    90.00
  30 	 -185.00  -234.00     0.00     0.00     0.00     0.00
  30 	 -185.00  -234.00     0.00     0.00     0.00     0.00
   	   27.00   -32.00     0.00    90.00
   	   27.00   -32.00     0.00    90.00
  31 	 -148.00  -234.00     0.00     0.00     0.00     0.00
  31 	 -148.00  -234.00     0.00     0.00     0.00     0.00
   	   27.00   -32.00     0.00    90.00
   	   27.00   -32.00     0.00    90.00
  32 	 -111.00  -234.00     0.00     0.00     0.00     0.00
  32 	 -111.00  -234.00     0.00     0.00     0.00     0.00
   	   27.00   -32.00     0.00    90.00
   	   27.00   -32.00     0.00    90.00
  33 	  -74.00  -234.00     0.00     0.00     0.00     0.00
  33 	  -74.00  -234.00     0.00     0.00     0.00     0.00
   	   27.00   -32.00     0.00    90.00
   	   27.00   -32.00     0.00    90.00
  34 	  -37.00  -234.00     0.00     0.00     0.00     0.00
  34 	  -37.00  -234.00     0.00     0.00     0.00     0.00
   	   27.00   -32.00     0.00    90.00
   	   27.00   -32.00     0.00    90.00
  35 	    0.00  -234.00     0.00     0.00     0.00     0.00
  35 	    0.00  -234.00     0.00     0.00     0.00     0.00
   	   27.00   -32.00     0.00    90.00
   	   27.00   -32.00     0.00    90.00
  36 	   37.00  -234.00     0.00     0.00     0.00     0.00
  36 	   37.00  -234.00     0.00     0.00     0.00     0.00
   	   27.00   -32.00     0.00    90.00
   	   27.00   -32.00     0.00    90.00
  37 	 -370.00  -156.00     0.00     0.00     0.00     0.00
  37 	 -370.00  -156.00     0.00     0.00     0.00     0.00
   	   27.00   -32.00     0.00    90.00
   	   27.00   -32.00     0.00    90.00
  38 	 -333.00  -156.00     0.00     0.00     0.00     0.00
  38 	 -333.00  -156.00     0.00     0.00     0.00     0.00
   	   27.00   -32.00     0.00    90.00
   	   27.00   -32.00     0.00    90.00
  39 	 -296.00  -156.00     0.00     0.00     0.00     0.00
  39 	 -296.00  -156.00     0.00     0.00     0.00     0.00
   	   27.00   -32.00     0.00    90.00
   	   27.00   -32.00     0.00    90.00
  40 	 -259.00  -156.00     0.00     0.00     0.00     0.00
  40 	 -259.00  -156.00     0.00     0.00     0.00     0.00
   	   27.00   -32.00     0.00    90.00
   	   27.00   -32.00     0.00    90.00
  41 	 -222.00  -156.00     0.00     0.00     0.00     0.00
  41 	 -222.00  -156.00     0.00     0.00     0.00     0.00
   	   27.00   -32.00     0.00    90.00
   	   27.00   -32.00     0.00    90.00
  42 	 -185.00  -156.00     0.00     0.00     0.00     0.00
  42 	 -185.00  -156.00     0.00     0.00     0.00     0.00
   	   27.00   -32.00     0.00    90.00
   	   27.00   -32.00     0.00    90.00
  43 	 -148.00  -156.00     0.00     0.00     0.00     0.00
  43 	 -148.00  -156.00     0.00     0.00     0.00     0.00
   	   27.00   -32.00     0.00    90.00
   	   27.00   -32.00     0.00    90.00
  44 	 -111.00  -156.00     0.00     0.00     0.00     0.00
  44 	 -111.00  -156.00     0.00     0.00     0.00     0.00
   	   27.00   -32.00     0.00    90.00
   	   27.00   -32.00     0.00    90.00
  45 	  -74.00  -156.00     0.00     0.00     0.00     0.00
  45 	  -74.00  -156.00     0.00     0.00     0.00     0.00
   	   27.00   -32.00     0.00    90.00
   	   27.00   -32.00     0.00    90.00
  46 	  -37.00  -156.00     0.00     0.00     0.00     0.00
  46 	  -37.00  -156.00     0.00     0.00     0.00     0.00
   	   27.00   -32.00     0.00    90.00
   	   27.00   -32.00     0.00    90.00
  47 	    0.00  -156.00     0.00     0.00     0.00     0.00
  47 	    0.00  -156.00     0.00     0.00     0.00     0.00
   	   27.00   -32.00     0.00    90.00
   	   27.00   -32.00     0.00    90.00
  48 	   37.00  -156.00     0.00     0.00     0.00     0.00
  48 	   37.00  -156.00     0.00     0.00     0.00     0.00
   	   27.00   -32.00     0.00    90.00
   	   27.00   -32.00     0.00    90.00
  49 	 -370.00   -78.00     0.00     0.00     0.00     0.00
  49 	 -370.00   -78.00     0.00     0.00     0.00     0.00
   	   27.00   -32.00     0.00    90.00
   	   27.00   -32.00     0.00    90.00
  50 	 -333.00   -78.00     0.00     0.00     0.00     0.00
  50 	 -333.00   -78.00     0.00     0.00     0.00     0.00
   	   27.00   -32.00     0.00    90.00
   	   27.00   -32.00     0.00    90.00
  51 	 -296.00   -78.00     0.00     0.00     0.00     0.00
  51 	 -296.00   -78.00     0.00     0.00     0.00     0.00
   	   27.00   -32.00     0.00    90.00
   	   27.00   -32.00     0.00    90.00
  52 	 -259.00   -78.00     0.00     0.00     0.00     0.00
  52 	 -259.00   -78.00     0.00     0.00     0.00     0.00
   	   27.00   -32.00     0.00    90.00
   	   27.00   -32.00     0.00    90.00
  53 	 -222.00   -78.00     0.00     0.00     0.00     0.00
  53 	 -222.00   -78.00     0.00     0.00     0.00     0.00
   	   27.00   -32.00     0.00    90.00
   	   27.00   -32.00     0.00    90.00
  54 	 -185.00   -78.00     0.00     0.00     0.00     0.00
  54 	 -185.00   -78.00     0.00     0.00     0.00     0.00
   	   27.00   -32.00     0.00    90.00
   	   27.00   -32.00     0.00    90.00
  55 	 -148.00   -78.00     0.00     0.00     0.00     0.00
  55 	 -148.00   -78.00     0.00     0.00     0.00     0.00
   	   27.00   -32.00     0.00    90.00
   	   27.00   -32.00     0.00    90.00
  56 	 -111.00   -78.00     0.00     0.00     0.00     0.00
  56 	 -111.00   -78.00     0.00     0.00     0.00     0.00
   	   27.00   -32.00     0.00    90.00
   	   27.00   -32.00     0.00    90.00
  57 	  -74.00   -78.00     0.00     0.00     0.00     0.00
  57 	  -74.00   -78.00     0.00     0.00     0.00     0.00
   	   27.00   -32.00     0.00    90.00
   	   27.00   -32.00     0.00    90.00
  58 	  -37.00   -78.00     0.00     0.00     0.00     0.00
  58 	  -37.00   -78.00     0.00     0.00     0.00     0.00
   	   27.00   -32.00     0.00    90.00
   	   27.00   -32.00     0.00    90.00
  59 	    0.00   -78.00     0.00     0.00     0.00     0.00
  59 	    0.00   -78.00     0.00     0.00     0.00     0.00
   	   27.00   -32.00     0.00    90.00
   	   27.00   -32.00     0.00    90.00
  60 	   37.00   -78.00     0.00     0.00     0.00     0.00
  60 	   37.00   -78.00     0.00     0.00     0.00     0.00
   	   27.00   -32.00     0.00    90.00
   	   27.00   -32.00     0.00    90.00
  61 	 -370.00     0.00     0.00     0.00     0.00     0.00
  61 	 -370.00     0.00     0.00     0.00     0.00     0.00
   	   27.00   -32.00     0.00    90.00
   	   27.00   -32.00     0.00    90.00
  62 	 -333.00     0.00     0.00     0.00     0.00     0.00
  62 	 -333.00     0.00     0.00     0.00     0.00     0.00
   	   27.00   -32.00     0.00    90.00
   	   27.00   -32.00     0.00    90.00
  63 	 -296.00     0.00     0.00     0.00     0.00     0.00
  63 	 -296.00     0.00     0.00     0.00     0.00     0.00
   	   27.00   -32.00     0.00    90.00
   	   27.00   -32.00     0.00    90.00
  64 	 -259.00     0.00     0.00     0.00     0.00     0.00
  64 	 -259.00     0.00     0.00     0.00     0.00     0.00
   	   27.00   -32.00     0.00    90.00
   	   27.00   -32.00     0.00    90.00
  65 	 -222.00     0.00     0.00     0.00     0.00     0.00
  65 	 -222.00     0.00     0.00     0.00     0.00     0.00
   	   27.00   -32.00     0.00    90.00
   	   27.00   -32.00     0.00    90.00
  66 	 -185.00     0.00     0.00     0.00     0.00     0.00
  66 	 -185.00     0.00     0.00     0.00     0.00     0.00
   	   27.00   -32.00     0.00    90.00
   	   27.00   -32.00     0.00    90.00
  67 	 -148.00     0.00     0.00     0.00     0.00     0.00
  67 	 -148.00     0.00     0.00     0.00     0.00     0.00
   	   27.00   -32.00     0.00    90.00
   	   27.00   -32.00     0.00    90.00
  68 	 -111.00     0.00     0.00     0.00     0.00     0.00
  68 	 -111.00     0.00     0.00     0.00     0.00     0.00
   	   27.00   -32.00     0.00    90.00
   	   27.00   -32.00     0.00    90.00
  69 	  -74.00     0.00     0.00     0.00     0.00     0.00
  69 	  -74.00     0.00     0.00     0.00     0.00     0.00
   	   27.00   -32.00     0.00    90.00
   	   27.00   -32.00     0.00    90.00
  70 	  -37.00     0.00     0.00     0.00     0.00     0.00
  70 	  -37.00     0.00     0.00     0.00     0.00     0.00
   	   27.00   -32.00     0.00    90.00
   	   27.00   -32.00     0.00    90.00
  71 	    0.00     0.00     0.00     0.00     0.00     0.00
  71 	    0.00     0.00     0.00     0.00     0.00     0.00
   	   27.00   -32.00     0.00    90.00
   	   27.00   -32.00     0.00    90.00
  72 	   37.00     0.00     0.00     0.00     0.00     0.00
  72 	   37.00     0.00     0.00     0.00     0.00     0.00
   	   27.00   -32.00     0.00    90.00
   	   27.00   -32.00     0.00    90.00
  73 	 -222.00   234.00     0.00     0.00     0.00     0.00
  73 	 -222.00   234.00     0.00     0.00     0.00     0.00
   	   27.00   -32.00     0.00    90.00
   	   27.00   -32.00     0.00    90.00
  74 	 -185.00   234.00     0.00     0.00     0.00     0.00
  74 	 -185.00   234.00     0.00     0.00     0.00     0.00
   	   27.00   -32.00     0.00    90.00
   	   27.00   -32.00     0.00    90.00
  75 	 -148.00   234.00     0.00     0.00     0.00     0.00
  75 	 -148.00   234.00     0.00     0.00     0.00     0.00
   	   27.00   -32.00     0.00    90.00
   	   27.00   -32.00     0.00    90.00
  76 	 -111.00   234.00     0.00     0.00     0.00     0.00
  76 	 -111.00   234.00     0.00     0.00     0.00     0.00
   	   27.00   -32.00     0.00    90.00
   	   27.00   -32.00     0.00    90.00
  77 	 -222.00   312.00     0.00     0.00     0.00     0.00
  77 	 -222.00   312.00     0.00     0.00     0.00     0.00
   	   27.00   -32.00     0.00    90.00
   	   27.00   -32.00     0.00    90.00
  78 	 -185.00   312.00     0.00     0.00     0.00     0.00
  78 	 -185.00   312.00     0.00     0.00     0.00     0.00
   	   27.00   -32.00     0.00    90.00
   	   27.00   -32.00     0.00    90.00
  79 	 -148.00   312.00     0.00     0.00     0.00     0.00
  79 	 -148.00   312.00     0.00     0.00     0.00     0.00
   	   27.00   -32.00     0.00    90.00
   	   27.00   -32.00     0.00    90.00
  80 	 -111.00   312.00     0.00     0.00     0.00     0.00
  80 	 -111.00   312.00     0.00     0.00     0.00     0.00
   	   27.00   -32.00     0.00    90.00
   	   27.00   -32.00     0.00    90.00
  81 	 -222.00   390.00     0.00     0.00     0.00     0.00
  81 	 -222.00   390.00     0.00     0.00     0.00     0.00
   	   27.00   -32.00     0.00    90.00
   	   27.00   -32.00     0.00    90.00
  82 	 -185.00   390.00     0.00     0.00     0.00     0.00
  82 	 -185.00   390.00     0.00     0.00     0.00     0.00
   	   27.00   -32.00     0.00    90.00
   	   27.00   -32.00     0.00    90.00
  83 	 -148.00   390.00     0.00     0.00     0.00     0.00
  83 	 -148.00   390.00     0.00     0.00     0.00     0.00
   	   27.00   -32.00     0.00    90.00
   	   27.00   -32.00     0.00    90.00
  84 	 -111.00   390.00     0.00     0.00     0.00     0.00
  84 	 -111.00   390.00     0.00     0.00     0.00     0.00
   	   27.00   -32.00     0.00    90.00
   	   27.00   -32.00     0.00    90.00
  85 	 -222.00   468.00     0.00     0.00     0.00     0.00
  85 	 -222.00   468.00     0.00     0.00     0.00     0.00
   	   27.00   -32.00     0.00    90.00
   	   27.00   -32.00     0.00    90.00
  86 	 -185.00   468.00     0.00     0.00     0.00     0.00
  86 	 -185.00   468.00     0.00     0.00     0.00     0.00
   	   27.00   -32.00     0.00    90.00
   	   27.00   -32.00     0.00    90.00
  87 	 -148.00   468.00     0.00     0.00     0.00     0.00
  87 	 -148.00   468.00     0.00     0.00     0.00     0.00
   	   27.00   -32.00     0.00    90.00
   	   27.00   -32.00     0.00    90.00
  88 	 -111.00   468.00     0.00     0.00     0.00     0.00
  88 	 -111.00   468.00     0.00     0.00     0.00     0.00
   	   27.00   -32.00     0.00    90.00
   	   27.00   -32.00     0.00    90.00
  89 	    0.00  -546.00     0.00     0.00     0.00     0.00
  89 	    0.00  -546.00     0.00     0.00     0.00     0.00
   	   27.00   -32.00     0.00    90.00
   	   27.00   -32.00     0.00    90.00
  90 	   37.00  -546.00     0.00     0.00     0.00     0.00
  90 	   37.00  -546.00     0.00     0.00     0.00     0.00
   	   27.00   -32.00     0.00    90.00
   	   27.00   -32.00     0.00    90.00
  91 	    0.00  -468.00     0.00     0.00     0.00     0.00
  91 	    0.00  -468.00     0.00     0.00     0.00     0.00
   	   27.00   -32.00     0.00    90.00
   	   27.00   -32.00     0.00    90.00
  92 	   37.00  -468.00     0.00     0.00     0.00     0.00
  92 	   37.00  -468.00     0.00     0.00     0.00     0.00
   	   27.00   -32.00     0.00    90.00
   	   27.00   -32.00     0.00    90.00
  93 	    0.00  -390.00     0.00     0.00     0.00     0.00
  93 	    0.00  -390.00     0.00     0.00     0.00     0.00
   	   27.00   -32.00     0.00    90.00
   	   27.00   -32.00     0.00    90.00
  94 	   37.00  -390.00     0.00     0.00     0.00     0.00
  94 	   37.00  -390.00     0.00     0.00     0.00     0.00
   	   27.00   -32.00     0.00    90.00
   	   27.00   -32.00     0.00    90.00
  95 	    0.00  -312.00     0.00     0.00     0.00     0.00
  95 	    0.00  -312.00     0.00     0.00     0.00     0.00
   	   27.00   -32.00     0.00    90.00
   	   27.00   -32.00     0.00    90.00
  96 	   37.00  -312.00     0.00     0.00     0.00     0.00
  96 	   37.00  -312.00     0.00     0.00     0.00     0.00
   	   27.00   -32.00     0.00    90.00
   	   27.00   -32.00     0.00    90.00
  97 	    0.00  -234.00     0.00     0.00     0.00     0.00
  97 	    0.00  -234.00     0.00     0.00     0.00     0.00
   	   27.00   -32.00     0.00    90.00
   	   27.00   -32.00     0.00    90.00
  98 	   37.00  -234.00     0.00     0.00     0.00     0.00
  98 	   37.00  -234.00     0.00     0.00     0.00     0.00
   	   27.00   -32.00     0.00    90.00
   	   27.00   -32.00     0.00    90.00
  99 	    0.00  -156.00     0.00     0.00     0.00     0.00
  99 	    0.00  -156.00     0.00     0.00     0.00     0.00
   	   27.00   -32.00     0.00    90.00
   	   27.00   -32.00     0.00    90.00
 100 	   37.00  -156.00     0.00     0.00     0.00     0.00
 100 	   37.00  -156.00     0.00     0.00     0.00     0.00
   	   27.00   -32.00     0.00    90.00
   	   27.00   -32.00     0.00    90.00
 101 	    0.00   -78.00     0.00     0.00     0.00     0.00
 101 	    0.00   -78.00     0.00     0.00     0.00     0.00
   	   27.00   -32.00     0.00    90.00
   	   27.00   -32.00     0.00    90.00
 102 	   37.00   -78.00     0.00     0.00     0.00     0.00
 102 	   37.00   -78.00     0.00     0.00     0.00     0.00
   	   27.00   -32.00     0.00    90.00
   	   27.00   -32.00     0.00    90.00
 103 	    0.00     0.00     0.00     0.00     0.00     0.00
 103 	    0.00     0.00     0.00     0.00     0.00     0.00
   	   27.00   -32.00     0.00    90.00
   	   27.00   -32.00     0.00    90.00
 104 	   37.00     0.00     0.00     0.00     0.00     0.00
 104 	   37.00     0.00     0.00     0.00     0.00     0.00
   	   27.00   -32.00     0.00    90.00
   	   27.00   -32.00     0.00    90.00
 105 	   -0.00    78.00     0.00     0.00     0.00     0.00
 105 	   -0.00    78.00     0.00     0.00     0.00     0.00
   	   27.00   -32.00     0.00    90.00
   	   27.00   -32.00     0.00    90.00
 106 	   37.00    78.00     0.00     0.00     0.00     0.00
 106 	   37.00    78.00     0.00     0.00     0.00     0.00
   	   27.00   -32.00     0.00    90.00
   	   27.00   -32.00     0.00    90.00
 107 	   -0.00   156.00     0.00     0.00     0.00     0.00
 107 	   -0.00   156.00     0.00     0.00     0.00     0.00
   	   27.00   -32.00     0.00    90.00
   	   27.00   -32.00     0.00    90.00
 108 	   37.00   156.00     0.00     0.00     0.00     0.00
 108 	   37.00   156.00     0.00     0.00     0.00     0.00
   	   27.00   -32.00     0.00    90.00
   	   27.00   -32.00     0.00    90.00
 109 	   -0.00   234.00     0.00     0.00     0.00     0.00
 109 	   -0.00   234.00     0.00     0.00     0.00     0.00
   	   27.00   -32.00     0.00    90.00
   	   27.00   -32.00     0.00    90.00
 110 	   37.00   234.00     0.00     0.00     0.00     0.00
 110 	   37.00   234.00     0.00     0.00     0.00     0.00
   	   27.00   -32.00     0.00    90.00
   	   27.00   -32.00     0.00    90.00
 111 	   -0.00   312.00     0.00     0.00     0.00     0.00
 111 	   -0.00   312.00     0.00     0.00     0.00     0.00
   	   27.00   -32.00     0.00    90.00
   	   27.00   -32.00     0.00    90.00
 112 	   37.00   312.00     0.00     0.00     0.00     0.00
 112 	   37.00   312.00     0.00     0.00     0.00     0.00
   	   27.00   -32.00     0.00    90.00
   	   27.00   -32.00     0.00    90.00
 113 	   -0.00   390.00     0.00     0.00     0.00     0.00
 113 	   -0.00   390.00     0.00     0.00     0.00     0.00
   	   27.00   -32.00     0.00    90.00
   	   27.00   -32.00     0.00    90.00
 114 	   37.00   390.00     0.00     0.00     0.00     0.00
 114 	   37.00   390.00     0.00     0.00     0.00     0.00
   	   27.00   -32.00     0.00    90.00
   	   27.00   -32.00     0.00    90.00
 115 	   -0.00   468.00     0.00     0.00     0.00     0.00
 115 	   -0.00   468.00     0.00     0.00     0.00     0.00
   	   27.00   -32.00     0.00    90.00
   	   27.00   -32.00     0.00    90.00
 116 	   37.00   468.00     0.00     0.00     0.00     0.00
 116 	   37.00   468.00     0.00     0.00     0.00     0.00
   	   27.00   -32.00     0.00    90.00
   	   27.00   -32.00     0.00    90.00
 117 	   -0.00   546.00     0.00     0.00     0.00     0.00
 117 	   -0.00   546.00     0.00     0.00     0.00     0.00
   	   27.00   -32.00     0.00    90.00
   	   27.00   -32.00     0.00    90.00
 118 	   37.00   546.00     0.00     0.00     0.00     0.00
 118 	   37.00   546.00     0.00     0.00     0.00     0.00
   	   27.00   -32.00     0.00    90.00
   	   27.00   -32.00     0.00    90.00
 119 	   -0.00   624.00     0.00     0.00     0.00     0.00
 119 	   -0.00   624.00     0.00     0.00     0.00     0.00
   	   27.00   -32.00     0.00    90.00
   	   27.00   -32.00     0.00    90.00
 120 	   37.00   624.00     0.00     0.00     0.00     0.00
 120 	   37.00   624.00     0.00     0.00     0.00     0.00
   	   27.00   -32.00     0.00    90.00
   	   27.00   -32.00     0.00    90.00
 121 	   -0.00   702.00     0.00     0.00     0.00     0.00
 121 	   -0.00   702.00     0.00     0.00     0.00     0.00
   	   27.00   -32.00     0.00    90.00
   	   27.00   -32.00     0.00    90.00
 122 	   37.00   702.00     0.00     0.00     0.00     0.00
 122 	   37.00   702.00     0.00     0.00     0.00     0.00
   	   27.00   -32.00     0.00    90.00
   	   27.00   -32.00     0.00    90.00
 123 	   -0.00   780.00     0.00     0.00     0.00     0.00
 123 	   -0.00   780.00     0.00     0.00     0.00     0.00
   	   27.00   -32.00     0.00    90.00
   	   27.00   -32.00     0.00    90.00
 124 	   37.00   780.00     0.00     0.00     0.00     0.00
 124 	   37.00   780.00     0.00     0.00     0.00     0.00
   	   27.00   -32.00     0.00    90.00
   	   27.00   -32.00     0.00    90.00
 125 	   -0.00   858.00     0.00     0.00     0.00     0.00
 125 	   -0.00   858.00     0.00     0.00     0.00     0.00
   	   27.00   -32.00     0.00    90.00
   	   27.00   -32.00     0.00    90.00
 126 	   37.00   858.00     0.00     0.00     0.00     0.00
 126 	   37.00   858.00     0.00     0.00     0.00     0.00
   	   27.00   -32.00     0.00    90.00
   	   27.00   -32.00     0.00    90.00

** End writing output file: ../inputs/gr159.dat 
