*******************************************************************************
                         ARRAY PREPROCESSOR ver. 1.0
*******************************************************************************



   1	GROUP testgroup
   3	 GRID SQUARE
   4	 ELEMENT
   5	 GEOMETRY RECTANGULAR PDIM 69 QDIM 19
   8	 ADD BLOCK -1 4 -5 0
   9	 ADD BLOCK 2 -2 6 -1
  10	 ADD BLOCK 0 -4 0 11
  12	 GROUP_EXCITATION
  13	 AMPLITUDE UNIFORM 21
  14	 PHASE UNIFORM -165
  15	 END

** Generating GROUP: testgroup.
** PSTEP,QSTEP set to:69.000000,69.000000
** Grid ANGLE set to:90.000000 
** Group ROT_ANGLE set to: 0.000000 

** Writing output file: ../inputs/gr161.dat

NEL 
NPORTS
IDUM      REXA     REYA     REZA     THEA     PHEA     PSEA 
          AMP      PSH      PSC      PHEPOL
  51
  51
   1
   1
   1 	 -345.00     0.00     0.00     0.00     0.00     0.00
   1 	 -345.00     0.00     0.00     0.00     0.00     0.00
   	   21.00  -165.00     0.00    90.00
   	   21.00  -165.00     0.00    90.00
   2 	 -276.00     0.00     0.00     0.00     0.00     0.00
   2 	 -276.00     0.00     0.00     0.00     0.00     0.00
   	   21.00  -165.00     0.00    90.00
   	   21.00  -165.00     0.00    90.00
   3 	 -207.00     0.00     0.00     0.00     0.00     0.00
   3 	 -207.00     0.00     0.00     0.00     0.00     0.00
   	   21.00  -165.00     0.00    90.00
   	   21.00  -165.00     0.00    90.00
   4 	 -138.00     0.00     0.00     0.00     0.00     0.00
   4 	 -138.00     0.00     0.00     0.00     0.00     0.00
   	   21.00  -165.00     0.00    90.00
   	   21.00  -165.00     0.00    90.00
   5 	  -69.00     0.00     0.00     0.00     0.00     0.00
   5 	  -69.00     0.00     0.00     0.00     0.00     0.00
   	   21.00  -165.00     0.00    90.00
   	   21.00  -165.00     0.00    90.00
   6 	 -345.00    69.00     0.00     0.00     0.00     0.00
   6 	 -345.00    69.00     0.00     0.00     0.00     0.00
   	   21.00  -165.00     0.00    90.00
   	   21.00  -165.00     0.00    90.00
   7 	 -276.00    69.00     0.00     0.00     0.00     0.00
   7 	 -276.00    69.00     0.00     0.00     0.00     0.00
   	   21.00  -165.00     0.00    90.00
   	   21.00  -165.00     0.00    90.00
   8 	 -207.00    69.00     0.00     0.00     0.00     0.00
   8 	 -207.00    69.00     0.00     0.00     0.00     0.00
   	   21.00  -165.00     0.00    90.00
   	   21.00  -165.00     0.00    90.00
   9 	 -138.00    69.00     0.00     0.00     0.00     0.00
   9 	 -138.00    69.00     0.00     0.00     0.00     0.00
   	   21.00  -165.00     0.00    90.00
   	   21.00  -165.00     0.00    90.00
  10 	  -69.00    69.00     0.00     0.00     0.00     0.00
  10 	  -69.00    69.00     0.00     0.00     0.00     0.00
   	   21.00  -165.00     0.00    90.00
   	   21.00  -165.00     0.00    90.00
  11 	 -345.00   138.00     0.00     0.00     0.00     0.00
  11 	 -345.00   138.00     0.00     0.00     0.00     0.00
   	   21.00  -165.00     0.00    90.00
   	   21.00  -165.00     0.00    90.00
  12 	 -276.00   138.00     0.00     0.00     0.00     0.00
  12 	 -276.00   138.00     0.00     0.00     0.00     0.00
   	   21.00  -165.00     0.00    90.00
   	   21.00  -165.00     0.00    90.00
  13 	 -207.00   138.00     0.00     0.00     0.00     0.00
  13 	 -207.00   138.00     0.00     0.00     0.00     0.00
   	   21.00  -165.00     0.00    90.00
   	   21.00  -165.00     0.00    90.00
  14 	 -138.00   138.00     0.00     0.00     0.00     0.00
  14 	 -138.00   138.00     0.00     0.00     0.00     0.00
   	   21.00  -165.00     0.00    90.00
   	   21.00  -165.00     0.00    90.00
  15 	  -69.00   138.00     0.00     0.00     0.00     0.00
  15 	  -69.00   138.00     0.00     0.00     0.00     0.00
   	   21.00  -165.00     0.00    90.00
   	   21.00  -165.00     0.00    90.00
  16 	 -345.00   207.00     0.00     0.00     0.00     0.00
  16 	 -345.00   207.00     0.00     0.00     0.00     0.00
   	   21.00  -165.00     0.00    90.00
   	   21.00  -165.00     0.00    90.00
  17 	 -276.00   207.00     0.00     0.00     0.00     0.00
  17 	 -276.00   207.00     0.00     0.00     0.00     0.00
   	   21.00  -165.00     0.00    90.00
   	   21.00  -165.00     0.00    90.00
  18 	 -207.00   207.00     0.00     0.00     0.00     0.00
  18 	 -207.00   207.00     0.00     0.00     0.00     0.00
   	   21.00  -165.00     0.00    90.00
   	   21.00  -165.00     0.00    90.00
  19 	 -138.00   207.00     0.00     0.00     0.00     0.00
  19 	 -138.00   207.00     0.00     0.00     0.00     0.00
   	   21.00  -165.00     0.00    90.00
   	   21.00  -165.00     0.00    90.00
  20 	  -69.00   207.00     0.00     0.00     0.00     0.00
  20 	  -69.00   207.00     0.00     0.00     0.00     0.00
   	   21.00  -165.00     0.00    90.00
   	   21.00  -165.00     0.00    90.00
  21 	 -345.00   276.00     0.00     0.00     0.00     0.00
  21 	 -345.00   276.00     0.00     0.00     0.00     0.00
   	   21.00  -165.00     0.00    90.00
   	   21.00  -165.00     0.00    90.00
  22 	 -276.00   276.00     0.00     0.00     0.00     0.00
  22 	 -276.00   276.00     0.00     0.00     0.00     0.00
   	   21.00  -165.00     0.00    90.00
   	   21.00  -165.00     0.00    90.00
  23 	 -207.00   276.00     0.00     0.00     0.00     0.00
  23 	 -207.00   276.00     0.00     0.00     0.00     0.00
   	   21.00  -165.00     0.00    90.00
   	   21.00  -165.00     0.00    90.00
  24 	 -138.00   276.00     0.00     0.00     0.00     0.00
  24 	 -138.00   276.00     0.00     0.00     0.00     0.00
   	   21.00  -165.00     0.00    90.00
   	   21.00  -165.00     0.00    90.00
  25 	  -69.00   276.00     0.00     0.00     0.00     0.00
  25 	  -69.00   276.00     0.00     0.00     0.00     0.00
   	   21.00  -165.00     0.00    90.00
   	   21.00  -165.00     0.00    90.00
  26 	  138.00  -138.00     0.00     0.00     0.00     0.00
  26 	  138.00  -138.00     0.00     0.00     0.00     0.00
   	   21.00  -165.00     0.00    90.00
   	   21.00  -165.00     0.00    90.00
  27 	  207.00  -138.00     0.00     0.00     0.00     0.00
  27 	  207.00  -138.00     0.00     0.00     0.00     0.00
   	   21.00  -165.00     0.00    90.00
   	   21.00  -165.00     0.00    90.00
  28 	  276.00  -138.00     0.00     0.00     0.00     0.00
  28 	  276.00  -138.00     0.00     0.00     0.00     0.00
   	   21.00  -165.00     0.00    90.00
   	   21.00  -165.00     0.00    90.00
  29 	  345.00  -138.00     0.00     0.00     0.00     0.00
  29 	  345.00  -138.00     0.00     0.00     0.00     0.00
   	   21.00  -165.00     0.00    90.00
   	   21.00  -165.00     0.00    90.00
  30 	  414.00  -138.00     0.00     0.00     0.00     0.00
  30 	  414.00  -138.00     0.00     0.00     0.00     0.00
   	   21.00  -165.00     0.00    90.00
   	   21.00  -165.00     0.00    90.00
  31 	  138.00   -69.00     0.00     0.00     0.00     0.00
  31 	  138.00   -69.00     0.00     0.00     0.00     0.00
   	   21.00  -165.00     0.00    90.00
   	   21.00  -165.00     0.00    90.00
  32 	  207.00   -69.00     0.00     0.00     0.00     0.00
  32 	  207.00   -69.00     0.00     0.00     0.00     0.00
   	   21.00  -165.00     0.00    90.00
   	   21.00  -165.00     0.00    90.00
  33 	  276.00   -69.00     0.00     0.00     0.00     0.00
  33 	  276.00   -69.00     0.00     0.00     0.00     0.00
   	   21.00  -165.00     0.00    90.00
   	   21.00  -165.00     0.00    90.00
  34 	  345.00   -69.00     0.00     0.00     0.00     0.00
  34 	  345.00   -69.00     0.00     0.00     0.00     0.00
   	   21.00  -165.00     0.00    90.00
   	   21.00  -165.00     0.00    90.00
  35 	  414.00   -69.00     0.00     0.00     0.00     0.00
  35 	  414.00   -69.00     0.00     0.00     0.00     0.00
   	   21.00  -165.00     0.00    90.00
   	   21.00  -165.00     0.00    90.00
  36 	    0.00  -276.00     0.00     0.00     0.00     0.00
  36 	    0.00  -276.00     0.00     0.00     0.00     0.00
   	   21.00  -165.00     0.00    90.00
   	   21.00  -165.00     0.00    90.00
  37 	    0.00  -207.00     0.00     0.00     0.00     0.00
  37 	    0.00  -207.00     0.00     0.00     0.00     0.00
   	   21.00  -165.00     0.00    90.00
   	   21.00  -165.00     0.00    90.00
  38 	    0.00  -138.00     0.00     0.00     0.00     0.00
  38 	    0.00  -138.00     0.00     0.00     0.00     0.00
   	   21.00  -165.00     0.00    90.00
   	   21.00  -165.00     0.00    90.00
  39 	    0.00   -69.00     0.00     0.00     0.00     0.00
  39 	    0.00   -69.00     0.00     0.00     0.00     0.00
   	   21.00  -165.00     0.00    90.00
   	   21.00  -165.00     0.00    90.00
  40 	    0.00     0.00     0.00     0.00     0.00     0.00
  40 	    0.00     0.00     0.00     0.00     0.00     0.00
   	   21.00  -165.00     0.00    90.00
   	   21.00  -165.00     0.00    90.00
  41 	   -0.00    69.00     0.00     0.00     0.00     0.00
  41 	   -0.00    69.00     0.00     0.00     0.00     0.00
   	   21.00  -165.00     0.00    90.00
   	   21.00  -165.00     0.00    90.00
  42 	   -0.00   138.00     0.00     0.00     0.00     0.00
  42 	   -0.00   138.00     0.00     0.00     0.00     0.00
   	   21.00  -165.00     0.00    90.00
   	   21.00  -165.00     0.00    90.00
  43 	   -0.00   207.00     0.00     0.00     0.00     0.00
  43 	   -0.00   207.00     0.00     0.00     0.00     0.00
   	   21.00  -165.00     0.00    90.00
   	   21.00  -165.00     0.00    90.00
  44 	   -0.00   276.00     0.00     0.00     0.00     0.00
  44 	   -0.00   276.00     0.00     0.00     0.00     0.00
   	   21.00  -165.00     0.00    90.00
   	   21.00  -165.00     0.00    90.00
  45 	   -0.00   345.00     0.00     0.00     0.00     0.00
  45 	   -0.00   345.00     0.00     0.00     0.00     0.00
   	   21.00  -165.00     0.00    90.00
   	   21.00  -165.00     0.00    90.00
  46 	   -0.00   414.00     0.00     0.00     0.00     0.00
  46 	   -0.00   414.00     0.00     0.00     0.00     0.00
   	   21.00  -165.00     0.00    90.00
   	   21.00  -165.00     0.00    90.00
  47 	   -0.00   483.00     0.00     0.00     0.00     0.00
  47 	   -0.00   483.00     0.00     0.00     0.00     0.00
   	   21.00  -165.00     0.00    90.00
   	   21.00  -165.00     0.00    90.00
  48 	   -0.00   552.00     0.00     0.00     0.00     0.00
  48 	   -0.00   552.00     0.00     0.00     0.00     0.00
   	   21.00  -165.00     0.00    90.00
   	   21.00  -165.00     0.00    90.00
  49 	   -0.00   621.00     0.00     0.00     0.00     0.00
  49 	   -0.00   621.00     0.00     0.00     0.00     0.00
   	   21.00  -165.00     0.00    90.00
   	   21.00  -165.00     0.00    90.00
  50 	   -0.00   690.00     0.00     0.00     0.00     0.00
  50 	   -0.00   690.00     0.00     0.00     0.00     0.00
   	   21.00  -165.00     0.00    90.00
   	   21.00  -165.00     0.00    90.00
  51 	   -0.00   759.00     0.00     0.00     0.00     0.00
  51 	   -0.00   759.00     0.00     0.00     0.00     0.00
   	   21.00  -165.00     0.00    90.00
   	   21.00  -165.00     0.00    90.00

** End writing output file: ../inputs/gr161.dat 
