*******************************************************************************
                         ARRAY PREPROCESSOR ver. 1.0
*******************************************************************************



   1	GROUP testgroup
   3	 GRID HEXAGONAL
   4	 ELEMENT
   5	 GEOMETRY CIRCULAR RADIUS 63
   6	 POLARIZATION CIRCULAR
   7	 ADD BLOCK -5 6 1 6
   9	 GROUP_EXCITATION
  10	 AMPLITUDE UNIFORM 19
  11	 PHASE UNIFORM -36 deg
  12	 END

** Generating GROUP: testgroup.
** PSTEP,QSTEP set to:126.000000,126.000000
** Grid ANGLE set to:60.000000 
** Group ROT_ANGLE set to: 0.000000 

** Writing output file: ../inputs/gr162.dat

NEL 
NPORTS
IDUM      REXA     REYA     REZA     THEA     PHEA     PSEA 
          AMP      PSH      PSC      PHEPOL
   7
   7
   1
   1
   1 	 -252.00   654.72     0.00     0.00     0.00     0.00
   1 	 -252.00   654.72     0.00     0.00     0.00     0.00
   	   19.00   -36.00     0.00    90.00
   	   19.00   -36.00     0.00    90.00
   2 	 -126.00   654.72     0.00     0.00     0.00     0.00
   2 	 -126.00   654.72     0.00     0.00     0.00     0.00
   	   19.00   -36.00     0.00    90.00
   	   19.00   -36.00     0.00    90.00
   3 	   -0.00   654.72     0.00     0.00     0.00     0.00
   3 	   -0.00   654.72     0.00     0.00     0.00     0.00
   	   19.00   -36.00     0.00    90.00
   	   19.00   -36.00     0.00    90.00
   4 	  126.00   654.72     0.00     0.00     0.00     0.00
   4 	  126.00   654.72     0.00     0.00     0.00     0.00
   	   19.00   -36.00     0.00    90.00
   	   19.00   -36.00     0.00    90.00
   5 	  252.00   654.72     0.00     0.00     0.00     0.00
   5 	  252.00   654.72     0.00     0.00     0.00     0.00
   	   19.00   -36.00     0.00    90.00
   	   19.00   -36.00     0.00    90.00
   6 	  378.00   654.72     0.00     0.00     0.00     0.00
   6 	  378.00   654.72     0.00     0.00     0.00     0.00
   	   19.00   -36.00     0.00    90.00
   	   19.00   -36.00     0.00    90.00
   7 	  504.00   654.72     0.00     0.00     0.00     0.00
   7 	  504.00   654.72     0.00     0.00     0.00     0.00
   	   19.00   -36.00     0.00    90.00
   	   19.00   -36.00     0.00    90.00

** End writing output file: ../inputs/gr162.dat 
