*******************************************************************************
                         ARRAY PREPROCESSOR ver. 1.0
*******************************************************************************



   1	GROUP testgroup
   3	 GRID RECTANGULAR
   4	 ELEMENT
   5	 GEOMETRY CIRCULAR 32 mm
   6	 POLARIZATION CIRCULAR RH
   8	 ADD BLOCK 3 1 2 -8
  10	 GROUP_EXCITATION
  11	 AMPLITUDE UNIFORM 15
  12	 PHASE ROTATION SEQUENTIAL
  13	 END

** Generating GROUP: testgroup.
** PSTEP,QSTEP set to:32.000000,32.000000
** Grid ANGLE set to:90.000000 
** Group ROT_ANGLE set to: 0.000000 

** Writing output file: ../inputs/gr165.dat

NEL 
NPORTS
IDUM      REXA     REYA     REZA     THEA     PHEA     PSEA 
          AMP      PSH      PSC      PHEPOL
  20
  20
   1
   1
   1 	   64.00  -256.00     0.00     0.00  -198.00     0.00
   1 	   64.00  -256.00     0.00     0.00  -198.00     0.00
   	   15.00  -198.00     0.00    90.00
   	   15.00  -198.00     0.00    90.00
   2 	   96.00  -256.00     0.00     0.00  -180.00     0.00
   2 	   96.00  -256.00     0.00     0.00  -180.00     0.00
   	   15.00  -180.00     0.00    90.00
   	   15.00  -180.00     0.00    90.00
   3 	   64.00  -224.00     0.00     0.00  -216.00     0.00
   3 	   64.00  -224.00     0.00     0.00  -216.00     0.00
   	   15.00  -216.00     0.00    90.00
   	   15.00  -216.00     0.00    90.00
   4 	   96.00  -224.00     0.00     0.00  -162.00     0.00
   4 	   96.00  -224.00     0.00     0.00  -162.00     0.00
   	   15.00  -162.00     0.00    90.00
   	   15.00  -162.00     0.00    90.00
   5 	   64.00  -192.00     0.00     0.00  -234.00     0.00
   5 	   64.00  -192.00     0.00     0.00  -234.00     0.00
   	   15.00  -234.00     0.00    90.00
   	   15.00  -234.00     0.00    90.00
   6 	   96.00  -192.00     0.00     0.00  -144.00     0.00
   6 	   96.00  -192.00     0.00     0.00  -144.00     0.00
   	   15.00  -144.00     0.00    90.00
   	   15.00  -144.00     0.00    90.00
   7 	   64.00  -160.00     0.00     0.00  -252.00     0.00
   7 	   64.00  -160.00     0.00     0.00  -252.00     0.00
   	   15.00  -252.00     0.00    90.00
   	   15.00  -252.00     0.00    90.00
   8 	   96.00  -160.00     0.00     0.00  -126.00     0.00
   8 	   96.00  -160.00     0.00     0.00  -126.00     0.00
   	   15.00  -126.00     0.00    90.00
   	   15.00  -126.00     0.00    90.00
   9 	   64.00  -128.00     0.00     0.00  -270.00     0.00
   9 	   64.00  -128.00     0.00     0.00  -270.00     0.00
   	   15.00  -270.00     0.00    90.00
   	   15.00  -270.00     0.00    90.00
  10 	   96.00  -128.00     0.00     0.00  -108.00     0.00
  10 	   96.00  -128.00     0.00     0.00  -108.00     0.00
   	   15.00  -108.00     0.00    90.00
   	   15.00  -108.00     0.00    90.00
  11 	   64.00   -96.00     0.00     0.00  -288.00     0.00
  11 	   64.00   -96.00     0.00     0.00  -288.00     0.00
   	   15.00  -288.00     0.00    90.00
   	   15.00  -288.00     0.00    90.00
  12 	   96.00   -96.00     0.00     0.00   -90.00     0.00
  12 	   96.00   -96.00     0.00     0.00   -90.00     0.00
   	   15.00   -90.00     0.00    90.00
   	   15.00   -90.00     0.00    90.00
  13 	   64.00   -64.00     0.00     0.00  -306.00     0.00
  13 	   64.00   -64.00     0.00     0.00  -306.00     0.00
   	   15.00  -306.00     0.00    90.00
   	   15.00  -306.00     0.00    90.00
  14 	   96.00   -64.00     0.00     0.00   -72.00     0.00
  14 	   96.00   -64.00     0.00     0.00   -72.00     0.00
   	   15.00   -72.00     0.00    90.00
   	   15.00   -72.00     0.00    90.00
  15 	   64.00   -32.00     0.00     0.00  -324.00     0.00
  15 	   64.00   -32.00     0.00     0.00  -324.00     0.00
   	   15.00  -324.00     0.00    90.00
   	   15.00  -324.00     0.00    90.00
  16 	   96.00   -32.00     0.00     0.00   -54.00     0.00
  16 	   96.00   -32.00     0.00     0.00   -54.00     0.00
   	   15.00   -54.00     0.00    90.00
   	   15.00   -54.00     0.00    90.00
  17 	   64.00     0.00     0.00     0.00  -342.00     0.00
  17 	   64.00     0.00     0.00     0.00  -342.00     0.00
   	   15.00  -342.00     0.00    90.00
   	   15.00  -342.00     0.00    90.00
  18 	   96.00     0.00     0.00     0.00   -36.00     0.00
  18 	   96.00     0.00     0.00     0.00   -36.00     0.00
   	   15.00   -36.00     0.00    90.00
   	   15.00   -36.00     0.00    90.00
  19 	   64.00    32.00     0.00     0.00     0.00     0.00
  19 	   64.00    32.00     0.00     0.00     0.00     0.00
   	   15.00     0.00     0.00    90.00
   	   15.00     0.00     0.00    90.00
  20 	   96.00    32.00     0.00     0.00   -18.00     0.00
  20 	   96.00    32.00     0.00     0.00   -18.00     0.00
   	   15.00   -18.00     0.00    90.00
   	   15.00   -18.00     0.00    90.00

** End writing output file: ../inputs/gr165.dat 
