*******************************************************************************
                         ARRAY PREPROCESSOR ver. 1.0
*******************************************************************************



   1	GROUP testgroup
   3	 GRID RECTANGULAR
   4	 ELEMENT
   5	 GEOMETRY CIRCULAR 43
   6	 POLARIZATION CIRCULAR
   7	 PORTS 4
   8	 PORT 1
   9	 POL_ORIENT Y AMPLITUDE 19
  10	 PHASE_SHAPING 432
  11	 PHASE_SCANNING 668
  12	 PORT 2
  13	 AMPLITUDE 28
  14	 PHASE_POL_ARRANG 712
  15	 PORT 3
  16	 AMPLITUDE 24
  17	 PHASE_SHAPING 600
  18	 PORT 4
  19	 AMPLITUDE 29
  20	 PHASE_POL_ARRANG 488 deg
  21	 ADD BLOCK 9 -4 3 4
  22	 ADD NODE 2 4
  23	 ADD BLOCK 5 -3 0 4
  24	 ADD BLOCK -3 0 2 6
  26	 GROUP_EXCITATION
  27	 AMPLITUDE UNIFORM 22
  28	 PHASE UNIFORM 1
  29	 END

** Generating GROUP: testgroup.
** PSTEP,QSTEP set to:86.000000,86.000000
** Grid ANGLE set to:90.000000 
** Group ROT_ANGLE set to: 0.000000 

** Writing output file: ../inputs/gr167.dat

NEL 
NPORTS
IDUM      REXA     REYA     REZA     THEA     PHEA     PSEA 
          AMP      PSH      PSC      PHEPOL
 154
 154
   4
   4
   1 	  258.00  -344.00     0.00     0.00     0.00     0.00
   1 	  258.00  -344.00     0.00     0.00     0.00     0.00
   	  418.00   433.00   668.00    90.00
   	  418.00   433.00   668.00    90.00
   	  616.00   713.00     0.00    90.00
   	  616.00   713.00     0.00    90.00
   	  528.00   601.00     0.00    90.00
   	  528.00   601.00     0.00    90.00
   	  638.00   489.00     0.00    90.00
   	  638.00   489.00     0.00    90.00
   2 	  344.00  -344.00     0.00     0.00     0.00     0.00
   2 	  344.00  -344.00     0.00     0.00     0.00     0.00
   	  418.00   433.00   668.00    90.00
   	  418.00   433.00   668.00    90.00
   	  616.00   713.00     0.00    90.00
   	  616.00   713.00     0.00    90.00
   	  528.00   601.00     0.00    90.00
   	  528.00   601.00     0.00    90.00
   	  638.00   489.00     0.00    90.00
   	  638.00   489.00     0.00    90.00
   3 	  430.00  -344.00     0.00     0.00     0.00     0.00
   3 	  430.00  -344.00     0.00     0.00     0.00     0.00
   	  418.00   433.00   668.00    90.00
   	  418.00   433.00   668.00    90.00
   	  616.00   713.00     0.00    90.00
   	  616.00   713.00     0.00    90.00
   	  528.00   601.00     0.00    90.00
   	  528.00   601.00     0.00    90.00
   	  638.00   489.00     0.00    90.00
   	  638.00   489.00     0.00    90.00
   4 	  516.00  -344.00     0.00     0.00     0.00     0.00
   4 	  516.00  -344.00     0.00     0.00     0.00     0.00
   	  418.00   433.00   668.00    90.00
   	  418.00   433.00   668.00    90.00
   	  616.00   713.00     0.00    90.00
   	  616.00   713.00     0.00    90.00
   	  528.00   601.00     0.00    90.00
   	  528.00   601.00     0.00    90.00
   	  638.00   489.00     0.00    90.00
   	  638.00   489.00     0.00    90.00
   5 	  602.00  -344.00     0.00     0.00     0.00     0.00
   5 	  602.00  -344.00     0.00     0.00     0.00     0.00
   	  418.00   433.00   668.00    90.00
   	  418.00   433.00   668.00    90.00
   	  616.00   713.00     0.00    90.00
   	  616.00   713.00     0.00    90.00
   	  528.00   601.00     0.00    90.00
   	  528.00   601.00     0.00    90.00
   	  638.00   489.00     0.00    90.00
   	  638.00   489.00     0.00    90.00
   6 	  688.00  -344.00     0.00     0.00     0.00     0.00
   6 	  688.00  -344.00     0.00     0.00     0.00     0.00
   	  418.00   433.00   668.00    90.00
   	  418.00   433.00   668.00    90.00
   	  616.00   713.00     0.00    90.00
   	  616.00   713.00     0.00    90.00
   	  528.00   601.00     0.00    90.00
   	  528.00   601.00     0.00    90.00
   	  638.00   489.00     0.00    90.00
   	  638.00   489.00     0.00    90.00
   7 	  774.00  -344.00     0.00     0.00     0.00     0.00
   7 	  774.00  -344.00     0.00     0.00     0.00     0.00
   	  418.00   433.00   668.00    90.00
   	  418.00   433.00   668.00    90.00
   	  616.00   713.00     0.00    90.00
   	  616.00   713.00     0.00    90.00
   	  528.00   601.00     0.00    90.00
   	  528.00   601.00     0.00    90.00
   	  638.00   489.00     0.00    90.00
   	  638.00   489.00     0.00    90.00
   8 	  258.00  -258.00     0.00     0.00     0.00     0.00
   8 	  258.00  -258.00     0.00     0.00     0.00     0.00
   	  418.00   433.00   668.00    90.00
   	  418.00   433.00   668.00    90.00
   	  616.00   713.00     0.00    90.00
   	  616.00   713.00     0.00    90.00
   	  528.00   601.00     0.00    90.00
   	  528.00   601.00     0.00    90.00
   	  638.00   489.00     0.00    90.00
   	  638.00   489.00     0.00    90.00
   9 	  344.00  -258.00     0.00     0.00     0.00     0.00
   9 	  344.00  -258.00     0.00     0.00     0.00     0.00
   	  418.00   433.00   668.00    90.00
   	  418.00   433.00   668.00    90.00
   	  616.00   713.00     0.00    90.00
   	  616.00   713.00     0.00    90.00
   	  528.00   601.00     0.00    90.00
   	  528.00   601.00     0.00    90.00
   	  638.00   489.00     0.00    90.00
   	  638.00   489.00     0.00    90.00
  10 	  430.00  -258.00     0.00     0.00     0.00     0.00
  10 	  430.00  -258.00     0.00     0.00     0.00     0.00
   	  418.00   433.00   668.00    90.00
   	  418.00   433.00   668.00    90.00
   	  616.00   713.00     0.00    90.00
   	  616.00   713.00     0.00    90.00
   	  528.00   601.00     0.00    90.00
   	  528.00   601.00     0.00    90.00
   	  638.00   489.00     0.00    90.00
   	  638.00   489.00     0.00    90.00
  11 	  516.00  -258.00     0.00     0.00     0.00     0.00
  11 	  516.00  -258.00     0.00     0.00     0.00     0.00
   	  418.00   433.00   668.00    90.00
   	  418.00   433.00   668.00    90.00
   	  616.00   713.00     0.00    90.00
   	  616.00   713.00     0.00    90.00
   	  528.00   601.00     0.00    90.00
   	  528.00   601.00     0.00    90.00
   	  638.00   489.00     0.00    90.00
   	  638.00   489.00     0.00    90.00
  12 	  602.00  -258.00     0.00     0.00     0.00     0.00
  12 	  602.00  -258.00     0.00     0.00     0.00     0.00
   	  418.00   433.00   668.00    90.00
   	  418.00   433.00   668.00    90.00
   	  616.00   713.00     0.00    90.00
   	  616.00   713.00     0.00    90.00
   	  528.00   601.00     0.00    90.00
   	  528.00   601.00     0.00    90.00
   	  638.00   489.00     0.00    90.00
   	  638.00   489.00     0.00    90.00
  13 	  688.00  -258.00     0.00     0.00     0.00     0.00
  13 	  688.00  -258.00     0.00     0.00     0.00     0.00
   	  418.00   433.00   668.00    90.00
   	  418.00   433.00   668.00    90.00
   	  616.00   713.00     0.00    90.00
   	  616.00   713.00     0.00    90.00
   	  528.00   601.00     0.00    90.00
   	  528.00   601.00     0.00    90.00
   	  638.00   489.00     0.00    90.00
   	  638.00   489.00     0.00    90.00
  14 	  774.00  -258.00     0.00     0.00     0.00     0.00
  14 	  774.00  -258.00     0.00     0.00     0.00     0.00
   	  418.00   433.00   668.00    90.00
   	  418.00   433.00   668.00    90.00
   	  616.00   713.00     0.00    90.00
   	  616.00   713.00     0.00    90.00
   	  528.00   601.00     0.00    90.00
   	  528.00   601.00     0.00    90.00
   	  638.00   489.00     0.00    90.00
   	  638.00   489.00     0.00    90.00
  15 	  258.00  -172.00     0.00     0.00     0.00     0.00
  15 	  258.00  -172.00     0.00     0.00     0.00     0.00
   	  418.00   433.00   668.00    90.00
   	  418.00   433.00   668.00    90.00
   	  616.00   713.00     0.00    90.00
   	  616.00   713.00     0.00    90.00
   	  528.00   601.00     0.00    90.00
   	  528.00   601.00     0.00    90.00
   	  638.00   489.00     0.00    90.00
   	  638.00   489.00     0.00    90.00
  16 	  344.00  -172.00     0.00     0.00     0.00     0.00
  16 	  344.00  -172.00     0.00     0.00     0.00     0.00
   	  418.00   433.00   668.00    90.00
   	  418.00   433.00   668.00    90.00
   	  616.00   713.00     0.00    90.00
   	  616.00   713.00     0.00    90.00
   	  528.00   601.00     0.00    90.00
   	  528.00   601.00     0.00    90.00
   	  638.00   489.00     0.00    90.00
   	  638.00   489.00     0.00    90.00
  17 	  430.00  -172.00     0.00     0.00     0.00     0.00
  17 	  430.00  -172.00     0.00     0.00     0.00     0.00
   	  418.00   433.00   668.00    90.00
   	  418.00   433.00   668.00    90.00
   	  616.00   713.00     0.00    90.00
   	  616.00   713.00     0.00    90.00
   	  528.00   601.00     0.00    90.00
   	  528.00   601.00     0.00    90.00
   	  638.00   489.00     0.00    90.00
   	  638.00   489.00     0.00    90.00
  18 	  516.00  -172.00     0.00     0.00     0.00     0.00
  18 	  516.00  -172.00     0.00     0.00     0.00     0.00
   	  418.00   433.00   668.00    90.00
   	  418.00   433.00   668.00    90.00
   	  616.00   713.00     0.00    90.00
   	  616.00   713.00     0.00    90.00
   	  528.00   601.00     0.00    90.00
   	  528.00   601.00     0.00    90.00
   	  638.00   489.00     0.00    90.00
   	  638.00   489.00     0.00    90.00
  19 	  602.00  -172.00     0.00     0.00     0.00     0.00
  19 	  602.00  -172.00     0.00     0.00     0.00     0.00
   	  418.00   433.00   668.00    90.00
   	  418.00   433.00   668.00    90.00
   	  616.00   713.00     0.00    90.00
   	  616.00   713.00     0.00    90.00
   	  528.00   601.00     0.00    90.00
   	  528.00   601.00     0.00    90.00
   	  638.00   489.00     0.00    90.00
   	  638.00   489.00     0.00    90.00
  20 	  688.00  -172.00     0.00     0.00     0.00     0.00
  20 	  688.00  -172.00     0.00     0.00     0.00     0.00
   	  418.00   433.00   668.00    90.00
   	  418.00   433.00   668.00    90.00
   	  616.00   713.00     0.00    90.00
   	  616.00   713.00     0.00    90.00
   	  528.00   601.00     0.00    90.00
   	  528.00   601.00     0.00    90.00
   	  638.00   489.00     0.00    90.00
   	  638.00   489.00     0.00    90.00
  21 	  774.00  -172.00     0.00     0.00     0.00     0.00
  21 	  774.00  -172.00     0.00     0.00     0.00     0.00
   	  418.00   433.00   668.00    90.00
   	  418.00   433.00   668.00    90.00
   	  616.00   713.00     0.00    90.00
   	  616.00   713.00     0.00    90.00
   	  528.00   601.00     0.00    90.00
   	  528.00   601.00     0.00    90.00
   	  638.00   489.00     0.00    90.00
   	  638.00   489.00     0.00    90.00
  22 	  258.00   -86.00     0.00     0.00     0.00     0.00
  22 	  258.00   -86.00     0.00     0.00     0.00     0.00
   	  418.00   433.00   668.00    90.00
   	  418.00   433.00   668.00    90.00
   	  616.00   713.00     0.00    90.00
   	  616.00   713.00     0.00    90.00
   	  528.00   601.00     0.00    90.00
   	  528.00   601.00     0.00    90.00
   	  638.00   489.00     0.00    90.00
   	  638.00   489.00     0.00    90.00
  23 	  344.00   -86.00     0.00     0.00     0.00     0.00
  23 	  344.00   -86.00     0.00     0.00     0.00     0.00
   	  418.00   433.00   668.00    90.00
   	  418.00   433.00   668.00    90.00
   	  616.00   713.00     0.00    90.00
   	  616.00   713.00     0.00    90.00
   	  528.00   601.00     0.00    90.00
   	  528.00   601.00     0.00    90.00
   	  638.00   489.00     0.00    90.00
   	  638.00   489.00     0.00    90.00
  24 	  430.00   -86.00     0.00     0.00     0.00     0.00
  24 	  430.00   -86.00     0.00     0.00     0.00     0.00
   	  418.00   433.00   668.00    90.00
   	  418.00   433.00   668.00    90.00
   	  616.00   713.00     0.00    90.00
   	  616.00   713.00     0.00    90.00
   	  528.00   601.00     0.00    90.00
   	  528.00   601.00     0.00    90.00
   	  638.00   489.00     0.00    90.00
   	  638.00   489.00     0.00    90.00
  25 	  516.00   -86.00     0.00     0.00     0.00     0.00
  25 	  516.00   -86.00     0.00     0.00     0.00     0.00
   	  418.00   433.00   668.00    90.00
   	  418.00   433.00   668.00    90.00
   	  616.00   713.00     0.00    90.00
   	  616.00   713.00     0.00    90.00
   	  528.00   601.00     0.00    90.00
   	  528.00   601.00     0.00    90.00
   	  638.00   489.00     0.00    90.00
   	  638.00   489.00     0.00    90.00
  26 	  602.00   -86.00     0.00     0.00     0.00     0.00
  26 	  602.00   -86.00     0.00     0.00     0.00     0.00
   	  418.00   433.00   668.00    90.00
   	  418.00   433.00   668.00    90.00
   	  616.00   713.00     0.00    90.00
   	  616.00   713.00     0.00    90.00
   	  528.00   601.00     0.00    90.00
   	  528.00   601.00     0.00    90.00
   	  638.00   489.00     0.00    90.00
   	  638.00   489.00     0.00    90.00
  27 	  688.00   -86.00     0.00     0.00     0.00     0.00
  27 	  688.00   -86.00     0.00     0.00     0.00     0.00
   	  418.00   433.00   668.00    90.00
   	  418.00   433.00   668.00    90.00
   	  616.00   713.00     0.00    90.00
   	  616.00   713.00     0.00    90.00
   	  528.00   601.00     0.00    90.00
   	  528.00   601.00     0.00    90.00
   	  638.00   489.00     0.00    90.00
   	  638.00   489.00     0.00    90.00
  28 	  774.00   -86.00     0.00     0.00     0.00     0.00
  28 	  774.00   -86.00     0.00     0.00     0.00     0.00
   	  418.00   433.00   668.00    90.00
   	  418.00   433.00   668.00    90.00
   	  616.00   713.00     0.00    90.00
   	  616.00   713.00     0.00    90.00
   	  528.00   601.00     0.00    90.00
   	  528.00   601.00     0.00    90.00
   	  638.00   489.00     0.00    90.00
   	  638.00   489.00     0.00    90.00
  29 	  258.00     0.00     0.00     0.00     0.00     0.00
  29 	  258.00     0.00     0.00     0.00     0.00     0.00
   	  418.00   433.00   668.00    90.00
   	  418.00   433.00   668.00    90.00
   	  616.00   713.00     0.00    90.00
   	  616.00   713.00     0.00    90.00
   	  528.00   601.00     0.00    90.00
   	  528.00   601.00     0.00    90.00
   	  638.00   489.00     0.00    90.00
   	  638.00   489.00     0.00    90.00
  30 	  344.00     0.00     0.00     0.00     0.00     0.00
  30 	  344.00     0.00     0.00     0.00     0.00     0.00
   	  418.00   433.00   668.00    90.00
   	  418.00   433.00   668.00    90.00
   	  616.00   713.00     0.00    90.00
   	  616.00   713.00     0.00    90.00
   	  528.00   601.00     0.00    90.00
   	  528.00   601.00     0.00    90.00
   	  638.00   489.00     0.00    90.00
   	  638.00   489.00     0.00    90.00
  31 	  430.00     0.00     0.00     0.00     0.00     0.00
  31 	  430.00     0.00     0.00     0.00     0.00     0.00
   	  418.00   433.00   668.00    90.00
   	  418.00   433.00   668.00    90.00
   	  616.00   713.00     0.00    90.00
   	  616.00   713.00     0.00    90.00
   	  528.00   601.00     0.00    90.00
   	  528.00   601.00     0.00    90.00
   	  638.00   489.00     0.00    90.00
   	  638.00   489.00     0.00    90.00
  32 	  516.00     0.00     0.00     0.00     0.00     0.00
  32 	  516.00     0.00     0.00     0.00     0.00     0.00
   	  418.00   433.00   668.00    90.00
   	  418.00   433.00   668.00    90.00
   	  616.00   713.00     0.00    90.00
   	  616.00   713.00     0.00    90.00
   	  528.00   601.00     0.00    90.00
   	  528.00   601.00     0.00    90.00
   	  638.00   489.00     0.00    90.00
   	  638.00   489.00     0.00    90.00
  33 	  602.00     0.00     0.00     0.00     0.00     0.00
  33 	  602.00     0.00     0.00     0.00     0.00     0.00
   	  418.00   433.00   668.00    90.00
   	  418.00   433.00   668.00    90.00
   	  616.00   713.00     0.00    90.00
   	  616.00   713.00     0.00    90.00
   	  528.00   601.00     0.00    90.00
   	  528.00   601.00     0.00    90.00
   	  638.00   489.00     0.00    90.00
   	  638.00   489.00     0.00    90.00
  34 	  688.00     0.00     0.00     0.00     0.00     0.00
  34 	  688.00     0.00     0.00     0.00     0.00     0.00
   	  418.00   433.00   668.00    90.00
   	  418.00   433.00   668.00    90.00
   	  616.00   713.00     0.00    90.00
   	  616.00   713.00     0.00    90.00
   	  528.00   601.00     0.00    90.00
   	  528.00   601.00     0.00    90.00
   	  638.00   489.00     0.00    90.00
   	  638.00   489.00     0.00    90.00
  35 	  774.00     0.00     0.00     0.00     0.00     0.00
  35 	  774.00     0.00     0.00     0.00     0.00     0.00
   	  418.00   433.00   668.00    90.00
   	  418.00   433.00   668.00    90.00
   	  616.00   713.00     0.00    90.00
   	  616.00   713.00     0.00    90.00
   	  528.00   601.00     0.00    90.00
   	  528.00   601.00     0.00    90.00
   	  638.00   489.00     0.00    90.00
   	  638.00   489.00     0.00    90.00
  36 	  258.00    86.00     0.00     0.00     0.00     0.00
  36 	  258.00    86.00     0.00     0.00     0.00     0.00
   	  418.00   433.00   668.00    90.00
   	  418.00   433.00   668.00    90.00
   	  616.00   713.00     0.00    90.00
   	  616.00   713.00     0.00    90.00
   	  528.00   601.00     0.00    90.00
   	  528.00   601.00     0.00    90.00
   	  638.00   489.00     0.00    90.00
   	  638.00   489.00     0.00    90.00
  37 	  344.00    86.00     0.00     0.00     0.00     0.00
  37 	  344.00    86.00     0.00     0.00     0.00     0.00
   	  418.00   433.00   668.00    90.00
   	  418.00   433.00   668.00    90.00
   	  616.00   713.00     0.00    90.00
   	  616.00   713.00     0.00    90.00
   	  528.00   601.00     0.00    90.00
   	  528.00   601.00     0.00    90.00
   	  638.00   489.00     0.00    90.00
   	  638.00   489.00     0.00    90.00
  38 	  430.00    86.00     0.00     0.00     0.00     0.00
  38 	  430.00    86.00     0.00     0.00     0.00     0.00
   	  418.00   433.00   668.00    90.00
   	  418.00   433.00   668.00    90.00
   	  616.00   713.00     0.00    90.00
   	  616.00   713.00     0.00    90.00
   	  528.00   601.00     0.00    90.00
   	  528.00   601.00     0.00    90.00
   	  638.00   489.00     0.00    90.00
   	  638.00   489.00     0.00    90.00
  39 	  516.00    86.00     0.00     0.00     0.00     0.00
  39 	  516.00    86.00     0.00     0.00     0.00     0.00
   	  418.00   433.00   668.00    90.00
   	  418.00   433.00   668.00    90.00
   	  616.00   713.00     0.00    90.00
   	  616.00   713.00     0.00    90.00
   	  528.00   601.00     0.00    90.00
   	  528.00   601.00     0.00    90.00
   	  638.00   489.00     0.00    90.00
   	  638.00   489.00     0.00    90.00
  40 	  602.00    86.00     0.00     0.00     0.00     0.00
  40 	  602.00    86.00     0.00     0.00     0.00     0.00
   	  418.00   433.00   668.00    90.00
   	  418.00   433.00   668.00    90.00
   	  616.00   713.00     0.00    90.00
   	  616.00   713.00     0.00    90.00
   	  528.00   601.00     0.00    90.00
   	  528.00   601.00     0.00    90.00
   	  638.00   489.00     0.00    90.00
   	  638.00   489.00     0.00    90.00
  41 	  688.00    86.00     0.00     0.00     0.00     0.00
  41 	  688.00    86.00     0.00     0.00     0.00     0.00
   	  418.00   433.00   668.00    90.00
   	  418.00   433.00   668.00    90.00
   	  616.00   713.00     0.00    90.00
   	  616.00   713.00     0.00    90.00
   	  528.00   601.00     0.00    90.00
   	  528.00   601.00     0.00    90.00
   	  638.00   489.00     0.00    90.00
   	  638.00   489.00     0.00    90.00
  42 	  774.00    86.00     0.00     0.00     0.00     0.00
  42 	  774.00    86.00     0.00     0.00     0.00     0.00
   	  418.00   433.00   668.00    90.00
   	  418.00   433.00   668.00    90.00
   	  616.00   713.00     0.00    90.00
   	  616.00   713.00     0.00    90.00
   	  528.00   601.00     0.00    90.00
   	  528.00   601.00     0.00    90.00
   	  638.00   489.00     0.00    90.00
   	  638.00   489.00     0.00    90.00
  43 	  258.00   172.00     0.00     0.00     0.00     0.00
  43 	  258.00   172.00     0.00     0.00     0.00     0.00
   	  418.00   433.00   668.00    90.00
   	  418.00   433.00   668.00    90.00
   	  616.00   713.00     0.00    90.00
   	  616.00   713.00     0.00    90.00
   	  528.00   601.00     0.00    90.00
   	  528.00   601.00     0.00    90.00
   	  638.00   489.00     0.00    90.00
   	  638.00   489.00     0.00    90.00
  44 	  344.00   172.00     0.00     0.00     0.00     0.00
  44 	  344.00   172.00     0.00     0.00     0.00     0.00
   	  418.00   433.00   668.00    90.00
   	  418.00   433.00   668.00    90.00
   	  616.00   713.00     0.00    90.00
   	  616.00   713.00     0.00    90.00
   	  528.00   601.00     0.00    90.00
   	  528.00   601.00     0.00    90.00
   	  638.00   489.00     0.00    90.00
   	  638.00   489.00     0.00    90.00
  45 	  430.00   172.00     0.00     0.00     0.00     0.00
  45 	  430.00   172.00     0.00     0.00     0.00     0.00
   	  418.00   433.00   668.00    90.00
   	  418.00   433.00   668.00    90.00
   	  616.00   713.00     0.00    90.00
   	  616.00   713.00     0.00    90.00
   	  528.00   601.00     0.00    90.00
   	  528.00   601.00     0.00    90.00
   	  638.00   489.00     0.00    90.00
   	  638.00   489.00     0.00    90.00
  46 	  516.00   172.00     0.00     0.00     0.00     0.00
  46 	  516.00   172.00     0.00     0.00     0.00     0.00
   	  418.00   433.00   668.00    90.00
   	  418.00   433.00   668.00    90.00
   	  616.00   713.00     0.00    90.00
   	  616.00   713.00     0.00    90.00
   	  528.00   601.00     0.00    90.00
   	  528.00   601.00     0.00    90.00
   	  638.00   489.00     0.00    90.00
   	  638.00   489.00     0.00    90.00
  47 	  602.00   172.00     0.00     0.00     0.00     0.00
  47 	  602.00   172.00     0.00     0.00     0.00     0.00
   	  418.00   433.00   668.00    90.00
   	  418.00   433.00   668.00    90.00
   	  616.00   713.00     0.00    90.00
   	  616.00   713.00     0.00    90.00
   	  528.00   601.00     0.00    90.00
   	  528.00   601.00     0.00    90.00
   	  638.00   489.00     0.00    90.00
   	  638.00   489.00     0.00    90.00
  48 	  688.00   172.00     0.00     0.00     0.00     0.00
  48 	  688.00   172.00     0.00     0.00     0.00     0.00
   	  418.00   433.00   668.00    90.00
   	  418.00   433.00   668.00    90.00
   	  616.00   713.00     0.00    90.00
   	  616.00   713.00     0.00    90.00
   	  528.00   601.00     0.00    90.00
   	  528.00   601.00     0.00    90.00
   	  638.00   489.00     0.00    90.00
   	  638.00   489.00     0.00    90.00
  49 	  774.00   172.00     0.00     0.00     0.00     0.00
  49 	  774.00   172.00     0.00     0.00     0.00     0.00
   	  418.00   433.00   668.00    90.00
   	  418.00   433.00   668.00    90.00
   	  616.00   713.00     0.00    90.00
   	  616.00   713.00     0.00    90.00
   	  528.00   601.00     0.00    90.00
   	  528.00   601.00     0.00    90.00
   	  638.00   489.00     0.00    90.00
   	  638.00   489.00     0.00    90.00
  50 	  258.00   258.00     0.00     0.00     0.00     0.00
  50 	  258.00   258.00     0.00     0.00     0.00     0.00
   	  418.00   433.00   668.00    90.00
   	  418.00   433.00   668.00    90.00
   	  616.00   713.00     0.00    90.00
   	  616.00   713.00     0.00    90.00
   	  528.00   601.00     0.00    90.00
   	  528.00   601.00     0.00    90.00
   	  638.00   489.00     0.00    90.00
   	  638.00   489.00     0.00    90.00
  51 	  344.00   258.00     0.00     0.00     0.00     0.00
  51 	  344.00   258.00     0.00     0.00     0.00     0.00
   	  418.00   433.00   668.00    90.00
   	  418.00   433.00   668.00    90.00
   	  616.00   713.00     0.00    90.00
   	  616.00   713.00     0.00    90.00
   	  528.00   601.00     0.00    90.00
   	  528.00   601.00     0.00    90.00
   	  638.00   489.00     0.00    90.00
   	  638.00   489.00     0.00    90.00
  52 	  430.00   258.00     0.00     0.00     0.00     0.00
  52 	  430.00   258.00     0.00     0.00     0.00     0.00
   	  418.00   433.00   668.00    90.00
   	  418.00   433.00   668.00    90.00
   	  616.00   713.00     0.00    90.00
   	  616.00   713.00     0.00    90.00
   	  528.00   601.00     0.00    90.00
   	  528.00   601.00     0.00    90.00
   	  638.00   489.00     0.00    90.00
   	  638.00   489.00     0.00    90.00
  53 	  516.00   258.00     0.00     0.00     0.00     0.00
  53 	  516.00   258.00     0.00     0.00     0.00     0.00
   	  418.00   433.00   668.00    90.00
   	  418.00   433.00   668.00    90.00
   	  616.00   713.00     0.00    90.00
   	  616.00   713.00     0.00    90.00
   	  528.00   601.00     0.00    90.00
   	  528.00   601.00     0.00    90.00
   	  638.00   489.00     0.00    90.00
   	  638.00   489.00     0.00    90.00
  54 	  602.00   258.00     0.00     0.00     0.00     0.00
  54 	  602.00   258.00     0.00     0.00     0.00     0.00
   	  418.00   433.00   668.00    90.00
   	  418.00   433.00   668.00    90.00
   	  616.00   713.00     0.00    90.00
   	  616.00   713.00     0.00    90.00
   	  528.00   601.00     0.00    90.00
   	  528.00   601.00     0.00    90.00
   	  638.00   489.00     0.00    90.00
   	  638.00   489.00     0.00    90.00
  55 	  688.00   258.00     0.00     0.00     0.00     0.00
  55 	  688.00   258.00     0.00     0.00     0.00     0.00
   	  418.00   433.00   668.00    90.00
   	  418.00   433.00   668.00    90.00
   	  616.00   713.00     0.00    90.00
   	  616.00   713.00     0.00    90.00
   	  528.00   601.00     0.00    90.00
   	  528.00   601.00     0.00    90.00
   	  638.00   489.00     0.00    90.00
   	  638.00   489.00     0.00    90.00
  56 	  774.00   258.00     0.00     0.00     0.00     0.00
  56 	  774.00   258.00     0.00     0.00     0.00     0.00
   	  418.00   433.00   668.00    90.00
   	  418.00   433.00   668.00    90.00
   	  616.00   713.00     0.00    90.00
   	  616.00   713.00     0.00    90.00
   	  528.00   601.00     0.00    90.00
   	  528.00   601.00     0.00    90.00
   	  638.00   489.00     0.00    90.00
   	  638.00   489.00     0.00    90.00
  57 	  258.00   344.00     0.00     0.00     0.00     0.00
  57 	  258.00   344.00     0.00     0.00     0.00     0.00
   	  418.00   433.00   668.00    90.00
   	  418.00   433.00   668.00    90.00
   	  616.00   713.00     0.00    90.00
   	  616.00   713.00     0.00    90.00
   	  528.00   601.00     0.00    90.00
   	  528.00   601.00     0.00    90.00
   	  638.00   489.00     0.00    90.00
   	  638.00   489.00     0.00    90.00
  58 	  344.00   344.00     0.00     0.00     0.00     0.00
  58 	  344.00   344.00     0.00     0.00     0.00     0.00
   	  418.00   433.00   668.00    90.00
   	  418.00   433.00   668.00    90.00
   	  616.00   713.00     0.00    90.00
   	  616.00   713.00     0.00    90.00
   	  528.00   601.00     0.00    90.00
   	  528.00   601.00     0.00    90.00
   	  638.00   489.00     0.00    90.00
   	  638.00   489.00     0.00    90.00
  59 	  430.00   344.00     0.00     0.00     0.00     0.00
  59 	  430.00   344.00     0.00     0.00     0.00     0.00
   	  418.00   433.00   668.00    90.00
   	  418.00   433.00   668.00    90.00
   	  616.00   713.00     0.00    90.00
   	  616.00   713.00     0.00    90.00
   	  528.00   601.00     0.00    90.00
   	  528.00   601.00     0.00    90.00
   	  638.00   489.00     0.00    90.00
   	  638.00   489.00     0.00    90.00
  60 	  516.00   344.00     0.00     0.00     0.00     0.00
  60 	  516.00   344.00     0.00     0.00     0.00     0.00
   	  418.00   433.00   668.00    90.00
   	  418.00   433.00   668.00    90.00
   	  616.00   713.00     0.00    90.00
   	  616.00   713.00     0.00    90.00
   	  528.00   601.00     0.00    90.00
   	  528.00   601.00     0.00    90.00
   	  638.00   489.00     0.00    90.00
   	  638.00   489.00     0.00    90.00
  61 	  602.00   344.00     0.00     0.00     0.00     0.00
  61 	  602.00   344.00     0.00     0.00     0.00     0.00
   	  418.00   433.00   668.00    90.00
   	  418.00   433.00   668.00    90.00
   	  616.00   713.00     0.00    90.00
   	  616.00   713.00     0.00    90.00
   	  528.00   601.00     0.00    90.00
   	  528.00   601.00     0.00    90.00
   	  638.00   489.00     0.00    90.00
   	  638.00   489.00     0.00    90.00
  62 	  688.00   344.00     0.00     0.00     0.00     0.00
  62 	  688.00   344.00     0.00     0.00     0.00     0.00
   	  418.00   433.00   668.00    90.00
   	  418.00   433.00   668.00    90.00
   	  616.00   713.00     0.00    90.00
   	  616.00   713.00     0.00    90.00
   	  528.00   601.00     0.00    90.00
   	  528.00   601.00     0.00    90.00
   	  638.00   489.00     0.00    90.00
   	  638.00   489.00     0.00    90.00
  63 	  774.00   344.00     0.00     0.00     0.00     0.00
  63 	  774.00   344.00     0.00     0.00     0.00     0.00
   	  418.00   433.00   668.00    90.00
   	  418.00   433.00   668.00    90.00
   	  616.00   713.00     0.00    90.00
   	  616.00   713.00     0.00    90.00
   	  528.00   601.00     0.00    90.00
   	  528.00   601.00     0.00    90.00
   	  638.00   489.00     0.00    90.00
   	  638.00   489.00     0.00    90.00
  64 	  172.00   344.00     0.00     0.00     0.00     0.00
  64 	  172.00   344.00     0.00     0.00     0.00     0.00
   	  418.00   433.00   668.00    90.00
   	  418.00   433.00   668.00    90.00
   	  616.00   713.00     0.00    90.00
   	  616.00   713.00     0.00    90.00
   	  528.00   601.00     0.00    90.00
   	  528.00   601.00     0.00    90.00
   	  638.00   489.00     0.00    90.00
   	  638.00   489.00     0.00    90.00
  65 	    0.00  -258.00     0.00     0.00     0.00     0.00
  65 	    0.00  -258.00     0.00     0.00     0.00     0.00
   	  418.00   433.00   668.00    90.00
   	  418.00   433.00   668.00    90.00
   	  616.00   713.00     0.00    90.00
   	  616.00   713.00     0.00    90.00
   	  528.00   601.00     0.00    90.00
   	  528.00   601.00     0.00    90.00
   	  638.00   489.00     0.00    90.00
   	  638.00   489.00     0.00    90.00
  66 	   86.00  -258.00     0.00     0.00     0.00     0.00
  66 	   86.00  -258.00     0.00     0.00     0.00     0.00
   	  418.00   433.00   668.00    90.00
   	  418.00   433.00   668.00    90.00
   	  616.00   713.00     0.00    90.00
   	  616.00   713.00     0.00    90.00
   	  528.00   601.00     0.00    90.00
   	  528.00   601.00     0.00    90.00
   	  638.00   489.00     0.00    90.00
   	  638.00   489.00     0.00    90.00
  67 	  172.00  -258.00     0.00     0.00     0.00     0.00
  67 	  172.00  -258.00     0.00     0.00     0.00     0.00
   	  418.00   433.00   668.00    90.00
   	  418.00   433.00   668.00    90.00
   	  616.00   713.00     0.00    90.00
   	  616.00   713.00     0.00    90.00
   	  528.00   601.00     0.00    90.00
   	  528.00   601.00     0.00    90.00
   	  638.00   489.00     0.00    90.00
   	  638.00   489.00     0.00    90.00
  68 	  258.00  -258.00     0.00     0.00     0.00     0.00
  68 	  258.00  -258.00     0.00     0.00     0.00     0.00
   	  418.00   433.00   668.00    90.00
   	  418.00   433.00   668.00    90.00
   	  616.00   713.00     0.00    90.00
   	  616.00   713.00     0.00    90.00
   	  528.00   601.00     0.00    90.00
   	  528.00   601.00     0.00    90.00
   	  638.00   489.00     0.00    90.00
   	  638.00   489.00     0.00    90.00
  69 	  344.00  -258.00     0.00     0.00     0.00     0.00
  69 	  344.00  -258.00     0.00     0.00     0.00     0.00
   	  418.00   433.00   668.00    90.00
   	  418.00   433.00   668.00    90.00
   	  616.00   713.00     0.00    90.00
   	  616.00   713.00     0.00    90.00
   	  528.00   601.00     0.00    90.00
   	  528.00   601.00     0.00    90.00
   	  638.00   489.00     0.00    90.00
   	  638.00   489.00     0.00    90.00
  70 	  430.00  -258.00     0.00     0.00     0.00     0.00
  70 	  430.00  -258.00     0.00     0.00     0.00     0.00
   	  418.00   433.00   668.00    90.00
   	  418.00   433.00   668.00    90.00
   	  616.00   713.00     0.00    90.00
   	  616.00   713.00     0.00    90.00
   	  528.00   601.00     0.00    90.00
   	  528.00   601.00     0.00    90.00
   	  638.00   489.00     0.00    90.00
   	  638.00   489.00     0.00    90.00
  71 	    0.00  -172.00     0.00     0.00     0.00     0.00
  71 	    0.00  -172.00     0.00     0.00     0.00     0.00
   	  418.00   433.00   668.00    90.00
   	  418.00   433.00   668.00    90.00
   	  616.00   713.00     0.00    90.00
   	  616.00   713.00     0.00    90.00
   	  528.00   601.00     0.00    90.00
   	  528.00   601.00     0.00    90.00
   	  638.00   489.00     0.00    90.00
   	  638.00   489.00     0.00    90.00
  72 	   86.00  -172.00     0.00     0.00     0.00     0.00
  72 	   86.00  -172.00     0.00     0.00     0.00     0.00
   	  418.00   433.00   668.00    90.00
   	  418.00   433.00   668.00    90.00
   	  616.00   713.00     0.00    90.00
   	  616.00   713.00     0.00    90.00
   	  528.00   601.00     0.00    90.00
   	  528.00   601.00     0.00    90.00
   	  638.00   489.00     0.00    90.00
   	  638.00   489.00     0.00    90.00
  73 	  172.00  -172.00     0.00     0.00     0.00     0.00
  73 	  172.00  -172.00     0.00     0.00     0.00     0.00
   	  418.00   433.00   668.00    90.00
   	  418.00   433.00   668.00    90.00
   	  616.00   713.00     0.00    90.00
   	  616.00   713.00     0.00    90.00
   	  528.00   601.00     0.00    90.00
   	  528.00   601.00     0.00    90.00
   	  638.00   489.00     0.00    90.00
   	  638.00   489.00     0.00    90.00
  74 	  258.00  -172.00     0.00     0.00     0.00     0.00
  74 	  258.00  -172.00     0.00     0.00     0.00     0.00
   	  418.00   433.00   668.00    90.00
   	  418.00   433.00   668.00    90.00
   	  616.00   713.00     0.00    90.00
   	  616.00   713.00     0.00    90.00
   	  528.00   601.00     0.00    90.00
   	  528.00   601.00     0.00    90.00
   	  638.00   489.00     0.00    90.00
   	  638.00   489.00     0.00    90.00
  75 	  344.00  -172.00     0.00     0.00     0.00     0.00
  75 	  344.00  -172.00     0.00     0.00     0.00     0.00
   	  418.00   433.00   668.00    90.00
   	  418.00   433.00   668.00    90.00
   	  616.00   713.00     0.00    90.00
   	  616.00   713.00     0.00    90.00
   	  528.00   601.00     0.00    90.00
   	  528.00   601.00     0.00    90.00
   	  638.00   489.00     0.00    90.00
   	  638.00   489.00     0.00    90.00
  76 	  430.00  -172.00     0.00     0.00     0.00     0.00
  76 	  430.00  -172.00     0.00     0.00     0.00     0.00
   	  418.00   433.00   668.00    90.00
   	  418.00   433.00   668.00    90.00
   	  616.00   713.00     0.00    90.00
   	  616.00   713.00     0.00    90.00
   	  528.00   601.00     0.00    90.00
   	  528.00   601.00     0.00    90.00
   	  638.00   489.00     0.00    90.00
   	  638.00   489.00     0.00    90.00
  77 	    0.00   -86.00     0.00     0.00     0.00     0.00
  77 	    0.00   -86.00     0.00     0.00     0.00     0.00
   	  418.00   433.00   668.00    90.00
   	  418.00   433.00   668.00    90.00
   	  616.00   713.00     0.00    90.00
   	  616.00   713.00     0.00    90.00
   	  528.00   601.00     0.00    90.00
   	  528.00   601.00     0.00    90.00
   	  638.00   489.00     0.00    90.00
   	  638.00   489.00     0.00    90.00
  78 	   86.00   -86.00     0.00     0.00     0.00     0.00
  78 	   86.00   -86.00     0.00     0.00     0.00     0.00
   	  418.00   433.00   668.00    90.00
   	  418.00   433.00   668.00    90.00
   	  616.00   713.00     0.00    90.00
   	  616.00   713.00     0.00    90.00
   	  528.00   601.00     0.00    90.00
   	  528.00   601.00     0.00    90.00
   	  638.00   489.00     0.00    90.00
   	  638.00   489.00     0.00    90.00
  79 	  172.00   -86.00     0.00     0.00     0.00     0.00
  79 	  172.00   -86.00     0.00     0.00     0.00     0.00
   	  418.00   433.00   668.00    90.00
   	  418.00   433.00   668.00    90.00
   	  616.00   713.00     0.00    90.00
   	  616.00   713.00     0.00    90.00
   	  528.00   601.00     0.00    90.00
   	  528.00   601.00     0.00    90.00
   	  638.00   489.00     0.00    90.00
   	  638.00   489.00     0.00    90.00
  80 	  258.00   -86.00     0.00     0.00     0.00     0.00
  80 	  258.00   -86.00     0.00     0.00     0.00     0.00
   	  418.00   433.00   668.00    90.00
   	  418.00   433.00   668.00    90.00
   	  616.00   713.00     0.00    90.00
   	  616.00   713.00     0.00    90.00
   	  528.00   601.00     0.00    90.00
   	  528.00   601.00     0.00    90.00
   	  638.00   489.00     0.00    90.00
   	  638.00   489.00     0.00    90.00
  81 	  344.00   -86.00     0.00     0.00     0.00     0.00
  81 	  344.00   -86.00     0.00     0.00     0.00     0.00
   	  418.00   433.00   668.00    90.00
   	  418.00   433.00   668.00    90.00
   	  616.00   713.00     0.00    90.00
   	  616.00   713.00     0.00    90.00
   	  528.00   601.00     0.00    90.00
   	  528.00   601.00     0.00    90.00
   	  638.00   489.00     0.00    90.00
   	  638.00   489.00     0.00    90.00
  82 	  430.00   -86.00     0.00     0.00     0.00     0.00
  82 	  430.00   -86.00     0.00     0.00     0.00     0.00
   	  418.00   433.00   668.00    90.00
   	  418.00   433.00   668.00    90.00
   	  616.00   713.00     0.00    90.00
   	  616.00   713.00     0.00    90.00
   	  528.00   601.00     0.00    90.00
   	  528.00   601.00     0.00    90.00
   	  638.00   489.00     0.00    90.00
   	  638.00   489.00     0.00    90.00
  83 	    0.00     0.00     0.00     0.00     0.00     0.00
  83 	    0.00     0.00     0.00     0.00     0.00     0.00
   	  418.00   433.00   668.00    90.00
   	  418.00   433.00   668.00    90.00
   	  616.00   713.00     0.00    90.00
   	  616.00   713.00     0.00    90.00
   	  528.00   601.00     0.00    90.00
   	  528.00   601.00     0.00    90.00
   	  638.00   489.00     0.00    90.00
   	  638.00   489.00     0.00    90.00
  84 	   86.00     0.00     0.00     0.00     0.00     0.00
  84 	   86.00     0.00     0.00     0.00     0.00     0.00
   	  418.00   433.00   668.00    90.00
   	  418.00   433.00   668.00    90.00
   	  616.00   713.00     0.00    90.00
   	  616.00   713.00     0.00    90.00
   	  528.00   601.00     0.00    90.00
   	  528.00   601.00     0.00    90.00
   	  638.00   489.00     0.00    90.00
   	  638.00   489.00     0.00    90.00
  85 	  172.00     0.00     0.00     0.00     0.00     0.00
  85 	  172.00     0.00     0.00     0.00     0.00     0.00
   	  418.00   433.00   668.00    90.00
   	  418.00   433.00   668.00    90.00
   	  616.00   713.00     0.00    90.00
   	  616.00   713.00     0.00    90.00
   	  528.00   601.00     0.00    90.00
   	  528.00   601.00     0.00    90.00
   	  638.00   489.00     0.00    90.00
   	  638.00   489.00     0.00    90.00
  86 	  258.00     0.00     0.00     0.00     0.00     0.00
  86 	  258.00     0.00     0.00     0.00     0.00     0.00
   	  418.00   433.00   668.00    90.00
   	  418.00   433.00   668.00    90.00
   	  616.00   713.00     0.00    90.00
   	  616.00   713.00     0.00    90.00
   	  528.00   601.00     0.00    90.00
   	  528.00   601.00     0.00    90.00
   	  638.00   489.00     0.00    90.00
   	  638.00   489.00     0.00    90.00
  87 	  344.00     0.00     0.00     0.00     0.00     0.00
  87 	  344.00     0.00     0.00     0.00     0.00     0.00
   	  418.00   433.00   668.00    90.00
   	  418.00   433.00   668.00    90.00
   	  616.00   713.00     0.00    90.00
   	  616.00   713.00     0.00    90.00
   	  528.00   601.00     0.00    90.00
   	  528.00   601.00     0.00    90.00
   	  638.00   489.00     0.00    90.00
   	  638.00   489.00     0.00    90.00
  88 	  430.00     0.00     0.00     0.00     0.00     0.00
  88 	  430.00     0.00     0.00     0.00     0.00     0.00
   	  418.00   433.00   668.00    90.00
   	  418.00   433.00   668.00    90.00
   	  616.00   713.00     0.00    90.00
   	  616.00   713.00     0.00    90.00
   	  528.00   601.00     0.00    90.00
   	  528.00   601.00     0.00    90.00
   	  638.00   489.00     0.00    90.00
   	  638.00   489.00     0.00    90.00
  89 	   -0.00    86.00     0.00     0.00     0.00     0.00
  89 	   -0.00    86.00     0.00     0.00     0.00     0.00
   	  418.00   433.00   668.00    90.00
   	  418.00   433.00   668.00    90.00
   	  616.00   713.00     0.00    90.00
   	  616.00   713.00     0.00    90.00
   	  528.00   601.00     0.00    90.00
   	  528.00   601.00     0.00    90.00
   	  638.00   489.00     0.00    90.00
   	  638.00   489.00     0.00    90.00
  90 	   86.00    86.00     0.00     0.00     0.00     0.00
  90 	   86.00    86.00     0.00     0.00     0.00     0.00
   	  418.00   433.00   668.00    90.00
   	  418.00   433.00   668.00    90.00
   	  616.00   713.00     0.00    90.00
   	  616.00   713.00     0.00    90.00
   	  528.00   601.00     0.00    90.00
   	  528.00   601.00     0.00    90.00
   	  638.00   489.00     0.00    90.00
   	  638.00   489.00     0.00    90.00
  91 	  172.00    86.00     0.00     0.00     0.00     0.00
  91 	  172.00    86.00     0.00     0.00     0.00     0.00
   	  418.00   433.00   668.00    90.00
   	  418.00   433.00   668.00    90.00
   	  616.00   713.00     0.00    90.00
   	  616.00   713.00     0.00    90.00
   	  528.00   601.00     0.00    90.00
   	  528.00   601.00     0.00    90.00
   	  638.00   489.00     0.00    90.00
   	  638.00   489.00     0.00    90.00
  92 	  258.00    86.00     0.00     0.00     0.00     0.00
  92 	  258.00    86.00     0.00     0.00     0.00     0.00
   	  418.00   433.00   668.00    90.00
   	  418.00   433.00   668.00    90.00
   	  616.00   713.00     0.00    90.00
   	  616.00   713.00     0.00    90.00
   	  528.00   601.00     0.00    90.00
   	  528.00   601.00     0.00    90.00
   	  638.00   489.00     0.00    90.00
   	  638.00   489.00     0.00    90.00
  93 	  344.00    86.00     0.00     0.00     0.00     0.00
  93 	  344.00    86.00     0.00     0.00     0.00     0.00
   	  418.00   433.00   668.00    90.00
   	  418.00   433.00   668.00    90.00
   	  616.00   713.00     0.00    90.00
   	  616.00   713.00     0.00    90.00
   	  528.00   601.00     0.00    90.00
   	  528.00   601.00     0.00    90.00
   	  638.00   489.00     0.00    90.00
   	  638.00   489.00     0.00    90.00
  94 	  430.00    86.00     0.00     0.00     0.00     0.00
  94 	  430.00    86.00     0.00     0.00     0.00     0.00
   	  418.00   433.00   668.00    90.00
   	  418.00   433.00   668.00    90.00
   	  616.00   713.00     0.00    90.00
   	  616.00   713.00     0.00    90.00
   	  528.00   601.00     0.00    90.00
   	  528.00   601.00     0.00    90.00
   	  638.00   489.00     0.00    90.00
   	  638.00   489.00     0.00    90.00
  95 	   -0.00   172.00     0.00     0.00     0.00     0.00
  95 	   -0.00   172.00     0.00     0.00     0.00     0.00
   	  418.00   433.00   668.00    90.00
   	  418.00   433.00   668.00    90.00
   	  616.00   713.00     0.00    90.00
   	  616.00   713.00     0.00    90.00
   	  528.00   601.00     0.00    90.00
   	  528.00   601.00     0.00    90.00
   	  638.00   489.00     0.00    90.00
   	  638.00   489.00     0.00    90.00
  96 	   86.00   172.00     0.00     0.00     0.00     0.00
  96 	   86.00   172.00     0.00     0.00     0.00     0.00
   	  418.00   433.00   668.00    90.00
   	  418.00   433.00   668.00    90.00
   	  616.00   713.00     0.00    90.00
   	  616.00   713.00     0.00    90.00
   	  528.00   601.00     0.00    90.00
   	  528.00   601.00     0.00    90.00
   	  638.00   489.00     0.00    90.00
   	  638.00   489.00     0.00    90.00
  97 	  172.00   172.00     0.00     0.00     0.00     0.00
  97 	  172.00   172.00     0.00     0.00     0.00     0.00
   	  418.00   433.00   668.00    90.00
   	  418.00   433.00   668.00    90.00
   	  616.00   713.00     0.00    90.00
   	  616.00   713.00     0.00    90.00
   	  528.00   601.00     0.00    90.00
   	  528.00   601.00     0.00    90.00
   	  638.00   489.00     0.00    90.00
   	  638.00   489.00     0.00    90.00
  98 	  258.00   172.00     0.00     0.00     0.00     0.00
  98 	  258.00   172.00     0.00     0.00     0.00     0.00
   	  418.00   433.00   668.00    90.00
   	  418.00   433.00   668.00    90.00
   	  616.00   713.00     0.00    90.00
   	  616.00   713.00     0.00    90.00
   	  528.00   601.00     0.00    90.00
   	  528.00   601.00     0.00    90.00
   	  638.00   489.00     0.00    90.00
   	  638.00   489.00     0.00    90.00
  99 	  344.00   172.00     0.00     0.00     0.00     0.00
  99 	  344.00   172.00     0.00     0.00     0.00     0.00
   	  418.00   433.00   668.00    90.00
   	  418.00   433.00   668.00    90.00
   	  616.00   713.00     0.00    90.00
   	  616.00   713.00     0.00    90.00
   	  528.00   601.00     0.00    90.00
   	  528.00   601.00     0.00    90.00
   	  638.00   489.00     0.00    90.00
   	  638.00   489.00     0.00    90.00
 100 	  430.00   172.00     0.00     0.00     0.00     0.00
 100 	  430.00   172.00     0.00     0.00     0.00     0.00
   	  418.00   433.00   668.00    90.00
   	  418.00   433.00   668.00    90.00
   	  616.00   713.00     0.00    90.00
   	  616.00   713.00     0.00    90.00
   	  528.00   601.00     0.00    90.00
   	  528.00   601.00     0.00    90.00
   	  638.00   489.00     0.00    90.00
   	  638.00   489.00     0.00    90.00
 101 	   -0.00   258.00     0.00     0.00     0.00     0.00
 101 	   -0.00   258.00     0.00     0.00     0.00     0.00
   	  418.00   433.00   668.00    90.00
   	  418.00   433.00   668.00    90.00
   	  616.00   713.00     0.00    90.00
   	  616.00   713.00     0.00    90.00
   	  528.00   601.00     0.00    90.00
   	  528.00   601.00     0.00    90.00
   	  638.00   489.00     0.00    90.00
   	  638.00   489.00     0.00    90.00
 102 	   86.00   258.00     0.00     0.00     0.00     0.00
 102 	   86.00   258.00     0.00     0.00     0.00     0.00
   	  418.00   433.00   668.00    90.00
   	  418.00   433.00   668.00    90.00
   	  616.00   713.00     0.00    90.00
   	  616.00   713.00     0.00    90.00
   	  528.00   601.00     0.00    90.00
   	  528.00   601.00     0.00    90.00
   	  638.00   489.00     0.00    90.00
   	  638.00   489.00     0.00    90.00
 103 	  172.00   258.00     0.00     0.00     0.00     0.00
 103 	  172.00   258.00     0.00     0.00     0.00     0.00
   	  418.00   433.00   668.00    90.00
   	  418.00   433.00   668.00    90.00
   	  616.00   713.00     0.00    90.00
   	  616.00   713.00     0.00    90.00
   	  528.00   601.00     0.00    90.00
   	  528.00   601.00     0.00    90.00
   	  638.00   489.00     0.00    90.00
   	  638.00   489.00     0.00    90.00
 104 	  258.00   258.00     0.00     0.00     0.00     0.00
 104 	  258.00   258.00     0.00     0.00     0.00     0.00
   	  418.00   433.00   668.00    90.00
   	  418.00   433.00   668.00    90.00
   	  616.00   713.00     0.00    90.00
   	  616.00   713.00     0.00    90.00
   	  528.00   601.00     0.00    90.00
   	  528.00   601.00     0.00    90.00
   	  638.00   489.00     0.00    90.00
   	  638.00   489.00     0.00    90.00
 105 	  344.00   258.00     0.00     0.00     0.00     0.00
 105 	  344.00   258.00     0.00     0.00     0.00     0.00
   	  418.00   433.00   668.00    90.00
   	  418.00   433.00   668.00    90.00
   	  616.00   713.00     0.00    90.00
   	  616.00   713.00     0.00    90.00
   	  528.00   601.00     0.00    90.00
   	  528.00   601.00     0.00    90.00
   	  638.00   489.00     0.00    90.00
   	  638.00   489.00     0.00    90.00
 106 	  430.00   258.00     0.00     0.00     0.00     0.00
 106 	  430.00   258.00     0.00     0.00     0.00     0.00
   	  418.00   433.00   668.00    90.00
   	  418.00   433.00   668.00    90.00
   	  616.00   713.00     0.00    90.00
   	  616.00   713.00     0.00    90.00
   	  528.00   601.00     0.00    90.00
   	  528.00   601.00     0.00    90.00
   	  638.00   489.00     0.00    90.00
   	  638.00   489.00     0.00    90.00
 107 	   -0.00   344.00     0.00     0.00     0.00     0.00
 107 	   -0.00   344.00     0.00     0.00     0.00     0.00
   	  418.00   433.00   668.00    90.00
   	  418.00   433.00   668.00    90.00
   	  616.00   713.00     0.00    90.00
   	  616.00   713.00     0.00    90.00
   	  528.00   601.00     0.00    90.00
   	  528.00   601.00     0.00    90.00
   	  638.00   489.00     0.00    90.00
   	  638.00   489.00     0.00    90.00
 108 	   86.00   344.00     0.00     0.00     0.00     0.00
 108 	   86.00   344.00     0.00     0.00     0.00     0.00
   	  418.00   433.00   668.00    90.00
   	  418.00   433.00   668.00    90.00
   	  616.00   713.00     0.00    90.00
   	  616.00   713.00     0.00    90.00
   	  528.00   601.00     0.00    90.00
   	  528.00   601.00     0.00    90.00
   	  638.00   489.00     0.00    90.00
   	  638.00   489.00     0.00    90.00
 109 	  172.00   344.00     0.00     0.00     0.00     0.00
 109 	  172.00   344.00     0.00     0.00     0.00     0.00
   	  418.00   433.00   668.00    90.00
   	  418.00   433.00   668.00    90.00
   	  616.00   713.00     0.00    90.00
   	  616.00   713.00     0.00    90.00
   	  528.00   601.00     0.00    90.00
   	  528.00   601.00     0.00    90.00
   	  638.00   489.00     0.00    90.00
   	  638.00   489.00     0.00    90.00
 110 	  258.00   344.00     0.00     0.00     0.00     0.00
 110 	  258.00   344.00     0.00     0.00     0.00     0.00
   	  418.00   433.00   668.00    90.00
   	  418.00   433.00   668.00    90.00
   	  616.00   713.00     0.00    90.00
   	  616.00   713.00     0.00    90.00
   	  528.00   601.00     0.00    90.00
   	  528.00   601.00     0.00    90.00
   	  638.00   489.00     0.00    90.00
   	  638.00   489.00     0.00    90.00
 111 	  344.00   344.00     0.00     0.00     0.00     0.00
 111 	  344.00   344.00     0.00     0.00     0.00     0.00
   	  418.00   433.00   668.00    90.00
   	  418.00   433.00   668.00    90.00
   	  616.00   713.00     0.00    90.00
   	  616.00   713.00     0.00    90.00
   	  528.00   601.00     0.00    90.00
   	  528.00   601.00     0.00    90.00
   	  638.00   489.00     0.00    90.00
   	  638.00   489.00     0.00    90.00
 112 	  430.00   344.00     0.00     0.00     0.00     0.00
 112 	  430.00   344.00     0.00     0.00     0.00     0.00
   	  418.00   433.00   668.00    90.00
   	  418.00   433.00   668.00    90.00
   	  616.00   713.00     0.00    90.00
   	  616.00   713.00     0.00    90.00
   	  528.00   601.00     0.00    90.00
   	  528.00   601.00     0.00    90.00
   	  638.00   489.00     0.00    90.00
   	  638.00   489.00     0.00    90.00
 113 	 -258.00     0.00     0.00     0.00     0.00     0.00
 113 	 -258.00     0.00     0.00     0.00     0.00     0.00
   	  418.00   433.00   668.00    90.00
   	  418.00   433.00   668.00    90.00
   	  616.00   713.00     0.00    90.00
   	  616.00   713.00     0.00    90.00
   	  528.00   601.00     0.00    90.00
   	  528.00   601.00     0.00    90.00
   	  638.00   489.00     0.00    90.00
   	  638.00   489.00     0.00    90.00
 114 	 -172.00     0.00     0.00     0.00     0.00     0.00
 114 	 -172.00     0.00     0.00     0.00     0.00     0.00
   	  418.00   433.00   668.00    90.00
   	  418.00   433.00   668.00    90.00
   	  616.00   713.00     0.00    90.00
   	  616.00   713.00     0.00    90.00
   	  528.00   601.00     0.00    90.00
   	  528.00   601.00     0.00    90.00
   	  638.00   489.00     0.00    90.00
   	  638.00   489.00     0.00    90.00
 115 	  -86.00     0.00     0.00     0.00     0.00     0.00
 115 	  -86.00     0.00     0.00     0.00     0.00     0.00
   	  418.00   433.00   668.00    90.00
   	  418.00   433.00   668.00    90.00
   	  616.00   713.00     0.00    90.00
   	  616.00   713.00     0.00    90.00
   	  528.00   601.00     0.00    90.00
   	  528.00   601.00     0.00    90.00
   	  638.00   489.00     0.00    90.00
   	  638.00   489.00     0.00    90.00
 116 	    0.00     0.00     0.00     0.00     0.00     0.00
 116 	    0.00     0.00     0.00     0.00     0.00     0.00
   	  418.00   433.00   668.00    90.00
   	  418.00   433.00   668.00    90.00
   	  616.00   713.00     0.00    90.00
   	  616.00   713.00     0.00    90.00
   	  528.00   601.00     0.00    90.00
   	  528.00   601.00     0.00    90.00
   	  638.00   489.00     0.00    90.00
   	  638.00   489.00     0.00    90.00
 117 	   86.00     0.00     0.00     0.00     0.00     0.00
 117 	   86.00     0.00     0.00     0.00     0.00     0.00
   	  418.00   433.00   668.00    90.00
   	  418.00   433.00   668.00    90.00
   	  616.00   713.00     0.00    90.00
   	  616.00   713.00     0.00    90.00
   	  528.00   601.00     0.00    90.00
   	  528.00   601.00     0.00    90.00
   	  638.00   489.00     0.00    90.00
   	  638.00   489.00     0.00    90.00
 118 	  172.00     0.00     0.00     0.00     0.00     0.00
 118 	  172.00     0.00     0.00     0.00     0.00     0.00
   	  418.00   433.00   668.00    90.00
   	  418.00   433.00   668.00    90.00
   	  616.00   713.00     0.00    90.00
   	  616.00   713.00     0.00    90.00
   	  528.00   601.00     0.00    90.00
   	  528.00   601.00     0.00    90.00
   	  638.00   489.00     0.00    90.00
   	  638.00   489.00     0.00    90.00
 119 	 -258.00    86.00     0.00     0.00     0.00     0.00
 119 	 -258.00    86.00     0.00     0.00     0.00     0.00
   	  418.00   433.00   668.00    90.00
   	  418.00   433.00   668.00    90.00
   	  616.00   713.00     0.00    90.00
   	  616.00   713.00     0.00    90.00
   	  528.00   601.00     0.00    90.00
   	  528.00   601.00     0.00    90.00
   	  638.00   489.00     0.00    90.00
   	  638.00   489.00     0.00    90.00
 120 	 -172.00    86.00     0.00     0.00     0.00     0.00
 120 	 -172.00    86.00     0.00     0.00     0.00     0.00
   	  418.00   433.00   668.00    90.00
   	  418.00   433.00   668.00    90.00
   	  616.00   713.00     0.00    90.00
   	  616.00   713.00     0.00    90.00
   	  528.00   601.00     0.00    90.00
   	  528.00   601.00     0.00    90.00
   	  638.00   489.00     0.00    90.00
   	  638.00   489.00     0.00    90.00
 121 	  -86.00    86.00     0.00     0.00     0.00     0.00
 121 	  -86.00    86.00     0.00     0.00     0.00     0.00
   	  418.00   433.00   668.00    90.00
   	  418.00   433.00   668.00    90.00
   	  616.00   713.00     0.00    90.00
   	  616.00   713.00     0.00    90.00
   	  528.00   601.00     0.00    90.00
   	  528.00   601.00     0.00    90.00
   	  638.00   489.00     0.00    90.00
   	  638.00   489.00     0.00    90.00
 122 	   -0.00    86.00     0.00     0.00     0.00     0.00
 122 	   -0.00    86.00     0.00     0.00     0.00     0.00
   	  418.00   433.00   668.00    90.00
   	  418.00   433.00   668.00    90.00
   	  616.00   713.00     0.00    90.00
   	  616.00   713.00     0.00    90.00
   	  528.00   601.00     0.00    90.00
   	  528.00   601.00     0.00    90.00
   	  638.00   489.00     0.00    90.00
   	  638.00   489.00     0.00    90.00
 123 	   86.00    86.00     0.00     0.00     0.00     0.00
 123 	   86.00    86.00     0.00     0.00     0.00     0.00
   	  418.00   433.00   668.00    90.00
   	  418.00   433.00   668.00    90.00
   	  616.00   713.00     0.00    90.00
   	  616.00   713.00     0.00    90.00
   	  528.00   601.00     0.00    90.00
   	  528.00   601.00     0.00    90.00
   	  638.00   489.00     0.00    90.00
   	  638.00   489.00     0.00    90.00
 124 	  172.00    86.00     0.00     0.00     0.00     0.00
 124 	  172.00    86.00     0.00     0.00     0.00     0.00
   	  418.00   433.00   668.00    90.00
   	  418.00   433.00   668.00    90.00
   	  616.00   713.00     0.00    90.00
   	  616.00   713.00     0.00    90.00
   	  528.00   601.00     0.00    90.00
   	  528.00   601.00     0.00    90.00
   	  638.00   489.00     0.00    90.00
   	  638.00   489.00     0.00    90.00
 125 	 -258.00   172.00     0.00     0.00     0.00     0.00
 125 	 -258.00   172.00     0.00     0.00     0.00     0.00
   	  418.00   433.00   668.00    90.00
   	  418.00   433.00   668.00    90.00
   	  616.00   713.00     0.00    90.00
   	  616.00   713.00     0.00    90.00
   	  528.00   601.00     0.00    90.00
   	  528.00   601.00     0.00    90.00
   	  638.00   489.00     0.00    90.00
   	  638.00   489.00     0.00    90.00
 126 	 -172.00   172.00     0.00     0.00     0.00     0.00
 126 	 -172.00   172.00     0.00     0.00     0.00     0.00
   	  418.00   433.00   668.00    90.00
   	  418.00   433.00   668.00    90.00
   	  616.00   713.00     0.00    90.00
   	  616.00   713.00     0.00    90.00
   	  528.00   601.00     0.00    90.00
   	  528.00   601.00     0.00    90.00
   	  638.00   489.00     0.00    90.00
   	  638.00   489.00     0.00    90.00
 127 	  -86.00   172.00     0.00     0.00     0.00     0.00
 127 	  -86.00   172.00     0.00     0.00     0.00     0.00
   	  418.00   433.00   668.00    90.00
   	  418.00   433.00   668.00    90.00
   	  616.00   713.00     0.00    90.00
   	  616.00   713.00     0.00    90.00
   	  528.00   601.00     0.00    90.00
   	  528.00   601.00     0.00    90.00
   	  638.00   489.00     0.00    90.00
   	  638.00   489.00     0.00    90.00
 128 	   -0.00   172.00     0.00     0.00     0.00     0.00
 128 	   -0.00   172.00     0.00     0.00     0.00     0.00
   	  418.00   433.00   668.00    90.00
   	  418.00   433.00   668.00    90.00
   	  616.00   713.00     0.00    90.00
   	  616.00   713.00     0.00    90.00
   	  528.00   601.00     0.00    90.00
   	  528.00   601.00     0.00    90.00
   	  638.00   489.00     0.00    90.00
   	  638.00   489.00     0.00    90.00
 129 	   86.00   172.00     0.00     0.00     0.00     0.00
 129 	   86.00   172.00     0.00     0.00     0.00     0.00
   	  418.00   433.00   668.00    90.00
   	  418.00   433.00   668.00    90.00
   	  616.00   713.00     0.00    90.00
   	  616.00   713.00     0.00    90.00
   	  528.00   601.00     0.00    90.00
   	  528.00   601.00     0.00    90.00
   	  638.00   489.00     0.00    90.00
   	  638.00   489.00     0.00    90.00
 130 	  172.00   172.00     0.00     0.00     0.00     0.00
 130 	  172.00   172.00     0.00     0.00     0.00     0.00
   	  418.00   433.00   668.00    90.00
   	  418.00   433.00   668.00    90.00
   	  616.00   713.00     0.00    90.00
   	  616.00   713.00     0.00    90.00
   	  528.00   601.00     0.00    90.00
   	  528.00   601.00     0.00    90.00
   	  638.00   489.00     0.00    90.00
   	  638.00   489.00     0.00    90.00
 131 	 -258.00   258.00     0.00     0.00     0.00     0.00
 131 	 -258.00   258.00     0.00     0.00     0.00     0.00
   	  418.00   433.00   668.00    90.00
   	  418.00   433.00   668.00    90.00
   	  616.00   713.00     0.00    90.00
   	  616.00   713.00     0.00    90.00
   	  528.00   601.00     0.00    90.00
   	  528.00   601.00     0.00    90.00
   	  638.00   489.00     0.00    90.00
   	  638.00   489.00     0.00    90.00
 132 	 -172.00   258.00     0.00     0.00     0.00     0.00
 132 	 -172.00   258.00     0.00     0.00     0.00     0.00
   	  418.00   433.00   668.00    90.00
   	  418.00   433.00   668.00    90.00
   	  616.00   713.00     0.00    90.00
   	  616.00   713.00     0.00    90.00
   	  528.00   601.00     0.00    90.00
   	  528.00   601.00     0.00    90.00
   	  638.00   489.00     0.00    90.00
   	  638.00   489.00     0.00    90.00
 133 	  -86.00   258.00     0.00     0.00     0.00     0.00
 133 	  -86.00   258.00     0.00     0.00     0.00     0.00
   	  418.00   433.00   668.00    90.00
   	  418.00   433.00   668.00    90.00
   	  616.00   713.00     0.00    90.00
   	  616.00   713.00     0.00    90.00
   	  528.00   601.00     0.00    90.00
   	  528.00   601.00     0.00    90.00
   	  638.00   489.00     0.00    90.00
   	  638.00   489.00     0.00    90.00
 134 	   -0.00   258.00     0.00     0.00     0.00     0.00
 134 	   -0.00   258.00     0.00     0.00     0.00     0.00
   	  418.00   433.00   668.00    90.00
   	  418.00   433.00   668.00    90.00
   	  616.00   713.00     0.00    90.00
   	  616.00   713.00     0.00    90.00
   	  528.00   601.00     0.00    90.00
   	  528.00   601.00     0.00    90.00
   	  638.00   489.00     0.00    90.00
   	  638.00   489.00     0.00    90.00
 135 	   86.00   258.00     0.00     0.00     0.00     0.00
 135 	   86.00   258.00     0.00     0.00     0.00     0.00
   	  418.00   433.00   668.00    90.00
   	  418.00   433.00   668.00    90.00
   	  616.00   713.00     0.00    90.00
   	  616.00   713.00     0.00    90.00
   	  528.00   601.00     0.00    90.00
   	  528.00   601.00     0.00    90.00
   	  638.00   489.00     0.00    90.00
   	  638.00   489.00     0.00    90.00
 136 	  172.00   258.00     0.00     0.00     0.00     0.00
 136 	  172.00   258.00     0.00     0.00     0.00     0.00
   	  418.00   433.00   668.00    90.00
   	  418.00   433.00   668.00    90.00
   	  616.00   713.00     0.00    90.00
   	  616.00   713.00     0.00    90.00
   	  528.00   601.00     0.00    90.00
   	  528.00   601.00     0.00    90.00
   	  638.00   489.00     0.00    90.00
   	  638.00   489.00     0.00    90.00
 137 	 -258.00   344.00     0.00     0.00     0.00     0.00
 137 	 -258.00   344.00     0.00     0.00     0.00     0.00
   	  418.00   433.00   668.00    90.00
   	  418.00   433.00   668.00    90.00
   	  616.00   713.00     0.00    90.00
   	  616.00   713.00     0.00    90.00
   	  528.00   601.00     0.00    90.00
   	  528.00   601.00     0.00    90.00
   	  638.00   489.00     0.00    90.00
   	  638.00   489.00     0.00    90.00
 138 	 -172.00   344.00     0.00     0.00     0.00     0.00
 138 	 -172.00   344.00     0.00     0.00     0.00     0.00
   	  418.00   433.00   668.00    90.00
   	  418.00   433.00   668.00    90.00
   	  616.00   713.00     0.00    90.00
   	  616.00   713.00     0.00    90.00
   	  528.00   601.00     0.00    90.00
   	  528.00   601.00     0.00    90.00
   	  638.00   489.00     0.00    90.00
   	  638.00   489.00     0.00    90.00
 139 	  -86.00   344.00     0.00     0.00     0.00     0.00
 139 	  -86.00   344.00     0.00     0.00     0.00     0.00
   	  418.00   433.00   668.00    90.00
   	  418.00   433.00   668.00    90.00
   	  616.00   713.00     0.00    90.00
   	  616.00   713.00     0.00    90.00
   	  528.00   601.00     0.00    90.00
   	  528.00   601.00     0.00    90.00
   	  638.00   489.00     0.00    90.00
   	  638.00   489.00     0.00    90.00
 140 	   -0.00   344.00     0.00     0.00     0.00     0.00
 140 	   -0.00   344.00     0.00     0.00     0.00     0.00
   	  418.00   433.00   668.00    90.00
   	  418.00   433.00   668.00    90.00
   	  616.00   713.00     0.00    90.00
   	  616.00   713.00     0.00    90.00
   	  528.00   601.00     0.00    90.00
   	  528.00   601.00     0.00    90.00
   	  638.00   489.00     0.00    90.00
   	  638.00   489.00     0.00    90.00
 141 	   86.00   344.00     0.00     0.00     0.00     0.00
 141 	   86.00   344.00     0.00     0.00     0.00     0.00
   	  418.00   433.00   668.00    90.00
   	  418.00   433.00   668.00    90.00
   	  616.00   713.00     0.00    90.00
   	  616.00   713.00     0.00    90.00
   	  528.00   601.00     0.00    90.00
   	  528.00   601.00     0.00    90.00
   	  638.00   489.00     0.00    90.00
   	  638.00   489.00     0.00    90.00
 142 	  172.00   344.00     0.00     0.00     0.00     0.00
 142 	  172.00   344.00     0.00     0.00     0.00     0.00
   	  418.00   433.00   668.00    90.00
   	  418.00   433.00   668.00    90.00
   	  616.00   713.00     0.00    90.00
   	  616.00   713.00     0.00    90.00
   	  528.00   601.00     0.00    90.00
   	  528.00   601.00     0.00    90.00
   	  638.00   489.00     0.00    90.00
   	  638.00   489.00     0.00    90.00
 143 	 -258.00   430.00     0.00     0.00     0.00     0.00
 143 	 -258.00   430.00     0.00     0.00     0.00     0.00
   	  418.00   433.00   668.00    90.00
   	  418.00   433.00   668.00    90.00
   	  616.00   713.00     0.00    90.00
   	  616.00   713.00     0.00    90.00
   	  528.00   601.00     0.00    90.00
   	  528.00   601.00     0.00    90.00
   	  638.00   489.00     0.00    90.00
   	  638.00   489.00     0.00    90.00
 144 	 -172.00   430.00     0.00     0.00     0.00     0.00
 144 	 -172.00   430.00     0.00     0.00     0.00     0.00
   	  418.00   433.00   668.00    90.00
   	  418.00   433.00   668.00    90.00
   	  616.00   713.00     0.00    90.00
   	  616.00   713.00     0.00    90.00
   	  528.00   601.00     0.00    90.00
   	  528.00   601.00     0.00    90.00
   	  638.00   489.00     0.00    90.00
   	  638.00   489.00     0.00    90.00
 145 	  -86.00   430.00     0.00     0.00     0.00     0.00
 145 	  -86.00   430.00     0.00     0.00     0.00     0.00
   	  418.00   433.00   668.00    90.00
   	  418.00   433.00   668.00    90.00
   	  616.00   713.00     0.00    90.00
   	  616.00   713.00     0.00    90.00
   	  528.00   601.00     0.00    90.00
   	  528.00   601.00     0.00    90.00
   	  638.00   489.00     0.00    90.00
   	  638.00   489.00     0.00    90.00
 146 	   -0.00   430.00     0.00     0.00     0.00     0.00
 146 	   -0.00   430.00     0.00     0.00     0.00     0.00
   	  418.00   433.00   668.00    90.00
   	  418.00   433.00   668.00    90.00
   	  616.00   713.00     0.00    90.00
   	  616.00   713.00     0.00    90.00
   	  528.00   601.00     0.00    90.00
   	  528.00   601.00     0.00    90.00
   	  638.00   489.00     0.00    90.00
   	  638.00   489.00     0.00    90.00
 147 	   86.00   430.00     0.00     0.00     0.00     0.00
 147 	   86.00   430.00     0.00     0.00     0.00     0.00
   	  418.00   433.00   668.00    90.00
   	  418.00   433.00   668.00    90.00
   	  616.00   713.00     0.00    90.00
   	  616.00   713.00     0.00    90.00
   	  528.00   601.00     0.00    90.00
   	  528.00   601.00     0.00    90.00
   	  638.00   489.00     0.00    90.00
   	  638.00   489.00     0.00    90.00
 148 	  172.00   430.00     0.00     0.00     0.00     0.00
 148 	  172.00   430.00     0.00     0.00     0.00     0.00
   	  418.00   433.00   668.00    90.00
   	  418.00   433.00   668.00    90.00
   	  616.00   713.00     0.00    90.00
   	  616.00   713.00     0.00    90.00
   	  528.00   601.00     0.00    90.00
   	  528.00   601.00     0.00    90.00
   	  638.00   489.00     0.00    90.00
   	  638.00   489.00     0.00    90.00
 149 	 -258.00   516.00     0.00     0.00     0.00     0.00
 149 	 -258.00   516.00     0.00     0.00     0.00     0.00
   	  418.00   433.00   668.00    90.00
   	  418.00   433.00   668.00    90.00
   	  616.00   713.00     0.00    90.00
   	  616.00   713.00     0.00    90.00
   	  528.00   601.00     0.00    90.00
   	  528.00   601.00     0.00    90.00
   	  638.00   489.00     0.00    90.00
   	  638.00   489.00     0.00    90.00
 150 	 -172.00   516.00     0.00     0.00     0.00     0.00
 150 	 -172.00   516.00     0.00     0.00     0.00     0.00
   	  418.00   433.00   668.00    90.00
   	  418.00   433.00   668.00    90.00
   	  616.00   713.00     0.00    90.00
   	  616.00   713.00     0.00    90.00
   	  528.00   601.00     0.00    90.00
   	  528.00   601.00     0.00    90.00
   	  638.00   489.00     0.00    90.00
   	  638.00   489.00     0.00    90.00
 151 	  -86.00   516.00     0.00     0.00     0.00     0.00
 151 	  -86.00   516.00     0.00     0.00     0.00     0.00
   	  418.00   433.00   668.00    90.00
   	  418.00   433.00   668.00    90.00
   	  616.00   713.00     0.00    90.00
   	  616.00   713.00     0.00    90.00
   	  528.00   601.00     0.00    90.00
   	  528.00   601.00     0.00    90.00
   	  638.00   489.00     0.00    90.00
   	  638.00   489.00     0.00    90.00
 152 	   -0.00   516.00     0.00     0.00     0.00     0.00
 152 	   -0.00   516.00     0.00     0.00     0.00     0.00
   	  418.00   433.00   668.00    90.00
   	  418.00   433.00   668.00    90.00
   	  616.00   713.00     0.00    90.00
   	  616.00   713.00     0.00    90.00
   	  528.00   601.00     0.00    90.00
   	  528.00   601.00     0.00    90.00
   	  638.00   489.00     0.00    90.00
   	  638.00   489.00     0.00    90.00
 153 	   86.00   516.00     0.00     0.00     0.00     0.00
 153 	   86.00   516.00     0.00     0.00     0.00     0.00
   	  418.00   433.00   668.00    90.00
   	  418.00   433.00   668.00    90.00
   	  616.00   713.00     0.00    90.00
   	  616.00   713.00     0.00    90.00
   	  528.00   601.00     0.00    90.00
   	  528.00   601.00     0.00    90.00
   	  638.00   489.00     0.00    90.00
   	  638.00   489.00     0.00    90.00
 154 	  172.00   516.00     0.00     0.00     0.00     0.00
 154 	  172.00   516.00     0.00     0.00     0.00     0.00
   	  418.00   433.00   668.00    90.00
   	  418.00   433.00   668.00    90.00
   	  616.00   713.00     0.00    90.00
   	  616.00   713.00     0.00    90.00
   	  528.00   601.00     0.00    90.00
   	  528.00   601.00     0.00    90.00
   	  638.00   489.00     0.00    90.00
   	  638.00   489.00     0.00    90.00

** End writing output file: ../inputs/gr167.dat 
