*******************************************************************************
                         ARRAY PREPROCESSOR ver. 1.0
*******************************************************************************



   1	GROUP testgroup
   3	 GRID HEXAGONAL
   4	 ELEMENT
   5	 GEOMETRY CIRCULAR RADIUS 66
   7	 PORTS 4
   8	 PORT 1
   9	 POL_ORIENT Y AMPLITUDE 44
  10	 PORT 2
  11	 AMPLITUDE 29
  12	 PHASE_POL_ARRANG 530 deg
  13	 PORT 3
  14	 AMPLITUDE 25
  15	 PORT 4
  16	 AMPLITUDE 21
  17	 PHASE_POL_ARRANG 440
  18	 ADD HEXAGON 0 6
  20	 GROUP_EXCITATION
  21	 AMPLITUDE UNIFORM 20
  22	 PHASE UNIFORM -94
  23	 END

** Generating GROUP: testgroup.
** PSTEP,QSTEP set to:132.000000,132.000000
** Grid ANGLE set to:60.000000 
** Group ROT_ANGLE set to: 0.000000 

** Writing output file: ../inputs/gr168.dat

NEL 
NPORTS
IDUM      REXA     REYA     REZA     THEA     PHEA     PSEA 
          AMP      PSH      PSC      PHEPOL
   7
   7
   4
   4
   1 	  330.00   800.21     0.00     0.00     0.00     0.00
   1 	  330.00   800.21     0.00     0.00     0.00     0.00
   	  880.00   -94.00     0.00    90.00
   	  880.00   -94.00     0.00    90.00
   	  580.00   436.00     0.00    90.00
   	  580.00   436.00     0.00    90.00
   	  500.00   -94.00     0.00    90.00
   	  500.00   -94.00     0.00    90.00
   	  420.00   346.00     0.00    90.00
   	  420.00   346.00     0.00    90.00
   2 	  462.00   800.21     0.00     0.00     0.00     0.00
   2 	  462.00   800.21     0.00     0.00     0.00     0.00
   	  880.00   -94.00     0.00    90.00
   	  880.00   -94.00     0.00    90.00
   	  580.00   436.00     0.00    90.00
   	  580.00   436.00     0.00    90.00
   	  500.00   -94.00     0.00    90.00
   	  500.00   -94.00     0.00    90.00
   	  420.00   346.00     0.00    90.00
   	  420.00   346.00     0.00    90.00
   3 	  528.00   685.89     0.00     0.00     0.00     0.00
   3 	  528.00   685.89     0.00     0.00     0.00     0.00
   	  880.00   -94.00     0.00    90.00
   	  880.00   -94.00     0.00    90.00
   	  580.00   436.00     0.00    90.00
   	  580.00   436.00     0.00    90.00
   	  500.00   -94.00     0.00    90.00
   	  500.00   -94.00     0.00    90.00
   	  420.00   346.00     0.00    90.00
   	  420.00   346.00     0.00    90.00
   4 	  462.00   571.58     0.00     0.00     0.00     0.00
   4 	  462.00   571.58     0.00     0.00     0.00     0.00
   	  880.00   -94.00     0.00    90.00
   	  880.00   -94.00     0.00    90.00
   	  580.00   436.00     0.00    90.00
   	  580.00   436.00     0.00    90.00
   	  500.00   -94.00     0.00    90.00
   	  500.00   -94.00     0.00    90.00
   	  420.00   346.00     0.00    90.00
   	  420.00   346.00     0.00    90.00
   5 	  330.00   571.58     0.00     0.00     0.00     0.00
   5 	  330.00   571.58     0.00     0.00     0.00     0.00
   	  880.00   -94.00     0.00    90.00
   	  880.00   -94.00     0.00    90.00
   	  580.00   436.00     0.00    90.00
   	  580.00   436.00     0.00    90.00
   	  500.00   -94.00     0.00    90.00
   	  500.00   -94.00     0.00    90.00
   	  420.00   346.00     0.00    90.00
   	  420.00   346.00     0.00    90.00
   6 	  264.00   685.89     0.00     0.00     0.00     0.00
   6 	  264.00   685.89     0.00     0.00     0.00     0.00
   	  880.00   -94.00     0.00    90.00
   	  880.00   -94.00     0.00    90.00
   	  580.00   436.00     0.00    90.00
   	  580.00   436.00     0.00    90.00
   	  500.00   -94.00     0.00    90.00
   	  500.00   -94.00     0.00    90.00
   	  420.00   346.00     0.00    90.00
   	  420.00   346.00     0.00    90.00
   7 	  396.00   685.89     0.00     0.00     0.00     0.00
   7 	  396.00   685.89     0.00     0.00     0.00     0.00
   	  880.00   -94.00     0.00    90.00
   	  880.00   -94.00     0.00    90.00
   	  580.00   436.00     0.00    90.00
   	  580.00   436.00     0.00    90.00
   	  500.00   -94.00     0.00    90.00
   	  500.00   -94.00     0.00    90.00
   	  420.00   346.00     0.00    90.00
   	  420.00   346.00     0.00    90.00

** End writing output file: ../inputs/gr168.dat 
