*******************************************************************************
                         ARRAY PREPROCESSOR ver. 1.0
*******************************************************************************



   1	GROUP testgroup
   3	 GRID HEXAGONAL
   4	 ELEMENT
   5	 GEOMETRY CIRCULAR 59 cm
   7	 PORTS 3
   8	 PORT 1
   9	 AMPLITUDE 57
  10	 PHASE_POL_ARRANG 709
  11	 PORT 2
  12	 AMPLITUDE 31
  13	 PHASE_POL_ARRANG 635
  14	 PORT 3
  15	 AMPLITUDE 29
  16	 PHASE_SCANNING 498
  17	 PHASE_POL_ARRANG 542
  18	 ADD BLOCK -12 1 0 0
  19	 ADD BLOCK -8 -10 4 -6
  21	 GROUP_EXCITATION
  22	 AMPLITUDE UNIFORM 27
  23	 PHASE UNIFORM 16
  24	 END

** Generating GROUP: testgroup.
** PSTEP,QSTEP set to:1180.000000,1180.000000
** Grid ANGLE set to:60.000000 
** Group ROT_ANGLE set to: 0.000000 

** Writing output file: ../inputs/gr17.dat

NEL 
NPORTS
IDUM      REXA     REYA     REZA     THEA     PHEA     PSEA 
          AMP      PSH      PSC      PHEPOL
  91
  91
   3
   3
   1 	-14160.00     0.00     0.00     0.00     0.00     0.00
   1 	-14160.00     0.00     0.00     0.00     0.00     0.00
   	 1539.00   725.00     0.00    90.00
   	 1539.00   725.00     0.00    90.00
   	  837.00   651.00     0.00    90.00
   	  837.00   651.00     0.00    90.00
   	  783.00   558.00   498.00    90.00
   	  783.00   558.00   498.00    90.00
   2 	-12980.00     0.00     0.00     0.00     0.00     0.00
   2 	-12980.00     0.00     0.00     0.00     0.00     0.00
   	 1539.00   725.00     0.00    90.00
   	 1539.00   725.00     0.00    90.00
   	  837.00   651.00     0.00    90.00
   	  837.00   651.00     0.00    90.00
   	  783.00   558.00   498.00    90.00
   	  783.00   558.00   498.00    90.00
   3 	-11800.00     0.00     0.00     0.00     0.00     0.00
   3 	-11800.00     0.00     0.00     0.00     0.00     0.00
   	 1539.00   725.00     0.00    90.00
   	 1539.00   725.00     0.00    90.00
   	  837.00   651.00     0.00    90.00
   	  837.00   651.00     0.00    90.00
   	  783.00   558.00   498.00    90.00
   	  783.00   558.00   498.00    90.00
   4 	-10620.00     0.00     0.00     0.00     0.00     0.00
   4 	-10620.00     0.00     0.00     0.00     0.00     0.00
   	 1539.00   725.00     0.00    90.00
   	 1539.00   725.00     0.00    90.00
   	  837.00   651.00     0.00    90.00
   	  837.00   651.00     0.00    90.00
   	  783.00   558.00   498.00    90.00
   	  783.00   558.00   498.00    90.00
   5 	-9440.00     0.00     0.00     0.00     0.00     0.00
   5 	-9440.00     0.00     0.00     0.00     0.00     0.00
   	 1539.00   725.00     0.00    90.00
   	 1539.00   725.00     0.00    90.00
   	  837.00   651.00     0.00    90.00
   	  837.00   651.00     0.00    90.00
   	  783.00   558.00   498.00    90.00
   	  783.00   558.00   498.00    90.00
   6 	-8260.00     0.00     0.00     0.00     0.00     0.00
   6 	-8260.00     0.00     0.00     0.00     0.00     0.00
   	 1539.00   725.00     0.00    90.00
   	 1539.00   725.00     0.00    90.00
   	  837.00   651.00     0.00    90.00
   	  837.00   651.00     0.00    90.00
   	  783.00   558.00   498.00    90.00
   	  783.00   558.00   498.00    90.00
   7 	-7080.00     0.00     0.00     0.00     0.00     0.00
   7 	-7080.00     0.00     0.00     0.00     0.00     0.00
   	 1539.00   725.00     0.00    90.00
   	 1539.00   725.00     0.00    90.00
   	  837.00   651.00     0.00    90.00
   	  837.00   651.00     0.00    90.00
   	  783.00   558.00   498.00    90.00
   	  783.00   558.00   498.00    90.00
   8 	-5900.00     0.00     0.00     0.00     0.00     0.00
   8 	-5900.00     0.00     0.00     0.00     0.00     0.00
   	 1539.00   725.00     0.00    90.00
   	 1539.00   725.00     0.00    90.00
   	  837.00   651.00     0.00    90.00
   	  837.00   651.00     0.00    90.00
   	  783.00   558.00   498.00    90.00
   	  783.00   558.00   498.00    90.00
   9 	-4720.00     0.00     0.00     0.00     0.00     0.00
   9 	-4720.00     0.00     0.00     0.00     0.00     0.00
   	 1539.00   725.00     0.00    90.00
   	 1539.00   725.00     0.00    90.00
   	  837.00   651.00     0.00    90.00
   	  837.00   651.00     0.00    90.00
   	  783.00   558.00   498.00    90.00
   	  783.00   558.00   498.00    90.00
  10 	-3540.00     0.00     0.00     0.00     0.00     0.00
  10 	-3540.00     0.00     0.00     0.00     0.00     0.00
   	 1539.00   725.00     0.00    90.00
   	 1539.00   725.00     0.00    90.00
   	  837.00   651.00     0.00    90.00
   	  837.00   651.00     0.00    90.00
   	  783.00   558.00   498.00    90.00
   	  783.00   558.00   498.00    90.00
  11 	-2360.00     0.00     0.00     0.00     0.00     0.00
  11 	-2360.00     0.00     0.00     0.00     0.00     0.00
   	 1539.00   725.00     0.00    90.00
   	 1539.00   725.00     0.00    90.00
   	  837.00   651.00     0.00    90.00
   	  837.00   651.00     0.00    90.00
   	  783.00   558.00   498.00    90.00
   	  783.00   558.00   498.00    90.00
  12 	-1180.00     0.00     0.00     0.00     0.00     0.00
  12 	-1180.00     0.00     0.00     0.00     0.00     0.00
   	 1539.00   725.00     0.00    90.00
   	 1539.00   725.00     0.00    90.00
   	  837.00   651.00     0.00    90.00
   	  837.00   651.00     0.00    90.00
   	  783.00   558.00   498.00    90.00
   	  783.00   558.00   498.00    90.00
  13 	    0.00     0.00     0.00     0.00     0.00     0.00
  13 	    0.00     0.00     0.00     0.00     0.00     0.00
   	 1539.00   725.00     0.00    90.00
   	 1539.00   725.00     0.00    90.00
   	  837.00   651.00     0.00    90.00
   	  837.00   651.00     0.00    90.00
   	  783.00   558.00   498.00    90.00
   	  783.00   558.00   498.00    90.00
  14 	-13570.00  1021.91     0.00     0.00     0.00     0.00
  14 	-13570.00  1021.91     0.00     0.00     0.00     0.00
   	 1539.00   725.00     0.00    90.00
   	 1539.00   725.00     0.00    90.00
   	  837.00   651.00     0.00    90.00
   	  837.00   651.00     0.00    90.00
   	  783.00   558.00   498.00    90.00
   	  783.00   558.00   498.00    90.00
  15 	-12390.00  1021.91     0.00     0.00     0.00     0.00
  15 	-12390.00  1021.91     0.00     0.00     0.00     0.00
   	 1539.00   725.00     0.00    90.00
   	 1539.00   725.00     0.00    90.00
   	  837.00   651.00     0.00    90.00
   	  837.00   651.00     0.00    90.00
   	  783.00   558.00   498.00    90.00
   	  783.00   558.00   498.00    90.00
  16 	-11210.00  1021.91     0.00     0.00     0.00     0.00
  16 	-11210.00  1021.91     0.00     0.00     0.00     0.00
   	 1539.00   725.00     0.00    90.00
   	 1539.00   725.00     0.00    90.00
   	  837.00   651.00     0.00    90.00
   	  837.00   651.00     0.00    90.00
   	  783.00   558.00   498.00    90.00
   	  783.00   558.00   498.00    90.00
  17 	-10030.00  1021.91     0.00     0.00     0.00     0.00
  17 	-10030.00  1021.91     0.00     0.00     0.00     0.00
   	 1539.00   725.00     0.00    90.00
   	 1539.00   725.00     0.00    90.00
   	  837.00   651.00     0.00    90.00
   	  837.00   651.00     0.00    90.00
   	  783.00   558.00   498.00    90.00
   	  783.00   558.00   498.00    90.00
  18 	-8850.00  1021.91     0.00     0.00     0.00     0.00
  18 	-8850.00  1021.91     0.00     0.00     0.00     0.00
   	 1539.00   725.00     0.00    90.00
   	 1539.00   725.00     0.00    90.00
   	  837.00   651.00     0.00    90.00
   	  837.00   651.00     0.00    90.00
   	  783.00   558.00   498.00    90.00
   	  783.00   558.00   498.00    90.00
  19 	-7670.00  1021.91     0.00     0.00     0.00     0.00
  19 	-7670.00  1021.91     0.00     0.00     0.00     0.00
   	 1539.00   725.00     0.00    90.00
   	 1539.00   725.00     0.00    90.00
   	  837.00   651.00     0.00    90.00
   	  837.00   651.00     0.00    90.00
   	  783.00   558.00   498.00    90.00
   	  783.00   558.00   498.00    90.00
  20 	-6490.00  1021.91     0.00     0.00     0.00     0.00
  20 	-6490.00  1021.91     0.00     0.00     0.00     0.00
   	 1539.00   725.00     0.00    90.00
   	 1539.00   725.00     0.00    90.00
   	  837.00   651.00     0.00    90.00
   	  837.00   651.00     0.00    90.00
   	  783.00   558.00   498.00    90.00
   	  783.00   558.00   498.00    90.00
  21 	-5310.00  1021.91     0.00     0.00     0.00     0.00
  21 	-5310.00  1021.91     0.00     0.00     0.00     0.00
   	 1539.00   725.00     0.00    90.00
   	 1539.00   725.00     0.00    90.00
   	  837.00   651.00     0.00    90.00
   	  837.00   651.00     0.00    90.00
   	  783.00   558.00   498.00    90.00
   	  783.00   558.00   498.00    90.00
  22 	-4130.00  1021.91     0.00     0.00     0.00     0.00
  22 	-4130.00  1021.91     0.00     0.00     0.00     0.00
   	 1539.00   725.00     0.00    90.00
   	 1539.00   725.00     0.00    90.00
   	  837.00   651.00     0.00    90.00
   	  837.00   651.00     0.00    90.00
   	  783.00   558.00   498.00    90.00
   	  783.00   558.00   498.00    90.00
  23 	-2950.00  1021.91     0.00     0.00     0.00     0.00
  23 	-2950.00  1021.91     0.00     0.00     0.00     0.00
   	 1539.00   725.00     0.00    90.00
   	 1539.00   725.00     0.00    90.00
   	  837.00   651.00     0.00    90.00
   	  837.00   651.00     0.00    90.00
   	  783.00   558.00   498.00    90.00
   	  783.00   558.00   498.00    90.00
  24 	-1770.00  1021.91     0.00     0.00     0.00     0.00
  24 	-1770.00  1021.91     0.00     0.00     0.00     0.00
   	 1539.00   725.00     0.00    90.00
   	 1539.00   725.00     0.00    90.00
   	  837.00   651.00     0.00    90.00
   	  837.00   651.00     0.00    90.00
   	  783.00   558.00   498.00    90.00
   	  783.00   558.00   498.00    90.00
  25 	 -590.00  1021.91     0.00     0.00     0.00     0.00
  25 	 -590.00  1021.91     0.00     0.00     0.00     0.00
   	 1539.00   725.00     0.00    90.00
   	 1539.00   725.00     0.00    90.00
   	  837.00   651.00     0.00    90.00
   	  837.00   651.00     0.00    90.00
   	  783.00   558.00   498.00    90.00
   	  783.00   558.00   498.00    90.00
  26 	  590.00  1021.91     0.00     0.00     0.00     0.00
  26 	  590.00  1021.91     0.00     0.00     0.00     0.00
   	 1539.00   725.00     0.00    90.00
   	 1539.00   725.00     0.00    90.00
   	  837.00   651.00     0.00    90.00
   	  837.00   651.00     0.00    90.00
   	  783.00   558.00   498.00    90.00
   	  783.00   558.00   498.00    90.00
  27 	-15340.00 -10219.10     0.00     0.00     0.00     0.00
  27 	-15340.00 -10219.10     0.00     0.00     0.00     0.00
   	 1539.00   725.00     0.00    90.00
   	 1539.00   725.00     0.00    90.00
   	  837.00   651.00     0.00    90.00
   	  837.00   651.00     0.00    90.00
   	  783.00   558.00   498.00    90.00
   	  783.00   558.00   498.00    90.00
  28 	-14160.00 -10219.10     0.00     0.00     0.00     0.00
  28 	-14160.00 -10219.10     0.00     0.00     0.00     0.00
   	 1539.00   725.00     0.00    90.00
   	 1539.00   725.00     0.00    90.00
   	  837.00   651.00     0.00    90.00
   	  837.00   651.00     0.00    90.00
   	  783.00   558.00   498.00    90.00
   	  783.00   558.00   498.00    90.00
  29 	-12980.00 -10219.10     0.00     0.00     0.00     0.00
  29 	-12980.00 -10219.10     0.00     0.00     0.00     0.00
   	 1539.00   725.00     0.00    90.00
   	 1539.00   725.00     0.00    90.00
   	  837.00   651.00     0.00    90.00
   	  837.00   651.00     0.00    90.00
   	  783.00   558.00   498.00    90.00
   	  783.00   558.00   498.00    90.00
  30 	-11800.00 -10219.10     0.00     0.00     0.00     0.00
  30 	-11800.00 -10219.10     0.00     0.00     0.00     0.00
   	 1539.00   725.00     0.00    90.00
   	 1539.00   725.00     0.00    90.00
   	  837.00   651.00     0.00    90.00
   	  837.00   651.00     0.00    90.00
   	  783.00   558.00   498.00    90.00
   	  783.00   558.00   498.00    90.00
  31 	-10620.00 -10219.10     0.00     0.00     0.00     0.00
  31 	-10620.00 -10219.10     0.00     0.00     0.00     0.00
   	 1539.00   725.00     0.00    90.00
   	 1539.00   725.00     0.00    90.00
   	  837.00   651.00     0.00    90.00
   	  837.00   651.00     0.00    90.00
   	  783.00   558.00   498.00    90.00
   	  783.00   558.00   498.00    90.00
  32 	-9440.00 -10219.10     0.00     0.00     0.00     0.00
  32 	-9440.00 -10219.10     0.00     0.00     0.00     0.00
   	 1539.00   725.00     0.00    90.00
   	 1539.00   725.00     0.00    90.00
   	  837.00   651.00     0.00    90.00
   	  837.00   651.00     0.00    90.00
   	  783.00   558.00   498.00    90.00
   	  783.00   558.00   498.00    90.00
  33 	-8260.00 -10219.10     0.00     0.00     0.00     0.00
  33 	-8260.00 -10219.10     0.00     0.00     0.00     0.00
   	 1539.00   725.00     0.00    90.00
   	 1539.00   725.00     0.00    90.00
   	  837.00   651.00     0.00    90.00
   	  837.00   651.00     0.00    90.00
   	  783.00   558.00   498.00    90.00
   	  783.00   558.00   498.00    90.00
  34 	-7080.00 -10219.10     0.00     0.00     0.00     0.00
  34 	-7080.00 -10219.10     0.00     0.00     0.00     0.00
   	 1539.00   725.00     0.00    90.00
   	 1539.00   725.00     0.00    90.00
   	  837.00   651.00     0.00    90.00
   	  837.00   651.00     0.00    90.00
   	  783.00   558.00   498.00    90.00
   	  783.00   558.00   498.00    90.00
  35 	-5900.00 -10219.10     0.00     0.00     0.00     0.00
  35 	-5900.00 -10219.10     0.00     0.00     0.00     0.00
   	 1539.00   725.00     0.00    90.00
   	 1539.00   725.00     0.00    90.00
   	  837.00   651.00     0.00    90.00
   	  837.00   651.00     0.00    90.00
   	  783.00   558.00   498.00    90.00
   	  783.00   558.00   498.00    90.00
  36 	-4720.00 -10219.10     0.00     0.00     0.00     0.00
  36 	-4720.00 -10219.10     0.00     0.00     0.00     0.00
   	 1539.00   725.00     0.00    90.00
   	 1539.00   725.00     0.00    90.00
   	  837.00   651.00     0.00    90.00
   	  837.00   651.00     0.00    90.00
   	  783.00   558.00   498.00    90.00
   	  783.00   558.00   498.00    90.00
  37 	-3540.00 -10219.10     0.00     0.00     0.00     0.00
  37 	-3540.00 -10219.10     0.00     0.00     0.00     0.00
   	 1539.00   725.00     0.00    90.00
   	 1539.00   725.00     0.00    90.00
   	  837.00   651.00     0.00    90.00
   	  837.00   651.00     0.00    90.00
   	  783.00   558.00   498.00    90.00
   	  783.00   558.00   498.00    90.00
  38 	-2360.00 -10219.10     0.00     0.00     0.00     0.00
  38 	-2360.00 -10219.10     0.00     0.00     0.00     0.00
   	 1539.00   725.00     0.00    90.00
   	 1539.00   725.00     0.00    90.00
   	  837.00   651.00     0.00    90.00
   	  837.00   651.00     0.00    90.00
   	  783.00   558.00   498.00    90.00
   	  783.00   558.00   498.00    90.00
  39 	-1180.00 -10219.10     0.00     0.00     0.00     0.00
  39 	-1180.00 -10219.10     0.00     0.00     0.00     0.00
   	 1539.00   725.00     0.00    90.00
   	 1539.00   725.00     0.00    90.00
   	  837.00   651.00     0.00    90.00
   	  837.00   651.00     0.00    90.00
   	  783.00   558.00   498.00    90.00
   	  783.00   558.00   498.00    90.00
  40 	-14750.00 -9197.19     0.00     0.00     0.00     0.00
  40 	-14750.00 -9197.19     0.00     0.00     0.00     0.00
   	 1539.00   725.00     0.00    90.00
   	 1539.00   725.00     0.00    90.00
   	  837.00   651.00     0.00    90.00
   	  837.00   651.00     0.00    90.00
   	  783.00   558.00   498.00    90.00
   	  783.00   558.00   498.00    90.00
  41 	-13570.00 -9197.19     0.00     0.00     0.00     0.00
  41 	-13570.00 -9197.19     0.00     0.00     0.00     0.00
   	 1539.00   725.00     0.00    90.00
   	 1539.00   725.00     0.00    90.00
   	  837.00   651.00     0.00    90.00
   	  837.00   651.00     0.00    90.00
   	  783.00   558.00   498.00    90.00
   	  783.00   558.00   498.00    90.00
  42 	-12390.00 -9197.19     0.00     0.00     0.00     0.00
  42 	-12390.00 -9197.19     0.00     0.00     0.00     0.00
   	 1539.00   725.00     0.00    90.00
   	 1539.00   725.00     0.00    90.00
   	  837.00   651.00     0.00    90.00
   	  837.00   651.00     0.00    90.00
   	  783.00   558.00   498.00    90.00
   	  783.00   558.00   498.00    90.00
  43 	-11210.00 -9197.19     0.00     0.00     0.00     0.00
  43 	-11210.00 -9197.19     0.00     0.00     0.00     0.00
   	 1539.00   725.00     0.00    90.00
   	 1539.00   725.00     0.00    90.00
   	  837.00   651.00     0.00    90.00
   	  837.00   651.00     0.00    90.00
   	  783.00   558.00   498.00    90.00
   	  783.00   558.00   498.00    90.00
  44 	-10030.00 -9197.19     0.00     0.00     0.00     0.00
  44 	-10030.00 -9197.19     0.00     0.00     0.00     0.00
   	 1539.00   725.00     0.00    90.00
   	 1539.00   725.00     0.00    90.00
   	  837.00   651.00     0.00    90.00
   	  837.00   651.00     0.00    90.00
   	  783.00   558.00   498.00    90.00
   	  783.00   558.00   498.00    90.00
  45 	-8850.00 -9197.19     0.00     0.00     0.00     0.00
  45 	-8850.00 -9197.19     0.00     0.00     0.00     0.00
   	 1539.00   725.00     0.00    90.00
   	 1539.00   725.00     0.00    90.00
   	  837.00   651.00     0.00    90.00
   	  837.00   651.00     0.00    90.00
   	  783.00   558.00   498.00    90.00
   	  783.00   558.00   498.00    90.00
  46 	-7670.00 -9197.19     0.00     0.00     0.00     0.00
  46 	-7670.00 -9197.19     0.00     0.00     0.00     0.00
   	 1539.00   725.00     0.00    90.00
   	 1539.00   725.00     0.00    90.00
   	  837.00   651.00     0.00    90.00
   	  837.00   651.00     0.00    90.00
   	  783.00   558.00   498.00    90.00
   	  783.00   558.00   498.00    90.00
  47 	-6490.00 -9197.19     0.00     0.00     0.00     0.00
  47 	-6490.00 -9197.19     0.00     0.00     0.00     0.00
   	 1539.00   725.00     0.00    90.00
   	 1539.00   725.00     0.00    90.00
   	  837.00   651.00     0.00    90.00
   	  837.00   651.00     0.00    90.00
   	  783.00   558.00   498.00    90.00
   	  783.00   558.00   498.00    90.00
  48 	-5310.00 -9197.19     0.00     0.00     0.00     0.00
  48 	-5310.00 -9197.19     0.00     0.00     0.00     0.00
   	 1539.00   725.00     0.00    90.00
   	 1539.00   725.00     0.00    90.00
   	  837.00   651.00     0.00    90.00
   	  837.00   651.00     0.00    90.00
   	  783.00   558.00   498.00    90.00
   	  783.00   558.00   498.00    90.00
  49 	-4130.00 -9197.19     0.00     0.00     0.00     0.00
  49 	-4130.00 -9197.19     0.00     0.00     0.00     0.00
   	 1539.00   725.00     0.00    90.00
   	 1539.00   725.00     0.00    90.00
   	  837.00   651.00     0.00    90.00
   	  837.00   651.00     0.00    90.00
   	  783.00   558.00   498.00    90.00
   	  783.00   558.00   498.00    90.00
  50 	-2950.00 -9197.19     0.00     0.00     0.00     0.00
  50 	-2950.00 -9197.19     0.00     0.00     0.00     0.00
   	 1539.00   725.00     0.00    90.00
   	 1539.00   725.00     0.00    90.00
   	  837.00   651.00     0.00    90.00
   	  837.00   651.00     0.00    90.00
   	  783.00   558.00   498.00    90.00
   	  783.00   558.00   498.00    90.00
  51 	-1770.00 -9197.19     0.00     0.00     0.00     0.00
  51 	-1770.00 -9197.19     0.00     0.00     0.00     0.00
   	 1539.00   725.00     0.00    90.00
   	 1539.00   725.00     0.00    90.00
   	  837.00   651.00     0.00    90.00
   	  837.00   651.00     0.00    90.00
   	  783.00   558.00   498.00    90.00
   	  783.00   558.00   498.00    90.00
  52 	 -590.00 -9197.19     0.00     0.00     0.00     0.00
  52 	 -590.00 -9197.19     0.00     0.00     0.00     0.00
   	 1539.00   725.00     0.00    90.00
   	 1539.00   725.00     0.00    90.00
   	  837.00   651.00     0.00    90.00
   	  837.00   651.00     0.00    90.00
   	  783.00   558.00   498.00    90.00
   	  783.00   558.00   498.00    90.00
  53 	-14160.00 -8175.28     0.00     0.00     0.00     0.00
  53 	-14160.00 -8175.28     0.00     0.00     0.00     0.00
   	 1539.00   725.00     0.00    90.00
   	 1539.00   725.00     0.00    90.00
   	  837.00   651.00     0.00    90.00
   	  837.00   651.00     0.00    90.00
   	  783.00   558.00   498.00    90.00
   	  783.00   558.00   498.00    90.00
  54 	-12980.00 -8175.28     0.00     0.00     0.00     0.00
  54 	-12980.00 -8175.28     0.00     0.00     0.00     0.00
   	 1539.00   725.00     0.00    90.00
   	 1539.00   725.00     0.00    90.00
   	  837.00   651.00     0.00    90.00
   	  837.00   651.00     0.00    90.00
   	  783.00   558.00   498.00    90.00
   	  783.00   558.00   498.00    90.00
  55 	-11800.00 -8175.28     0.00     0.00     0.00     0.00
  55 	-11800.00 -8175.28     0.00     0.00     0.00     0.00
   	 1539.00   725.00     0.00    90.00
   	 1539.00   725.00     0.00    90.00
   	  837.00   651.00     0.00    90.00
   	  837.00   651.00     0.00    90.00
   	  783.00   558.00   498.00    90.00
   	  783.00   558.00   498.00    90.00
  56 	-10620.00 -8175.28     0.00     0.00     0.00     0.00
  56 	-10620.00 -8175.28     0.00     0.00     0.00     0.00
   	 1539.00   725.00     0.00    90.00
   	 1539.00   725.00     0.00    90.00
   	  837.00   651.00     0.00    90.00
   	  837.00   651.00     0.00    90.00
   	  783.00   558.00   498.00    90.00
   	  783.00   558.00   498.00    90.00
  57 	-9440.00 -8175.28     0.00     0.00     0.00     0.00
  57 	-9440.00 -8175.28     0.00     0.00     0.00     0.00
   	 1539.00   725.00     0.00    90.00
   	 1539.00   725.00     0.00    90.00
   	  837.00   651.00     0.00    90.00
   	  837.00   651.00     0.00    90.00
   	  783.00   558.00   498.00    90.00
   	  783.00   558.00   498.00    90.00
  58 	-8260.00 -8175.28     0.00     0.00     0.00     0.00
  58 	-8260.00 -8175.28     0.00     0.00     0.00     0.00
   	 1539.00   725.00     0.00    90.00
   	 1539.00   725.00     0.00    90.00
   	  837.00   651.00     0.00    90.00
   	  837.00   651.00     0.00    90.00
   	  783.00   558.00   498.00    90.00
   	  783.00   558.00   498.00    90.00
  59 	-7080.00 -8175.28     0.00     0.00     0.00     0.00
  59 	-7080.00 -8175.28     0.00     0.00     0.00     0.00
   	 1539.00   725.00     0.00    90.00
   	 1539.00   725.00     0.00    90.00
   	  837.00   651.00     0.00    90.00
   	  837.00   651.00     0.00    90.00
   	  783.00   558.00   498.00    90.00
   	  783.00   558.00   498.00    90.00
  60 	-5900.00 -8175.28     0.00     0.00     0.00     0.00
  60 	-5900.00 -8175.28     0.00     0.00     0.00     0.00
   	 1539.00   725.00     0.00    90.00
   	 1539.00   725.00     0.00    90.00
   	  837.00   651.00     0.00    90.00
   	  837.00   651.00     0.00    90.00
   	  783.00   558.00   498.00    90.00
   	  783.00   558.00   498.00    90.00
  61 	-4720.00 -8175.28     0.00     0.00     0.00     0.00
  61 	-4720.00 -8175.28     0.00     0.00     0.00     0.00
   	 1539.00   725.00     0.00    90.00
   	 1539.00   725.00     0.00    90.00
   	  837.00   651.00     0.00    90.00
   	  837.00   651.00     0.00    90.00
   	  783.00   558.00   498.00    90.00
   	  783.00   558.00   498.00    90.00
  62 	-3540.00 -8175.28     0.00     0.00     0.00     0.00
  62 	-3540.00 -8175.28     0.00     0.00     0.00     0.00
   	 1539.00   725.00     0.00    90.00
   	 1539.00   725.00     0.00    90.00
   	  837.00   651.00     0.00    90.00
   	  837.00   651.00     0.00    90.00
   	  783.00   558.00   498.00    90.00
   	  783.00   558.00   498.00    90.00
  63 	-2360.00 -8175.28     0.00     0.00     0.00     0.00
  63 	-2360.00 -8175.28     0.00     0.00     0.00     0.00
   	 1539.00   725.00     0.00    90.00
   	 1539.00   725.00     0.00    90.00
   	  837.00   651.00     0.00    90.00
   	  837.00   651.00     0.00    90.00
   	  783.00   558.00   498.00    90.00
   	  783.00   558.00   498.00    90.00
  64 	-1180.00 -8175.28     0.00     0.00     0.00     0.00
  64 	-1180.00 -8175.28     0.00     0.00     0.00     0.00
   	 1539.00   725.00     0.00    90.00
   	 1539.00   725.00     0.00    90.00
   	  837.00   651.00     0.00    90.00
   	  837.00   651.00     0.00    90.00
   	  783.00   558.00   498.00    90.00
   	  783.00   558.00   498.00    90.00
  65 	    0.00 -8175.28     0.00     0.00     0.00     0.00
  65 	    0.00 -8175.28     0.00     0.00     0.00     0.00
   	 1539.00   725.00     0.00    90.00
   	 1539.00   725.00     0.00    90.00
   	  837.00   651.00     0.00    90.00
   	  837.00   651.00     0.00    90.00
   	  783.00   558.00   498.00    90.00
   	  783.00   558.00   498.00    90.00
  66 	-13570.00 -7153.37     0.00     0.00     0.00     0.00
  66 	-13570.00 -7153.37     0.00     0.00     0.00     0.00
   	 1539.00   725.00     0.00    90.00
   	 1539.00   725.00     0.00    90.00
   	  837.00   651.00     0.00    90.00
   	  837.00   651.00     0.00    90.00
   	  783.00   558.00   498.00    90.00
   	  783.00   558.00   498.00    90.00
  67 	-12390.00 -7153.37     0.00     0.00     0.00     0.00
  67 	-12390.00 -7153.37     0.00     0.00     0.00     0.00
   	 1539.00   725.00     0.00    90.00
   	 1539.00   725.00     0.00    90.00
   	  837.00   651.00     0.00    90.00
   	  837.00   651.00     0.00    90.00
   	  783.00   558.00   498.00    90.00
   	  783.00   558.00   498.00    90.00
  68 	-11210.00 -7153.37     0.00     0.00     0.00     0.00
  68 	-11210.00 -7153.37     0.00     0.00     0.00     0.00
   	 1539.00   725.00     0.00    90.00
   	 1539.00   725.00     0.00    90.00
   	  837.00   651.00     0.00    90.00
   	  837.00   651.00     0.00    90.00
   	  783.00   558.00   498.00    90.00
   	  783.00   558.00   498.00    90.00
  69 	-10030.00 -7153.37     0.00     0.00     0.00     0.00
  69 	-10030.00 -7153.37     0.00     0.00     0.00     0.00
   	 1539.00   725.00     0.00    90.00
   	 1539.00   725.00     0.00    90.00
   	  837.00   651.00     0.00    90.00
   	  837.00   651.00     0.00    90.00
   	  783.00   558.00   498.00    90.00
   	  783.00   558.00   498.00    90.00
  70 	-8850.00 -7153.37     0.00     0.00     0.00     0.00
  70 	-8850.00 -7153.37     0.00     0.00     0.00     0.00
   	 1539.00   725.00     0.00    90.00
   	 1539.00   725.00     0.00    90.00
   	  837.00   651.00     0.00    90.00
   	  837.00   651.00     0.00    90.00
   	  783.00   558.00   498.00    90.00
   	  783.00   558.00   498.00    90.00
  71 	-7670.00 -7153.37     0.00     0.00     0.00     0.00
  71 	-7670.00 -7153.37     0.00     0.00     0.00     0.00
   	 1539.00   725.00     0.00    90.00
   	 1539.00   725.00     0.00    90.00
   	  837.00   651.00     0.00    90.00
   	  837.00   651.00     0.00    90.00
   	  783.00   558.00   498.00    90.00
   	  783.00   558.00   498.00    90.00
  72 	-6490.00 -7153.37     0.00     0.00     0.00     0.00
  72 	-6490.00 -7153.37     0.00     0.00     0.00     0.00
   	 1539.00   725.00     0.00    90.00
   	 1539.00   725.00     0.00    90.00
   	  837.00   651.00     0.00    90.00
   	  837.00   651.00     0.00    90.00
   	  783.00   558.00   498.00    90.00
   	  783.00   558.00   498.00    90.00
  73 	-5310.00 -7153.37     0.00     0.00     0.00     0.00
  73 	-5310.00 -7153.37     0.00     0.00     0.00     0.00
   	 1539.00   725.00     0.00    90.00
   	 1539.00   725.00     0.00    90.00
   	  837.00   651.00     0.00    90.00
   	  837.00   651.00     0.00    90.00
   	  783.00   558.00   498.00    90.00
   	  783.00   558.00   498.00    90.00
  74 	-4130.00 -7153.37     0.00     0.00     0.00     0.00
  74 	-4130.00 -7153.37     0.00     0.00     0.00     0.00
   	 1539.00   725.00     0.00    90.00
   	 1539.00   725.00     0.00    90.00
   	  837.00   651.00     0.00    90.00
   	  837.00   651.00     0.00    90.00
   	  783.00   558.00   498.00    90.00
   	  783.00   558.00   498.00    90.00
  75 	-2950.00 -7153.37     0.00     0.00     0.00     0.00
  75 	-2950.00 -7153.37     0.00     0.00     0.00     0.00
   	 1539.00   725.00     0.00    90.00
   	 1539.00   725.00     0.00    90.00
   	  837.00   651.00     0.00    90.00
   	  837.00   651.00     0.00    90.00
   	  783.00   558.00   498.00    90.00
   	  783.00   558.00   498.00    90.00
  76 	-1770.00 -7153.37     0.00     0.00     0.00     0.00
  76 	-1770.00 -7153.37     0.00     0.00     0.00     0.00
   	 1539.00   725.00     0.00    90.00
   	 1539.00   725.00     0.00    90.00
   	  837.00   651.00     0.00    90.00
   	  837.00   651.00     0.00    90.00
   	  783.00   558.00   498.00    90.00
   	  783.00   558.00   498.00    90.00
  77 	 -590.00 -7153.37     0.00     0.00     0.00     0.00
  77 	 -590.00 -7153.37     0.00     0.00     0.00     0.00
   	 1539.00   725.00     0.00    90.00
   	 1539.00   725.00     0.00    90.00
   	  837.00   651.00     0.00    90.00
   	  837.00   651.00     0.00    90.00
   	  783.00   558.00   498.00    90.00
   	  783.00   558.00   498.00    90.00
  78 	  590.00 -7153.37     0.00     0.00     0.00     0.00
  78 	  590.00 -7153.37     0.00     0.00     0.00     0.00
   	 1539.00   725.00     0.00    90.00
   	 1539.00   725.00     0.00    90.00
   	  837.00   651.00     0.00    90.00
   	  837.00   651.00     0.00    90.00
   	  783.00   558.00   498.00    90.00
   	  783.00   558.00   498.00    90.00
  79 	-12980.00 -6131.46     0.00     0.00     0.00     0.00
  79 	-12980.00 -6131.46     0.00     0.00     0.00     0.00
   	 1539.00   725.00     0.00    90.00
   	 1539.00   725.00     0.00    90.00
   	  837.00   651.00     0.00    90.00
   	  837.00   651.00     0.00    90.00
   	  783.00   558.00   498.00    90.00
   	  783.00   558.00   498.00    90.00
  80 	-11800.00 -6131.46     0.00     0.00     0.00     0.00
  80 	-11800.00 -6131.46     0.00     0.00     0.00     0.00
   	 1539.00   725.00     0.00    90.00
   	 1539.00   725.00     0.00    90.00
   	  837.00   651.00     0.00    90.00
   	  837.00   651.00     0.00    90.00
   	  783.00   558.00   498.00    90.00
   	  783.00   558.00   498.00    90.00
  81 	-10620.00 -6131.46     0.00     0.00     0.00     0.00
  81 	-10620.00 -6131.46     0.00     0.00     0.00     0.00
   	 1539.00   725.00     0.00    90.00
   	 1539.00   725.00     0.00    90.00
   	  837.00   651.00     0.00    90.00
   	  837.00   651.00     0.00    90.00
   	  783.00   558.00   498.00    90.00
   	  783.00   558.00   498.00    90.00
  82 	-9440.00 -6131.46     0.00     0.00     0.00     0.00
  82 	-9440.00 -6131.46     0.00     0.00     0.00     0.00
   	 1539.00   725.00     0.00    90.00
   	 1539.00   725.00     0.00    90.00
   	  837.00   651.00     0.00    90.00
   	  837.00   651.00     0.00    90.00
   	  783.00   558.00   498.00    90.00
   	  783.00   558.00   498.00    90.00
  83 	-8260.00 -6131.46     0.00     0.00     0.00     0.00
  83 	-8260.00 -6131.46     0.00     0.00     0.00     0.00
   	 1539.00   725.00     0.00    90.00
   	 1539.00   725.00     0.00    90.00
   	  837.00   651.00     0.00    90.00
   	  837.00   651.00     0.00    90.00
   	  783.00   558.00   498.00    90.00
   	  783.00   558.00   498.00    90.00
  84 	-7080.00 -6131.46     0.00     0.00     0.00     0.00
  84 	-7080.00 -6131.46     0.00     0.00     0.00     0.00
   	 1539.00   725.00     0.00    90.00
   	 1539.00   725.00     0.00    90.00
   	  837.00   651.00     0.00    90.00
   	  837.00   651.00     0.00    90.00
   	  783.00   558.00   498.00    90.00
   	  783.00   558.00   498.00    90.00
  85 	-5900.00 -6131.46     0.00     0.00     0.00     0.00
  85 	-5900.00 -6131.46     0.00     0.00     0.00     0.00
   	 1539.00   725.00     0.00    90.00
   	 1539.00   725.00     0.00    90.00
   	  837.00   651.00     0.00    90.00
   	  837.00   651.00     0.00    90.00
   	  783.00   558.00   498.00    90.00
   	  783.00   558.00   498.00    90.00
  86 	-4720.00 -6131.46     0.00     0.00     0.00     0.00
  86 	-4720.00 -6131.46     0.00     0.00     0.00     0.00
   	 1539.00   725.00     0.00    90.00
   	 1539.00   725.00     0.00    90.00
   	  837.00   651.00     0.00    90.00
   	  837.00   651.00     0.00    90.00
   	  783.00   558.00   498.00    90.00
   	  783.00   558.00   498.00    90.00
  87 	-3540.00 -6131.46     0.00     0.00     0.00     0.00
  87 	-3540.00 -6131.46     0.00     0.00     0.00     0.00
   	 1539.00   725.00     0.00    90.00
   	 1539.00   725.00     0.00    90.00
   	  837.00   651.00     0.00    90.00
   	  837.00   651.00     0.00    90.00
   	  783.00   558.00   498.00    90.00
   	  783.00   558.00   498.00    90.00
  88 	-2360.00 -6131.46     0.00     0.00     0.00     0.00
  88 	-2360.00 -6131.46     0.00     0.00     0.00     0.00
   	 1539.00   725.00     0.00    90.00
   	 1539.00   725.00     0.00    90.00
   	  837.00   651.00     0.00    90.00
   	  837.00   651.00     0.00    90.00
   	  783.00   558.00   498.00    90.00
   	  783.00   558.00   498.00    90.00
  89 	-1180.00 -6131.46     0.00     0.00     0.00     0.00
  89 	-1180.00 -6131.46     0.00     0.00     0.00     0.00
   	 1539.00   725.00     0.00    90.00
   	 1539.00   725.00     0.00    90.00
   	  837.00   651.00     0.00    90.00
   	  837.00   651.00     0.00    90.00
   	  783.00   558.00   498.00    90.00
   	  783.00   558.00   498.00    90.00
  90 	    0.00 -6131.46     0.00     0.00     0.00     0.00
  90 	    0.00 -6131.46     0.00     0.00     0.00     0.00
   	 1539.00   725.00     0.00    90.00
   	 1539.00   725.00     0.00    90.00
   	  837.00   651.00     0.00    90.00
   	  837.00   651.00     0.00    90.00
   	  783.00   558.00   498.00    90.00
   	  783.00   558.00   498.00    90.00
  91 	 1180.00 -6131.46     0.00     0.00     0.00     0.00
  91 	 1180.00 -6131.46     0.00     0.00     0.00     0.00
   	 1539.00   725.00     0.00    90.00
   	 1539.00   725.00     0.00    90.00
   	  837.00   651.00     0.00    90.00
   	  837.00   651.00     0.00    90.00
   	  783.00   558.00   498.00    90.00
   	  783.00   558.00   498.00    90.00

** End writing output file: ../inputs/gr17.dat 
