*******************************************************************************
                         ARRAY PREPROCESSOR ver. 1.0
*******************************************************************************



   1	GROUP testgroup
   3	 GRID SQUARE STEP 58
   4	 ELEMENT
   5	 GEOMETRY CIRCULAR RADIUS 87
   6	 POLARIZATION CIRCULAR
   7	 PORTS 4
   8	 PORT 1
   9	 AMPLITUDE 24
  10	 PHASE_SCANNING 523
  11	 PHASE_POL_ARRANG 621
  12	 PORT 2
  13	 AMPLITUDE 22
  14	 PORT 3
  15	 AMPLITUDE 24
  16	 PORT 4
  17	 AMPLITUDE 28
  18	 PHASE_SCANNING 548
  19	 ADD BLOCK 3 3 1 12
  20	 ADD BLOCK 1 8 5 9
  21	 ADD BLOCK 2 0 4 -5
  23	 GROUP_EXCITATION
  24	 AMPLITUDE UNIFORM 28
  25	 PHASE UNIFORM 13
  26	 END

** WARNING B2: GRID step(s) too small for specified element in GROUP: testgroup
** Generating GROUP: testgroup.
** PSTEP,QSTEP set to:58.000000,58.000000
** Grid ANGLE set to:90.000000 
** Group ROT_ANGLE set to: 0.000000 

** Writing output file: ../inputs/gr173.dat

NEL 
NPORTS
IDUM      REXA     REYA     REZA     THEA     PHEA     PSEA 
          AMP      PSH      PSC      PHEPOL
  58
  58
   4
   4
   1 	   58.00   174.00     0.00     0.00     0.00     0.00
   1 	   58.00   174.00     0.00     0.00     0.00     0.00
   	  672.00   634.00   523.00    90.00
   	  672.00   634.00   523.00    90.00
   	  616.00    13.00     0.00    90.00
   	  616.00    13.00     0.00    90.00
   	  672.00    13.00     0.00    90.00
   	  672.00    13.00     0.00    90.00
   	  784.00    13.00   548.00    90.00
   	  784.00    13.00   548.00    90.00
   2 	  116.00   174.00     0.00     0.00     0.00     0.00
   2 	  116.00   174.00     0.00     0.00     0.00     0.00
   	  672.00   634.00   523.00    90.00
   	  672.00   634.00   523.00    90.00
   	  616.00    13.00     0.00    90.00
   	  616.00    13.00     0.00    90.00
   	  672.00    13.00     0.00    90.00
   	  672.00    13.00     0.00    90.00
   	  784.00    13.00   548.00    90.00
   	  784.00    13.00   548.00    90.00
   3 	  174.00   174.00     0.00     0.00     0.00     0.00
   3 	  174.00   174.00     0.00     0.00     0.00     0.00
   	  672.00   634.00   523.00    90.00
   	  672.00   634.00   523.00    90.00
   	  616.00    13.00     0.00    90.00
   	  616.00    13.00     0.00    90.00
   	  672.00    13.00     0.00    90.00
   	  672.00    13.00     0.00    90.00
   	  784.00    13.00   548.00    90.00
   	  784.00    13.00   548.00    90.00
   4 	   58.00   232.00     0.00     0.00     0.00     0.00
   4 	   58.00   232.00     0.00     0.00     0.00     0.00
   	  672.00   634.00   523.00    90.00
   	  672.00   634.00   523.00    90.00
   	  616.00    13.00     0.00    90.00
   	  616.00    13.00     0.00    90.00
   	  672.00    13.00     0.00    90.00
   	  672.00    13.00     0.00    90.00
   	  784.00    13.00   548.00    90.00
   	  784.00    13.00   548.00    90.00
   5 	  116.00   232.00     0.00     0.00     0.00     0.00
   5 	  116.00   232.00     0.00     0.00     0.00     0.00
   	  672.00   634.00   523.00    90.00
   	  672.00   634.00   523.00    90.00
   	  616.00    13.00     0.00    90.00
   	  616.00    13.00     0.00    90.00
   	  672.00    13.00     0.00    90.00
   	  672.00    13.00     0.00    90.00
   	  784.00    13.00   548.00    90.00
   	  784.00    13.00   548.00    90.00
   6 	  174.00   232.00     0.00     0.00     0.00     0.00
   6 	  174.00   232.00     0.00     0.00     0.00     0.00
   	  672.00   634.00   523.00    90.00
   	  672.00   634.00   523.00    90.00
   	  616.00    13.00     0.00    90.00
   	  616.00    13.00     0.00    90.00
   	  672.00    13.00     0.00    90.00
   	  672.00    13.00     0.00    90.00
   	  784.00    13.00   548.00    90.00
   	  784.00    13.00   548.00    90.00
   7 	   58.00   290.00     0.00     0.00     0.00     0.00
   7 	   58.00   290.00     0.00     0.00     0.00     0.00
   	  672.00   634.00   523.00    90.00
   	  672.00   634.00   523.00    90.00
   	  616.00    13.00     0.00    90.00
   	  616.00    13.00     0.00    90.00
   	  672.00    13.00     0.00    90.00
   	  672.00    13.00     0.00    90.00
   	  784.00    13.00   548.00    90.00
   	  784.00    13.00   548.00    90.00
   8 	  116.00   290.00     0.00     0.00     0.00     0.00
   8 	  116.00   290.00     0.00     0.00     0.00     0.00
   	  672.00   634.00   523.00    90.00
   	  672.00   634.00   523.00    90.00
   	  616.00    13.00     0.00    90.00
   	  616.00    13.00     0.00    90.00
   	  672.00    13.00     0.00    90.00
   	  672.00    13.00     0.00    90.00
   	  784.00    13.00   548.00    90.00
   	  784.00    13.00   548.00    90.00
   9 	  174.00   290.00     0.00     0.00     0.00     0.00
   9 	  174.00   290.00     0.00     0.00     0.00     0.00
   	  672.00   634.00   523.00    90.00
   	  672.00   634.00   523.00    90.00
   	  616.00    13.00     0.00    90.00
   	  616.00    13.00     0.00    90.00
   	  672.00    13.00     0.00    90.00
   	  672.00    13.00     0.00    90.00
   	  784.00    13.00   548.00    90.00
   	  784.00    13.00   548.00    90.00
  10 	   58.00   348.00     0.00     0.00     0.00     0.00
  10 	   58.00   348.00     0.00     0.00     0.00     0.00
   	  672.00   634.00   523.00    90.00
   	  672.00   634.00   523.00    90.00
   	  616.00    13.00     0.00    90.00
   	  616.00    13.00     0.00    90.00
   	  672.00    13.00     0.00    90.00
   	  672.00    13.00     0.00    90.00
   	  784.00    13.00   548.00    90.00
   	  784.00    13.00   548.00    90.00
  11 	  116.00   348.00     0.00     0.00     0.00     0.00
  11 	  116.00   348.00     0.00     0.00     0.00     0.00
   	  672.00   634.00   523.00    90.00
   	  672.00   634.00   523.00    90.00
   	  616.00    13.00     0.00    90.00
   	  616.00    13.00     0.00    90.00
   	  672.00    13.00     0.00    90.00
   	  672.00    13.00     0.00    90.00
   	  784.00    13.00   548.00    90.00
   	  784.00    13.00   548.00    90.00
  12 	  174.00   348.00     0.00     0.00     0.00     0.00
  12 	  174.00   348.00     0.00     0.00     0.00     0.00
   	  672.00   634.00   523.00    90.00
   	  672.00   634.00   523.00    90.00
   	  616.00    13.00     0.00    90.00
   	  616.00    13.00     0.00    90.00
   	  672.00    13.00     0.00    90.00
   	  672.00    13.00     0.00    90.00
   	  784.00    13.00   548.00    90.00
   	  784.00    13.00   548.00    90.00
  13 	   58.00   406.00     0.00     0.00     0.00     0.00
  13 	   58.00   406.00     0.00     0.00     0.00     0.00
   	  672.00   634.00   523.00    90.00
   	  672.00   634.00   523.00    90.00
   	  616.00    13.00     0.00    90.00
   	  616.00    13.00     0.00    90.00
   	  672.00    13.00     0.00    90.00
   	  672.00    13.00     0.00    90.00
   	  784.00    13.00   548.00    90.00
   	  784.00    13.00   548.00    90.00
  14 	  116.00   406.00     0.00     0.00     0.00     0.00
  14 	  116.00   406.00     0.00     0.00     0.00     0.00
   	  672.00   634.00   523.00    90.00
   	  672.00   634.00   523.00    90.00
   	  616.00    13.00     0.00    90.00
   	  616.00    13.00     0.00    90.00
   	  672.00    13.00     0.00    90.00
   	  672.00    13.00     0.00    90.00
   	  784.00    13.00   548.00    90.00
   	  784.00    13.00   548.00    90.00
  15 	  174.00   406.00     0.00     0.00     0.00     0.00
  15 	  174.00   406.00     0.00     0.00     0.00     0.00
   	  672.00   634.00   523.00    90.00
   	  672.00   634.00   523.00    90.00
   	  616.00    13.00     0.00    90.00
   	  616.00    13.00     0.00    90.00
   	  672.00    13.00     0.00    90.00
   	  672.00    13.00     0.00    90.00
   	  784.00    13.00   548.00    90.00
   	  784.00    13.00   548.00    90.00
  16 	   58.00   464.00     0.00     0.00     0.00     0.00
  16 	   58.00   464.00     0.00     0.00     0.00     0.00
   	  672.00   634.00   523.00    90.00
   	  672.00   634.00   523.00    90.00
   	  616.00    13.00     0.00    90.00
   	  616.00    13.00     0.00    90.00
   	  672.00    13.00     0.00    90.00
   	  672.00    13.00     0.00    90.00
   	  784.00    13.00   548.00    90.00
   	  784.00    13.00   548.00    90.00
  17 	  116.00   464.00     0.00     0.00     0.00     0.00
  17 	  116.00   464.00     0.00     0.00     0.00     0.00
   	  672.00   634.00   523.00    90.00
   	  672.00   634.00   523.00    90.00
   	  616.00    13.00     0.00    90.00
   	  616.00    13.00     0.00    90.00
   	  672.00    13.00     0.00    90.00
   	  672.00    13.00     0.00    90.00
   	  784.00    13.00   548.00    90.00
   	  784.00    13.00   548.00    90.00
  18 	  174.00   464.00     0.00     0.00     0.00     0.00
  18 	  174.00   464.00     0.00     0.00     0.00     0.00
   	  672.00   634.00   523.00    90.00
   	  672.00   634.00   523.00    90.00
   	  616.00    13.00     0.00    90.00
   	  616.00    13.00     0.00    90.00
   	  672.00    13.00     0.00    90.00
   	  672.00    13.00     0.00    90.00
   	  784.00    13.00   548.00    90.00
   	  784.00    13.00   548.00    90.00
  19 	   58.00   522.00     0.00     0.00     0.00     0.00
  19 	   58.00   522.00     0.00     0.00     0.00     0.00
   	  672.00   634.00   523.00    90.00
   	  672.00   634.00   523.00    90.00
   	  616.00    13.00     0.00    90.00
   	  616.00    13.00     0.00    90.00
   	  672.00    13.00     0.00    90.00
   	  672.00    13.00     0.00    90.00
   	  784.00    13.00   548.00    90.00
   	  784.00    13.00   548.00    90.00
  20 	  116.00   522.00     0.00     0.00     0.00     0.00
  20 	  116.00   522.00     0.00     0.00     0.00     0.00
   	  672.00   634.00   523.00    90.00
   	  672.00   634.00   523.00    90.00
   	  616.00    13.00     0.00    90.00
   	  616.00    13.00     0.00    90.00
   	  672.00    13.00     0.00    90.00
   	  672.00    13.00     0.00    90.00
   	  784.00    13.00   548.00    90.00
   	  784.00    13.00   548.00    90.00
  21 	  174.00   522.00     0.00     0.00     0.00     0.00
  21 	  174.00   522.00     0.00     0.00     0.00     0.00
   	  672.00   634.00   523.00    90.00
   	  672.00   634.00   523.00    90.00
   	  616.00    13.00     0.00    90.00
   	  616.00    13.00     0.00    90.00
   	  672.00    13.00     0.00    90.00
   	  672.00    13.00     0.00    90.00
   	  784.00    13.00   548.00    90.00
   	  784.00    13.00   548.00    90.00
  22 	   58.00   580.00     0.00     0.00     0.00     0.00
  22 	   58.00   580.00     0.00     0.00     0.00     0.00
   	  672.00   634.00   523.00    90.00
   	  672.00   634.00   523.00    90.00
   	  616.00    13.00     0.00    90.00
   	  616.00    13.00     0.00    90.00
   	  672.00    13.00     0.00    90.00
   	  672.00    13.00     0.00    90.00
   	  784.00    13.00   548.00    90.00
   	  784.00    13.00   548.00    90.00
  23 	  116.00   580.00     0.00     0.00     0.00     0.00
  23 	  116.00   580.00     0.00     0.00     0.00     0.00
   	  672.00   634.00   523.00    90.00
   	  672.00   634.00   523.00    90.00
   	  616.00    13.00     0.00    90.00
   	  616.00    13.00     0.00    90.00
   	  672.00    13.00     0.00    90.00
   	  672.00    13.00     0.00    90.00
   	  784.00    13.00   548.00    90.00
   	  784.00    13.00   548.00    90.00
  24 	  174.00   580.00     0.00     0.00     0.00     0.00
  24 	  174.00   580.00     0.00     0.00     0.00     0.00
   	  672.00   634.00   523.00    90.00
   	  672.00   634.00   523.00    90.00
   	  616.00    13.00     0.00    90.00
   	  616.00    13.00     0.00    90.00
   	  672.00    13.00     0.00    90.00
   	  672.00    13.00     0.00    90.00
   	  784.00    13.00   548.00    90.00
   	  784.00    13.00   548.00    90.00
  25 	   58.00   638.00     0.00     0.00     0.00     0.00
  25 	   58.00   638.00     0.00     0.00     0.00     0.00
   	  672.00   634.00   523.00    90.00
   	  672.00   634.00   523.00    90.00
   	  616.00    13.00     0.00    90.00
   	  616.00    13.00     0.00    90.00
   	  672.00    13.00     0.00    90.00
   	  672.00    13.00     0.00    90.00
   	  784.00    13.00   548.00    90.00
   	  784.00    13.00   548.00    90.00
  26 	  116.00   638.00     0.00     0.00     0.00     0.00
  26 	  116.00   638.00     0.00     0.00     0.00     0.00
   	  672.00   634.00   523.00    90.00
   	  672.00   634.00   523.00    90.00
   	  616.00    13.00     0.00    90.00
   	  616.00    13.00     0.00    90.00
   	  672.00    13.00     0.00    90.00
   	  672.00    13.00     0.00    90.00
   	  784.00    13.00   548.00    90.00
   	  784.00    13.00   548.00    90.00
  27 	  174.00   638.00     0.00     0.00     0.00     0.00
  27 	  174.00   638.00     0.00     0.00     0.00     0.00
   	  672.00   634.00   523.00    90.00
   	  672.00   634.00   523.00    90.00
   	  616.00    13.00     0.00    90.00
   	  616.00    13.00     0.00    90.00
   	  672.00    13.00     0.00    90.00
   	  672.00    13.00     0.00    90.00
   	  784.00    13.00   548.00    90.00
   	  784.00    13.00   548.00    90.00
  28 	   58.00   696.00     0.00     0.00     0.00     0.00
  28 	   58.00   696.00     0.00     0.00     0.00     0.00
   	  672.00   634.00   523.00    90.00
   	  672.00   634.00   523.00    90.00
   	  616.00    13.00     0.00    90.00
   	  616.00    13.00     0.00    90.00
   	  672.00    13.00     0.00    90.00
   	  672.00    13.00     0.00    90.00
   	  784.00    13.00   548.00    90.00
   	  784.00    13.00   548.00    90.00
  29 	  116.00   696.00     0.00     0.00     0.00     0.00
  29 	  116.00   696.00     0.00     0.00     0.00     0.00
   	  672.00   634.00   523.00    90.00
   	  672.00   634.00   523.00    90.00
   	  616.00    13.00     0.00    90.00
   	  616.00    13.00     0.00    90.00
   	  672.00    13.00     0.00    90.00
   	  672.00    13.00     0.00    90.00
   	  784.00    13.00   548.00    90.00
   	  784.00    13.00   548.00    90.00
  30 	  174.00   696.00     0.00     0.00     0.00     0.00
  30 	  174.00   696.00     0.00     0.00     0.00     0.00
   	  672.00   634.00   523.00    90.00
   	  672.00   634.00   523.00    90.00
   	  616.00    13.00     0.00    90.00
   	  616.00    13.00     0.00    90.00
   	  672.00    13.00     0.00    90.00
   	  672.00    13.00     0.00    90.00
   	  784.00    13.00   548.00    90.00
   	  784.00    13.00   548.00    90.00
  31 	   58.00   464.00     0.00     0.00     0.00     0.00
  31 	   58.00   464.00     0.00     0.00     0.00     0.00
   	  672.00   634.00   523.00    90.00
   	  672.00   634.00   523.00    90.00
   	  616.00    13.00     0.00    90.00
   	  616.00    13.00     0.00    90.00
   	  672.00    13.00     0.00    90.00
   	  672.00    13.00     0.00    90.00
   	  784.00    13.00   548.00    90.00
   	  784.00    13.00   548.00    90.00
  32 	  116.00   464.00     0.00     0.00     0.00     0.00
  32 	  116.00   464.00     0.00     0.00     0.00     0.00
   	  672.00   634.00   523.00    90.00
   	  672.00   634.00   523.00    90.00
   	  616.00    13.00     0.00    90.00
   	  616.00    13.00     0.00    90.00
   	  672.00    13.00     0.00    90.00
   	  672.00    13.00     0.00    90.00
   	  784.00    13.00   548.00    90.00
   	  784.00    13.00   548.00    90.00
  33 	  174.00   464.00     0.00     0.00     0.00     0.00
  33 	  174.00   464.00     0.00     0.00     0.00     0.00
   	  672.00   634.00   523.00    90.00
   	  672.00   634.00   523.00    90.00
   	  616.00    13.00     0.00    90.00
   	  616.00    13.00     0.00    90.00
   	  672.00    13.00     0.00    90.00
   	  672.00    13.00     0.00    90.00
   	  784.00    13.00   548.00    90.00
   	  784.00    13.00   548.00    90.00
  34 	  232.00   464.00     0.00     0.00     0.00     0.00
  34 	  232.00   464.00     0.00     0.00     0.00     0.00
   	  672.00   634.00   523.00    90.00
   	  672.00   634.00   523.00    90.00
   	  616.00    13.00     0.00    90.00
   	  616.00    13.00     0.00    90.00
   	  672.00    13.00     0.00    90.00
   	  672.00    13.00     0.00    90.00
   	  784.00    13.00   548.00    90.00
   	  784.00    13.00   548.00    90.00
  35 	  290.00   464.00     0.00     0.00     0.00     0.00
  35 	  290.00   464.00     0.00     0.00     0.00     0.00
   	  672.00   634.00   523.00    90.00
   	  672.00   634.00   523.00    90.00
   	  616.00    13.00     0.00    90.00
   	  616.00    13.00     0.00    90.00
   	  672.00    13.00     0.00    90.00
   	  672.00    13.00     0.00    90.00
   	  784.00    13.00   548.00    90.00
   	  784.00    13.00   548.00    90.00
  36 	   58.00   522.00     0.00     0.00     0.00     0.00
  36 	   58.00   522.00     0.00     0.00     0.00     0.00
   	  672.00   634.00   523.00    90.00
   	  672.00   634.00   523.00    90.00
   	  616.00    13.00     0.00    90.00
   	  616.00    13.00     0.00    90.00
   	  672.00    13.00     0.00    90.00
   	  672.00    13.00     0.00    90.00
   	  784.00    13.00   548.00    90.00
   	  784.00    13.00   548.00    90.00
  37 	  116.00   522.00     0.00     0.00     0.00     0.00
  37 	  116.00   522.00     0.00     0.00     0.00     0.00
   	  672.00   634.00   523.00    90.00
   	  672.00   634.00   523.00    90.00
   	  616.00    13.00     0.00    90.00
   	  616.00    13.00     0.00    90.00
   	  672.00    13.00     0.00    90.00
   	  672.00    13.00     0.00    90.00
   	  784.00    13.00   548.00    90.00
   	  784.00    13.00   548.00    90.00
  38 	  174.00   522.00     0.00     0.00     0.00     0.00
  38 	  174.00   522.00     0.00     0.00     0.00     0.00
   	  672.00   634.00   523.00    90.00
   	  672.00   634.00   523.00    90.00
   	  616.00    13.00     0.00    90.00
   	  616.00    13.00     0.00    90.00
   	  672.00    13.00     0.00    90.00
   	  672.00    13.00     0.00    90.00
   	  784.00    13.00   548.00    90.00
   	  784.00    13.00   548.00    90.00
  39 	  232.00   522.00     0.00     0.00     0.00     0.00
  39 	  232.00   522.00     0.00     0.00     0.00     0.00
   	  672.00   634.00   523.00    90.00
   	  672.00   634.00   523.00    90.00
   	  616.00    13.00     0.00    90.00
   	  616.00    13.00     0.00    90.00
   	  672.00    13.00     0.00    90.00
   	  672.00    13.00     0.00    90.00
   	  784.00    13.00   548.00    90.00
   	  784.00    13.00   548.00    90.00
  40 	  290.00   522.00     0.00     0.00     0.00     0.00
  40 	  290.00   522.00     0.00     0.00     0.00     0.00
   	  672.00   634.00   523.00    90.00
   	  672.00   634.00   523.00    90.00
   	  616.00    13.00     0.00    90.00
   	  616.00    13.00     0.00    90.00
   	  672.00    13.00     0.00    90.00
   	  672.00    13.00     0.00    90.00
   	  784.00    13.00   548.00    90.00
   	  784.00    13.00   548.00    90.00
  41 	  116.00  -290.00     0.00     0.00     0.00     0.00
  41 	  116.00  -290.00     0.00     0.00     0.00     0.00
   	  672.00   634.00   523.00    90.00
   	  672.00   634.00   523.00    90.00
   	  616.00    13.00     0.00    90.00
   	  616.00    13.00     0.00    90.00
   	  672.00    13.00     0.00    90.00
   	  672.00    13.00     0.00    90.00
   	  784.00    13.00   548.00    90.00
   	  784.00    13.00   548.00    90.00
  42 	  174.00  -290.00     0.00     0.00     0.00     0.00
  42 	  174.00  -290.00     0.00     0.00     0.00     0.00
   	  672.00   634.00   523.00    90.00
   	  672.00   634.00   523.00    90.00
   	  616.00    13.00     0.00    90.00
   	  616.00    13.00     0.00    90.00
   	  672.00    13.00     0.00    90.00
   	  672.00    13.00     0.00    90.00
   	  784.00    13.00   548.00    90.00
   	  784.00    13.00   548.00    90.00
  43 	  232.00  -290.00     0.00     0.00     0.00     0.00
  43 	  232.00  -290.00     0.00     0.00     0.00     0.00
   	  672.00   634.00   523.00    90.00
   	  672.00   634.00   523.00    90.00
   	  616.00    13.00     0.00    90.00
   	  616.00    13.00     0.00    90.00
   	  672.00    13.00     0.00    90.00
   	  672.00    13.00     0.00    90.00
   	  784.00    13.00   548.00    90.00
   	  784.00    13.00   548.00    90.00
  44 	  116.00  -232.00     0.00     0.00     0.00     0.00
  44 	  116.00  -232.00     0.00     0.00     0.00     0.00
   	  672.00   634.00   523.00    90.00
   	  672.00   634.00   523.00    90.00
   	  616.00    13.00     0.00    90.00
   	  616.00    13.00     0.00    90.00
   	  672.00    13.00     0.00    90.00
   	  672.00    13.00     0.00    90.00
   	  784.00    13.00   548.00    90.00
   	  784.00    13.00   548.00    90.00
  45 	  174.00  -232.00     0.00     0.00     0.00     0.00
  45 	  174.00  -232.00     0.00     0.00     0.00     0.00
   	  672.00   634.00   523.00    90.00
   	  672.00   634.00   523.00    90.00
   	  616.00    13.00     0.00    90.00
   	  616.00    13.00     0.00    90.00
   	  672.00    13.00     0.00    90.00
   	  672.00    13.00     0.00    90.00
   	  784.00    13.00   548.00    90.00
   	  784.00    13.00   548.00    90.00
  46 	  232.00  -232.00     0.00     0.00     0.00     0.00
  46 	  232.00  -232.00     0.00     0.00     0.00     0.00
   	  672.00   634.00   523.00    90.00
   	  672.00   634.00   523.00    90.00
   	  616.00    13.00     0.00    90.00
   	  616.00    13.00     0.00    90.00
   	  672.00    13.00     0.00    90.00
   	  672.00    13.00     0.00    90.00
   	  784.00    13.00   548.00    90.00
   	  784.00    13.00   548.00    90.00
  47 	  116.00  -174.00     0.00     0.00     0.00     0.00
  47 	  116.00  -174.00     0.00     0.00     0.00     0.00
   	  672.00   634.00   523.00    90.00
   	  672.00   634.00   523.00    90.00
   	  616.00    13.00     0.00    90.00
   	  616.00    13.00     0.00    90.00
   	  672.00    13.00     0.00    90.00
   	  672.00    13.00     0.00    90.00
   	  784.00    13.00   548.00    90.00
   	  784.00    13.00   548.00    90.00
  48 	  174.00  -174.00     0.00     0.00     0.00     0.00
  48 	  174.00  -174.00     0.00     0.00     0.00     0.00
   	  672.00   634.00   523.00    90.00
   	  672.00   634.00   523.00    90.00
   	  616.00    13.00     0.00    90.00
   	  616.00    13.00     0.00    90.00
   	  672.00    13.00     0.00    90.00
   	  672.00    13.00     0.00    90.00
   	  784.00    13.00   548.00    90.00
   	  784.00    13.00   548.00    90.00
  49 	  232.00  -174.00     0.00     0.00     0.00     0.00
  49 	  232.00  -174.00     0.00     0.00     0.00     0.00
   	  672.00   634.00   523.00    90.00
   	  672.00   634.00   523.00    90.00
   	  616.00    13.00     0.00    90.00
   	  616.00    13.00     0.00    90.00
   	  672.00    13.00     0.00    90.00
   	  672.00    13.00     0.00    90.00
   	  784.00    13.00   548.00    90.00
   	  784.00    13.00   548.00    90.00
  50 	  116.00  -116.00     0.00     0.00     0.00     0.00
  50 	  116.00  -116.00     0.00     0.00     0.00     0.00
   	  672.00   634.00   523.00    90.00
   	  672.00   634.00   523.00    90.00
   	  616.00    13.00     0.00    90.00
   	  616.00    13.00     0.00    90.00
   	  672.00    13.00     0.00    90.00
   	  672.00    13.00     0.00    90.00
   	  784.00    13.00   548.00    90.00
   	  784.00    13.00   548.00    90.00
  51 	  174.00  -116.00     0.00     0.00     0.00     0.00
  51 	  174.00  -116.00     0.00     0.00     0.00     0.00
   	  672.00   634.00   523.00    90.00
   	  672.00   634.00   523.00    90.00
   	  616.00    13.00     0.00    90.00
   	  616.00    13.00     0.00    90.00
   	  672.00    13.00     0.00    90.00
   	  672.00    13.00     0.00    90.00
   	  784.00    13.00   548.00    90.00
   	  784.00    13.00   548.00    90.00
  52 	  232.00  -116.00     0.00     0.00     0.00     0.00
  52 	  232.00  -116.00     0.00     0.00     0.00     0.00
   	  672.00   634.00   523.00    90.00
   	  672.00   634.00   523.00    90.00
   	  616.00    13.00     0.00    90.00
   	  616.00    13.00     0.00    90.00
   	  672.00    13.00     0.00    90.00
   	  672.00    13.00     0.00    90.00
   	  784.00    13.00   548.00    90.00
   	  784.00    13.00   548.00    90.00
  53 	  116.00   -58.00     0.00     0.00     0.00     0.00
  53 	  116.00   -58.00     0.00     0.00     0.00     0.00
   	  672.00   634.00   523.00    90.00
   	  672.00   634.00   523.00    90.00
   	  616.00    13.00     0.00    90.00
   	  616.00    13.00     0.00    90.00
   	  672.00    13.00     0.00    90.00
   	  672.00    13.00     0.00    90.00
   	  784.00    13.00   548.00    90.00
   	  784.00    13.00   548.00    90.00
  54 	  174.00   -58.00     0.00     0.00     0.00     0.00
  54 	  174.00   -58.00     0.00     0.00     0.00     0.00
   	  672.00   634.00   523.00    90.00
   	  672.00   634.00   523.00    90.00
   	  616.00    13.00     0.00    90.00
   	  616.00    13.00     0.00    90.00
   	  672.00    13.00     0.00    90.00
   	  672.00    13.00     0.00    90.00
   	  784.00    13.00   548.00    90.00
   	  784.00    13.00   548.00    90.00
  55 	  232.00   -58.00     0.00     0.00     0.00     0.00
  55 	  232.00   -58.00     0.00     0.00     0.00     0.00
   	  672.00   634.00   523.00    90.00
   	  672.00   634.00   523.00    90.00
   	  616.00    13.00     0.00    90.00
   	  616.00    13.00     0.00    90.00
   	  672.00    13.00     0.00    90.00
   	  672.00    13.00     0.00    90.00
   	  784.00    13.00   548.00    90.00
   	  784.00    13.00   548.00    90.00
  56 	  116.00     0.00     0.00     0.00     0.00     0.00
  56 	  116.00     0.00     0.00     0.00     0.00     0.00
   	  672.00   634.00   523.00    90.00
   	  672.00   634.00   523.00    90.00
   	  616.00    13.00     0.00    90.00
   	  616.00    13.00     0.00    90.00
   	  672.00    13.00     0.00    90.00
   	  672.00    13.00     0.00    90.00
   	  784.00    13.00   548.00    90.00
   	  784.00    13.00   548.00    90.00
  57 	  174.00     0.00     0.00     0.00     0.00     0.00
  57 	  174.00     0.00     0.00     0.00     0.00     0.00
   	  672.00   634.00   523.00    90.00
   	  672.00   634.00   523.00    90.00
   	  616.00    13.00     0.00    90.00
   	  616.00    13.00     0.00    90.00
   	  672.00    13.00     0.00    90.00
   	  672.00    13.00     0.00    90.00
   	  784.00    13.00   548.00    90.00
   	  784.00    13.00   548.00    90.00
  58 	  232.00     0.00     0.00     0.00     0.00     0.00
  58 	  232.00     0.00     0.00     0.00     0.00     0.00
   	  672.00   634.00   523.00    90.00
   	  672.00   634.00   523.00    90.00
   	  616.00    13.00     0.00    90.00
   	  616.00    13.00     0.00    90.00
   	  672.00    13.00     0.00    90.00
   	  672.00    13.00     0.00    90.00
   	  784.00    13.00   548.00    90.00
   	  784.00    13.00   548.00    90.00

** End writing output file: ../inputs/gr173.dat 
