*******************************************************************************
                         ARRAY PREPROCESSOR ver. 1.0
*******************************************************************************



   1	GROUP testgroup
   3	 GRID SQUARE
   4	 ELEMENT
   5	 GEOMETRY CIRCULAR 58
   7	 ADD BLOCK -2 -1 -2 -13
   9	 GROUP_EXCITATION
  10	 AMPLITUDE UNIFORM 32
  11	 PHASE UNIFORM 195 deg
  12	 END

** Generating GROUP: testgroup.
** PSTEP,QSTEP set to:116.000000,116.000000
** Grid ANGLE set to:90.000000 
** Group ROT_ANGLE set to: 0.000000 

** Writing output file: ../inputs/gr179.dat

NEL 
NPORTS
IDUM      REXA     REYA     REZA     THEA     PHEA     PSEA 
          AMP      PSH      PSC      PHEPOL
  13
  13
   1
   1
   1 	 -232.00 -1508.00     0.00     0.00     0.00     0.00
   1 	 -232.00 -1508.00     0.00     0.00     0.00     0.00
   	   32.00   195.00     0.00    90.00
   	   32.00   195.00     0.00    90.00
   2 	 -232.00 -1392.00     0.00     0.00     0.00     0.00
   2 	 -232.00 -1392.00     0.00     0.00     0.00     0.00
   	   32.00   195.00     0.00    90.00
   	   32.00   195.00     0.00    90.00
   3 	 -232.00 -1276.00     0.00     0.00     0.00     0.00
   3 	 -232.00 -1276.00     0.00     0.00     0.00     0.00
   	   32.00   195.00     0.00    90.00
   	   32.00   195.00     0.00    90.00
   4 	 -232.00 -1160.00     0.00     0.00     0.00     0.00
   4 	 -232.00 -1160.00     0.00     0.00     0.00     0.00
   	   32.00   195.00     0.00    90.00
   	   32.00   195.00     0.00    90.00
   5 	 -232.00 -1044.00     0.00     0.00     0.00     0.00
   5 	 -232.00 -1044.00     0.00     0.00     0.00     0.00
   	   32.00   195.00     0.00    90.00
   	   32.00   195.00     0.00    90.00
   6 	 -232.00  -928.00     0.00     0.00     0.00     0.00
   6 	 -232.00  -928.00     0.00     0.00     0.00     0.00
   	   32.00   195.00     0.00    90.00
   	   32.00   195.00     0.00    90.00
   7 	 -232.00  -812.00     0.00     0.00     0.00     0.00
   7 	 -232.00  -812.00     0.00     0.00     0.00     0.00
   	   32.00   195.00     0.00    90.00
   	   32.00   195.00     0.00    90.00
   8 	 -232.00  -696.00     0.00     0.00     0.00     0.00
   8 	 -232.00  -696.00     0.00     0.00     0.00     0.00
   	   32.00   195.00     0.00    90.00
   	   32.00   195.00     0.00    90.00
   9 	 -232.00  -580.00     0.00     0.00     0.00     0.00
   9 	 -232.00  -580.00     0.00     0.00     0.00     0.00
   	   32.00   195.00     0.00    90.00
   	   32.00   195.00     0.00    90.00
  10 	 -232.00  -464.00     0.00     0.00     0.00     0.00
  10 	 -232.00  -464.00     0.00     0.00     0.00     0.00
   	   32.00   195.00     0.00    90.00
   	   32.00   195.00     0.00    90.00
  11 	 -232.00  -348.00     0.00     0.00     0.00     0.00
  11 	 -232.00  -348.00     0.00     0.00     0.00     0.00
   	   32.00   195.00     0.00    90.00
   	   32.00   195.00     0.00    90.00
  12 	 -232.00  -232.00     0.00     0.00     0.00     0.00
  12 	 -232.00  -232.00     0.00     0.00     0.00     0.00
   	   32.00   195.00     0.00    90.00
   	   32.00   195.00     0.00    90.00
  13 	 -232.00  -116.00     0.00     0.00     0.00     0.00
  13 	 -232.00  -116.00     0.00     0.00     0.00     0.00
   	   32.00   195.00     0.00    90.00
   	   32.00   195.00     0.00    90.00

** End writing output file: ../inputs/gr179.dat 
