*******************************************************************************
                         ARRAY PREPROCESSOR ver. 1.0
*******************************************************************************



   1	GROUP testgroup
   3	 GRID HEXAGONAL
   4	 ELEMENT
   5	 GEOMETRY CIRCULAR RADIUS 75
   6	 POLARIZATION CIRCULAR LH
   8	 ADD HEXAGON -1 -5
  10	 GROUP_EXCITATION
  11	 AMPLITUDE UNIFORM 28
  12	 PHASE ROTATION SEQUENTIAL
  13	 END

** Generating GROUP: testgroup.
** PSTEP,QSTEP set to:150.000000,150.000000
** Grid ANGLE set to:60.000000 
** Group ROT_ANGLE set to: 0.000000 

** Writing output file: ../inputs/gr180.dat

NEL 
NPORTS
IDUM      REXA     REYA     REZA     THEA     PHEA     PSEA 
          AMP      PSH      PSC      PHEPOL
   7
   7
   1
   1
   1 	 -600.00  -519.62     0.00     0.00     0.00     0.00
   1 	 -600.00  -519.62     0.00     0.00     0.00     0.00
   	   28.00     0.00     0.00    90.00
   	   28.00     0.00     0.00    90.00
   2 	 -450.00  -519.62     0.00     0.00   -51.43     0.00
   2 	 -450.00  -519.62     0.00     0.00   -51.43     0.00
   	   28.00   -51.43     0.00    90.00
   	   28.00   -51.43     0.00    90.00
   3 	 -375.00  -649.52     0.00     0.00  -102.86     0.00
   3 	 -375.00  -649.52     0.00     0.00  -102.86     0.00
   	   28.00  -102.86     0.00    90.00
   	   28.00  -102.86     0.00    90.00
   4 	 -450.00  -779.42     0.00     0.00  -154.29     0.00
   4 	 -450.00  -779.42     0.00     0.00  -154.29     0.00
   	   28.00  -154.29     0.00    90.00
   	   28.00  -154.29     0.00    90.00
   5 	 -600.00  -779.42     0.00     0.00  -205.71     0.00
   5 	 -600.00  -779.42     0.00     0.00  -205.71     0.00
   	   28.00  -205.71     0.00    90.00
   	   28.00  -205.71     0.00    90.00
   6 	 -675.00  -649.52     0.00     0.00  -257.14     0.00
   6 	 -675.00  -649.52     0.00     0.00  -257.14     0.00
   	   28.00  -257.14     0.00    90.00
   	   28.00  -257.14     0.00    90.00
   7 	 -525.00  -649.52     0.00     0.00  -308.57     0.00
   7 	 -525.00  -649.52     0.00     0.00  -308.57     0.00
   	   28.00  -308.57     0.00    90.00
   	   28.00  -308.57     0.00    90.00

** End writing output file: ../inputs/gr180.dat 
