*******************************************************************************
                         ARRAY PREPROCESSOR ver. 1.0
*******************************************************************************



   1	GROUP testgroup
   3	 GRID RECTANGULAR
   4	 ELEMENT
   5	 GEOMETRY RECTANGULAR 61 69 mm
   7	 POLARIZATION LINEAR ORIENTATION Y
   8	 ADD BLOCK -5 6 6 -2
   9	 ADD BLOCK 0 1 -7 4
  11	 GROUP_EXCITATION
  12	 AMPLITUDE UNIFORM 19
  13	 PHASE UNIFORM -60
  14	 END

** Generating GROUP: testgroup.
** PSTEP,QSTEP set to:61.000000,69.000000
** Grid ANGLE set to:90.000000 
** Group ROT_ANGLE set to: 0.000000 

** Writing output file: ../inputs/gr181.dat

NEL 
NPORTS
IDUM      REXA     REYA     REZA     THEA     PHEA     PSEA 
          AMP      PSH      PSC      PHEPOL
 140
 140
   1
   1
   1 	 -305.00  -138.00     0.00     0.00     0.00     0.00
   1 	 -305.00  -138.00     0.00     0.00     0.00     0.00
   	   19.00   -60.00     0.00    90.00
   	   19.00   -60.00     0.00    90.00
   2 	 -244.00  -138.00     0.00     0.00     0.00     0.00
   2 	 -244.00  -138.00     0.00     0.00     0.00     0.00
   	   19.00   -60.00     0.00    90.00
   	   19.00   -60.00     0.00    90.00
   3 	 -183.00  -138.00     0.00     0.00     0.00     0.00
   3 	 -183.00  -138.00     0.00     0.00     0.00     0.00
   	   19.00   -60.00     0.00    90.00
   	   19.00   -60.00     0.00    90.00
   4 	 -122.00  -138.00     0.00     0.00     0.00     0.00
   4 	 -122.00  -138.00     0.00     0.00     0.00     0.00
   	   19.00   -60.00     0.00    90.00
   	   19.00   -60.00     0.00    90.00
   5 	  -61.00  -138.00     0.00     0.00     0.00     0.00
   5 	  -61.00  -138.00     0.00     0.00     0.00     0.00
   	   19.00   -60.00     0.00    90.00
   	   19.00   -60.00     0.00    90.00
   6 	    0.00  -138.00     0.00     0.00     0.00     0.00
   6 	    0.00  -138.00     0.00     0.00     0.00     0.00
   	   19.00   -60.00     0.00    90.00
   	   19.00   -60.00     0.00    90.00
   7 	   61.00  -138.00     0.00     0.00     0.00     0.00
   7 	   61.00  -138.00     0.00     0.00     0.00     0.00
   	   19.00   -60.00     0.00    90.00
   	   19.00   -60.00     0.00    90.00
   8 	  122.00  -138.00     0.00     0.00     0.00     0.00
   8 	  122.00  -138.00     0.00     0.00     0.00     0.00
   	   19.00   -60.00     0.00    90.00
   	   19.00   -60.00     0.00    90.00
   9 	  183.00  -138.00     0.00     0.00     0.00     0.00
   9 	  183.00  -138.00     0.00     0.00     0.00     0.00
   	   19.00   -60.00     0.00    90.00
   	   19.00   -60.00     0.00    90.00
  10 	  244.00  -138.00     0.00     0.00     0.00     0.00
  10 	  244.00  -138.00     0.00     0.00     0.00     0.00
   	   19.00   -60.00     0.00    90.00
   	   19.00   -60.00     0.00    90.00
  11 	  305.00  -138.00     0.00     0.00     0.00     0.00
  11 	  305.00  -138.00     0.00     0.00     0.00     0.00
   	   19.00   -60.00     0.00    90.00
   	   19.00   -60.00     0.00    90.00
  12 	  366.00  -138.00     0.00     0.00     0.00     0.00
  12 	  366.00  -138.00     0.00     0.00     0.00     0.00
   	   19.00   -60.00     0.00    90.00
   	   19.00   -60.00     0.00    90.00
  13 	 -305.00   -69.00     0.00     0.00     0.00     0.00
  13 	 -305.00   -69.00     0.00     0.00     0.00     0.00
   	   19.00   -60.00     0.00    90.00
   	   19.00   -60.00     0.00    90.00
  14 	 -244.00   -69.00     0.00     0.00     0.00     0.00
  14 	 -244.00   -69.00     0.00     0.00     0.00     0.00
   	   19.00   -60.00     0.00    90.00
   	   19.00   -60.00     0.00    90.00
  15 	 -183.00   -69.00     0.00     0.00     0.00     0.00
  15 	 -183.00   -69.00     0.00     0.00     0.00     0.00
   	   19.00   -60.00     0.00    90.00
   	   19.00   -60.00     0.00    90.00
  16 	 -122.00   -69.00     0.00     0.00     0.00     0.00
  16 	 -122.00   -69.00     0.00     0.00     0.00     0.00
   	   19.00   -60.00     0.00    90.00
   	   19.00   -60.00     0.00    90.00
  17 	  -61.00   -69.00     0.00     0.00     0.00     0.00
  17 	  -61.00   -69.00     0.00     0.00     0.00     0.00
   	   19.00   -60.00     0.00    90.00
   	   19.00   -60.00     0.00    90.00
  18 	    0.00   -69.00     0.00     0.00     0.00     0.00
  18 	    0.00   -69.00     0.00     0.00     0.00     0.00
   	   19.00   -60.00     0.00    90.00
   	   19.00   -60.00     0.00    90.00
  19 	   61.00   -69.00     0.00     0.00     0.00     0.00
  19 	   61.00   -69.00     0.00     0.00     0.00     0.00
   	   19.00   -60.00     0.00    90.00
   	   19.00   -60.00     0.00    90.00
  20 	  122.00   -69.00     0.00     0.00     0.00     0.00
  20 	  122.00   -69.00     0.00     0.00     0.00     0.00
   	   19.00   -60.00     0.00    90.00
   	   19.00   -60.00     0.00    90.00
  21 	  183.00   -69.00     0.00     0.00     0.00     0.00
  21 	  183.00   -69.00     0.00     0.00     0.00     0.00
   	   19.00   -60.00     0.00    90.00
   	   19.00   -60.00     0.00    90.00
  22 	  244.00   -69.00     0.00     0.00     0.00     0.00
  22 	  244.00   -69.00     0.00     0.00     0.00     0.00
   	   19.00   -60.00     0.00    90.00
   	   19.00   -60.00     0.00    90.00
  23 	  305.00   -69.00     0.00     0.00     0.00     0.00
  23 	  305.00   -69.00     0.00     0.00     0.00     0.00
   	   19.00   -60.00     0.00    90.00
   	   19.00   -60.00     0.00    90.00
  24 	  366.00   -69.00     0.00     0.00     0.00     0.00
  24 	  366.00   -69.00     0.00     0.00     0.00     0.00
   	   19.00   -60.00     0.00    90.00
   	   19.00   -60.00     0.00    90.00
  25 	 -305.00     0.00     0.00     0.00     0.00     0.00
  25 	 -305.00     0.00     0.00     0.00     0.00     0.00
   	   19.00   -60.00     0.00    90.00
   	   19.00   -60.00     0.00    90.00
  26 	 -244.00     0.00     0.00     0.00     0.00     0.00
  26 	 -244.00     0.00     0.00     0.00     0.00     0.00
   	   19.00   -60.00     0.00    90.00
   	   19.00   -60.00     0.00    90.00
  27 	 -183.00     0.00     0.00     0.00     0.00     0.00
  27 	 -183.00     0.00     0.00     0.00     0.00     0.00
   	   19.00   -60.00     0.00    90.00
   	   19.00   -60.00     0.00    90.00
  28 	 -122.00     0.00     0.00     0.00     0.00     0.00
  28 	 -122.00     0.00     0.00     0.00     0.00     0.00
   	   19.00   -60.00     0.00    90.00
   	   19.00   -60.00     0.00    90.00
  29 	  -61.00     0.00     0.00     0.00     0.00     0.00
  29 	  -61.00     0.00     0.00     0.00     0.00     0.00
   	   19.00   -60.00     0.00    90.00
   	   19.00   -60.00     0.00    90.00
  30 	    0.00     0.00     0.00     0.00     0.00     0.00
  30 	    0.00     0.00     0.00     0.00     0.00     0.00
   	   19.00   -60.00     0.00    90.00
   	   19.00   -60.00     0.00    90.00
  31 	   61.00     0.00     0.00     0.00     0.00     0.00
  31 	   61.00     0.00     0.00     0.00     0.00     0.00
   	   19.00   -60.00     0.00    90.00
   	   19.00   -60.00     0.00    90.00
  32 	  122.00     0.00     0.00     0.00     0.00     0.00
  32 	  122.00     0.00     0.00     0.00     0.00     0.00
   	   19.00   -60.00     0.00    90.00
   	   19.00   -60.00     0.00    90.00
  33 	  183.00     0.00     0.00     0.00     0.00     0.00
  33 	  183.00     0.00     0.00     0.00     0.00     0.00
   	   19.00   -60.00     0.00    90.00
   	   19.00   -60.00     0.00    90.00
  34 	  244.00     0.00     0.00     0.00     0.00     0.00
  34 	  244.00     0.00     0.00     0.00     0.00     0.00
   	   19.00   -60.00     0.00    90.00
   	   19.00   -60.00     0.00    90.00
  35 	  305.00     0.00     0.00     0.00     0.00     0.00
  35 	  305.00     0.00     0.00     0.00     0.00     0.00
   	   19.00   -60.00     0.00    90.00
   	   19.00   -60.00     0.00    90.00
  36 	  366.00     0.00     0.00     0.00     0.00     0.00
  36 	  366.00     0.00     0.00     0.00     0.00     0.00
   	   19.00   -60.00     0.00    90.00
   	   19.00   -60.00     0.00    90.00
  37 	 -305.00    69.00     0.00     0.00     0.00     0.00
  37 	 -305.00    69.00     0.00     0.00     0.00     0.00
   	   19.00   -60.00     0.00    90.00
   	   19.00   -60.00     0.00    90.00
  38 	 -244.00    69.00     0.00     0.00     0.00     0.00
  38 	 -244.00    69.00     0.00     0.00     0.00     0.00
   	   19.00   -60.00     0.00    90.00
   	   19.00   -60.00     0.00    90.00
  39 	 -183.00    69.00     0.00     0.00     0.00     0.00
  39 	 -183.00    69.00     0.00     0.00     0.00     0.00
   	   19.00   -60.00     0.00    90.00
   	   19.00   -60.00     0.00    90.00
  40 	 -122.00    69.00     0.00     0.00     0.00     0.00
  40 	 -122.00    69.00     0.00     0.00     0.00     0.00
   	   19.00   -60.00     0.00    90.00
   	   19.00   -60.00     0.00    90.00
  41 	  -61.00    69.00     0.00     0.00     0.00     0.00
  41 	  -61.00    69.00     0.00     0.00     0.00     0.00
   	   19.00   -60.00     0.00    90.00
   	   19.00   -60.00     0.00    90.00
  42 	   -0.00    69.00     0.00     0.00     0.00     0.00
  42 	   -0.00    69.00     0.00     0.00     0.00     0.00
   	   19.00   -60.00     0.00    90.00
   	   19.00   -60.00     0.00    90.00
  43 	   61.00    69.00     0.00     0.00     0.00     0.00
  43 	   61.00    69.00     0.00     0.00     0.00     0.00
   	   19.00   -60.00     0.00    90.00
   	   19.00   -60.00     0.00    90.00
  44 	  122.00    69.00     0.00     0.00     0.00     0.00
  44 	  122.00    69.00     0.00     0.00     0.00     0.00
   	   19.00   -60.00     0.00    90.00
   	   19.00   -60.00     0.00    90.00
  45 	  183.00    69.00     0.00     0.00     0.00     0.00
  45 	  183.00    69.00     0.00     0.00     0.00     0.00
   	   19.00   -60.00     0.00    90.00
   	   19.00   -60.00     0.00    90.00
  46 	  244.00    69.00     0.00     0.00     0.00     0.00
  46 	  244.00    69.00     0.00     0.00     0.00     0.00
   	   19.00   -60.00     0.00    90.00
   	   19.00   -60.00     0.00    90.00
  47 	  305.00    69.00     0.00     0.00     0.00     0.00
  47 	  305.00    69.00     0.00     0.00     0.00     0.00
   	   19.00   -60.00     0.00    90.00
   	   19.00   -60.00     0.00    90.00
  48 	  366.00    69.00     0.00     0.00     0.00     0.00
  48 	  366.00    69.00     0.00     0.00     0.00     0.00
   	   19.00   -60.00     0.00    90.00
   	   19.00   -60.00     0.00    90.00
  49 	 -305.00   138.00     0.00     0.00     0.00     0.00
  49 	 -305.00   138.00     0.00     0.00     0.00     0.00
   	   19.00   -60.00     0.00    90.00
   	   19.00   -60.00     0.00    90.00
  50 	 -244.00   138.00     0.00     0.00     0.00     0.00
  50 	 -244.00   138.00     0.00     0.00     0.00     0.00
   	   19.00   -60.00     0.00    90.00
   	   19.00   -60.00     0.00    90.00
  51 	 -183.00   138.00     0.00     0.00     0.00     0.00
  51 	 -183.00   138.00     0.00     0.00     0.00     0.00
   	   19.00   -60.00     0.00    90.00
   	   19.00   -60.00     0.00    90.00
  52 	 -122.00   138.00     0.00     0.00     0.00     0.00
  52 	 -122.00   138.00     0.00     0.00     0.00     0.00
   	   19.00   -60.00     0.00    90.00
   	   19.00   -60.00     0.00    90.00
  53 	  -61.00   138.00     0.00     0.00     0.00     0.00
  53 	  -61.00   138.00     0.00     0.00     0.00     0.00
   	   19.00   -60.00     0.00    90.00
   	   19.00   -60.00     0.00    90.00
  54 	   -0.00   138.00     0.00     0.00     0.00     0.00
  54 	   -0.00   138.00     0.00     0.00     0.00     0.00
   	   19.00   -60.00     0.00    90.00
   	   19.00   -60.00     0.00    90.00
  55 	   61.00   138.00     0.00     0.00     0.00     0.00
  55 	   61.00   138.00     0.00     0.00     0.00     0.00
   	   19.00   -60.00     0.00    90.00
   	   19.00   -60.00     0.00    90.00
  56 	  122.00   138.00     0.00     0.00     0.00     0.00
  56 	  122.00   138.00     0.00     0.00     0.00     0.00
   	   19.00   -60.00     0.00    90.00
   	   19.00   -60.00     0.00    90.00
  57 	  183.00   138.00     0.00     0.00     0.00     0.00
  57 	  183.00   138.00     0.00     0.00     0.00     0.00
   	   19.00   -60.00     0.00    90.00
   	   19.00   -60.00     0.00    90.00
  58 	  244.00   138.00     0.00     0.00     0.00     0.00
  58 	  244.00   138.00     0.00     0.00     0.00     0.00
   	   19.00   -60.00     0.00    90.00
   	   19.00   -60.00     0.00    90.00
  59 	  305.00   138.00     0.00     0.00     0.00     0.00
  59 	  305.00   138.00     0.00     0.00     0.00     0.00
   	   19.00   -60.00     0.00    90.00
   	   19.00   -60.00     0.00    90.00
  60 	  366.00   138.00     0.00     0.00     0.00     0.00
  60 	  366.00   138.00     0.00     0.00     0.00     0.00
   	   19.00   -60.00     0.00    90.00
   	   19.00   -60.00     0.00    90.00
  61 	 -305.00   207.00     0.00     0.00     0.00     0.00
  61 	 -305.00   207.00     0.00     0.00     0.00     0.00
   	   19.00   -60.00     0.00    90.00
   	   19.00   -60.00     0.00    90.00
  62 	 -244.00   207.00     0.00     0.00     0.00     0.00
  62 	 -244.00   207.00     0.00     0.00     0.00     0.00
   	   19.00   -60.00     0.00    90.00
   	   19.00   -60.00     0.00    90.00
  63 	 -183.00   207.00     0.00     0.00     0.00     0.00
  63 	 -183.00   207.00     0.00     0.00     0.00     0.00
   	   19.00   -60.00     0.00    90.00
   	   19.00   -60.00     0.00    90.00
  64 	 -122.00   207.00     0.00     0.00     0.00     0.00
  64 	 -122.00   207.00     0.00     0.00     0.00     0.00
   	   19.00   -60.00     0.00    90.00
   	   19.00   -60.00     0.00    90.00
  65 	  -61.00   207.00     0.00     0.00     0.00     0.00
  65 	  -61.00   207.00     0.00     0.00     0.00     0.00
   	   19.00   -60.00     0.00    90.00
   	   19.00   -60.00     0.00    90.00
  66 	   -0.00   207.00     0.00     0.00     0.00     0.00
  66 	   -0.00   207.00     0.00     0.00     0.00     0.00
   	   19.00   -60.00     0.00    90.00
   	   19.00   -60.00     0.00    90.00
  67 	   61.00   207.00     0.00     0.00     0.00     0.00
  67 	   61.00   207.00     0.00     0.00     0.00     0.00
   	   19.00   -60.00     0.00    90.00
   	   19.00   -60.00     0.00    90.00
  68 	  122.00   207.00     0.00     0.00     0.00     0.00
  68 	  122.00   207.00     0.00     0.00     0.00     0.00
   	   19.00   -60.00     0.00    90.00
   	   19.00   -60.00     0.00    90.00
  69 	  183.00   207.00     0.00     0.00     0.00     0.00
  69 	  183.00   207.00     0.00     0.00     0.00     0.00
   	   19.00   -60.00     0.00    90.00
   	   19.00   -60.00     0.00    90.00
  70 	  244.00   207.00     0.00     0.00     0.00     0.00
  70 	  244.00   207.00     0.00     0.00     0.00     0.00
   	   19.00   -60.00     0.00    90.00
   	   19.00   -60.00     0.00    90.00
  71 	  305.00   207.00     0.00     0.00     0.00     0.00
  71 	  305.00   207.00     0.00     0.00     0.00     0.00
   	   19.00   -60.00     0.00    90.00
   	   19.00   -60.00     0.00    90.00
  72 	  366.00   207.00     0.00     0.00     0.00     0.00
  72 	  366.00   207.00     0.00     0.00     0.00     0.00
   	   19.00   -60.00     0.00    90.00
   	   19.00   -60.00     0.00    90.00
  73 	 -305.00   276.00     0.00     0.00     0.00     0.00
  73 	 -305.00   276.00     0.00     0.00     0.00     0.00
   	   19.00   -60.00     0.00    90.00
   	   19.00   -60.00     0.00    90.00
  74 	 -244.00   276.00     0.00     0.00     0.00     0.00
  74 	 -244.00   276.00     0.00     0.00     0.00     0.00
   	   19.00   -60.00     0.00    90.00
   	   19.00   -60.00     0.00    90.00
  75 	 -183.00   276.00     0.00     0.00     0.00     0.00
  75 	 -183.00   276.00     0.00     0.00     0.00     0.00
   	   19.00   -60.00     0.00    90.00
   	   19.00   -60.00     0.00    90.00
  76 	 -122.00   276.00     0.00     0.00     0.00     0.00
  76 	 -122.00   276.00     0.00     0.00     0.00     0.00
   	   19.00   -60.00     0.00    90.00
   	   19.00   -60.00     0.00    90.00
  77 	  -61.00   276.00     0.00     0.00     0.00     0.00
  77 	  -61.00   276.00     0.00     0.00     0.00     0.00
   	   19.00   -60.00     0.00    90.00
   	   19.00   -60.00     0.00    90.00
  78 	   -0.00   276.00     0.00     0.00     0.00     0.00
  78 	   -0.00   276.00     0.00     0.00     0.00     0.00
   	   19.00   -60.00     0.00    90.00
   	   19.00   -60.00     0.00    90.00
  79 	   61.00   276.00     0.00     0.00     0.00     0.00
  79 	   61.00   276.00     0.00     0.00     0.00     0.00
   	   19.00   -60.00     0.00    90.00
   	   19.00   -60.00     0.00    90.00
  80 	  122.00   276.00     0.00     0.00     0.00     0.00
  80 	  122.00   276.00     0.00     0.00     0.00     0.00
   	   19.00   -60.00     0.00    90.00
   	   19.00   -60.00     0.00    90.00
  81 	  183.00   276.00     0.00     0.00     0.00     0.00
  81 	  183.00   276.00     0.00     0.00     0.00     0.00
   	   19.00   -60.00     0.00    90.00
   	   19.00   -60.00     0.00    90.00
  82 	  244.00   276.00     0.00     0.00     0.00     0.00
  82 	  244.00   276.00     0.00     0.00     0.00     0.00
   	   19.00   -60.00     0.00    90.00
   	   19.00   -60.00     0.00    90.00
  83 	  305.00   276.00     0.00     0.00     0.00     0.00
  83 	  305.00   276.00     0.00     0.00     0.00     0.00
   	   19.00   -60.00     0.00    90.00
   	   19.00   -60.00     0.00    90.00
  84 	  366.00   276.00     0.00     0.00     0.00     0.00
  84 	  366.00   276.00     0.00     0.00     0.00     0.00
   	   19.00   -60.00     0.00    90.00
   	   19.00   -60.00     0.00    90.00
  85 	 -305.00   345.00     0.00     0.00     0.00     0.00
  85 	 -305.00   345.00     0.00     0.00     0.00     0.00
   	   19.00   -60.00     0.00    90.00
   	   19.00   -60.00     0.00    90.00
  86 	 -244.00   345.00     0.00     0.00     0.00     0.00
  86 	 -244.00   345.00     0.00     0.00     0.00     0.00
   	   19.00   -60.00     0.00    90.00
   	   19.00   -60.00     0.00    90.00
  87 	 -183.00   345.00     0.00     0.00     0.00     0.00
  87 	 -183.00   345.00     0.00     0.00     0.00     0.00
   	   19.00   -60.00     0.00    90.00
   	   19.00   -60.00     0.00    90.00
  88 	 -122.00   345.00     0.00     0.00     0.00     0.00
  88 	 -122.00   345.00     0.00     0.00     0.00     0.00
   	   19.00   -60.00     0.00    90.00
   	   19.00   -60.00     0.00    90.00
  89 	  -61.00   345.00     0.00     0.00     0.00     0.00
  89 	  -61.00   345.00     0.00     0.00     0.00     0.00
   	   19.00   -60.00     0.00    90.00
   	   19.00   -60.00     0.00    90.00
  90 	   -0.00   345.00     0.00     0.00     0.00     0.00
  90 	   -0.00   345.00     0.00     0.00     0.00     0.00
   	   19.00   -60.00     0.00    90.00
   	   19.00   -60.00     0.00    90.00
  91 	   61.00   345.00     0.00     0.00     0.00     0.00
  91 	   61.00   345.00     0.00     0.00     0.00     0.00
   	   19.00   -60.00     0.00    90.00
   	   19.00   -60.00     0.00    90.00
  92 	  122.00   345.00     0.00     0.00     0.00     0.00
  92 	  122.00   345.00     0.00     0.00     0.00     0.00
   	   19.00   -60.00     0.00    90.00
   	   19.00   -60.00     0.00    90.00
  93 	  183.00   345.00     0.00     0.00     0.00     0.00
  93 	  183.00   345.00     0.00     0.00     0.00     0.00
   	   19.00   -60.00     0.00    90.00
   	   19.00   -60.00     0.00    90.00
  94 	  244.00   345.00     0.00     0.00     0.00     0.00
  94 	  244.00   345.00     0.00     0.00     0.00     0.00
   	   19.00   -60.00     0.00    90.00
   	   19.00   -60.00     0.00    90.00
  95 	  305.00   345.00     0.00     0.00     0.00     0.00
  95 	  305.00   345.00     0.00     0.00     0.00     0.00
   	   19.00   -60.00     0.00    90.00
   	   19.00   -60.00     0.00    90.00
  96 	  366.00   345.00     0.00     0.00     0.00     0.00
  96 	  366.00   345.00     0.00     0.00     0.00     0.00
   	   19.00   -60.00     0.00    90.00
   	   19.00   -60.00     0.00    90.00
  97 	 -305.00   414.00     0.00     0.00     0.00     0.00
  97 	 -305.00   414.00     0.00     0.00     0.00     0.00
   	   19.00   -60.00     0.00    90.00
   	   19.00   -60.00     0.00    90.00
  98 	 -244.00   414.00     0.00     0.00     0.00     0.00
  98 	 -244.00   414.00     0.00     0.00     0.00     0.00
   	   19.00   -60.00     0.00    90.00
   	   19.00   -60.00     0.00    90.00
  99 	 -183.00   414.00     0.00     0.00     0.00     0.00
  99 	 -183.00   414.00     0.00     0.00     0.00     0.00
   	   19.00   -60.00     0.00    90.00
   	   19.00   -60.00     0.00    90.00
 100 	 -122.00   414.00     0.00     0.00     0.00     0.00
 100 	 -122.00   414.00     0.00     0.00     0.00     0.00
   	   19.00   -60.00     0.00    90.00
   	   19.00   -60.00     0.00    90.00
 101 	  -61.00   414.00     0.00     0.00     0.00     0.00
 101 	  -61.00   414.00     0.00     0.00     0.00     0.00
   	   19.00   -60.00     0.00    90.00
   	   19.00   -60.00     0.00    90.00
 102 	   -0.00   414.00     0.00     0.00     0.00     0.00
 102 	   -0.00   414.00     0.00     0.00     0.00     0.00
   	   19.00   -60.00     0.00    90.00
   	   19.00   -60.00     0.00    90.00
 103 	   61.00   414.00     0.00     0.00     0.00     0.00
 103 	   61.00   414.00     0.00     0.00     0.00     0.00
   	   19.00   -60.00     0.00    90.00
   	   19.00   -60.00     0.00    90.00
 104 	  122.00   414.00     0.00     0.00     0.00     0.00
 104 	  122.00   414.00     0.00     0.00     0.00     0.00
   	   19.00   -60.00     0.00    90.00
   	   19.00   -60.00     0.00    90.00
 105 	  183.00   414.00     0.00     0.00     0.00     0.00
 105 	  183.00   414.00     0.00     0.00     0.00     0.00
   	   19.00   -60.00     0.00    90.00
   	   19.00   -60.00     0.00    90.00
 106 	  244.00   414.00     0.00     0.00     0.00     0.00
 106 	  244.00   414.00     0.00     0.00     0.00     0.00
   	   19.00   -60.00     0.00    90.00
   	   19.00   -60.00     0.00    90.00
 107 	  305.00   414.00     0.00     0.00     0.00     0.00
 107 	  305.00   414.00     0.00     0.00     0.00     0.00
   	   19.00   -60.00     0.00    90.00
   	   19.00   -60.00     0.00    90.00
 108 	  366.00   414.00     0.00     0.00     0.00     0.00
 108 	  366.00   414.00     0.00     0.00     0.00     0.00
   	   19.00   -60.00     0.00    90.00
   	   19.00   -60.00     0.00    90.00
 109 	 -427.00    69.00     0.00     0.00     0.00     0.00
 109 	 -427.00    69.00     0.00     0.00     0.00     0.00
   	   19.00   -60.00     0.00    90.00
   	   19.00   -60.00     0.00    90.00
 110 	 -366.00    69.00     0.00     0.00     0.00     0.00
 110 	 -366.00    69.00     0.00     0.00     0.00     0.00
   	   19.00   -60.00     0.00    90.00
   	   19.00   -60.00     0.00    90.00
 111 	 -305.00    69.00     0.00     0.00     0.00     0.00
 111 	 -305.00    69.00     0.00     0.00     0.00     0.00
   	   19.00   -60.00     0.00    90.00
   	   19.00   -60.00     0.00    90.00
 112 	 -244.00    69.00     0.00     0.00     0.00     0.00
 112 	 -244.00    69.00     0.00     0.00     0.00     0.00
   	   19.00   -60.00     0.00    90.00
   	   19.00   -60.00     0.00    90.00
 113 	 -183.00    69.00     0.00     0.00     0.00     0.00
 113 	 -183.00    69.00     0.00     0.00     0.00     0.00
   	   19.00   -60.00     0.00    90.00
   	   19.00   -60.00     0.00    90.00
 114 	 -122.00    69.00     0.00     0.00     0.00     0.00
 114 	 -122.00    69.00     0.00     0.00     0.00     0.00
   	   19.00   -60.00     0.00    90.00
   	   19.00   -60.00     0.00    90.00
 115 	  -61.00    69.00     0.00     0.00     0.00     0.00
 115 	  -61.00    69.00     0.00     0.00     0.00     0.00
   	   19.00   -60.00     0.00    90.00
   	   19.00   -60.00     0.00    90.00
 116 	   -0.00    69.00     0.00     0.00     0.00     0.00
 116 	   -0.00    69.00     0.00     0.00     0.00     0.00
   	   19.00   -60.00     0.00    90.00
   	   19.00   -60.00     0.00    90.00
 117 	 -427.00   138.00     0.00     0.00     0.00     0.00
 117 	 -427.00   138.00     0.00     0.00     0.00     0.00
   	   19.00   -60.00     0.00    90.00
   	   19.00   -60.00     0.00    90.00
 118 	 -366.00   138.00     0.00     0.00     0.00     0.00
 118 	 -366.00   138.00     0.00     0.00     0.00     0.00
   	   19.00   -60.00     0.00    90.00
   	   19.00   -60.00     0.00    90.00
 119 	 -305.00   138.00     0.00     0.00     0.00     0.00
 119 	 -305.00   138.00     0.00     0.00     0.00     0.00
   	   19.00   -60.00     0.00    90.00
   	   19.00   -60.00     0.00    90.00
 120 	 -244.00   138.00     0.00     0.00     0.00     0.00
 120 	 -244.00   138.00     0.00     0.00     0.00     0.00
   	   19.00   -60.00     0.00    90.00
   	   19.00   -60.00     0.00    90.00
 121 	 -183.00   138.00     0.00     0.00     0.00     0.00
 121 	 -183.00   138.00     0.00     0.00     0.00     0.00
   	   19.00   -60.00     0.00    90.00
   	   19.00   -60.00     0.00    90.00
 122 	 -122.00   138.00     0.00     0.00     0.00     0.00
 122 	 -122.00   138.00     0.00     0.00     0.00     0.00
   	   19.00   -60.00     0.00    90.00
   	   19.00   -60.00     0.00    90.00
 123 	  -61.00   138.00     0.00     0.00     0.00     0.00
 123 	  -61.00   138.00     0.00     0.00     0.00     0.00
   	   19.00   -60.00     0.00    90.00
   	   19.00   -60.00     0.00    90.00
 124 	   -0.00   138.00     0.00     0.00     0.00     0.00
 124 	   -0.00   138.00     0.00     0.00     0.00     0.00
   	   19.00   -60.00     0.00    90.00
   	   19.00   -60.00     0.00    90.00
 125 	 -427.00   207.00     0.00     0.00     0.00     0.00
 125 	 -427.00   207.00     0.00     0.00     0.00     0.00
   	   19.00   -60.00     0.00    90.00
   	   19.00   -60.00     0.00    90.00
 126 	 -366.00   207.00     0.00     0.00     0.00     0.00
 126 	 -366.00   207.00     0.00     0.00     0.00     0.00
   	   19.00   -60.00     0.00    90.00
   	   19.00   -60.00     0.00    90.00
 127 	 -305.00   207.00     0.00     0.00     0.00     0.00
 127 	 -305.00   207.00     0.00     0.00     0.00     0.00
   	   19.00   -60.00     0.00    90.00
   	   19.00   -60.00     0.00    90.00
 128 	 -244.00   207.00     0.00     0.00     0.00     0.00
 128 	 -244.00   207.00     0.00     0.00     0.00     0.00
   	   19.00   -60.00     0.00    90.00
   	   19.00   -60.00     0.00    90.00
 129 	 -183.00   207.00     0.00     0.00     0.00     0.00
 129 	 -183.00   207.00     0.00     0.00     0.00     0.00
   	   19.00   -60.00     0.00    90.00
   	   19.00   -60.00     0.00    90.00
 130 	 -122.00   207.00     0.00     0.00     0.00     0.00
 130 	 -122.00   207.00     0.00     0.00     0.00     0.00
   	   19.00   -60.00     0.00    90.00
   	   19.00   -60.00     0.00    90.00
 131 	  -61.00   207.00     0.00     0.00     0.00     0.00
 131 	  -61.00   207.00     0.00     0.00     0.00     0.00
   	   19.00   -60.00     0.00    90.00
   	   19.00   -60.00     0.00    90.00
 132 	   -0.00   207.00     0.00     0.00     0.00     0.00
 132 	   -0.00   207.00     0.00     0.00     0.00     0.00
   	   19.00   -60.00     0.00    90.00
   	   19.00   -60.00     0.00    90.00
 133 	 -427.00   276.00     0.00     0.00     0.00     0.00
 133 	 -427.00   276.00     0.00     0.00     0.00     0.00
   	   19.00   -60.00     0.00    90.00
   	   19.00   -60.00     0.00    90.00
 134 	 -366.00   276.00     0.00     0.00     0.00     0.00
 134 	 -366.00   276.00     0.00     0.00     0.00     0.00
   	   19.00   -60.00     0.00    90.00
   	   19.00   -60.00     0.00    90.00
 135 	 -305.00   276.00     0.00     0.00     0.00     0.00
 135 	 -305.00   276.00     0.00     0.00     0.00     0.00
   	   19.00   -60.00     0.00    90.00
   	   19.00   -60.00     0.00    90.00
 136 	 -244.00   276.00     0.00     0.00     0.00     0.00
 136 	 -244.00   276.00     0.00     0.00     0.00     0.00
   	   19.00   -60.00     0.00    90.00
   	   19.00   -60.00     0.00    90.00
 137 	 -183.00   276.00     0.00     0.00     0.00     0.00
 137 	 -183.00   276.00     0.00     0.00     0.00     0.00
   	   19.00   -60.00     0.00    90.00
   	   19.00   -60.00     0.00    90.00
 138 	 -122.00   276.00     0.00     0.00     0.00     0.00
 138 	 -122.00   276.00     0.00     0.00     0.00     0.00
   	   19.00   -60.00     0.00    90.00
   	   19.00   -60.00     0.00    90.00
 139 	  -61.00   276.00     0.00     0.00     0.00     0.00
 139 	  -61.00   276.00     0.00     0.00     0.00     0.00
   	   19.00   -60.00     0.00    90.00
   	   19.00   -60.00     0.00    90.00
 140 	   -0.00   276.00     0.00     0.00     0.00     0.00
 140 	   -0.00   276.00     0.00     0.00     0.00     0.00
   	   19.00   -60.00     0.00    90.00
   	   19.00   -60.00     0.00    90.00

** End writing output file: ../inputs/gr181.dat 
