*******************************************************************************
                         ARRAY PREPROCESSOR ver. 1.0
*******************************************************************************



   1	GROUP testgroup
   3	 GRID RECTANGULAR
   4	 ELEMENT
   5	 GEOMETRY CIRCULAR 50
   6	 POLARIZATION CIRCULAR
   7	 PORTS 1
   8	 PORT 1
   9	 AMPLITUDE 26
  10	 ADD BLOCK -2 -6 0 0
  12	 GROUP_EXCITATION
  13	 AMPLITUDE UNIFORM 22
  14	 PHASE UNIFORM 4
  15	 END

** Generating GROUP: testgroup.
** PSTEP,QSTEP set to:100.000000,100.000000
** Grid ANGLE set to:90.000000 
** Group ROT_ANGLE set to: 0.000000 

** Writing output file: ../inputs/gr183.dat

NEL 
NPORTS
IDUM      REXA     REYA     REZA     THEA     PHEA     PSEA 
          AMP      PSH      PSC      PHEPOL
  21
  21
   1
   1
   1 	 -200.00  -600.00     0.00     0.00     0.00     0.00
   1 	 -200.00  -600.00     0.00     0.00     0.00     0.00
   	  572.00     4.00     0.00    90.00
   	  572.00     4.00     0.00    90.00
   2 	 -100.00  -600.00     0.00     0.00     0.00     0.00
   2 	 -100.00  -600.00     0.00     0.00     0.00     0.00
   	  572.00     4.00     0.00    90.00
   	  572.00     4.00     0.00    90.00
   3 	    0.00  -600.00     0.00     0.00     0.00     0.00
   3 	    0.00  -600.00     0.00     0.00     0.00     0.00
   	  572.00     4.00     0.00    90.00
   	  572.00     4.00     0.00    90.00
   4 	 -200.00  -500.00     0.00     0.00     0.00     0.00
   4 	 -200.00  -500.00     0.00     0.00     0.00     0.00
   	  572.00     4.00     0.00    90.00
   	  572.00     4.00     0.00    90.00
   5 	 -100.00  -500.00     0.00     0.00     0.00     0.00
   5 	 -100.00  -500.00     0.00     0.00     0.00     0.00
   	  572.00     4.00     0.00    90.00
   	  572.00     4.00     0.00    90.00
   6 	    0.00  -500.00     0.00     0.00     0.00     0.00
   6 	    0.00  -500.00     0.00     0.00     0.00     0.00
   	  572.00     4.00     0.00    90.00
   	  572.00     4.00     0.00    90.00
   7 	 -200.00  -400.00     0.00     0.00     0.00     0.00
   7 	 -200.00  -400.00     0.00     0.00     0.00     0.00
   	  572.00     4.00     0.00    90.00
   	  572.00     4.00     0.00    90.00
   8 	 -100.00  -400.00     0.00     0.00     0.00     0.00
   8 	 -100.00  -400.00     0.00     0.00     0.00     0.00
   	  572.00     4.00     0.00    90.00
   	  572.00     4.00     0.00    90.00
   9 	    0.00  -400.00     0.00     0.00     0.00     0.00
   9 	    0.00  -400.00     0.00     0.00     0.00     0.00
   	  572.00     4.00     0.00    90.00
   	  572.00     4.00     0.00    90.00
  10 	 -200.00  -300.00     0.00     0.00     0.00     0.00
  10 	 -200.00  -300.00     0.00     0.00     0.00     0.00
   	  572.00     4.00     0.00    90.00
   	  572.00     4.00     0.00    90.00
  11 	 -100.00  -300.00     0.00     0.00     0.00     0.00
  11 	 -100.00  -300.00     0.00     0.00     0.00     0.00
   	  572.00     4.00     0.00    90.00
   	  572.00     4.00     0.00    90.00
  12 	    0.00  -300.00     0.00     0.00     0.00     0.00
  12 	    0.00  -300.00     0.00     0.00     0.00     0.00
   	  572.00     4.00     0.00    90.00
   	  572.00     4.00     0.00    90.00
  13 	 -200.00  -200.00     0.00     0.00     0.00     0.00
  13 	 -200.00  -200.00     0.00     0.00     0.00     0.00
   	  572.00     4.00     0.00    90.00
   	  572.00     4.00     0.00    90.00
  14 	 -100.00  -200.00     0.00     0.00     0.00     0.00
  14 	 -100.00  -200.00     0.00     0.00     0.00     0.00
   	  572.00     4.00     0.00    90.00
   	  572.00     4.00     0.00    90.00
  15 	    0.00  -200.00     0.00     0.00     0.00     0.00
  15 	    0.00  -200.00     0.00     0.00     0.00     0.00
   	  572.00     4.00     0.00    90.00
   	  572.00     4.00     0.00    90.00
  16 	 -200.00  -100.00     0.00     0.00     0.00     0.00
  16 	 -200.00  -100.00     0.00     0.00     0.00     0.00
   	  572.00     4.00     0.00    90.00
   	  572.00     4.00     0.00    90.00
  17 	 -100.00  -100.00     0.00     0.00     0.00     0.00
  17 	 -100.00  -100.00     0.00     0.00     0.00     0.00
   	  572.00     4.00     0.00    90.00
   	  572.00     4.00     0.00    90.00
  18 	    0.00  -100.00     0.00     0.00     0.00     0.00
  18 	    0.00  -100.00     0.00     0.00     0.00     0.00
   	  572.00     4.00     0.00    90.00
   	  572.00     4.00     0.00    90.00
  19 	 -200.00     0.00     0.00     0.00     0.00     0.00
  19 	 -200.00     0.00     0.00     0.00     0.00     0.00
   	  572.00     4.00     0.00    90.00
   	  572.00     4.00     0.00    90.00
  20 	 -100.00     0.00     0.00     0.00     0.00     0.00
  20 	 -100.00     0.00     0.00     0.00     0.00     0.00
   	  572.00     4.00     0.00    90.00
   	  572.00     4.00     0.00    90.00
  21 	    0.00     0.00     0.00     0.00     0.00     0.00
  21 	    0.00     0.00     0.00     0.00     0.00     0.00
   	  572.00     4.00     0.00    90.00
   	  572.00     4.00     0.00    90.00

** End writing output file: ../inputs/gr183.dat 
