*******************************************************************************
                         ARRAY PREPROCESSOR ver. 1.0
*******************************************************************************



   1	GROUP testgroup
   3	 GRID HEXAGONAL
   4	 ELEMENT
   5	 GEOMETRY CIRCULAR 62
   7	 ADD NODE 0 -5
   8	 ADD BLOCK -6 2 -5 1
   9	 ADD BLOCK -1 -1 0 1
  11	 GROUP_EXCITATION
  12	 AMPLITUDE UNIFORM 17
  13	 PHASE UNIFORM 46
  14	 END

** Generating GROUP: testgroup.
** PSTEP,QSTEP set to:124.000000,124.000000
** Grid ANGLE set to:60.000000 
** Group ROT_ANGLE set to: 0.000000 

** Writing output file: ../inputs/gr186.dat

NEL 
NPORTS
IDUM      REXA     REYA     REZA     THEA     PHEA     PSEA 
          AMP      PSH      PSC      PHEPOL
  11
  11
   1
   1
   1 	 -310.00  -536.94     0.00     0.00     0.00     0.00
   1 	 -310.00  -536.94     0.00     0.00     0.00     0.00
   	   17.00    46.00     0.00    90.00
   	   17.00    46.00     0.00    90.00
   2 	 -682.00   107.39     0.00     0.00     0.00     0.00
   2 	 -682.00   107.39     0.00     0.00     0.00     0.00
   	   17.00    46.00     0.00    90.00
   	   17.00    46.00     0.00    90.00
   3 	 -558.00   107.39     0.00     0.00     0.00     0.00
   3 	 -558.00   107.39     0.00     0.00     0.00     0.00
   	   17.00    46.00     0.00    90.00
   	   17.00    46.00     0.00    90.00
   4 	 -620.00   214.77     0.00     0.00     0.00     0.00
   4 	 -620.00   214.77     0.00     0.00     0.00     0.00
   	   17.00    46.00     0.00    90.00
   	   17.00    46.00     0.00    90.00
   5 	 -496.00   214.77     0.00     0.00     0.00     0.00
   5 	 -496.00   214.77     0.00     0.00     0.00     0.00
   	   17.00    46.00     0.00    90.00
   	   17.00    46.00     0.00    90.00
   6 	 -186.00  -107.39     0.00     0.00     0.00     0.00
   6 	 -186.00  -107.39     0.00     0.00     0.00     0.00
   	   17.00    46.00     0.00    90.00
   	   17.00    46.00     0.00    90.00
   7 	  -62.00  -107.39     0.00     0.00     0.00     0.00
   7 	  -62.00  -107.39     0.00     0.00     0.00     0.00
   	   17.00    46.00     0.00    90.00
   	   17.00    46.00     0.00    90.00
   8 	 -124.00     0.00     0.00     0.00     0.00     0.00
   8 	 -124.00     0.00     0.00     0.00     0.00     0.00
   	   17.00    46.00     0.00    90.00
   	   17.00    46.00     0.00    90.00
   9 	    0.00     0.00     0.00     0.00     0.00     0.00
   9 	    0.00     0.00     0.00     0.00     0.00     0.00
   	   17.00    46.00     0.00    90.00
   	   17.00    46.00     0.00    90.00
  10 	  -62.00   107.39     0.00     0.00     0.00     0.00
  10 	  -62.00   107.39     0.00     0.00     0.00     0.00
   	   17.00    46.00     0.00    90.00
   	   17.00    46.00     0.00    90.00
  11 	   62.00   107.39     0.00     0.00     0.00     0.00
  11 	   62.00   107.39     0.00     0.00     0.00     0.00
   	   17.00    46.00     0.00    90.00
   	   17.00    46.00     0.00    90.00

** End writing output file: ../inputs/gr186.dat 
