*******************************************************************************
                         ARRAY PREPROCESSOR ver. 1.0
*******************************************************************************



   1	GROUP testgroup
   3	 GRID RECTANGULAR
   4	 ELEMENT
   5	 GEOMETRY CIRCULAR 42
   6	 POLARIZATION LINEAR
   7	 ADD BLOCK 2 8 -4 6
   9	 GROUP_EXCITATION
  10	 AMPLITUDE UNIFORM 32
  11	 PHASE UNIFORM 46
  12	 END

** Generating GROUP: testgroup.
** PSTEP,QSTEP set to:84.000000,84.000000
** Grid ANGLE set to:90.000000 
** Group ROT_ANGLE set to: 0.000000 

** Writing output file: ../inputs/gr187.dat

NEL 
NPORTS
IDUM      REXA     REYA     REZA     THEA     PHEA     PSEA 
          AMP      PSH      PSC      PHEPOL
  21
  21
   1
   1
   1 	 -336.00   504.00     0.00     0.00     0.00     0.00
   1 	 -336.00   504.00     0.00     0.00     0.00     0.00
   	   32.00    46.00     0.00    90.00
   	   32.00    46.00     0.00    90.00
   2 	 -252.00   504.00     0.00     0.00     0.00     0.00
   2 	 -252.00   504.00     0.00     0.00     0.00     0.00
   	   32.00    46.00     0.00    90.00
   	   32.00    46.00     0.00    90.00
   3 	 -168.00   504.00     0.00     0.00     0.00     0.00
   3 	 -168.00   504.00     0.00     0.00     0.00     0.00
   	   32.00    46.00     0.00    90.00
   	   32.00    46.00     0.00    90.00
   4 	  -84.00   504.00     0.00     0.00     0.00     0.00
   4 	  -84.00   504.00     0.00     0.00     0.00     0.00
   	   32.00    46.00     0.00    90.00
   	   32.00    46.00     0.00    90.00
   5 	   -0.00   504.00     0.00     0.00     0.00     0.00
   5 	   -0.00   504.00     0.00     0.00     0.00     0.00
   	   32.00    46.00     0.00    90.00
   	   32.00    46.00     0.00    90.00
   6 	   84.00   504.00     0.00     0.00     0.00     0.00
   6 	   84.00   504.00     0.00     0.00     0.00     0.00
   	   32.00    46.00     0.00    90.00
   	   32.00    46.00     0.00    90.00
   7 	  168.00   504.00     0.00     0.00     0.00     0.00
   7 	  168.00   504.00     0.00     0.00     0.00     0.00
   	   32.00    46.00     0.00    90.00
   	   32.00    46.00     0.00    90.00
   8 	 -336.00   588.00     0.00     0.00     0.00     0.00
   8 	 -336.00   588.00     0.00     0.00     0.00     0.00
   	   32.00    46.00     0.00    90.00
   	   32.00    46.00     0.00    90.00
   9 	 -252.00   588.00     0.00     0.00     0.00     0.00
   9 	 -252.00   588.00     0.00     0.00     0.00     0.00
   	   32.00    46.00     0.00    90.00
   	   32.00    46.00     0.00    90.00
  10 	 -168.00   588.00     0.00     0.00     0.00     0.00
  10 	 -168.00   588.00     0.00     0.00     0.00     0.00
   	   32.00    46.00     0.00    90.00
   	   32.00    46.00     0.00    90.00
  11 	  -84.00   588.00     0.00     0.00     0.00     0.00
  11 	  -84.00   588.00     0.00     0.00     0.00     0.00
   	   32.00    46.00     0.00    90.00
   	   32.00    46.00     0.00    90.00
  12 	   -0.00   588.00     0.00     0.00     0.00     0.00
  12 	   -0.00   588.00     0.00     0.00     0.00     0.00
   	   32.00    46.00     0.00    90.00
   	   32.00    46.00     0.00    90.00
  13 	   84.00   588.00     0.00     0.00     0.00     0.00
  13 	   84.00   588.00     0.00     0.00     0.00     0.00
   	   32.00    46.00     0.00    90.00
   	   32.00    46.00     0.00    90.00
  14 	  168.00   588.00     0.00     0.00     0.00     0.00
  14 	  168.00   588.00     0.00     0.00     0.00     0.00
   	   32.00    46.00     0.00    90.00
   	   32.00    46.00     0.00    90.00
  15 	 -336.00   672.00     0.00     0.00     0.00     0.00
  15 	 -336.00   672.00     0.00     0.00     0.00     0.00
   	   32.00    46.00     0.00    90.00
   	   32.00    46.00     0.00    90.00
  16 	 -252.00   672.00     0.00     0.00     0.00     0.00
  16 	 -252.00   672.00     0.00     0.00     0.00     0.00
   	   32.00    46.00     0.00    90.00
   	   32.00    46.00     0.00    90.00
  17 	 -168.00   672.00     0.00     0.00     0.00     0.00
  17 	 -168.00   672.00     0.00     0.00     0.00     0.00
   	   32.00    46.00     0.00    90.00
   	   32.00    46.00     0.00    90.00
  18 	  -84.00   672.00     0.00     0.00     0.00     0.00
  18 	  -84.00   672.00     0.00     0.00     0.00     0.00
   	   32.00    46.00     0.00    90.00
   	   32.00    46.00     0.00    90.00
  19 	   -0.00   672.00     0.00     0.00     0.00     0.00
  19 	   -0.00   672.00     0.00     0.00     0.00     0.00
   	   32.00    46.00     0.00    90.00
   	   32.00    46.00     0.00    90.00
  20 	   84.00   672.00     0.00     0.00     0.00     0.00
  20 	   84.00   672.00     0.00     0.00     0.00     0.00
   	   32.00    46.00     0.00    90.00
   	   32.00    46.00     0.00    90.00
  21 	  168.00   672.00     0.00     0.00     0.00     0.00
  21 	  168.00   672.00     0.00     0.00     0.00     0.00
   	   32.00    46.00     0.00    90.00
   	   32.00    46.00     0.00    90.00

** End writing output file: ../inputs/gr187.dat 
