*******************************************************************************
                         ARRAY PREPROCESSOR ver. 1.0
*******************************************************************************



   1	GROUP testgroup
   3	 GRID HEXAGONAL STEP 96
   4	 ELEMENT
   5	 GEOMETRY CIRCULAR RADIUS 59
   7	 ADD BLOCK 1 -8 5 -1
   8	 ADD BLOCK 0 3 -9 2
  10	 GROUP_EXCITATION
  11	 AMPLITUDE UNIFORM 19
  12	 PHASE UNIFORM 40
  13	 END

** WARNING B2: GRID step(s) too small for specified element in GROUP: testgroup
** Generating GROUP: testgroup.
** PSTEP,QSTEP set to:96.000000,96.000000
** Grid ANGLE set to:60.000000 
** Group ROT_ANGLE set to: 0.000000 

** Writing output file: ../inputs/gr188.dat

NEL 
NPORTS
IDUM      REXA     REYA     REZA     THEA     PHEA     PSEA 
          AMP      PSH      PSC      PHEPOL
  60
  60
   1
   1
   1 	 -288.00  -665.11     0.00     0.00     0.00     0.00
   1 	 -288.00  -665.11     0.00     0.00     0.00     0.00
   	   19.00    40.00     0.00    90.00
   	   19.00    40.00     0.00    90.00
   2 	 -192.00  -665.11     0.00     0.00     0.00     0.00
   2 	 -192.00  -665.11     0.00     0.00     0.00     0.00
   	   19.00    40.00     0.00    90.00
   	   19.00    40.00     0.00    90.00
   3 	  -96.00  -665.11     0.00     0.00     0.00     0.00
   3 	  -96.00  -665.11     0.00     0.00     0.00     0.00
   	   19.00    40.00     0.00    90.00
   	   19.00    40.00     0.00    90.00
   4 	    0.00  -665.11     0.00     0.00     0.00     0.00
   4 	    0.00  -665.11     0.00     0.00     0.00     0.00
   	   19.00    40.00     0.00    90.00
   	   19.00    40.00     0.00    90.00
   5 	   96.00  -665.11     0.00     0.00     0.00     0.00
   5 	   96.00  -665.11     0.00     0.00     0.00     0.00
   	   19.00    40.00     0.00    90.00
   	   19.00    40.00     0.00    90.00
   6 	 -240.00  -581.97     0.00     0.00     0.00     0.00
   6 	 -240.00  -581.97     0.00     0.00     0.00     0.00
   	   19.00    40.00     0.00    90.00
   	   19.00    40.00     0.00    90.00
   7 	 -144.00  -581.97     0.00     0.00     0.00     0.00
   7 	 -144.00  -581.97     0.00     0.00     0.00     0.00
   	   19.00    40.00     0.00    90.00
   	   19.00    40.00     0.00    90.00
   8 	  -48.00  -581.97     0.00     0.00     0.00     0.00
   8 	  -48.00  -581.97     0.00     0.00     0.00     0.00
   	   19.00    40.00     0.00    90.00
   	   19.00    40.00     0.00    90.00
   9 	   48.00  -581.97     0.00     0.00     0.00     0.00
   9 	   48.00  -581.97     0.00     0.00     0.00     0.00
   	   19.00    40.00     0.00    90.00
   	   19.00    40.00     0.00    90.00
  10 	  144.00  -581.97     0.00     0.00     0.00     0.00
  10 	  144.00  -581.97     0.00     0.00     0.00     0.00
   	   19.00    40.00     0.00    90.00
   	   19.00    40.00     0.00    90.00
  11 	 -192.00  -498.83     0.00     0.00     0.00     0.00
  11 	 -192.00  -498.83     0.00     0.00     0.00     0.00
   	   19.00    40.00     0.00    90.00
   	   19.00    40.00     0.00    90.00
  12 	  -96.00  -498.83     0.00     0.00     0.00     0.00
  12 	  -96.00  -498.83     0.00     0.00     0.00     0.00
   	   19.00    40.00     0.00    90.00
   	   19.00    40.00     0.00    90.00
  13 	    0.00  -498.83     0.00     0.00     0.00     0.00
  13 	    0.00  -498.83     0.00     0.00     0.00     0.00
   	   19.00    40.00     0.00    90.00
   	   19.00    40.00     0.00    90.00
  14 	   96.00  -498.83     0.00     0.00     0.00     0.00
  14 	   96.00  -498.83     0.00     0.00     0.00     0.00
   	   19.00    40.00     0.00    90.00
   	   19.00    40.00     0.00    90.00
  15 	  192.00  -498.83     0.00     0.00     0.00     0.00
  15 	  192.00  -498.83     0.00     0.00     0.00     0.00
   	   19.00    40.00     0.00    90.00
   	   19.00    40.00     0.00    90.00
  16 	 -144.00  -415.69     0.00     0.00     0.00     0.00
  16 	 -144.00  -415.69     0.00     0.00     0.00     0.00
   	   19.00    40.00     0.00    90.00
   	   19.00    40.00     0.00    90.00
  17 	  -48.00  -415.69     0.00     0.00     0.00     0.00
  17 	  -48.00  -415.69     0.00     0.00     0.00     0.00
   	   19.00    40.00     0.00    90.00
   	   19.00    40.00     0.00    90.00
  18 	   48.00  -415.69     0.00     0.00     0.00     0.00
  18 	   48.00  -415.69     0.00     0.00     0.00     0.00
   	   19.00    40.00     0.00    90.00
   	   19.00    40.00     0.00    90.00
  19 	  144.00  -415.69     0.00     0.00     0.00     0.00
  19 	  144.00  -415.69     0.00     0.00     0.00     0.00
   	   19.00    40.00     0.00    90.00
   	   19.00    40.00     0.00    90.00
  20 	  240.00  -415.69     0.00     0.00     0.00     0.00
  20 	  240.00  -415.69     0.00     0.00     0.00     0.00
   	   19.00    40.00     0.00    90.00
   	   19.00    40.00     0.00    90.00
  21 	  -96.00  -332.55     0.00     0.00     0.00     0.00
  21 	  -96.00  -332.55     0.00     0.00     0.00     0.00
   	   19.00    40.00     0.00    90.00
   	   19.00    40.00     0.00    90.00
  22 	    0.00  -332.55     0.00     0.00     0.00     0.00
  22 	    0.00  -332.55     0.00     0.00     0.00     0.00
   	   19.00    40.00     0.00    90.00
   	   19.00    40.00     0.00    90.00
  23 	   96.00  -332.55     0.00     0.00     0.00     0.00
  23 	   96.00  -332.55     0.00     0.00     0.00     0.00
   	   19.00    40.00     0.00    90.00
   	   19.00    40.00     0.00    90.00
  24 	  192.00  -332.55     0.00     0.00     0.00     0.00
  24 	  192.00  -332.55     0.00     0.00     0.00     0.00
   	   19.00    40.00     0.00    90.00
   	   19.00    40.00     0.00    90.00
  25 	  288.00  -332.55     0.00     0.00     0.00     0.00
  25 	  288.00  -332.55     0.00     0.00     0.00     0.00
   	   19.00    40.00     0.00    90.00
   	   19.00    40.00     0.00    90.00
  26 	  -48.00  -249.42     0.00     0.00     0.00     0.00
  26 	  -48.00  -249.42     0.00     0.00     0.00     0.00
   	   19.00    40.00     0.00    90.00
   	   19.00    40.00     0.00    90.00
  27 	   48.00  -249.42     0.00     0.00     0.00     0.00
  27 	   48.00  -249.42     0.00     0.00     0.00     0.00
   	   19.00    40.00     0.00    90.00
   	   19.00    40.00     0.00    90.00
  28 	  144.00  -249.42     0.00     0.00     0.00     0.00
  28 	  144.00  -249.42     0.00     0.00     0.00     0.00
   	   19.00    40.00     0.00    90.00
   	   19.00    40.00     0.00    90.00
  29 	  240.00  -249.42     0.00     0.00     0.00     0.00
  29 	  240.00  -249.42     0.00     0.00     0.00     0.00
   	   19.00    40.00     0.00    90.00
   	   19.00    40.00     0.00    90.00
  30 	  336.00  -249.42     0.00     0.00     0.00     0.00
  30 	  336.00  -249.42     0.00     0.00     0.00     0.00
   	   19.00    40.00     0.00    90.00
   	   19.00    40.00     0.00    90.00
  31 	    0.00  -166.28     0.00     0.00     0.00     0.00
  31 	    0.00  -166.28     0.00     0.00     0.00     0.00
   	   19.00    40.00     0.00    90.00
   	   19.00    40.00     0.00    90.00
  32 	   96.00  -166.28     0.00     0.00     0.00     0.00
  32 	   96.00  -166.28     0.00     0.00     0.00     0.00
   	   19.00    40.00     0.00    90.00
   	   19.00    40.00     0.00    90.00
  33 	  192.00  -166.28     0.00     0.00     0.00     0.00
  33 	  192.00  -166.28     0.00     0.00     0.00     0.00
   	   19.00    40.00     0.00    90.00
   	   19.00    40.00     0.00    90.00
  34 	  288.00  -166.28     0.00     0.00     0.00     0.00
  34 	  288.00  -166.28     0.00     0.00     0.00     0.00
   	   19.00    40.00     0.00    90.00
   	   19.00    40.00     0.00    90.00
  35 	  384.00  -166.28     0.00     0.00     0.00     0.00
  35 	  384.00  -166.28     0.00     0.00     0.00     0.00
   	   19.00    40.00     0.00    90.00
   	   19.00    40.00     0.00    90.00
  36 	   48.00   -83.14     0.00     0.00     0.00     0.00
  36 	   48.00   -83.14     0.00     0.00     0.00     0.00
   	   19.00    40.00     0.00    90.00
   	   19.00    40.00     0.00    90.00
  37 	  144.00   -83.14     0.00     0.00     0.00     0.00
  37 	  144.00   -83.14     0.00     0.00     0.00     0.00
   	   19.00    40.00     0.00    90.00
   	   19.00    40.00     0.00    90.00
  38 	  240.00   -83.14     0.00     0.00     0.00     0.00
  38 	  240.00   -83.14     0.00     0.00     0.00     0.00
   	   19.00    40.00     0.00    90.00
   	   19.00    40.00     0.00    90.00
  39 	  336.00   -83.14     0.00     0.00     0.00     0.00
  39 	  336.00   -83.14     0.00     0.00     0.00     0.00
   	   19.00    40.00     0.00    90.00
   	   19.00    40.00     0.00    90.00
  40 	  432.00   -83.14     0.00     0.00     0.00     0.00
  40 	  432.00   -83.14     0.00     0.00     0.00     0.00
   	   19.00    40.00     0.00    90.00
   	   19.00    40.00     0.00    90.00
  41 	 -768.00   166.28     0.00     0.00     0.00     0.00
  41 	 -768.00   166.28     0.00     0.00     0.00     0.00
   	   19.00    40.00     0.00    90.00
   	   19.00    40.00     0.00    90.00
  42 	 -672.00   166.28     0.00     0.00     0.00     0.00
  42 	 -672.00   166.28     0.00     0.00     0.00     0.00
   	   19.00    40.00     0.00    90.00
   	   19.00    40.00     0.00    90.00
  43 	 -576.00   166.28     0.00     0.00     0.00     0.00
  43 	 -576.00   166.28     0.00     0.00     0.00     0.00
   	   19.00    40.00     0.00    90.00
   	   19.00    40.00     0.00    90.00
  44 	 -480.00   166.28     0.00     0.00     0.00     0.00
  44 	 -480.00   166.28     0.00     0.00     0.00     0.00
   	   19.00    40.00     0.00    90.00
   	   19.00    40.00     0.00    90.00
  45 	 -384.00   166.28     0.00     0.00     0.00     0.00
  45 	 -384.00   166.28     0.00     0.00     0.00     0.00
   	   19.00    40.00     0.00    90.00
   	   19.00    40.00     0.00    90.00
  46 	 -288.00   166.28     0.00     0.00     0.00     0.00
  46 	 -288.00   166.28     0.00     0.00     0.00     0.00
   	   19.00    40.00     0.00    90.00
   	   19.00    40.00     0.00    90.00
  47 	 -192.00   166.28     0.00     0.00     0.00     0.00
  47 	 -192.00   166.28     0.00     0.00     0.00     0.00
   	   19.00    40.00     0.00    90.00
   	   19.00    40.00     0.00    90.00
  48 	  -96.00   166.28     0.00     0.00     0.00     0.00
  48 	  -96.00   166.28     0.00     0.00     0.00     0.00
   	   19.00    40.00     0.00    90.00
   	   19.00    40.00     0.00    90.00
  49 	   -0.00   166.28     0.00     0.00     0.00     0.00
  49 	   -0.00   166.28     0.00     0.00     0.00     0.00
   	   19.00    40.00     0.00    90.00
   	   19.00    40.00     0.00    90.00
  50 	   96.00   166.28     0.00     0.00     0.00     0.00
  50 	   96.00   166.28     0.00     0.00     0.00     0.00
   	   19.00    40.00     0.00    90.00
   	   19.00    40.00     0.00    90.00
  51 	 -720.00   249.42     0.00     0.00     0.00     0.00
  51 	 -720.00   249.42     0.00     0.00     0.00     0.00
   	   19.00    40.00     0.00    90.00
   	   19.00    40.00     0.00    90.00
  52 	 -624.00   249.42     0.00     0.00     0.00     0.00
  52 	 -624.00   249.42     0.00     0.00     0.00     0.00
   	   19.00    40.00     0.00    90.00
   	   19.00    40.00     0.00    90.00
  53 	 -528.00   249.42     0.00     0.00     0.00     0.00
  53 	 -528.00   249.42     0.00     0.00     0.00     0.00
   	   19.00    40.00     0.00    90.00
   	   19.00    40.00     0.00    90.00
  54 	 -432.00   249.42     0.00     0.00     0.00     0.00
  54 	 -432.00   249.42     0.00     0.00     0.00     0.00
   	   19.00    40.00     0.00    90.00
   	   19.00    40.00     0.00    90.00
  55 	 -336.00   249.42     0.00     0.00     0.00     0.00
  55 	 -336.00   249.42     0.00     0.00     0.00     0.00
   	   19.00    40.00     0.00    90.00
   	   19.00    40.00     0.00    90.00
  56 	 -240.00   249.42     0.00     0.00     0.00     0.00
  56 	 -240.00   249.42     0.00     0.00     0.00     0.00
   	   19.00    40.00     0.00    90.00
   	   19.00    40.00     0.00    90.00
  57 	 -144.00   249.42     0.00     0.00     0.00     0.00
  57 	 -144.00   249.42     0.00     0.00     0.00     0.00
   	   19.00    40.00     0.00    90.00
   	   19.00    40.00     0.00    90.00
  58 	  -48.00   249.42     0.00     0.00     0.00     0.00
  58 	  -48.00   249.42     0.00     0.00     0.00     0.00
   	   19.00    40.00     0.00    90.00
   	   19.00    40.00     0.00    90.00
  59 	   48.00   249.42     0.00     0.00     0.00     0.00
  59 	   48.00   249.42     0.00     0.00     0.00     0.00
   	   19.00    40.00     0.00    90.00
   	   19.00    40.00     0.00    90.00
  60 	  144.00   249.42     0.00     0.00     0.00     0.00
  60 	  144.00   249.42     0.00     0.00     0.00     0.00
   	   19.00    40.00     0.00    90.00
   	   19.00    40.00     0.00    90.00

** End writing output file: ../inputs/gr188.dat 
