*******************************************************************************
                         ARRAY PREPROCESSOR ver. 1.0
*******************************************************************************



   1	GROUP testgroup
   3	 GRID SQUARE STEP 73
   4	 ELEMENT
   5	 GEOMETRY CIRCULAR RADIUS 71
   6	 POLARIZATION CIRCULAR
   7	 ADD BLOCK -3 -9 -10 0
   9	 GROUP_EXCITATION
  10	 AMPLITUDE UNIFORM 27
  11	 PHASE UNIFORM -10 deg
  12	 END

** WARNING B2: GRID step(s) too small for specified element in GROUP: testgroup
** Generating GROUP: testgroup.
** PSTEP,QSTEP set to:73.000000,73.000000
** Grid ANGLE set to:90.000000 
** Group ROT_ANGLE set to: 0.000000 

** Writing output file: ../inputs/gr19.dat

NEL 
NPORTS
IDUM      REXA     REYA     REZA     THEA     PHEA     PSEA 
          AMP      PSH      PSC      PHEPOL
  80
  80
   1
   1
   1 	 -730.00  -657.00     0.00     0.00     0.00     0.00
   1 	 -730.00  -657.00     0.00     0.00     0.00     0.00
   	   27.00   -10.00     0.00    90.00
   	   27.00   -10.00     0.00    90.00
   2 	 -657.00  -657.00     0.00     0.00     0.00     0.00
   2 	 -657.00  -657.00     0.00     0.00     0.00     0.00
   	   27.00   -10.00     0.00    90.00
   	   27.00   -10.00     0.00    90.00
   3 	 -584.00  -657.00     0.00     0.00     0.00     0.00
   3 	 -584.00  -657.00     0.00     0.00     0.00     0.00
   	   27.00   -10.00     0.00    90.00
   	   27.00   -10.00     0.00    90.00
   4 	 -511.00  -657.00     0.00     0.00     0.00     0.00
   4 	 -511.00  -657.00     0.00     0.00     0.00     0.00
   	   27.00   -10.00     0.00    90.00
   	   27.00   -10.00     0.00    90.00
   5 	 -438.00  -657.00     0.00     0.00     0.00     0.00
   5 	 -438.00  -657.00     0.00     0.00     0.00     0.00
   	   27.00   -10.00     0.00    90.00
   	   27.00   -10.00     0.00    90.00
   6 	 -365.00  -657.00     0.00     0.00     0.00     0.00
   6 	 -365.00  -657.00     0.00     0.00     0.00     0.00
   	   27.00   -10.00     0.00    90.00
   	   27.00   -10.00     0.00    90.00
   7 	 -292.00  -657.00     0.00     0.00     0.00     0.00
   7 	 -292.00  -657.00     0.00     0.00     0.00     0.00
   	   27.00   -10.00     0.00    90.00
   	   27.00   -10.00     0.00    90.00
   8 	 -219.00  -657.00     0.00     0.00     0.00     0.00
   8 	 -219.00  -657.00     0.00     0.00     0.00     0.00
   	   27.00   -10.00     0.00    90.00
   	   27.00   -10.00     0.00    90.00
   9 	 -730.00  -584.00     0.00     0.00     0.00     0.00
   9 	 -730.00  -584.00     0.00     0.00     0.00     0.00
   	   27.00   -10.00     0.00    90.00
   	   27.00   -10.00     0.00    90.00
  10 	 -657.00  -584.00     0.00     0.00     0.00     0.00
  10 	 -657.00  -584.00     0.00     0.00     0.00     0.00
   	   27.00   -10.00     0.00    90.00
   	   27.00   -10.00     0.00    90.00
  11 	 -584.00  -584.00     0.00     0.00     0.00     0.00
  11 	 -584.00  -584.00     0.00     0.00     0.00     0.00
   	   27.00   -10.00     0.00    90.00
   	   27.00   -10.00     0.00    90.00
  12 	 -511.00  -584.00     0.00     0.00     0.00     0.00
  12 	 -511.00  -584.00     0.00     0.00     0.00     0.00
   	   27.00   -10.00     0.00    90.00
   	   27.00   -10.00     0.00    90.00
  13 	 -438.00  -584.00     0.00     0.00     0.00     0.00
  13 	 -438.00  -584.00     0.00     0.00     0.00     0.00
   	   27.00   -10.00     0.00    90.00
   	   27.00   -10.00     0.00    90.00
  14 	 -365.00  -584.00     0.00     0.00     0.00     0.00
  14 	 -365.00  -584.00     0.00     0.00     0.00     0.00
   	   27.00   -10.00     0.00    90.00
   	   27.00   -10.00     0.00    90.00
  15 	 -292.00  -584.00     0.00     0.00     0.00     0.00
  15 	 -292.00  -584.00     0.00     0.00     0.00     0.00
   	   27.00   -10.00     0.00    90.00
   	   27.00   -10.00     0.00    90.00
  16 	 -219.00  -584.00     0.00     0.00     0.00     0.00
  16 	 -219.00  -584.00     0.00     0.00     0.00     0.00
   	   27.00   -10.00     0.00    90.00
   	   27.00   -10.00     0.00    90.00
  17 	 -730.00  -511.00     0.00     0.00     0.00     0.00
  17 	 -730.00  -511.00     0.00     0.00     0.00     0.00
   	   27.00   -10.00     0.00    90.00
   	   27.00   -10.00     0.00    90.00
  18 	 -657.00  -511.00     0.00     0.00     0.00     0.00
  18 	 -657.00  -511.00     0.00     0.00     0.00     0.00
   	   27.00   -10.00     0.00    90.00
   	   27.00   -10.00     0.00    90.00
  19 	 -584.00  -511.00     0.00     0.00     0.00     0.00
  19 	 -584.00  -511.00     0.00     0.00     0.00     0.00
   	   27.00   -10.00     0.00    90.00
   	   27.00   -10.00     0.00    90.00
  20 	 -511.00  -511.00     0.00     0.00     0.00     0.00
  20 	 -511.00  -511.00     0.00     0.00     0.00     0.00
   	   27.00   -10.00     0.00    90.00
   	   27.00   -10.00     0.00    90.00
  21 	 -438.00  -511.00     0.00     0.00     0.00     0.00
  21 	 -438.00  -511.00     0.00     0.00     0.00     0.00
   	   27.00   -10.00     0.00    90.00
   	   27.00   -10.00     0.00    90.00
  22 	 -365.00  -511.00     0.00     0.00     0.00     0.00
  22 	 -365.00  -511.00     0.00     0.00     0.00     0.00
   	   27.00   -10.00     0.00    90.00
   	   27.00   -10.00     0.00    90.00
  23 	 -292.00  -511.00     0.00     0.00     0.00     0.00
  23 	 -292.00  -511.00     0.00     0.00     0.00     0.00
   	   27.00   -10.00     0.00    90.00
   	   27.00   -10.00     0.00    90.00
  24 	 -219.00  -511.00     0.00     0.00     0.00     0.00
  24 	 -219.00  -511.00     0.00     0.00     0.00     0.00
   	   27.00   -10.00     0.00    90.00
   	   27.00   -10.00     0.00    90.00
  25 	 -730.00  -438.00     0.00     0.00     0.00     0.00
  25 	 -730.00  -438.00     0.00     0.00     0.00     0.00
   	   27.00   -10.00     0.00    90.00
   	   27.00   -10.00     0.00    90.00
  26 	 -657.00  -438.00     0.00     0.00     0.00     0.00
  26 	 -657.00  -438.00     0.00     0.00     0.00     0.00
   	   27.00   -10.00     0.00    90.00
   	   27.00   -10.00     0.00    90.00
  27 	 -584.00  -438.00     0.00     0.00     0.00     0.00
  27 	 -584.00  -438.00     0.00     0.00     0.00     0.00
   	   27.00   -10.00     0.00    90.00
   	   27.00   -10.00     0.00    90.00
  28 	 -511.00  -438.00     0.00     0.00     0.00     0.00
  28 	 -511.00  -438.00     0.00     0.00     0.00     0.00
   	   27.00   -10.00     0.00    90.00
   	   27.00   -10.00     0.00    90.00
  29 	 -438.00  -438.00     0.00     0.00     0.00     0.00
  29 	 -438.00  -438.00     0.00     0.00     0.00     0.00
   	   27.00   -10.00     0.00    90.00
   	   27.00   -10.00     0.00    90.00
  30 	 -365.00  -438.00     0.00     0.00     0.00     0.00
  30 	 -365.00  -438.00     0.00     0.00     0.00     0.00
   	   27.00   -10.00     0.00    90.00
   	   27.00   -10.00     0.00    90.00
  31 	 -292.00  -438.00     0.00     0.00     0.00     0.00
  31 	 -292.00  -438.00     0.00     0.00     0.00     0.00
   	   27.00   -10.00     0.00    90.00
   	   27.00   -10.00     0.00    90.00
  32 	 -219.00  -438.00     0.00     0.00     0.00     0.00
  32 	 -219.00  -438.00     0.00     0.00     0.00     0.00
   	   27.00   -10.00     0.00    90.00
   	   27.00   -10.00     0.00    90.00
  33 	 -730.00  -365.00     0.00     0.00     0.00     0.00
  33 	 -730.00  -365.00     0.00     0.00     0.00     0.00
   	   27.00   -10.00     0.00    90.00
   	   27.00   -10.00     0.00    90.00
  34 	 -657.00  -365.00     0.00     0.00     0.00     0.00
  34 	 -657.00  -365.00     0.00     0.00     0.00     0.00
   	   27.00   -10.00     0.00    90.00
   	   27.00   -10.00     0.00    90.00
  35 	 -584.00  -365.00     0.00     0.00     0.00     0.00
  35 	 -584.00  -365.00     0.00     0.00     0.00     0.00
   	   27.00   -10.00     0.00    90.00
   	   27.00   -10.00     0.00    90.00
  36 	 -511.00  -365.00     0.00     0.00     0.00     0.00
  36 	 -511.00  -365.00     0.00     0.00     0.00     0.00
   	   27.00   -10.00     0.00    90.00
   	   27.00   -10.00     0.00    90.00
  37 	 -438.00  -365.00     0.00     0.00     0.00     0.00
  37 	 -438.00  -365.00     0.00     0.00     0.00     0.00
   	   27.00   -10.00     0.00    90.00
   	   27.00   -10.00     0.00    90.00
  38 	 -365.00  -365.00     0.00     0.00     0.00     0.00
  38 	 -365.00  -365.00     0.00     0.00     0.00     0.00
   	   27.00   -10.00     0.00    90.00
   	   27.00   -10.00     0.00    90.00
  39 	 -292.00  -365.00     0.00     0.00     0.00     0.00
  39 	 -292.00  -365.00     0.00     0.00     0.00     0.00
   	   27.00   -10.00     0.00    90.00
   	   27.00   -10.00     0.00    90.00
  40 	 -219.00  -365.00     0.00     0.00     0.00     0.00
  40 	 -219.00  -365.00     0.00     0.00     0.00     0.00
   	   27.00   -10.00     0.00    90.00
   	   27.00   -10.00     0.00    90.00
  41 	 -730.00  -292.00     0.00     0.00     0.00     0.00
  41 	 -730.00  -292.00     0.00     0.00     0.00     0.00
   	   27.00   -10.00     0.00    90.00
   	   27.00   -10.00     0.00    90.00
  42 	 -657.00  -292.00     0.00     0.00     0.00     0.00
  42 	 -657.00  -292.00     0.00     0.00     0.00     0.00
   	   27.00   -10.00     0.00    90.00
   	   27.00   -10.00     0.00    90.00
  43 	 -584.00  -292.00     0.00     0.00     0.00     0.00
  43 	 -584.00  -292.00     0.00     0.00     0.00     0.00
   	   27.00   -10.00     0.00    90.00
   	   27.00   -10.00     0.00    90.00
  44 	 -511.00  -292.00     0.00     0.00     0.00     0.00
  44 	 -511.00  -292.00     0.00     0.00     0.00     0.00
   	   27.00   -10.00     0.00    90.00
   	   27.00   -10.00     0.00    90.00
  45 	 -438.00  -292.00     0.00     0.00     0.00     0.00
  45 	 -438.00  -292.00     0.00     0.00     0.00     0.00
   	   27.00   -10.00     0.00    90.00
   	   27.00   -10.00     0.00    90.00
  46 	 -365.00  -292.00     0.00     0.00     0.00     0.00
  46 	 -365.00  -292.00     0.00     0.00     0.00     0.00
   	   27.00   -10.00     0.00    90.00
   	   27.00   -10.00     0.00    90.00
  47 	 -292.00  -292.00     0.00     0.00     0.00     0.00
  47 	 -292.00  -292.00     0.00     0.00     0.00     0.00
   	   27.00   -10.00     0.00    90.00
   	   27.00   -10.00     0.00    90.00
  48 	 -219.00  -292.00     0.00     0.00     0.00     0.00
  48 	 -219.00  -292.00     0.00     0.00     0.00     0.00
   	   27.00   -10.00     0.00    90.00
   	   27.00   -10.00     0.00    90.00
  49 	 -730.00  -219.00     0.00     0.00     0.00     0.00
  49 	 -730.00  -219.00     0.00     0.00     0.00     0.00
   	   27.00   -10.00     0.00    90.00
   	   27.00   -10.00     0.00    90.00
  50 	 -657.00  -219.00     0.00     0.00     0.00     0.00
  50 	 -657.00  -219.00     0.00     0.00     0.00     0.00
   	   27.00   -10.00     0.00    90.00
   	   27.00   -10.00     0.00    90.00
  51 	 -584.00  -219.00     0.00     0.00     0.00     0.00
  51 	 -584.00  -219.00     0.00     0.00     0.00     0.00
   	   27.00   -10.00     0.00    90.00
   	   27.00   -10.00     0.00    90.00
  52 	 -511.00  -219.00     0.00     0.00     0.00     0.00
  52 	 -511.00  -219.00     0.00     0.00     0.00     0.00
   	   27.00   -10.00     0.00    90.00
   	   27.00   -10.00     0.00    90.00
  53 	 -438.00  -219.00     0.00     0.00     0.00     0.00
  53 	 -438.00  -219.00     0.00     0.00     0.00     0.00
   	   27.00   -10.00     0.00    90.00
   	   27.00   -10.00     0.00    90.00
  54 	 -365.00  -219.00     0.00     0.00     0.00     0.00
  54 	 -365.00  -219.00     0.00     0.00     0.00     0.00
   	   27.00   -10.00     0.00    90.00
   	   27.00   -10.00     0.00    90.00
  55 	 -292.00  -219.00     0.00     0.00     0.00     0.00
  55 	 -292.00  -219.00     0.00     0.00     0.00     0.00
   	   27.00   -10.00     0.00    90.00
   	   27.00   -10.00     0.00    90.00
  56 	 -219.00  -219.00     0.00     0.00     0.00     0.00
  56 	 -219.00  -219.00     0.00     0.00     0.00     0.00
   	   27.00   -10.00     0.00    90.00
   	   27.00   -10.00     0.00    90.00
  57 	 -730.00  -146.00     0.00     0.00     0.00     0.00
  57 	 -730.00  -146.00     0.00     0.00     0.00     0.00
   	   27.00   -10.00     0.00    90.00
   	   27.00   -10.00     0.00    90.00
  58 	 -657.00  -146.00     0.00     0.00     0.00     0.00
  58 	 -657.00  -146.00     0.00     0.00     0.00     0.00
   	   27.00   -10.00     0.00    90.00
   	   27.00   -10.00     0.00    90.00
  59 	 -584.00  -146.00     0.00     0.00     0.00     0.00
  59 	 -584.00  -146.00     0.00     0.00     0.00     0.00
   	   27.00   -10.00     0.00    90.00
   	   27.00   -10.00     0.00    90.00
  60 	 -511.00  -146.00     0.00     0.00     0.00     0.00
  60 	 -511.00  -146.00     0.00     0.00     0.00     0.00
   	   27.00   -10.00     0.00    90.00
   	   27.00   -10.00     0.00    90.00
  61 	 -438.00  -146.00     0.00     0.00     0.00     0.00
  61 	 -438.00  -146.00     0.00     0.00     0.00     0.00
   	   27.00   -10.00     0.00    90.00
   	   27.00   -10.00     0.00    90.00
  62 	 -365.00  -146.00     0.00     0.00     0.00     0.00
  62 	 -365.00  -146.00     0.00     0.00     0.00     0.00
   	   27.00   -10.00     0.00    90.00
   	   27.00   -10.00     0.00    90.00
  63 	 -292.00  -146.00     0.00     0.00     0.00     0.00
  63 	 -292.00  -146.00     0.00     0.00     0.00     0.00
   	   27.00   -10.00     0.00    90.00
   	   27.00   -10.00     0.00    90.00
  64 	 -219.00  -146.00     0.00     0.00     0.00     0.00
  64 	 -219.00  -146.00     0.00     0.00     0.00     0.00
   	   27.00   -10.00     0.00    90.00
   	   27.00   -10.00     0.00    90.00
  65 	 -730.00   -73.00     0.00     0.00     0.00     0.00
  65 	 -730.00   -73.00     0.00     0.00     0.00     0.00
   	   27.00   -10.00     0.00    90.00
   	   27.00   -10.00     0.00    90.00
  66 	 -657.00   -73.00     0.00     0.00     0.00     0.00
  66 	 -657.00   -73.00     0.00     0.00     0.00     0.00
   	   27.00   -10.00     0.00    90.00
   	   27.00   -10.00     0.00    90.00
  67 	 -584.00   -73.00     0.00     0.00     0.00     0.00
  67 	 -584.00   -73.00     0.00     0.00     0.00     0.00
   	   27.00   -10.00     0.00    90.00
   	   27.00   -10.00     0.00    90.00
  68 	 -511.00   -73.00     0.00     0.00     0.00     0.00
  68 	 -511.00   -73.00     0.00     0.00     0.00     0.00
   	   27.00   -10.00     0.00    90.00
   	   27.00   -10.00     0.00    90.00
  69 	 -438.00   -73.00     0.00     0.00     0.00     0.00
  69 	 -438.00   -73.00     0.00     0.00     0.00     0.00
   	   27.00   -10.00     0.00    90.00
   	   27.00   -10.00     0.00    90.00
  70 	 -365.00   -73.00     0.00     0.00     0.00     0.00
  70 	 -365.00   -73.00     0.00     0.00     0.00     0.00
   	   27.00   -10.00     0.00    90.00
   	   27.00   -10.00     0.00    90.00
  71 	 -292.00   -73.00     0.00     0.00     0.00     0.00
  71 	 -292.00   -73.00     0.00     0.00     0.00     0.00
   	   27.00   -10.00     0.00    90.00
   	   27.00   -10.00     0.00    90.00
  72 	 -219.00   -73.00     0.00     0.00     0.00     0.00
  72 	 -219.00   -73.00     0.00     0.00     0.00     0.00
   	   27.00   -10.00     0.00    90.00
   	   27.00   -10.00     0.00    90.00
  73 	 -730.00     0.00     0.00     0.00     0.00     0.00
  73 	 -730.00     0.00     0.00     0.00     0.00     0.00
   	   27.00   -10.00     0.00    90.00
   	   27.00   -10.00     0.00    90.00
  74 	 -657.00     0.00     0.00     0.00     0.00     0.00
  74 	 -657.00     0.00     0.00     0.00     0.00     0.00
   	   27.00   -10.00     0.00    90.00
   	   27.00   -10.00     0.00    90.00
  75 	 -584.00     0.00     0.00     0.00     0.00     0.00
  75 	 -584.00     0.00     0.00     0.00     0.00     0.00
   	   27.00   -10.00     0.00    90.00
   	   27.00   -10.00     0.00    90.00
  76 	 -511.00     0.00     0.00     0.00     0.00     0.00
  76 	 -511.00     0.00     0.00     0.00     0.00     0.00
   	   27.00   -10.00     0.00    90.00
   	   27.00   -10.00     0.00    90.00
  77 	 -438.00     0.00     0.00     0.00     0.00     0.00
  77 	 -438.00     0.00     0.00     0.00     0.00     0.00
   	   27.00   -10.00     0.00    90.00
   	   27.00   -10.00     0.00    90.00
  78 	 -365.00     0.00     0.00     0.00     0.00     0.00
  78 	 -365.00     0.00     0.00     0.00     0.00     0.00
   	   27.00   -10.00     0.00    90.00
   	   27.00   -10.00     0.00    90.00
  79 	 -292.00     0.00     0.00     0.00     0.00     0.00
  79 	 -292.00     0.00     0.00     0.00     0.00     0.00
   	   27.00   -10.00     0.00    90.00
   	   27.00   -10.00     0.00    90.00
  80 	 -219.00     0.00     0.00     0.00     0.00     0.00
  80 	 -219.00     0.00     0.00     0.00     0.00     0.00
   	   27.00   -10.00     0.00    90.00
   	   27.00   -10.00     0.00    90.00

** End writing output file: ../inputs/gr19.dat 
