*******************************************************************************
                         ARRAY PREPROCESSOR ver. 1.0
*******************************************************************************



   1	GROUP testgroup
   3	 GRID HEXAGONAL
   4	 ELEMENT
   5	 GEOMETRY CIRCULAR RADIUS 79 mm
   7	 ADD BLOCK 6 6 -2 0
   9	 GROUP_EXCITATION
  10	 AMPLITUDE UNIFORM 23
  11	 PHASE UNIFORM -52
  12	 END

** Generating GROUP: testgroup.
** PSTEP,QSTEP set to:158.000000,158.000000
** Grid ANGLE set to:60.000000 
** Group ROT_ANGLE set to: 0.000000 

** Writing output file: ../inputs/gr191.dat

NEL 
NPORTS
IDUM      REXA     REYA     REZA     THEA     PHEA     PSEA 
          AMP      PSH      PSC      PHEPOL
  63
  63
   1
   1
   1 	 -316.00     0.00     0.00     0.00     0.00     0.00
   1 	 -316.00     0.00     0.00     0.00     0.00     0.00
   	   23.00   -52.00     0.00    90.00
   	   23.00   -52.00     0.00    90.00
   2 	 -158.00     0.00     0.00     0.00     0.00     0.00
   2 	 -158.00     0.00     0.00     0.00     0.00     0.00
   	   23.00   -52.00     0.00    90.00
   	   23.00   -52.00     0.00    90.00
   3 	    0.00     0.00     0.00     0.00     0.00     0.00
   3 	    0.00     0.00     0.00     0.00     0.00     0.00
   	   23.00   -52.00     0.00    90.00
   	   23.00   -52.00     0.00    90.00
   4 	  158.00     0.00     0.00     0.00     0.00     0.00
   4 	  158.00     0.00     0.00     0.00     0.00     0.00
   	   23.00   -52.00     0.00    90.00
   	   23.00   -52.00     0.00    90.00
   5 	  316.00     0.00     0.00     0.00     0.00     0.00
   5 	  316.00     0.00     0.00     0.00     0.00     0.00
   	   23.00   -52.00     0.00    90.00
   	   23.00   -52.00     0.00    90.00
   6 	  474.00     0.00     0.00     0.00     0.00     0.00
   6 	  474.00     0.00     0.00     0.00     0.00     0.00
   	   23.00   -52.00     0.00    90.00
   	   23.00   -52.00     0.00    90.00
   7 	  632.00     0.00     0.00     0.00     0.00     0.00
   7 	  632.00     0.00     0.00     0.00     0.00     0.00
   	   23.00   -52.00     0.00    90.00
   	   23.00   -52.00     0.00    90.00
   8 	  790.00     0.00     0.00     0.00     0.00     0.00
   8 	  790.00     0.00     0.00     0.00     0.00     0.00
   	   23.00   -52.00     0.00    90.00
   	   23.00   -52.00     0.00    90.00
   9 	  948.00     0.00     0.00     0.00     0.00     0.00
   9 	  948.00     0.00     0.00     0.00     0.00     0.00
   	   23.00   -52.00     0.00    90.00
   	   23.00   -52.00     0.00    90.00
  10 	 -237.00   136.83     0.00     0.00     0.00     0.00
  10 	 -237.00   136.83     0.00     0.00     0.00     0.00
   	   23.00   -52.00     0.00    90.00
   	   23.00   -52.00     0.00    90.00
  11 	  -79.00   136.83     0.00     0.00     0.00     0.00
  11 	  -79.00   136.83     0.00     0.00     0.00     0.00
   	   23.00   -52.00     0.00    90.00
   	   23.00   -52.00     0.00    90.00
  12 	   79.00   136.83     0.00     0.00     0.00     0.00
  12 	   79.00   136.83     0.00     0.00     0.00     0.00
   	   23.00   -52.00     0.00    90.00
   	   23.00   -52.00     0.00    90.00
  13 	  237.00   136.83     0.00     0.00     0.00     0.00
  13 	  237.00   136.83     0.00     0.00     0.00     0.00
   	   23.00   -52.00     0.00    90.00
   	   23.00   -52.00     0.00    90.00
  14 	  395.00   136.83     0.00     0.00     0.00     0.00
  14 	  395.00   136.83     0.00     0.00     0.00     0.00
   	   23.00   -52.00     0.00    90.00
   	   23.00   -52.00     0.00    90.00
  15 	  553.00   136.83     0.00     0.00     0.00     0.00
  15 	  553.00   136.83     0.00     0.00     0.00     0.00
   	   23.00   -52.00     0.00    90.00
   	   23.00   -52.00     0.00    90.00
  16 	  711.00   136.83     0.00     0.00     0.00     0.00
  16 	  711.00   136.83     0.00     0.00     0.00     0.00
   	   23.00   -52.00     0.00    90.00
   	   23.00   -52.00     0.00    90.00
  17 	  869.00   136.83     0.00     0.00     0.00     0.00
  17 	  869.00   136.83     0.00     0.00     0.00     0.00
   	   23.00   -52.00     0.00    90.00
   	   23.00   -52.00     0.00    90.00
  18 	 1027.00   136.83     0.00     0.00     0.00     0.00
  18 	 1027.00   136.83     0.00     0.00     0.00     0.00
   	   23.00   -52.00     0.00    90.00
   	   23.00   -52.00     0.00    90.00
  19 	 -158.00   273.66     0.00     0.00     0.00     0.00
  19 	 -158.00   273.66     0.00     0.00     0.00     0.00
   	   23.00   -52.00     0.00    90.00
   	   23.00   -52.00     0.00    90.00
  20 	   -0.00   273.66     0.00     0.00     0.00     0.00
  20 	   -0.00   273.66     0.00     0.00     0.00     0.00
   	   23.00   -52.00     0.00    90.00
   	   23.00   -52.00     0.00    90.00
  21 	  158.00   273.66     0.00     0.00     0.00     0.00
  21 	  158.00   273.66     0.00     0.00     0.00     0.00
   	   23.00   -52.00     0.00    90.00
   	   23.00   -52.00     0.00    90.00
  22 	  316.00   273.66     0.00     0.00     0.00     0.00
  22 	  316.00   273.66     0.00     0.00     0.00     0.00
   	   23.00   -52.00     0.00    90.00
   	   23.00   -52.00     0.00    90.00
  23 	  474.00   273.66     0.00     0.00     0.00     0.00
  23 	  474.00   273.66     0.00     0.00     0.00     0.00
   	   23.00   -52.00     0.00    90.00
   	   23.00   -52.00     0.00    90.00
  24 	  632.00   273.66     0.00     0.00     0.00     0.00
  24 	  632.00   273.66     0.00     0.00     0.00     0.00
   	   23.00   -52.00     0.00    90.00
   	   23.00   -52.00     0.00    90.00
  25 	  790.00   273.66     0.00     0.00     0.00     0.00
  25 	  790.00   273.66     0.00     0.00     0.00     0.00
   	   23.00   -52.00     0.00    90.00
   	   23.00   -52.00     0.00    90.00
  26 	  948.00   273.66     0.00     0.00     0.00     0.00
  26 	  948.00   273.66     0.00     0.00     0.00     0.00
   	   23.00   -52.00     0.00    90.00
   	   23.00   -52.00     0.00    90.00
  27 	 1106.00   273.66     0.00     0.00     0.00     0.00
  27 	 1106.00   273.66     0.00     0.00     0.00     0.00
   	   23.00   -52.00     0.00    90.00
   	   23.00   -52.00     0.00    90.00
  28 	  -79.00   410.50     0.00     0.00     0.00     0.00
  28 	  -79.00   410.50     0.00     0.00     0.00     0.00
   	   23.00   -52.00     0.00    90.00
   	   23.00   -52.00     0.00    90.00
  29 	   79.00   410.50     0.00     0.00     0.00     0.00
  29 	   79.00   410.50     0.00     0.00     0.00     0.00
   	   23.00   -52.00     0.00    90.00
   	   23.00   -52.00     0.00    90.00
  30 	  237.00   410.50     0.00     0.00     0.00     0.00
  30 	  237.00   410.50     0.00     0.00     0.00     0.00
   	   23.00   -52.00     0.00    90.00
   	   23.00   -52.00     0.00    90.00
  31 	  395.00   410.50     0.00     0.00     0.00     0.00
  31 	  395.00   410.50     0.00     0.00     0.00     0.00
   	   23.00   -52.00     0.00    90.00
   	   23.00   -52.00     0.00    90.00
  32 	  553.00   410.50     0.00     0.00     0.00     0.00
  32 	  553.00   410.50     0.00     0.00     0.00     0.00
   	   23.00   -52.00     0.00    90.00
   	   23.00   -52.00     0.00    90.00
  33 	  711.00   410.50     0.00     0.00     0.00     0.00
  33 	  711.00   410.50     0.00     0.00     0.00     0.00
   	   23.00   -52.00     0.00    90.00
   	   23.00   -52.00     0.00    90.00
  34 	  869.00   410.50     0.00     0.00     0.00     0.00
  34 	  869.00   410.50     0.00     0.00     0.00     0.00
   	   23.00   -52.00     0.00    90.00
   	   23.00   -52.00     0.00    90.00
  35 	 1027.00   410.50     0.00     0.00     0.00     0.00
  35 	 1027.00   410.50     0.00     0.00     0.00     0.00
   	   23.00   -52.00     0.00    90.00
   	   23.00   -52.00     0.00    90.00
  36 	 1185.00   410.50     0.00     0.00     0.00     0.00
  36 	 1185.00   410.50     0.00     0.00     0.00     0.00
   	   23.00   -52.00     0.00    90.00
   	   23.00   -52.00     0.00    90.00
  37 	   -0.00   547.33     0.00     0.00     0.00     0.00
  37 	   -0.00   547.33     0.00     0.00     0.00     0.00
   	   23.00   -52.00     0.00    90.00
   	   23.00   -52.00     0.00    90.00
  38 	  158.00   547.33     0.00     0.00     0.00     0.00
  38 	  158.00   547.33     0.00     0.00     0.00     0.00
   	   23.00   -52.00     0.00    90.00
   	   23.00   -52.00     0.00    90.00
  39 	  316.00   547.33     0.00     0.00     0.00     0.00
  39 	  316.00   547.33     0.00     0.00     0.00     0.00
   	   23.00   -52.00     0.00    90.00
   	   23.00   -52.00     0.00    90.00
  40 	  474.00   547.33     0.00     0.00     0.00     0.00
  40 	  474.00   547.33     0.00     0.00     0.00     0.00
   	   23.00   -52.00     0.00    90.00
   	   23.00   -52.00     0.00    90.00
  41 	  632.00   547.33     0.00     0.00     0.00     0.00
  41 	  632.00   547.33     0.00     0.00     0.00     0.00
   	   23.00   -52.00     0.00    90.00
   	   23.00   -52.00     0.00    90.00
  42 	  790.00   547.33     0.00     0.00     0.00     0.00
  42 	  790.00   547.33     0.00     0.00     0.00     0.00
   	   23.00   -52.00     0.00    90.00
   	   23.00   -52.00     0.00    90.00
  43 	  948.00   547.33     0.00     0.00     0.00     0.00
  43 	  948.00   547.33     0.00     0.00     0.00     0.00
   	   23.00   -52.00     0.00    90.00
   	   23.00   -52.00     0.00    90.00
  44 	 1106.00   547.33     0.00     0.00     0.00     0.00
  44 	 1106.00   547.33     0.00     0.00     0.00     0.00
   	   23.00   -52.00     0.00    90.00
   	   23.00   -52.00     0.00    90.00
  45 	 1264.00   547.33     0.00     0.00     0.00     0.00
  45 	 1264.00   547.33     0.00     0.00     0.00     0.00
   	   23.00   -52.00     0.00    90.00
   	   23.00   -52.00     0.00    90.00
  46 	   79.00   684.16     0.00     0.00     0.00     0.00
  46 	   79.00   684.16     0.00     0.00     0.00     0.00
   	   23.00   -52.00     0.00    90.00
   	   23.00   -52.00     0.00    90.00
  47 	  237.00   684.16     0.00     0.00     0.00     0.00
  47 	  237.00   684.16     0.00     0.00     0.00     0.00
   	   23.00   -52.00     0.00    90.00
   	   23.00   -52.00     0.00    90.00
  48 	  395.00   684.16     0.00     0.00     0.00     0.00
  48 	  395.00   684.16     0.00     0.00     0.00     0.00
   	   23.00   -52.00     0.00    90.00
   	   23.00   -52.00     0.00    90.00
  49 	  553.00   684.16     0.00     0.00     0.00     0.00
  49 	  553.00   684.16     0.00     0.00     0.00     0.00
   	   23.00   -52.00     0.00    90.00
   	   23.00   -52.00     0.00    90.00
  50 	  711.00   684.16     0.00     0.00     0.00     0.00
  50 	  711.00   684.16     0.00     0.00     0.00     0.00
   	   23.00   -52.00     0.00    90.00
   	   23.00   -52.00     0.00    90.00
  51 	  869.00   684.16     0.00     0.00     0.00     0.00
  51 	  869.00   684.16     0.00     0.00     0.00     0.00
   	   23.00   -52.00     0.00    90.00
   	   23.00   -52.00     0.00    90.00
  52 	 1027.00   684.16     0.00     0.00     0.00     0.00
  52 	 1027.00   684.16     0.00     0.00     0.00     0.00
   	   23.00   -52.00     0.00    90.00
   	   23.00   -52.00     0.00    90.00
  53 	 1185.00   684.16     0.00     0.00     0.00     0.00
  53 	 1185.00   684.16     0.00     0.00     0.00     0.00
   	   23.00   -52.00     0.00    90.00
   	   23.00   -52.00     0.00    90.00
  54 	 1343.00   684.16     0.00     0.00     0.00     0.00
  54 	 1343.00   684.16     0.00     0.00     0.00     0.00
   	   23.00   -52.00     0.00    90.00
   	   23.00   -52.00     0.00    90.00
  55 	  158.00   820.99     0.00     0.00     0.00     0.00
  55 	  158.00   820.99     0.00     0.00     0.00     0.00
   	   23.00   -52.00     0.00    90.00
   	   23.00   -52.00     0.00    90.00
  56 	  316.00   820.99     0.00     0.00     0.00     0.00
  56 	  316.00   820.99     0.00     0.00     0.00     0.00
   	   23.00   -52.00     0.00    90.00
   	   23.00   -52.00     0.00    90.00
  57 	  474.00   820.99     0.00     0.00     0.00     0.00
  57 	  474.00   820.99     0.00     0.00     0.00     0.00
   	   23.00   -52.00     0.00    90.00
   	   23.00   -52.00     0.00    90.00
  58 	  632.00   820.99     0.00     0.00     0.00     0.00
  58 	  632.00   820.99     0.00     0.00     0.00     0.00
   	   23.00   -52.00     0.00    90.00
   	   23.00   -52.00     0.00    90.00
  59 	  790.00   820.99     0.00     0.00     0.00     0.00
  59 	  790.00   820.99     0.00     0.00     0.00     0.00
   	   23.00   -52.00     0.00    90.00
   	   23.00   -52.00     0.00    90.00
  60 	  948.00   820.99     0.00     0.00     0.00     0.00
  60 	  948.00   820.99     0.00     0.00     0.00     0.00
   	   23.00   -52.00     0.00    90.00
   	   23.00   -52.00     0.00    90.00
  61 	 1106.00   820.99     0.00     0.00     0.00     0.00
  61 	 1106.00   820.99     0.00     0.00     0.00     0.00
   	   23.00   -52.00     0.00    90.00
   	   23.00   -52.00     0.00    90.00
  62 	 1264.00   820.99     0.00     0.00     0.00     0.00
  62 	 1264.00   820.99     0.00     0.00     0.00     0.00
   	   23.00   -52.00     0.00    90.00
   	   23.00   -52.00     0.00    90.00
  63 	 1422.00   820.99     0.00     0.00     0.00     0.00
  63 	 1422.00   820.99     0.00     0.00     0.00     0.00
   	   23.00   -52.00     0.00    90.00
   	   23.00   -52.00     0.00    90.00

** End writing output file: ../inputs/gr191.dat 
