*******************************************************************************
                         ARRAY PREPROCESSOR ver. 1.0
*******************************************************************************



   1	GROUP testgroup
   3	 GRID RECTANGULAR
   4	 ELEMENT
   5	 GEOMETRY CIRCULAR 33
   7	 ADD BLOCK -2 1 7 -5
   8	 ADD HEXAGON 0 1
  10	 GROUP_EXCITATION
  11	 AMPLITUDE UNIFORM 27
  12	 PHASE UNIFORM 6
  13	 END

** Generating GROUP: testgroup.
** PSTEP,QSTEP set to:66.000000,66.000000
** Grid ANGLE set to:90.000000 
** Group ROT_ANGLE set to: 0.000000 

** Writing output file: ../inputs/gr195.dat

NEL 
NPORTS
IDUM      REXA     REYA     REZA     THEA     PHEA     PSEA 
          AMP      PSH      PSC      PHEPOL
  77
  77
   1
   1
   1 	 -132.00  -330.00     0.00     0.00     0.00     0.00
   1 	 -132.00  -330.00     0.00     0.00     0.00     0.00
   	   27.00     6.00     0.00    90.00
   	   27.00     6.00     0.00    90.00
   2 	  -66.00  -330.00     0.00     0.00     0.00     0.00
   2 	  -66.00  -330.00     0.00     0.00     0.00     0.00
   	   27.00     6.00     0.00    90.00
   	   27.00     6.00     0.00    90.00
   3 	    0.00  -330.00     0.00     0.00     0.00     0.00
   3 	    0.00  -330.00     0.00     0.00     0.00     0.00
   	   27.00     6.00     0.00    90.00
   	   27.00     6.00     0.00    90.00
   4 	   66.00  -330.00     0.00     0.00     0.00     0.00
   4 	   66.00  -330.00     0.00     0.00     0.00     0.00
   	   27.00     6.00     0.00    90.00
   	   27.00     6.00     0.00    90.00
   5 	  132.00  -330.00     0.00     0.00     0.00     0.00
   5 	  132.00  -330.00     0.00     0.00     0.00     0.00
   	   27.00     6.00     0.00    90.00
   	   27.00     6.00     0.00    90.00
   6 	  198.00  -330.00     0.00     0.00     0.00     0.00
   6 	  198.00  -330.00     0.00     0.00     0.00     0.00
   	   27.00     6.00     0.00    90.00
   	   27.00     6.00     0.00    90.00
   7 	  264.00  -330.00     0.00     0.00     0.00     0.00
   7 	  264.00  -330.00     0.00     0.00     0.00     0.00
   	   27.00     6.00     0.00    90.00
   	   27.00     6.00     0.00    90.00
   8 	  330.00  -330.00     0.00     0.00     0.00     0.00
   8 	  330.00  -330.00     0.00     0.00     0.00     0.00
   	   27.00     6.00     0.00    90.00
   	   27.00     6.00     0.00    90.00
   9 	  396.00  -330.00     0.00     0.00     0.00     0.00
   9 	  396.00  -330.00     0.00     0.00     0.00     0.00
   	   27.00     6.00     0.00    90.00
   	   27.00     6.00     0.00    90.00
  10 	  462.00  -330.00     0.00     0.00     0.00     0.00
  10 	  462.00  -330.00     0.00     0.00     0.00     0.00
   	   27.00     6.00     0.00    90.00
   	   27.00     6.00     0.00    90.00
  11 	 -132.00  -264.00     0.00     0.00     0.00     0.00
  11 	 -132.00  -264.00     0.00     0.00     0.00     0.00
   	   27.00     6.00     0.00    90.00
   	   27.00     6.00     0.00    90.00
  12 	  -66.00  -264.00     0.00     0.00     0.00     0.00
  12 	  -66.00  -264.00     0.00     0.00     0.00     0.00
   	   27.00     6.00     0.00    90.00
   	   27.00     6.00     0.00    90.00
  13 	    0.00  -264.00     0.00     0.00     0.00     0.00
  13 	    0.00  -264.00     0.00     0.00     0.00     0.00
   	   27.00     6.00     0.00    90.00
   	   27.00     6.00     0.00    90.00
  14 	   66.00  -264.00     0.00     0.00     0.00     0.00
  14 	   66.00  -264.00     0.00     0.00     0.00     0.00
   	   27.00     6.00     0.00    90.00
   	   27.00     6.00     0.00    90.00
  15 	  132.00  -264.00     0.00     0.00     0.00     0.00
  15 	  132.00  -264.00     0.00     0.00     0.00     0.00
   	   27.00     6.00     0.00    90.00
   	   27.00     6.00     0.00    90.00
  16 	  198.00  -264.00     0.00     0.00     0.00     0.00
  16 	  198.00  -264.00     0.00     0.00     0.00     0.00
   	   27.00     6.00     0.00    90.00
   	   27.00     6.00     0.00    90.00
  17 	  264.00  -264.00     0.00     0.00     0.00     0.00
  17 	  264.00  -264.00     0.00     0.00     0.00     0.00
   	   27.00     6.00     0.00    90.00
   	   27.00     6.00     0.00    90.00
  18 	  330.00  -264.00     0.00     0.00     0.00     0.00
  18 	  330.00  -264.00     0.00     0.00     0.00     0.00
   	   27.00     6.00     0.00    90.00
   	   27.00     6.00     0.00    90.00
  19 	  396.00  -264.00     0.00     0.00     0.00     0.00
  19 	  396.00  -264.00     0.00     0.00     0.00     0.00
   	   27.00     6.00     0.00    90.00
   	   27.00     6.00     0.00    90.00
  20 	  462.00  -264.00     0.00     0.00     0.00     0.00
  20 	  462.00  -264.00     0.00     0.00     0.00     0.00
   	   27.00     6.00     0.00    90.00
   	   27.00     6.00     0.00    90.00
  21 	 -132.00  -198.00     0.00     0.00     0.00     0.00
  21 	 -132.00  -198.00     0.00     0.00     0.00     0.00
   	   27.00     6.00     0.00    90.00
   	   27.00     6.00     0.00    90.00
  22 	  -66.00  -198.00     0.00     0.00     0.00     0.00
  22 	  -66.00  -198.00     0.00     0.00     0.00     0.00
   	   27.00     6.00     0.00    90.00
   	   27.00     6.00     0.00    90.00
  23 	    0.00  -198.00     0.00     0.00     0.00     0.00
  23 	    0.00  -198.00     0.00     0.00     0.00     0.00
   	   27.00     6.00     0.00    90.00
   	   27.00     6.00     0.00    90.00
  24 	   66.00  -198.00     0.00     0.00     0.00     0.00
  24 	   66.00  -198.00     0.00     0.00     0.00     0.00
   	   27.00     6.00     0.00    90.00
   	   27.00     6.00     0.00    90.00
  25 	  132.00  -198.00     0.00     0.00     0.00     0.00
  25 	  132.00  -198.00     0.00     0.00     0.00     0.00
   	   27.00     6.00     0.00    90.00
   	   27.00     6.00     0.00    90.00
  26 	  198.00  -198.00     0.00     0.00     0.00     0.00
  26 	  198.00  -198.00     0.00     0.00     0.00     0.00
   	   27.00     6.00     0.00    90.00
   	   27.00     6.00     0.00    90.00
  27 	  264.00  -198.00     0.00     0.00     0.00     0.00
  27 	  264.00  -198.00     0.00     0.00     0.00     0.00
   	   27.00     6.00     0.00    90.00
   	   27.00     6.00     0.00    90.00
  28 	  330.00  -198.00     0.00     0.00     0.00     0.00
  28 	  330.00  -198.00     0.00     0.00     0.00     0.00
   	   27.00     6.00     0.00    90.00
   	   27.00     6.00     0.00    90.00
  29 	  396.00  -198.00     0.00     0.00     0.00     0.00
  29 	  396.00  -198.00     0.00     0.00     0.00     0.00
   	   27.00     6.00     0.00    90.00
   	   27.00     6.00     0.00    90.00
  30 	  462.00  -198.00     0.00     0.00     0.00     0.00
  30 	  462.00  -198.00     0.00     0.00     0.00     0.00
   	   27.00     6.00     0.00    90.00
   	   27.00     6.00     0.00    90.00
  31 	 -132.00  -132.00     0.00     0.00     0.00     0.00
  31 	 -132.00  -132.00     0.00     0.00     0.00     0.00
   	   27.00     6.00     0.00    90.00
   	   27.00     6.00     0.00    90.00
  32 	  -66.00  -132.00     0.00     0.00     0.00     0.00
  32 	  -66.00  -132.00     0.00     0.00     0.00     0.00
   	   27.00     6.00     0.00    90.00
   	   27.00     6.00     0.00    90.00
  33 	    0.00  -132.00     0.00     0.00     0.00     0.00
  33 	    0.00  -132.00     0.00     0.00     0.00     0.00
   	   27.00     6.00     0.00    90.00
   	   27.00     6.00     0.00    90.00
  34 	   66.00  -132.00     0.00     0.00     0.00     0.00
  34 	   66.00  -132.00     0.00     0.00     0.00     0.00
   	   27.00     6.00     0.00    90.00
   	   27.00     6.00     0.00    90.00
  35 	  132.00  -132.00     0.00     0.00     0.00     0.00
  35 	  132.00  -132.00     0.00     0.00     0.00     0.00
   	   27.00     6.00     0.00    90.00
   	   27.00     6.00     0.00    90.00
  36 	  198.00  -132.00     0.00     0.00     0.00     0.00
  36 	  198.00  -132.00     0.00     0.00     0.00     0.00
   	   27.00     6.00     0.00    90.00
   	   27.00     6.00     0.00    90.00
  37 	  264.00  -132.00     0.00     0.00     0.00     0.00
  37 	  264.00  -132.00     0.00     0.00     0.00     0.00
   	   27.00     6.00     0.00    90.00
   	   27.00     6.00     0.00    90.00
  38 	  330.00  -132.00     0.00     0.00     0.00     0.00
  38 	  330.00  -132.00     0.00     0.00     0.00     0.00
   	   27.00     6.00     0.00    90.00
   	   27.00     6.00     0.00    90.00
  39 	  396.00  -132.00     0.00     0.00     0.00     0.00
  39 	  396.00  -132.00     0.00     0.00     0.00     0.00
   	   27.00     6.00     0.00    90.00
   	   27.00     6.00     0.00    90.00
  40 	  462.00  -132.00     0.00     0.00     0.00     0.00
  40 	  462.00  -132.00     0.00     0.00     0.00     0.00
   	   27.00     6.00     0.00    90.00
   	   27.00     6.00     0.00    90.00
  41 	 -132.00   -66.00     0.00     0.00     0.00     0.00
  41 	 -132.00   -66.00     0.00     0.00     0.00     0.00
   	   27.00     6.00     0.00    90.00
   	   27.00     6.00     0.00    90.00
  42 	  -66.00   -66.00     0.00     0.00     0.00     0.00
  42 	  -66.00   -66.00     0.00     0.00     0.00     0.00
   	   27.00     6.00     0.00    90.00
   	   27.00     6.00     0.00    90.00
  43 	    0.00   -66.00     0.00     0.00     0.00     0.00
  43 	    0.00   -66.00     0.00     0.00     0.00     0.00
   	   27.00     6.00     0.00    90.00
   	   27.00     6.00     0.00    90.00
  44 	   66.00   -66.00     0.00     0.00     0.00     0.00
  44 	   66.00   -66.00     0.00     0.00     0.00     0.00
   	   27.00     6.00     0.00    90.00
   	   27.00     6.00     0.00    90.00
  45 	  132.00   -66.00     0.00     0.00     0.00     0.00
  45 	  132.00   -66.00     0.00     0.00     0.00     0.00
   	   27.00     6.00     0.00    90.00
   	   27.00     6.00     0.00    90.00
  46 	  198.00   -66.00     0.00     0.00     0.00     0.00
  46 	  198.00   -66.00     0.00     0.00     0.00     0.00
   	   27.00     6.00     0.00    90.00
   	   27.00     6.00     0.00    90.00
  47 	  264.00   -66.00     0.00     0.00     0.00     0.00
  47 	  264.00   -66.00     0.00     0.00     0.00     0.00
   	   27.00     6.00     0.00    90.00
   	   27.00     6.00     0.00    90.00
  48 	  330.00   -66.00     0.00     0.00     0.00     0.00
  48 	  330.00   -66.00     0.00     0.00     0.00     0.00
   	   27.00     6.00     0.00    90.00
   	   27.00     6.00     0.00    90.00
  49 	  396.00   -66.00     0.00     0.00     0.00     0.00
  49 	  396.00   -66.00     0.00     0.00     0.00     0.00
   	   27.00     6.00     0.00    90.00
   	   27.00     6.00     0.00    90.00
  50 	  462.00   -66.00     0.00     0.00     0.00     0.00
  50 	  462.00   -66.00     0.00     0.00     0.00     0.00
   	   27.00     6.00     0.00    90.00
   	   27.00     6.00     0.00    90.00
  51 	 -132.00     0.00     0.00     0.00     0.00     0.00
  51 	 -132.00     0.00     0.00     0.00     0.00     0.00
   	   27.00     6.00     0.00    90.00
   	   27.00     6.00     0.00    90.00
  52 	  -66.00     0.00     0.00     0.00     0.00     0.00
  52 	  -66.00     0.00     0.00     0.00     0.00     0.00
   	   27.00     6.00     0.00    90.00
   	   27.00     6.00     0.00    90.00
  53 	    0.00     0.00     0.00     0.00     0.00     0.00
  53 	    0.00     0.00     0.00     0.00     0.00     0.00
   	   27.00     6.00     0.00    90.00
   	   27.00     6.00     0.00    90.00
  54 	   66.00     0.00     0.00     0.00     0.00     0.00
  54 	   66.00     0.00     0.00     0.00     0.00     0.00
   	   27.00     6.00     0.00    90.00
   	   27.00     6.00     0.00    90.00
  55 	  132.00     0.00     0.00     0.00     0.00     0.00
  55 	  132.00     0.00     0.00     0.00     0.00     0.00
   	   27.00     6.00     0.00    90.00
   	   27.00     6.00     0.00    90.00
  56 	  198.00     0.00     0.00     0.00     0.00     0.00
  56 	  198.00     0.00     0.00     0.00     0.00     0.00
   	   27.00     6.00     0.00    90.00
   	   27.00     6.00     0.00    90.00
  57 	  264.00     0.00     0.00     0.00     0.00     0.00
  57 	  264.00     0.00     0.00     0.00     0.00     0.00
   	   27.00     6.00     0.00    90.00
   	   27.00     6.00     0.00    90.00
  58 	  330.00     0.00     0.00     0.00     0.00     0.00
  58 	  330.00     0.00     0.00     0.00     0.00     0.00
   	   27.00     6.00     0.00    90.00
   	   27.00     6.00     0.00    90.00
  59 	  396.00     0.00     0.00     0.00     0.00     0.00
  59 	  396.00     0.00     0.00     0.00     0.00     0.00
   	   27.00     6.00     0.00    90.00
   	   27.00     6.00     0.00    90.00
  60 	  462.00     0.00     0.00     0.00     0.00     0.00
  60 	  462.00     0.00     0.00     0.00     0.00     0.00
   	   27.00     6.00     0.00    90.00
   	   27.00     6.00     0.00    90.00
  61 	 -132.00    66.00     0.00     0.00     0.00     0.00
  61 	 -132.00    66.00     0.00     0.00     0.00     0.00
   	   27.00     6.00     0.00    90.00
   	   27.00     6.00     0.00    90.00
  62 	  -66.00    66.00     0.00     0.00     0.00     0.00
  62 	  -66.00    66.00     0.00     0.00     0.00     0.00
   	   27.00     6.00     0.00    90.00
   	   27.00     6.00     0.00    90.00
  63 	   -0.00    66.00     0.00     0.00     0.00     0.00
  63 	   -0.00    66.00     0.00     0.00     0.00     0.00
   	   27.00     6.00     0.00    90.00
   	   27.00     6.00     0.00    90.00
  64 	   66.00    66.00     0.00     0.00     0.00     0.00
  64 	   66.00    66.00     0.00     0.00     0.00     0.00
   	   27.00     6.00     0.00    90.00
   	   27.00     6.00     0.00    90.00
  65 	  132.00    66.00     0.00     0.00     0.00     0.00
  65 	  132.00    66.00     0.00     0.00     0.00     0.00
   	   27.00     6.00     0.00    90.00
   	   27.00     6.00     0.00    90.00
  66 	  198.00    66.00     0.00     0.00     0.00     0.00
  66 	  198.00    66.00     0.00     0.00     0.00     0.00
   	   27.00     6.00     0.00    90.00
   	   27.00     6.00     0.00    90.00
  67 	  264.00    66.00     0.00     0.00     0.00     0.00
  67 	  264.00    66.00     0.00     0.00     0.00     0.00
   	   27.00     6.00     0.00    90.00
   	   27.00     6.00     0.00    90.00
  68 	  330.00    66.00     0.00     0.00     0.00     0.00
  68 	  330.00    66.00     0.00     0.00     0.00     0.00
   	   27.00     6.00     0.00    90.00
   	   27.00     6.00     0.00    90.00
  69 	  396.00    66.00     0.00     0.00     0.00     0.00
  69 	  396.00    66.00     0.00     0.00     0.00     0.00
   	   27.00     6.00     0.00    90.00
   	   27.00     6.00     0.00    90.00
  70 	  462.00    66.00     0.00     0.00     0.00     0.00
  70 	  462.00    66.00     0.00     0.00     0.00     0.00
   	   27.00     6.00     0.00    90.00
   	   27.00     6.00     0.00    90.00
  71 	  -66.00   132.00     0.00     0.00     0.00     0.00
  71 	  -66.00   132.00     0.00     0.00     0.00     0.00
   	   27.00     6.00     0.00    90.00
   	   27.00     6.00     0.00    90.00
  72 	   -0.00   132.00     0.00     0.00     0.00     0.00
  72 	   -0.00   132.00     0.00     0.00     0.00     0.00
   	   27.00     6.00     0.00    90.00
   	   27.00     6.00     0.00    90.00
  73 	   66.00    66.00     0.00     0.00     0.00     0.00
  73 	   66.00    66.00     0.00     0.00     0.00     0.00
   	   27.00     6.00     0.00    90.00
   	   27.00     6.00     0.00    90.00
  74 	   66.00     0.00     0.00     0.00     0.00     0.00
  74 	   66.00     0.00     0.00     0.00     0.00     0.00
   	   27.00     6.00     0.00    90.00
   	   27.00     6.00     0.00    90.00
  75 	    0.00     0.00     0.00     0.00     0.00     0.00
  75 	    0.00     0.00     0.00     0.00     0.00     0.00
   	   27.00     6.00     0.00    90.00
   	   27.00     6.00     0.00    90.00
  76 	  -66.00    66.00     0.00     0.00     0.00     0.00
  76 	  -66.00    66.00     0.00     0.00     0.00     0.00
   	   27.00     6.00     0.00    90.00
   	   27.00     6.00     0.00    90.00
  77 	   -0.00    66.00     0.00     0.00     0.00     0.00
  77 	   -0.00    66.00     0.00     0.00     0.00     0.00
   	   27.00     6.00     0.00    90.00
   	   27.00     6.00     0.00    90.00

** End writing output file: ../inputs/gr195.dat 
