*******************************************************************************
                         ARRAY PREPROCESSOR ver. 1.0
*******************************************************************************



   1	GROUP testgroup
   3	 GRID RECTANGULAR
   4	 ELEMENT
   5	 GEOMETRY CIRCULAR 71
   6	 POLARIZATION CIRCULAR RH
   8	 PORTS 1
   9	 PORT 1
  10	 AMPLITUDE 25
  11	 ADD BLOCK 3 4 2 -6
  12	 ADD HEXAGON 3 5
  13	 ADD BLOCK 0 8 0 9
  14	 ADD HEXAGON -2 -8
  16	 GROUP_EXCITATION
  17	 AMPLITUDE UNIFORM 24
  18	 PHASE UNIFORM -188
  19	 END

** Generating GROUP: testgroup.
** PSTEP,QSTEP set to:142.000000,142.000000
** Grid ANGLE set to:90.000000 
** Group ROT_ANGLE set to: 0.000000 

** Writing output file: ../inputs/gr199.dat

NEL 
NPORTS
IDUM      REXA     REYA     REZA     THEA     PHEA     PSEA 
          AMP      PSH      PSC      PHEPOL
  38
  38
   1
   1
   1 	  284.00  -852.00     0.00     0.00     0.00     0.00
   1 	  284.00  -852.00     0.00     0.00     0.00     0.00
   	  600.00  -188.00     0.00    90.00
   	  600.00  -188.00     0.00    90.00
   2 	  426.00  -852.00     0.00     0.00     0.00     0.00
   2 	  426.00  -852.00     0.00     0.00     0.00     0.00
   	  600.00  -188.00     0.00    90.00
   	  600.00  -188.00     0.00    90.00
   3 	  284.00  -710.00     0.00     0.00     0.00     0.00
   3 	  284.00  -710.00     0.00     0.00     0.00     0.00
   	  600.00  -188.00     0.00    90.00
   	  600.00  -188.00     0.00    90.00
   4 	  426.00  -710.00     0.00     0.00     0.00     0.00
   4 	  426.00  -710.00     0.00     0.00     0.00     0.00
   	  600.00  -188.00     0.00    90.00
   	  600.00  -188.00     0.00    90.00
   5 	  284.00  -568.00     0.00     0.00     0.00     0.00
   5 	  284.00  -568.00     0.00     0.00     0.00     0.00
   	  600.00  -188.00     0.00    90.00
   	  600.00  -188.00     0.00    90.00
   6 	  426.00  -568.00     0.00     0.00     0.00     0.00
   6 	  426.00  -568.00     0.00     0.00     0.00     0.00
   	  600.00  -188.00     0.00    90.00
   	  600.00  -188.00     0.00    90.00
   7 	  284.00  -426.00     0.00     0.00     0.00     0.00
   7 	  284.00  -426.00     0.00     0.00     0.00     0.00
   	  600.00  -188.00     0.00    90.00
   	  600.00  -188.00     0.00    90.00
   8 	  426.00  -426.00     0.00     0.00     0.00     0.00
   8 	  426.00  -426.00     0.00     0.00     0.00     0.00
   	  600.00  -188.00     0.00    90.00
   	  600.00  -188.00     0.00    90.00
   9 	  284.00  -284.00     0.00     0.00     0.00     0.00
   9 	  284.00  -284.00     0.00     0.00     0.00     0.00
   	  600.00  -188.00     0.00    90.00
   	  600.00  -188.00     0.00    90.00
  10 	  426.00  -284.00     0.00     0.00     0.00     0.00
  10 	  426.00  -284.00     0.00     0.00     0.00     0.00
   	  600.00  -188.00     0.00    90.00
   	  600.00  -188.00     0.00    90.00
  11 	  284.00  -142.00     0.00     0.00     0.00     0.00
  11 	  284.00  -142.00     0.00     0.00     0.00     0.00
   	  600.00  -188.00     0.00    90.00
   	  600.00  -188.00     0.00    90.00
  12 	  426.00  -142.00     0.00     0.00     0.00     0.00
  12 	  426.00  -142.00     0.00     0.00     0.00     0.00
   	  600.00  -188.00     0.00    90.00
   	  600.00  -188.00     0.00    90.00
  13 	  284.00     0.00     0.00     0.00     0.00     0.00
  13 	  284.00     0.00     0.00     0.00     0.00     0.00
   	  600.00  -188.00     0.00    90.00
   	  600.00  -188.00     0.00    90.00
  14 	  426.00     0.00     0.00     0.00     0.00     0.00
  14 	  426.00     0.00     0.00     0.00     0.00     0.00
   	  600.00  -188.00     0.00    90.00
   	  600.00  -188.00     0.00    90.00
  15 	  284.00   142.00     0.00     0.00     0.00     0.00
  15 	  284.00   142.00     0.00     0.00     0.00     0.00
   	  600.00  -188.00     0.00    90.00
   	  600.00  -188.00     0.00    90.00
  16 	  426.00   142.00     0.00     0.00     0.00     0.00
  16 	  426.00   142.00     0.00     0.00     0.00     0.00
   	  600.00  -188.00     0.00    90.00
   	  600.00  -188.00     0.00    90.00
  17 	  284.00   284.00     0.00     0.00     0.00     0.00
  17 	  284.00   284.00     0.00     0.00     0.00     0.00
   	  600.00  -188.00     0.00    90.00
   	  600.00  -188.00     0.00    90.00
  18 	  426.00   284.00     0.00     0.00     0.00     0.00
  18 	  426.00   284.00     0.00     0.00     0.00     0.00
   	  600.00  -188.00     0.00    90.00
   	  600.00  -188.00     0.00    90.00
  19 	  284.00   426.00     0.00     0.00     0.00     0.00
  19 	  284.00   426.00     0.00     0.00     0.00     0.00
   	  600.00  -188.00     0.00    90.00
   	  600.00  -188.00     0.00    90.00
  20 	  426.00   426.00     0.00     0.00     0.00     0.00
  20 	  426.00   426.00     0.00     0.00     0.00     0.00
   	  600.00  -188.00     0.00    90.00
   	  600.00  -188.00     0.00    90.00
  21 	  284.00   568.00     0.00     0.00     0.00     0.00
  21 	  284.00   568.00     0.00     0.00     0.00     0.00
   	  600.00  -188.00     0.00    90.00
   	  600.00  -188.00     0.00    90.00
  22 	  426.00   568.00     0.00     0.00     0.00     0.00
  22 	  426.00   568.00     0.00     0.00     0.00     0.00
   	  600.00  -188.00     0.00    90.00
   	  600.00  -188.00     0.00    90.00
  23 	  284.00   852.00     0.00     0.00     0.00     0.00
  23 	  284.00   852.00     0.00     0.00     0.00     0.00
   	  600.00  -188.00     0.00    90.00
   	  600.00  -188.00     0.00    90.00
  24 	  426.00   852.00     0.00     0.00     0.00     0.00
  24 	  426.00   852.00     0.00     0.00     0.00     0.00
   	  600.00  -188.00     0.00    90.00
   	  600.00  -188.00     0.00    90.00
  25 	  568.00   710.00     0.00     0.00     0.00     0.00
  25 	  568.00   710.00     0.00     0.00     0.00     0.00
   	  600.00  -188.00     0.00    90.00
   	  600.00  -188.00     0.00    90.00
  26 	  568.00   568.00     0.00     0.00     0.00     0.00
  26 	  568.00   568.00     0.00     0.00     0.00     0.00
   	  600.00  -188.00     0.00    90.00
   	  600.00  -188.00     0.00    90.00
  27 	  426.00   568.00     0.00     0.00     0.00     0.00
  27 	  426.00   568.00     0.00     0.00     0.00     0.00
   	  600.00  -188.00     0.00    90.00
   	  600.00  -188.00     0.00    90.00
  28 	  284.00   710.00     0.00     0.00     0.00     0.00
  28 	  284.00   710.00     0.00     0.00     0.00     0.00
   	  600.00  -188.00     0.00    90.00
   	  600.00  -188.00     0.00    90.00
  29 	  426.00   710.00     0.00     0.00     0.00     0.00
  29 	  426.00   710.00     0.00     0.00     0.00     0.00
   	  600.00  -188.00     0.00    90.00
   	  600.00  -188.00     0.00    90.00
  30 	   -0.00  1136.00     0.00     0.00     0.00     0.00
  30 	   -0.00  1136.00     0.00     0.00     0.00     0.00
   	  600.00  -188.00     0.00    90.00
   	  600.00  -188.00     0.00    90.00
  31 	   -0.00  1278.00     0.00     0.00     0.00     0.00
  31 	   -0.00  1278.00     0.00     0.00     0.00     0.00
   	  600.00  -188.00     0.00    90.00
   	  600.00  -188.00     0.00    90.00
  32 	 -426.00  -994.00     0.00     0.00     0.00     0.00
  32 	 -426.00  -994.00     0.00     0.00     0.00     0.00
   	  600.00  -188.00     0.00    90.00
   	  600.00  -188.00     0.00    90.00
  33 	 -284.00  -994.00     0.00     0.00     0.00     0.00
  33 	 -284.00  -994.00     0.00     0.00     0.00     0.00
   	  600.00  -188.00     0.00    90.00
   	  600.00  -188.00     0.00    90.00
  34 	 -142.00 -1136.00     0.00     0.00     0.00     0.00
  34 	 -142.00 -1136.00     0.00     0.00     0.00     0.00
   	  600.00  -188.00     0.00    90.00
   	  600.00  -188.00     0.00    90.00
  35 	 -142.00 -1278.00     0.00     0.00     0.00     0.00
  35 	 -142.00 -1278.00     0.00     0.00     0.00     0.00
   	  600.00  -188.00     0.00    90.00
   	  600.00  -188.00     0.00    90.00
  36 	 -284.00 -1278.00     0.00     0.00     0.00     0.00
  36 	 -284.00 -1278.00     0.00     0.00     0.00     0.00
   	  600.00  -188.00     0.00    90.00
   	  600.00  -188.00     0.00    90.00
  37 	 -426.00 -1136.00     0.00     0.00     0.00     0.00
  37 	 -426.00 -1136.00     0.00     0.00     0.00     0.00
   	  600.00  -188.00     0.00    90.00
   	  600.00  -188.00     0.00    90.00
  38 	 -284.00 -1136.00     0.00     0.00     0.00     0.00
  38 	 -284.00 -1136.00     0.00     0.00     0.00     0.00
   	  600.00  -188.00     0.00    90.00
   	  600.00  -188.00     0.00    90.00

** End writing output file: ../inputs/gr199.dat 
