*******************************************************************************
                         ARRAY PREPROCESSOR ver. 1.0
*******************************************************************************



   1	GROUP testgroup
   3	 GRID HEXAGONAL
   4	 ELEMENT
   5	 GEOMETRY CIRCULAR 43
   6	 POLARIZATION LINEAR ORIENTATION X
   7	 ADD BLOCK -1 9 1 -9
   8	 ADD HEXAGON 1 4
  10	 GROUP_EXCITATION
  11	 AMPLITUDE UNIFORM 19
  12	 PHASE UNIFORM -63
  13	 END

** Generating GROUP: testgroup.
** PSTEP,QSTEP set to:86.000000,86.000000
** Grid ANGLE set to:60.000000 
** Group ROT_ANGLE set to: 0.000000 

** Writing output file: ../inputs/gr200.dat

NEL 
NPORTS
IDUM      REXA     REYA     REZA     THEA     PHEA     PSEA 
          AMP      PSH      PSC      PHEPOL
  64
  64
   1
   1
   1 	 -473.00  -670.30     0.00     0.00     0.00     0.00
   1 	 -473.00  -670.30     0.00     0.00     0.00     0.00
   	   19.00   -63.00     0.00     0.00
   	   19.00   -63.00     0.00     0.00
   2 	 -387.00  -670.30     0.00     0.00     0.00     0.00
   2 	 -387.00  -670.30     0.00     0.00     0.00     0.00
   	   19.00   -63.00     0.00     0.00
   	   19.00   -63.00     0.00     0.00
   3 	 -301.00  -670.30     0.00     0.00     0.00     0.00
   3 	 -301.00  -670.30     0.00     0.00     0.00     0.00
   	   19.00   -63.00     0.00     0.00
   	   19.00   -63.00     0.00     0.00
   4 	 -430.00  -595.83     0.00     0.00     0.00     0.00
   4 	 -430.00  -595.83     0.00     0.00     0.00     0.00
   	   19.00   -63.00     0.00     0.00
   	   19.00   -63.00     0.00     0.00
   5 	 -344.00  -595.83     0.00     0.00     0.00     0.00
   5 	 -344.00  -595.83     0.00     0.00     0.00     0.00
   	   19.00   -63.00     0.00     0.00
   	   19.00   -63.00     0.00     0.00
   6 	 -258.00  -595.83     0.00     0.00     0.00     0.00
   6 	 -258.00  -595.83     0.00     0.00     0.00     0.00
   	   19.00   -63.00     0.00     0.00
   	   19.00   -63.00     0.00     0.00
   7 	 -387.00  -521.35     0.00     0.00     0.00     0.00
   7 	 -387.00  -521.35     0.00     0.00     0.00     0.00
   	   19.00   -63.00     0.00     0.00
   	   19.00   -63.00     0.00     0.00
   8 	 -301.00  -521.35     0.00     0.00     0.00     0.00
   8 	 -301.00  -521.35     0.00     0.00     0.00     0.00
   	   19.00   -63.00     0.00     0.00
   	   19.00   -63.00     0.00     0.00
   9 	 -215.00  -521.35     0.00     0.00     0.00     0.00
   9 	 -215.00  -521.35     0.00     0.00     0.00     0.00
   	   19.00   -63.00     0.00     0.00
   	   19.00   -63.00     0.00     0.00
  10 	 -344.00  -446.87     0.00     0.00     0.00     0.00
  10 	 -344.00  -446.87     0.00     0.00     0.00     0.00
   	   19.00   -63.00     0.00     0.00
   	   19.00   -63.00     0.00     0.00
  11 	 -258.00  -446.87     0.00     0.00     0.00     0.00
  11 	 -258.00  -446.87     0.00     0.00     0.00     0.00
   	   19.00   -63.00     0.00     0.00
   	   19.00   -63.00     0.00     0.00
  12 	 -172.00  -446.87     0.00     0.00     0.00     0.00
  12 	 -172.00  -446.87     0.00     0.00     0.00     0.00
   	   19.00   -63.00     0.00     0.00
   	   19.00   -63.00     0.00     0.00
  13 	 -301.00  -372.39     0.00     0.00     0.00     0.00
  13 	 -301.00  -372.39     0.00     0.00     0.00     0.00
   	   19.00   -63.00     0.00     0.00
   	   19.00   -63.00     0.00     0.00
  14 	 -215.00  -372.39     0.00     0.00     0.00     0.00
  14 	 -215.00  -372.39     0.00     0.00     0.00     0.00
   	   19.00   -63.00     0.00     0.00
   	   19.00   -63.00     0.00     0.00
  15 	 -129.00  -372.39     0.00     0.00     0.00     0.00
  15 	 -129.00  -372.39     0.00     0.00     0.00     0.00
   	   19.00   -63.00     0.00     0.00
   	   19.00   -63.00     0.00     0.00
  16 	 -258.00  -297.91     0.00     0.00     0.00     0.00
  16 	 -258.00  -297.91     0.00     0.00     0.00     0.00
   	   19.00   -63.00     0.00     0.00
   	   19.00   -63.00     0.00     0.00
  17 	 -172.00  -297.91     0.00     0.00     0.00     0.00
  17 	 -172.00  -297.91     0.00     0.00     0.00     0.00
   	   19.00   -63.00     0.00     0.00
   	   19.00   -63.00     0.00     0.00
  18 	  -86.00  -297.91     0.00     0.00     0.00     0.00
  18 	  -86.00  -297.91     0.00     0.00     0.00     0.00
   	   19.00   -63.00     0.00     0.00
   	   19.00   -63.00     0.00     0.00
  19 	 -215.00  -223.43     0.00     0.00     0.00     0.00
  19 	 -215.00  -223.43     0.00     0.00     0.00     0.00
   	   19.00   -63.00     0.00     0.00
   	   19.00   -63.00     0.00     0.00
  20 	 -129.00  -223.43     0.00     0.00     0.00     0.00
  20 	 -129.00  -223.43     0.00     0.00     0.00     0.00
   	   19.00   -63.00     0.00     0.00
   	   19.00   -63.00     0.00     0.00
  21 	  -43.00  -223.43     0.00     0.00     0.00     0.00
  21 	  -43.00  -223.43     0.00     0.00     0.00     0.00
   	   19.00   -63.00     0.00     0.00
   	   19.00   -63.00     0.00     0.00
  22 	 -172.00  -148.96     0.00     0.00     0.00     0.00
  22 	 -172.00  -148.96     0.00     0.00     0.00     0.00
   	   19.00   -63.00     0.00     0.00
   	   19.00   -63.00     0.00     0.00
  23 	  -86.00  -148.96     0.00     0.00     0.00     0.00
  23 	  -86.00  -148.96     0.00     0.00     0.00     0.00
   	   19.00   -63.00     0.00     0.00
   	   19.00   -63.00     0.00     0.00
  24 	    0.00  -148.96     0.00     0.00     0.00     0.00
  24 	    0.00  -148.96     0.00     0.00     0.00     0.00
   	   19.00   -63.00     0.00     0.00
   	   19.00   -63.00     0.00     0.00
  25 	 -129.00   -74.48     0.00     0.00     0.00     0.00
  25 	 -129.00   -74.48     0.00     0.00     0.00     0.00
   	   19.00   -63.00     0.00     0.00
   	   19.00   -63.00     0.00     0.00
  26 	  -43.00   -74.48     0.00     0.00     0.00     0.00
  26 	  -43.00   -74.48     0.00     0.00     0.00     0.00
   	   19.00   -63.00     0.00     0.00
   	   19.00   -63.00     0.00     0.00
  27 	   43.00   -74.48     0.00     0.00     0.00     0.00
  27 	   43.00   -74.48     0.00     0.00     0.00     0.00
   	   19.00   -63.00     0.00     0.00
   	   19.00   -63.00     0.00     0.00
  28 	  -86.00     0.00     0.00     0.00     0.00     0.00
  28 	  -86.00     0.00     0.00     0.00     0.00     0.00
   	   19.00   -63.00     0.00     0.00
   	   19.00   -63.00     0.00     0.00
  29 	    0.00     0.00     0.00     0.00     0.00     0.00
  29 	    0.00     0.00     0.00     0.00     0.00     0.00
   	   19.00   -63.00     0.00     0.00
   	   19.00   -63.00     0.00     0.00
  30 	   86.00     0.00     0.00     0.00     0.00     0.00
  30 	   86.00     0.00     0.00     0.00     0.00     0.00
   	   19.00   -63.00     0.00     0.00
   	   19.00   -63.00     0.00     0.00
  31 	  -43.00    74.48     0.00     0.00     0.00     0.00
  31 	  -43.00    74.48     0.00     0.00     0.00     0.00
   	   19.00   -63.00     0.00     0.00
   	   19.00   -63.00     0.00     0.00
  32 	   43.00    74.48     0.00     0.00     0.00     0.00
  32 	   43.00    74.48     0.00     0.00     0.00     0.00
   	   19.00   -63.00     0.00     0.00
   	   19.00   -63.00     0.00     0.00
  33 	  129.00    74.48     0.00     0.00     0.00     0.00
  33 	  129.00    74.48     0.00     0.00     0.00     0.00
   	   19.00   -63.00     0.00     0.00
   	   19.00   -63.00     0.00     0.00
  34 	   -0.00   148.96     0.00     0.00     0.00     0.00
  34 	   -0.00   148.96     0.00     0.00     0.00     0.00
   	   19.00   -63.00     0.00     0.00
   	   19.00   -63.00     0.00     0.00
  35 	   86.00   148.96     0.00     0.00     0.00     0.00
  35 	   86.00   148.96     0.00     0.00     0.00     0.00
   	   19.00   -63.00     0.00     0.00
   	   19.00   -63.00     0.00     0.00
  36 	  172.00   148.96     0.00     0.00     0.00     0.00
  36 	  172.00   148.96     0.00     0.00     0.00     0.00
   	   19.00   -63.00     0.00     0.00
   	   19.00   -63.00     0.00     0.00
  37 	   43.00   223.43     0.00     0.00     0.00     0.00
  37 	   43.00   223.43     0.00     0.00     0.00     0.00
   	   19.00   -63.00     0.00     0.00
   	   19.00   -63.00     0.00     0.00
  38 	  129.00   223.43     0.00     0.00     0.00     0.00
  38 	  129.00   223.43     0.00     0.00     0.00     0.00
   	   19.00   -63.00     0.00     0.00
   	   19.00   -63.00     0.00     0.00
  39 	  215.00   223.43     0.00     0.00     0.00     0.00
  39 	  215.00   223.43     0.00     0.00     0.00     0.00
   	   19.00   -63.00     0.00     0.00
   	   19.00   -63.00     0.00     0.00
  40 	   86.00   297.91     0.00     0.00     0.00     0.00
  40 	   86.00   297.91     0.00     0.00     0.00     0.00
   	   19.00   -63.00     0.00     0.00
   	   19.00   -63.00     0.00     0.00
  41 	  172.00   297.91     0.00     0.00     0.00     0.00
  41 	  172.00   297.91     0.00     0.00     0.00     0.00
   	   19.00   -63.00     0.00     0.00
   	   19.00   -63.00     0.00     0.00
  42 	  258.00   297.91     0.00     0.00     0.00     0.00
  42 	  258.00   297.91     0.00     0.00     0.00     0.00
   	   19.00   -63.00     0.00     0.00
   	   19.00   -63.00     0.00     0.00
  43 	  129.00   372.39     0.00     0.00     0.00     0.00
  43 	  129.00   372.39     0.00     0.00     0.00     0.00
   	   19.00   -63.00     0.00     0.00
   	   19.00   -63.00     0.00     0.00
  44 	  215.00   372.39     0.00     0.00     0.00     0.00
  44 	  215.00   372.39     0.00     0.00     0.00     0.00
   	   19.00   -63.00     0.00     0.00
   	   19.00   -63.00     0.00     0.00
  45 	  301.00   372.39     0.00     0.00     0.00     0.00
  45 	  301.00   372.39     0.00     0.00     0.00     0.00
   	   19.00   -63.00     0.00     0.00
   	   19.00   -63.00     0.00     0.00
  46 	  172.00   446.87     0.00     0.00     0.00     0.00
  46 	  172.00   446.87     0.00     0.00     0.00     0.00
   	   19.00   -63.00     0.00     0.00
   	   19.00   -63.00     0.00     0.00
  47 	  258.00   446.87     0.00     0.00     0.00     0.00
  47 	  258.00   446.87     0.00     0.00     0.00     0.00
   	   19.00   -63.00     0.00     0.00
   	   19.00   -63.00     0.00     0.00
  48 	  344.00   446.87     0.00     0.00     0.00     0.00
  48 	  344.00   446.87     0.00     0.00     0.00     0.00
   	   19.00   -63.00     0.00     0.00
   	   19.00   -63.00     0.00     0.00
  49 	  215.00   521.35     0.00     0.00     0.00     0.00
  49 	  215.00   521.35     0.00     0.00     0.00     0.00
   	   19.00   -63.00     0.00     0.00
   	   19.00   -63.00     0.00     0.00
  50 	  301.00   521.35     0.00     0.00     0.00     0.00
  50 	  301.00   521.35     0.00     0.00     0.00     0.00
   	   19.00   -63.00     0.00     0.00
   	   19.00   -63.00     0.00     0.00
  51 	  387.00   521.35     0.00     0.00     0.00     0.00
  51 	  387.00   521.35     0.00     0.00     0.00     0.00
   	   19.00   -63.00     0.00     0.00
   	   19.00   -63.00     0.00     0.00
  52 	  258.00   595.83     0.00     0.00     0.00     0.00
  52 	  258.00   595.83     0.00     0.00     0.00     0.00
   	   19.00   -63.00     0.00     0.00
   	   19.00   -63.00     0.00     0.00
  53 	  344.00   595.83     0.00     0.00     0.00     0.00
  53 	  344.00   595.83     0.00     0.00     0.00     0.00
   	   19.00   -63.00     0.00     0.00
   	   19.00   -63.00     0.00     0.00
  54 	  430.00   595.83     0.00     0.00     0.00     0.00
  54 	  430.00   595.83     0.00     0.00     0.00     0.00
   	   19.00   -63.00     0.00     0.00
   	   19.00   -63.00     0.00     0.00
  55 	  301.00   670.30     0.00     0.00     0.00     0.00
  55 	  301.00   670.30     0.00     0.00     0.00     0.00
   	   19.00   -63.00     0.00     0.00
   	   19.00   -63.00     0.00     0.00
  56 	  387.00   670.30     0.00     0.00     0.00     0.00
  56 	  387.00   670.30     0.00     0.00     0.00     0.00
   	   19.00   -63.00     0.00     0.00
   	   19.00   -63.00     0.00     0.00
  57 	  473.00   670.30     0.00     0.00     0.00     0.00
  57 	  473.00   670.30     0.00     0.00     0.00     0.00
   	   19.00   -63.00     0.00     0.00
   	   19.00   -63.00     0.00     0.00
  58 	  215.00   372.39     0.00     0.00     0.00     0.00
  58 	  215.00   372.39     0.00     0.00     0.00     0.00
   	   19.00   -63.00     0.00     0.00
   	   19.00   -63.00     0.00     0.00
  59 	  301.00   372.39     0.00     0.00     0.00     0.00
  59 	  301.00   372.39     0.00     0.00     0.00     0.00
   	   19.00   -63.00     0.00     0.00
   	   19.00   -63.00     0.00     0.00
  60 	  344.00   297.91     0.00     0.00     0.00     0.00
  60 	  344.00   297.91     0.00     0.00     0.00     0.00
   	   19.00   -63.00     0.00     0.00
   	   19.00   -63.00     0.00     0.00
  61 	  301.00   223.43     0.00     0.00     0.00     0.00
  61 	  301.00   223.43     0.00     0.00     0.00     0.00
   	   19.00   -63.00     0.00     0.00
   	   19.00   -63.00     0.00     0.00
  62 	  215.00   223.43     0.00     0.00     0.00     0.00
  62 	  215.00   223.43     0.00     0.00     0.00     0.00
   	   19.00   -63.00     0.00     0.00
   	   19.00   -63.00     0.00     0.00
  63 	  172.00   297.91     0.00     0.00     0.00     0.00
  63 	  172.00   297.91     0.00     0.00     0.00     0.00
   	   19.00   -63.00     0.00     0.00
   	   19.00   -63.00     0.00     0.00
  64 	  258.00   297.91     0.00     0.00     0.00     0.00
  64 	  258.00   297.91     0.00     0.00     0.00     0.00
   	   19.00   -63.00     0.00     0.00
   	   19.00   -63.00     0.00     0.00

** End writing output file: ../inputs/gr200.dat 
