*******************************************************************************
                         ARRAY PREPROCESSOR ver. 1.0
*******************************************************************************



   1	GROUP testgroup
   3	 GRID SQUARE
   4	 ELEMENT
   5	 GEOMETRY RECTANGULAR 85 57
   7	 POLARIZATION LINEAR
   8	 ADD BLOCK 8 -5 -4 -5
  10	 GROUP_EXCITATION
  11	 AMPLITUDE UNIFORM 23
  12	 PHASE ROTATION SEQUENTIAL
  13	 END

** Generating GROUP: testgroup.
** PSTEP,QSTEP set to:102.342562,102.342562
** Grid ANGLE set to:90.000000 
** Group ROT_ANGLE set to: 0.000000 

** Writing output file: ../inputs/gr203.dat

NEL 
NPORTS
IDUM      REXA     REYA     REZA     THEA     PHEA     PSEA 
          AMP      PSH      PSC      PHEPOL
  13
  13
   1
   1
   1 	 -409.37  -511.71     0.00     0.00     0.00     0.00
   1 	 -409.37  -511.71     0.00     0.00     0.00     0.00
   	   23.00     0.00     0.00    90.00
   	   23.00     0.00     0.00    90.00
   2 	 -307.03  -511.71     0.00     0.00   -27.69     0.00
   2 	 -307.03  -511.71     0.00     0.00   -27.69     0.00
   	   23.00   -27.69     0.00    90.00
   	   23.00   -27.69     0.00    90.00
   3 	 -204.69  -511.71     0.00     0.00   -55.38     0.00
   3 	 -204.69  -511.71     0.00     0.00   -55.38     0.00
   	   23.00   -55.38     0.00    90.00
   	   23.00   -55.38     0.00    90.00
   4 	 -102.34  -511.71     0.00     0.00   -83.08     0.00
   4 	 -102.34  -511.71     0.00     0.00   -83.08     0.00
   	   23.00   -83.08     0.00    90.00
   	   23.00   -83.08     0.00    90.00
   5 	    0.00  -511.71     0.00     0.00  -110.77     0.00
   5 	    0.00  -511.71     0.00     0.00  -110.77     0.00
   	   23.00  -110.77     0.00    90.00
   	   23.00  -110.77     0.00    90.00
   6 	  102.34  -511.71     0.00     0.00  -138.46     0.00
   6 	  102.34  -511.71     0.00     0.00  -138.46     0.00
   	   23.00  -138.46     0.00    90.00
   	   23.00  -138.46     0.00    90.00
   7 	  204.69  -511.71     0.00     0.00  -166.15     0.00
   7 	  204.69  -511.71     0.00     0.00  -166.15     0.00
   	   23.00  -166.15     0.00    90.00
   	   23.00  -166.15     0.00    90.00
   8 	  307.03  -511.71     0.00     0.00  -193.85     0.00
   8 	  307.03  -511.71     0.00     0.00  -193.85     0.00
   	   23.00  -193.85     0.00    90.00
   	   23.00  -193.85     0.00    90.00
   9 	  409.37  -511.71     0.00     0.00  -221.54     0.00
   9 	  409.37  -511.71     0.00     0.00  -221.54     0.00
   	   23.00  -221.54     0.00    90.00
   	   23.00  -221.54     0.00    90.00
  10 	  511.71  -511.71     0.00     0.00  -249.23     0.00
  10 	  511.71  -511.71     0.00     0.00  -249.23     0.00
   	   23.00  -249.23     0.00    90.00
   	   23.00  -249.23     0.00    90.00
  11 	  614.06  -511.71     0.00     0.00  -276.92     0.00
  11 	  614.06  -511.71     0.00     0.00  -276.92     0.00
   	   23.00  -276.92     0.00    90.00
   	   23.00  -276.92     0.00    90.00
  12 	  716.40  -511.71     0.00     0.00  -304.62     0.00
  12 	  716.40  -511.71     0.00     0.00  -304.62     0.00
   	   23.00  -304.62     0.00    90.00
   	   23.00  -304.62     0.00    90.00
  13 	  818.74  -511.71     0.00     0.00  -332.31     0.00
  13 	  818.74  -511.71     0.00     0.00  -332.31     0.00
   	   23.00  -332.31     0.00    90.00
   	   23.00  -332.31     0.00    90.00

** End writing output file: ../inputs/gr203.dat 
