*******************************************************************************
                         ARRAY PREPROCESSOR ver. 1.0
*******************************************************************************



   1	GROUP testgroup
   3	 GRID RECTANGULAR
   4	 ELEMENT
   5	 GEOMETRY CIRCULAR 87
   7	 ADD BLOCK -3 0 -1 -2
   9	 GROUP_EXCITATION
  10	 AMPLITUDE UNIFORM 23
  11	 PHASE UNIFORM 82
  12	 END

** Generating GROUP: testgroup.
** PSTEP,QSTEP set to:174.000000,174.000000
** Grid ANGLE set to:90.000000 
** Group ROT_ANGLE set to: 0.000000 

** Writing output file: ../inputs/gr208.dat

NEL 
NPORTS
IDUM      REXA     REYA     REZA     THEA     PHEA     PSEA 
          AMP      PSH      PSC      PHEPOL
   9
   9
   1
   1
   1 	 -522.00  -348.00     0.00     0.00     0.00     0.00
   1 	 -522.00  -348.00     0.00     0.00     0.00     0.00
   	   23.00    82.00     0.00    90.00
   	   23.00    82.00     0.00    90.00
   2 	 -348.00  -348.00     0.00     0.00     0.00     0.00
   2 	 -348.00  -348.00     0.00     0.00     0.00     0.00
   	   23.00    82.00     0.00    90.00
   	   23.00    82.00     0.00    90.00
   3 	 -174.00  -348.00     0.00     0.00     0.00     0.00
   3 	 -174.00  -348.00     0.00     0.00     0.00     0.00
   	   23.00    82.00     0.00    90.00
   	   23.00    82.00     0.00    90.00
   4 	 -522.00  -174.00     0.00     0.00     0.00     0.00
   4 	 -522.00  -174.00     0.00     0.00     0.00     0.00
   	   23.00    82.00     0.00    90.00
   	   23.00    82.00     0.00    90.00
   5 	 -348.00  -174.00     0.00     0.00     0.00     0.00
   5 	 -348.00  -174.00     0.00     0.00     0.00     0.00
   	   23.00    82.00     0.00    90.00
   	   23.00    82.00     0.00    90.00
   6 	 -174.00  -174.00     0.00     0.00     0.00     0.00
   6 	 -174.00  -174.00     0.00     0.00     0.00     0.00
   	   23.00    82.00     0.00    90.00
   	   23.00    82.00     0.00    90.00
   7 	 -522.00     0.00     0.00     0.00     0.00     0.00
   7 	 -522.00     0.00     0.00     0.00     0.00     0.00
   	   23.00    82.00     0.00    90.00
   	   23.00    82.00     0.00    90.00
   8 	 -348.00     0.00     0.00     0.00     0.00     0.00
   8 	 -348.00     0.00     0.00     0.00     0.00     0.00
   	   23.00    82.00     0.00    90.00
   	   23.00    82.00     0.00    90.00
   9 	 -174.00     0.00     0.00     0.00     0.00     0.00
   9 	 -174.00     0.00     0.00     0.00     0.00     0.00
   	   23.00    82.00     0.00    90.00
   	   23.00    82.00     0.00    90.00

** End writing output file: ../inputs/gr208.dat 
