*******************************************************************************
                         ARRAY PREPROCESSOR ver. 1.0
*******************************************************************************



   1	GROUP testgroup
   3	 GRID RECTANGULAR
   4	 ELEMENT
   5	 GEOMETRY CIRCULAR 97 mm
   6	 POLARIZATION LINEAR
   7	 ADD BLOCK -5 10 3 4
   8	 ADD HEXAGON 1 -4
   9	 ADD HEXAGON -2 -3
  11	 GROUP_EXCITATION
  12	 AMPLITUDE UNIFORM 25
  13	 PHASE UNIFORM -31
  14	 END

** Generating GROUP: testgroup.
** PSTEP,QSTEP set to:194.000000,194.000000
** Grid ANGLE set to:90.000000 
** Group ROT_ANGLE set to: 0.000000 

** Writing output file: ../inputs/gr216.dat

NEL 
NPORTS
IDUM      REXA     REYA     REZA     THEA     PHEA     PSEA 
          AMP      PSH      PSC      PHEPOL
  77
  77
   1
   1
   1 	 -970.00   776.00     0.00     0.00     0.00     0.00
   1 	 -970.00   776.00     0.00     0.00     0.00     0.00
   	   25.00   -31.00     0.00    90.00
   	   25.00   -31.00     0.00    90.00
   2 	 -776.00   776.00     0.00     0.00     0.00     0.00
   2 	 -776.00   776.00     0.00     0.00     0.00     0.00
   	   25.00   -31.00     0.00    90.00
   	   25.00   -31.00     0.00    90.00
   3 	 -582.00   776.00     0.00     0.00     0.00     0.00
   3 	 -582.00   776.00     0.00     0.00     0.00     0.00
   	   25.00   -31.00     0.00    90.00
   	   25.00   -31.00     0.00    90.00
   4 	 -388.00   776.00     0.00     0.00     0.00     0.00
   4 	 -388.00   776.00     0.00     0.00     0.00     0.00
   	   25.00   -31.00     0.00    90.00
   	   25.00   -31.00     0.00    90.00
   5 	 -194.00   776.00     0.00     0.00     0.00     0.00
   5 	 -194.00   776.00     0.00     0.00     0.00     0.00
   	   25.00   -31.00     0.00    90.00
   	   25.00   -31.00     0.00    90.00
   6 	   -0.00   776.00     0.00     0.00     0.00     0.00
   6 	   -0.00   776.00     0.00     0.00     0.00     0.00
   	   25.00   -31.00     0.00    90.00
   	   25.00   -31.00     0.00    90.00
   7 	  194.00   776.00     0.00     0.00     0.00     0.00
   7 	  194.00   776.00     0.00     0.00     0.00     0.00
   	   25.00   -31.00     0.00    90.00
   	   25.00   -31.00     0.00    90.00
   8 	  388.00   776.00     0.00     0.00     0.00     0.00
   8 	  388.00   776.00     0.00     0.00     0.00     0.00
   	   25.00   -31.00     0.00    90.00
   	   25.00   -31.00     0.00    90.00
   9 	  582.00   776.00     0.00     0.00     0.00     0.00
   9 	  582.00   776.00     0.00     0.00     0.00     0.00
   	   25.00   -31.00     0.00    90.00
   	   25.00   -31.00     0.00    90.00
  10 	 -970.00   970.00     0.00     0.00     0.00     0.00
  10 	 -970.00   970.00     0.00     0.00     0.00     0.00
   	   25.00   -31.00     0.00    90.00
   	   25.00   -31.00     0.00    90.00
  11 	 -776.00   970.00     0.00     0.00     0.00     0.00
  11 	 -776.00   970.00     0.00     0.00     0.00     0.00
   	   25.00   -31.00     0.00    90.00
   	   25.00   -31.00     0.00    90.00
  12 	 -582.00   970.00     0.00     0.00     0.00     0.00
  12 	 -582.00   970.00     0.00     0.00     0.00     0.00
   	   25.00   -31.00     0.00    90.00
   	   25.00   -31.00     0.00    90.00
  13 	 -388.00   970.00     0.00     0.00     0.00     0.00
  13 	 -388.00   970.00     0.00     0.00     0.00     0.00
   	   25.00   -31.00     0.00    90.00
   	   25.00   -31.00     0.00    90.00
  14 	 -194.00   970.00     0.00     0.00     0.00     0.00
  14 	 -194.00   970.00     0.00     0.00     0.00     0.00
   	   25.00   -31.00     0.00    90.00
   	   25.00   -31.00     0.00    90.00
  15 	   -0.00   970.00     0.00     0.00     0.00     0.00
  15 	   -0.00   970.00     0.00     0.00     0.00     0.00
   	   25.00   -31.00     0.00    90.00
   	   25.00   -31.00     0.00    90.00
  16 	  194.00   970.00     0.00     0.00     0.00     0.00
  16 	  194.00   970.00     0.00     0.00     0.00     0.00
   	   25.00   -31.00     0.00    90.00
   	   25.00   -31.00     0.00    90.00
  17 	  388.00   970.00     0.00     0.00     0.00     0.00
  17 	  388.00   970.00     0.00     0.00     0.00     0.00
   	   25.00   -31.00     0.00    90.00
   	   25.00   -31.00     0.00    90.00
  18 	  582.00   970.00     0.00     0.00     0.00     0.00
  18 	  582.00   970.00     0.00     0.00     0.00     0.00
   	   25.00   -31.00     0.00    90.00
   	   25.00   -31.00     0.00    90.00
  19 	 -970.00  1164.00     0.00     0.00     0.00     0.00
  19 	 -970.00  1164.00     0.00     0.00     0.00     0.00
   	   25.00   -31.00     0.00    90.00
   	   25.00   -31.00     0.00    90.00
  20 	 -776.00  1164.00     0.00     0.00     0.00     0.00
  20 	 -776.00  1164.00     0.00     0.00     0.00     0.00
   	   25.00   -31.00     0.00    90.00
   	   25.00   -31.00     0.00    90.00
  21 	 -582.00  1164.00     0.00     0.00     0.00     0.00
  21 	 -582.00  1164.00     0.00     0.00     0.00     0.00
   	   25.00   -31.00     0.00    90.00
   	   25.00   -31.00     0.00    90.00
  22 	 -388.00  1164.00     0.00     0.00     0.00     0.00
  22 	 -388.00  1164.00     0.00     0.00     0.00     0.00
   	   25.00   -31.00     0.00    90.00
   	   25.00   -31.00     0.00    90.00
  23 	 -194.00  1164.00     0.00     0.00     0.00     0.00
  23 	 -194.00  1164.00     0.00     0.00     0.00     0.00
   	   25.00   -31.00     0.00    90.00
   	   25.00   -31.00     0.00    90.00
  24 	   -0.00  1164.00     0.00     0.00     0.00     0.00
  24 	   -0.00  1164.00     0.00     0.00     0.00     0.00
   	   25.00   -31.00     0.00    90.00
   	   25.00   -31.00     0.00    90.00
  25 	  194.00  1164.00     0.00     0.00     0.00     0.00
  25 	  194.00  1164.00     0.00     0.00     0.00     0.00
   	   25.00   -31.00     0.00    90.00
   	   25.00   -31.00     0.00    90.00
  26 	  388.00  1164.00     0.00     0.00     0.00     0.00
  26 	  388.00  1164.00     0.00     0.00     0.00     0.00
   	   25.00   -31.00     0.00    90.00
   	   25.00   -31.00     0.00    90.00
  27 	  582.00  1164.00     0.00     0.00     0.00     0.00
  27 	  582.00  1164.00     0.00     0.00     0.00     0.00
   	   25.00   -31.00     0.00    90.00
   	   25.00   -31.00     0.00    90.00
  28 	 -970.00  1358.00     0.00     0.00     0.00     0.00
  28 	 -970.00  1358.00     0.00     0.00     0.00     0.00
   	   25.00   -31.00     0.00    90.00
   	   25.00   -31.00     0.00    90.00
  29 	 -776.00  1358.00     0.00     0.00     0.00     0.00
  29 	 -776.00  1358.00     0.00     0.00     0.00     0.00
   	   25.00   -31.00     0.00    90.00
   	   25.00   -31.00     0.00    90.00
  30 	 -582.00  1358.00     0.00     0.00     0.00     0.00
  30 	 -582.00  1358.00     0.00     0.00     0.00     0.00
   	   25.00   -31.00     0.00    90.00
   	   25.00   -31.00     0.00    90.00
  31 	 -388.00  1358.00     0.00     0.00     0.00     0.00
  31 	 -388.00  1358.00     0.00     0.00     0.00     0.00
   	   25.00   -31.00     0.00    90.00
   	   25.00   -31.00     0.00    90.00
  32 	 -194.00  1358.00     0.00     0.00     0.00     0.00
  32 	 -194.00  1358.00     0.00     0.00     0.00     0.00
   	   25.00   -31.00     0.00    90.00
   	   25.00   -31.00     0.00    90.00
  33 	   -0.00  1358.00     0.00     0.00     0.00     0.00
  33 	   -0.00  1358.00     0.00     0.00     0.00     0.00
   	   25.00   -31.00     0.00    90.00
   	   25.00   -31.00     0.00    90.00
  34 	  194.00  1358.00     0.00     0.00     0.00     0.00
  34 	  194.00  1358.00     0.00     0.00     0.00     0.00
   	   25.00   -31.00     0.00    90.00
   	   25.00   -31.00     0.00    90.00
  35 	  388.00  1358.00     0.00     0.00     0.00     0.00
  35 	  388.00  1358.00     0.00     0.00     0.00     0.00
   	   25.00   -31.00     0.00    90.00
   	   25.00   -31.00     0.00    90.00
  36 	  582.00  1358.00     0.00     0.00     0.00     0.00
  36 	  582.00  1358.00     0.00     0.00     0.00     0.00
   	   25.00   -31.00     0.00    90.00
   	   25.00   -31.00     0.00    90.00
  37 	 -970.00  1552.00     0.00     0.00     0.00     0.00
  37 	 -970.00  1552.00     0.00     0.00     0.00     0.00
   	   25.00   -31.00     0.00    90.00
   	   25.00   -31.00     0.00    90.00
  38 	 -776.00  1552.00     0.00     0.00     0.00     0.00
  38 	 -776.00  1552.00     0.00     0.00     0.00     0.00
   	   25.00   -31.00     0.00    90.00
   	   25.00   -31.00     0.00    90.00
  39 	 -582.00  1552.00     0.00     0.00     0.00     0.00
  39 	 -582.00  1552.00     0.00     0.00     0.00     0.00
   	   25.00   -31.00     0.00    90.00
   	   25.00   -31.00     0.00    90.00
  40 	 -388.00  1552.00     0.00     0.00     0.00     0.00
  40 	 -388.00  1552.00     0.00     0.00     0.00     0.00
   	   25.00   -31.00     0.00    90.00
   	   25.00   -31.00     0.00    90.00
  41 	 -194.00  1552.00     0.00     0.00     0.00     0.00
  41 	 -194.00  1552.00     0.00     0.00     0.00     0.00
   	   25.00   -31.00     0.00    90.00
   	   25.00   -31.00     0.00    90.00
  42 	   -0.00  1552.00     0.00     0.00     0.00     0.00
  42 	   -0.00  1552.00     0.00     0.00     0.00     0.00
   	   25.00   -31.00     0.00    90.00
   	   25.00   -31.00     0.00    90.00
  43 	  194.00  1552.00     0.00     0.00     0.00     0.00
  43 	  194.00  1552.00     0.00     0.00     0.00     0.00
   	   25.00   -31.00     0.00    90.00
   	   25.00   -31.00     0.00    90.00
  44 	  388.00  1552.00     0.00     0.00     0.00     0.00
  44 	  388.00  1552.00     0.00     0.00     0.00     0.00
   	   25.00   -31.00     0.00    90.00
   	   25.00   -31.00     0.00    90.00
  45 	  582.00  1552.00     0.00     0.00     0.00     0.00
  45 	  582.00  1552.00     0.00     0.00     0.00     0.00
   	   25.00   -31.00     0.00    90.00
   	   25.00   -31.00     0.00    90.00
  46 	 -970.00  1746.00     0.00     0.00     0.00     0.00
  46 	 -970.00  1746.00     0.00     0.00     0.00     0.00
   	   25.00   -31.00     0.00    90.00
   	   25.00   -31.00     0.00    90.00
  47 	 -776.00  1746.00     0.00     0.00     0.00     0.00
  47 	 -776.00  1746.00     0.00     0.00     0.00     0.00
   	   25.00   -31.00     0.00    90.00
   	   25.00   -31.00     0.00    90.00
  48 	 -582.00  1746.00     0.00     0.00     0.00     0.00
  48 	 -582.00  1746.00     0.00     0.00     0.00     0.00
   	   25.00   -31.00     0.00    90.00
   	   25.00   -31.00     0.00    90.00
  49 	 -388.00  1746.00     0.00     0.00     0.00     0.00
  49 	 -388.00  1746.00     0.00     0.00     0.00     0.00
   	   25.00   -31.00     0.00    90.00
   	   25.00   -31.00     0.00    90.00
  50 	 -194.00  1746.00     0.00     0.00     0.00     0.00
  50 	 -194.00  1746.00     0.00     0.00     0.00     0.00
   	   25.00   -31.00     0.00    90.00
   	   25.00   -31.00     0.00    90.00
  51 	   -0.00  1746.00     0.00     0.00     0.00     0.00
  51 	   -0.00  1746.00     0.00     0.00     0.00     0.00
   	   25.00   -31.00     0.00    90.00
   	   25.00   -31.00     0.00    90.00
  52 	  194.00  1746.00     0.00     0.00     0.00     0.00
  52 	  194.00  1746.00     0.00     0.00     0.00     0.00
   	   25.00   -31.00     0.00    90.00
   	   25.00   -31.00     0.00    90.00
  53 	  388.00  1746.00     0.00     0.00     0.00     0.00
  53 	  388.00  1746.00     0.00     0.00     0.00     0.00
   	   25.00   -31.00     0.00    90.00
   	   25.00   -31.00     0.00    90.00
  54 	  582.00  1746.00     0.00     0.00     0.00     0.00
  54 	  582.00  1746.00     0.00     0.00     0.00     0.00
   	   25.00   -31.00     0.00    90.00
   	   25.00   -31.00     0.00    90.00
  55 	 -970.00  1940.00     0.00     0.00     0.00     0.00
  55 	 -970.00  1940.00     0.00     0.00     0.00     0.00
   	   25.00   -31.00     0.00    90.00
   	   25.00   -31.00     0.00    90.00
  56 	 -776.00  1940.00     0.00     0.00     0.00     0.00
  56 	 -776.00  1940.00     0.00     0.00     0.00     0.00
   	   25.00   -31.00     0.00    90.00
   	   25.00   -31.00     0.00    90.00
  57 	 -582.00  1940.00     0.00     0.00     0.00     0.00
  57 	 -582.00  1940.00     0.00     0.00     0.00     0.00
   	   25.00   -31.00     0.00    90.00
   	   25.00   -31.00     0.00    90.00
  58 	 -388.00  1940.00     0.00     0.00     0.00     0.00
  58 	 -388.00  1940.00     0.00     0.00     0.00     0.00
   	   25.00   -31.00     0.00    90.00
   	   25.00   -31.00     0.00    90.00
  59 	 -194.00  1940.00     0.00     0.00     0.00     0.00
  59 	 -194.00  1940.00     0.00     0.00     0.00     0.00
   	   25.00   -31.00     0.00    90.00
   	   25.00   -31.00     0.00    90.00
  60 	   -0.00  1940.00     0.00     0.00     0.00     0.00
  60 	   -0.00  1940.00     0.00     0.00     0.00     0.00
   	   25.00   -31.00     0.00    90.00
   	   25.00   -31.00     0.00    90.00
  61 	  194.00  1940.00     0.00     0.00     0.00     0.00
  61 	  194.00  1940.00     0.00     0.00     0.00     0.00
   	   25.00   -31.00     0.00    90.00
   	   25.00   -31.00     0.00    90.00
  62 	  388.00  1940.00     0.00     0.00     0.00     0.00
  62 	  388.00  1940.00     0.00     0.00     0.00     0.00
   	   25.00   -31.00     0.00    90.00
   	   25.00   -31.00     0.00    90.00
  63 	  582.00  1940.00     0.00     0.00     0.00     0.00
  63 	  582.00  1940.00     0.00     0.00     0.00     0.00
   	   25.00   -31.00     0.00    90.00
   	   25.00   -31.00     0.00    90.00
  64 	    0.00  -582.00     0.00     0.00     0.00     0.00
  64 	    0.00  -582.00     0.00     0.00     0.00     0.00
   	   25.00   -31.00     0.00    90.00
   	   25.00   -31.00     0.00    90.00
  65 	  194.00  -582.00     0.00     0.00     0.00     0.00
  65 	  194.00  -582.00     0.00     0.00     0.00     0.00
   	   25.00   -31.00     0.00    90.00
   	   25.00   -31.00     0.00    90.00
  66 	  388.00  -776.00     0.00     0.00     0.00     0.00
  66 	  388.00  -776.00     0.00     0.00     0.00     0.00
   	   25.00   -31.00     0.00    90.00
   	   25.00   -31.00     0.00    90.00
  67 	  388.00  -970.00     0.00     0.00     0.00     0.00
  67 	  388.00  -970.00     0.00     0.00     0.00     0.00
   	   25.00   -31.00     0.00    90.00
   	   25.00   -31.00     0.00    90.00
  68 	  194.00  -970.00     0.00     0.00     0.00     0.00
  68 	  194.00  -970.00     0.00     0.00     0.00     0.00
   	   25.00   -31.00     0.00    90.00
   	   25.00   -31.00     0.00    90.00
  69 	    0.00  -776.00     0.00     0.00     0.00     0.00
  69 	    0.00  -776.00     0.00     0.00     0.00     0.00
   	   25.00   -31.00     0.00    90.00
   	   25.00   -31.00     0.00    90.00
  70 	  194.00  -776.00     0.00     0.00     0.00     0.00
  70 	  194.00  -776.00     0.00     0.00     0.00     0.00
   	   25.00   -31.00     0.00    90.00
   	   25.00   -31.00     0.00    90.00
  71 	 -582.00  -388.00     0.00     0.00     0.00     0.00
  71 	 -582.00  -388.00     0.00     0.00     0.00     0.00
   	   25.00   -31.00     0.00    90.00
   	   25.00   -31.00     0.00    90.00
  72 	 -388.00  -388.00     0.00     0.00     0.00     0.00
  72 	 -388.00  -388.00     0.00     0.00     0.00     0.00
   	   25.00   -31.00     0.00    90.00
   	   25.00   -31.00     0.00    90.00
  73 	 -194.00  -582.00     0.00     0.00     0.00     0.00
  73 	 -194.00  -582.00     0.00     0.00     0.00     0.00
   	   25.00   -31.00     0.00    90.00
   	   25.00   -31.00     0.00    90.00
  74 	 -194.00  -776.00     0.00     0.00     0.00     0.00
  74 	 -194.00  -776.00     0.00     0.00     0.00     0.00
   	   25.00   -31.00     0.00    90.00
   	   25.00   -31.00     0.00    90.00
  75 	 -388.00  -776.00     0.00     0.00     0.00     0.00
  75 	 -388.00  -776.00     0.00     0.00     0.00     0.00
   	   25.00   -31.00     0.00    90.00
   	   25.00   -31.00     0.00    90.00
  76 	 -582.00  -582.00     0.00     0.00     0.00     0.00
  76 	 -582.00  -582.00     0.00     0.00     0.00     0.00
   	   25.00   -31.00     0.00    90.00
   	   25.00   -31.00     0.00    90.00
  77 	 -388.00  -582.00     0.00     0.00     0.00     0.00
  77 	 -388.00  -582.00     0.00     0.00     0.00     0.00
   	   25.00   -31.00     0.00    90.00
   	   25.00   -31.00     0.00    90.00

** End writing output file: ../inputs/gr216.dat 
