*******************************************************************************
                         ARRAY PREPROCESSOR ver. 1.0
*******************************************************************************



   1	GROUP testgroup
   3	 GRID RECTANGULAR
   4	 ELEMENT
   5	 GEOMETRY CIRCULAR 60
   7	 ADD NODE 1 -3
   8	 ADD BLOCK -8 -3 -11 -1
   9	 ADD BLOCK 5 8 4 -3
  10	 ADD NODE 2 -4
  12	 GROUP_EXCITATION
  13	 AMPLITUDE UNIFORM 31
  14	 PHASE UNIFORM -123
  15	 END

** Generating GROUP: testgroup.
** PSTEP,QSTEP set to:120.000000,120.000000
** Grid ANGLE set to:90.000000 
** Group ROT_ANGLE set to: 0.000000 

** Writing output file: ../inputs/gr22.dat

NEL 
NPORTS
IDUM      REXA     REYA     REZA     THEA     PHEA     PSEA 
          AMP      PSH      PSC      PHEPOL
  38
  38
   1
   1
   1 	  120.00  -360.00     0.00     0.00     0.00     0.00
   1 	  120.00  -360.00     0.00     0.00     0.00     0.00
   	   31.00  -123.00     0.00    90.00
   	   31.00  -123.00     0.00    90.00
   2 	-1320.00  -360.00     0.00     0.00     0.00     0.00
   2 	-1320.00  -360.00     0.00     0.00     0.00     0.00
   	   31.00  -123.00     0.00    90.00
   	   31.00  -123.00     0.00    90.00
   3 	-1200.00  -360.00     0.00     0.00     0.00     0.00
   3 	-1200.00  -360.00     0.00     0.00     0.00     0.00
   	   31.00  -123.00     0.00    90.00
   	   31.00  -123.00     0.00    90.00
   4 	-1080.00  -360.00     0.00     0.00     0.00     0.00
   4 	-1080.00  -360.00     0.00     0.00     0.00     0.00
   	   31.00  -123.00     0.00    90.00
   	   31.00  -123.00     0.00    90.00
   5 	 -960.00  -360.00     0.00     0.00     0.00     0.00
   5 	 -960.00  -360.00     0.00     0.00     0.00     0.00
   	   31.00  -123.00     0.00    90.00
   	   31.00  -123.00     0.00    90.00
   6 	-1320.00  -240.00     0.00     0.00     0.00     0.00
   6 	-1320.00  -240.00     0.00     0.00     0.00     0.00
   	   31.00  -123.00     0.00    90.00
   	   31.00  -123.00     0.00    90.00
   7 	-1200.00  -240.00     0.00     0.00     0.00     0.00
   7 	-1200.00  -240.00     0.00     0.00     0.00     0.00
   	   31.00  -123.00     0.00    90.00
   	   31.00  -123.00     0.00    90.00
   8 	-1080.00  -240.00     0.00     0.00     0.00     0.00
   8 	-1080.00  -240.00     0.00     0.00     0.00     0.00
   	   31.00  -123.00     0.00    90.00
   	   31.00  -123.00     0.00    90.00
   9 	 -960.00  -240.00     0.00     0.00     0.00     0.00
   9 	 -960.00  -240.00     0.00     0.00     0.00     0.00
   	   31.00  -123.00     0.00    90.00
   	   31.00  -123.00     0.00    90.00
  10 	-1320.00  -120.00     0.00     0.00     0.00     0.00
  10 	-1320.00  -120.00     0.00     0.00     0.00     0.00
   	   31.00  -123.00     0.00    90.00
   	   31.00  -123.00     0.00    90.00
  11 	-1200.00  -120.00     0.00     0.00     0.00     0.00
  11 	-1200.00  -120.00     0.00     0.00     0.00     0.00
   	   31.00  -123.00     0.00    90.00
   	   31.00  -123.00     0.00    90.00
  12 	-1080.00  -120.00     0.00     0.00     0.00     0.00
  12 	-1080.00  -120.00     0.00     0.00     0.00     0.00
   	   31.00  -123.00     0.00    90.00
   	   31.00  -123.00     0.00    90.00
  13 	 -960.00  -120.00     0.00     0.00     0.00     0.00
  13 	 -960.00  -120.00     0.00     0.00     0.00     0.00
   	   31.00  -123.00     0.00    90.00
   	   31.00  -123.00     0.00    90.00
  14 	  480.00  -360.00     0.00     0.00     0.00     0.00
  14 	  480.00  -360.00     0.00     0.00     0.00     0.00
   	   31.00  -123.00     0.00    90.00
   	   31.00  -123.00     0.00    90.00
  15 	  600.00  -360.00     0.00     0.00     0.00     0.00
  15 	  600.00  -360.00     0.00     0.00     0.00     0.00
   	   31.00  -123.00     0.00    90.00
   	   31.00  -123.00     0.00    90.00
  16 	  480.00  -240.00     0.00     0.00     0.00     0.00
  16 	  480.00  -240.00     0.00     0.00     0.00     0.00
   	   31.00  -123.00     0.00    90.00
   	   31.00  -123.00     0.00    90.00
  17 	  600.00  -240.00     0.00     0.00     0.00     0.00
  17 	  600.00  -240.00     0.00     0.00     0.00     0.00
   	   31.00  -123.00     0.00    90.00
   	   31.00  -123.00     0.00    90.00
  18 	  480.00  -120.00     0.00     0.00     0.00     0.00
  18 	  480.00  -120.00     0.00     0.00     0.00     0.00
   	   31.00  -123.00     0.00    90.00
   	   31.00  -123.00     0.00    90.00
  19 	  600.00  -120.00     0.00     0.00     0.00     0.00
  19 	  600.00  -120.00     0.00     0.00     0.00     0.00
   	   31.00  -123.00     0.00    90.00
   	   31.00  -123.00     0.00    90.00
  20 	  480.00     0.00     0.00     0.00     0.00     0.00
  20 	  480.00     0.00     0.00     0.00     0.00     0.00
   	   31.00  -123.00     0.00    90.00
   	   31.00  -123.00     0.00    90.00
  21 	  600.00     0.00     0.00     0.00     0.00     0.00
  21 	  600.00     0.00     0.00     0.00     0.00     0.00
   	   31.00  -123.00     0.00    90.00
   	   31.00  -123.00     0.00    90.00
  22 	  480.00   120.00     0.00     0.00     0.00     0.00
  22 	  480.00   120.00     0.00     0.00     0.00     0.00
   	   31.00  -123.00     0.00    90.00
   	   31.00  -123.00     0.00    90.00
  23 	  600.00   120.00     0.00     0.00     0.00     0.00
  23 	  600.00   120.00     0.00     0.00     0.00     0.00
   	   31.00  -123.00     0.00    90.00
   	   31.00  -123.00     0.00    90.00
  24 	  480.00   240.00     0.00     0.00     0.00     0.00
  24 	  480.00   240.00     0.00     0.00     0.00     0.00
   	   31.00  -123.00     0.00    90.00
   	   31.00  -123.00     0.00    90.00
  25 	  600.00   240.00     0.00     0.00     0.00     0.00
  25 	  600.00   240.00     0.00     0.00     0.00     0.00
   	   31.00  -123.00     0.00    90.00
   	   31.00  -123.00     0.00    90.00
  26 	  480.00   360.00     0.00     0.00     0.00     0.00
  26 	  480.00   360.00     0.00     0.00     0.00     0.00
   	   31.00  -123.00     0.00    90.00
   	   31.00  -123.00     0.00    90.00
  27 	  600.00   360.00     0.00     0.00     0.00     0.00
  27 	  600.00   360.00     0.00     0.00     0.00     0.00
   	   31.00  -123.00     0.00    90.00
   	   31.00  -123.00     0.00    90.00
  28 	  480.00   480.00     0.00     0.00     0.00     0.00
  28 	  480.00   480.00     0.00     0.00     0.00     0.00
   	   31.00  -123.00     0.00    90.00
   	   31.00  -123.00     0.00    90.00
  29 	  600.00   480.00     0.00     0.00     0.00     0.00
  29 	  600.00   480.00     0.00     0.00     0.00     0.00
   	   31.00  -123.00     0.00    90.00
   	   31.00  -123.00     0.00    90.00
  30 	  480.00   600.00     0.00     0.00     0.00     0.00
  30 	  480.00   600.00     0.00     0.00     0.00     0.00
   	   31.00  -123.00     0.00    90.00
   	   31.00  -123.00     0.00    90.00
  31 	  600.00   600.00     0.00     0.00     0.00     0.00
  31 	  600.00   600.00     0.00     0.00     0.00     0.00
   	   31.00  -123.00     0.00    90.00
   	   31.00  -123.00     0.00    90.00
  32 	  480.00   720.00     0.00     0.00     0.00     0.00
  32 	  480.00   720.00     0.00     0.00     0.00     0.00
   	   31.00  -123.00     0.00    90.00
   	   31.00  -123.00     0.00    90.00
  33 	  600.00   720.00     0.00     0.00     0.00     0.00
  33 	  600.00   720.00     0.00     0.00     0.00     0.00
   	   31.00  -123.00     0.00    90.00
   	   31.00  -123.00     0.00    90.00
  34 	  480.00   840.00     0.00     0.00     0.00     0.00
  34 	  480.00   840.00     0.00     0.00     0.00     0.00
   	   31.00  -123.00     0.00    90.00
   	   31.00  -123.00     0.00    90.00
  35 	  600.00   840.00     0.00     0.00     0.00     0.00
  35 	  600.00   840.00     0.00     0.00     0.00     0.00
   	   31.00  -123.00     0.00    90.00
   	   31.00  -123.00     0.00    90.00
  36 	  480.00   960.00     0.00     0.00     0.00     0.00
  36 	  480.00   960.00     0.00     0.00     0.00     0.00
   	   31.00  -123.00     0.00    90.00
   	   31.00  -123.00     0.00    90.00
  37 	  600.00   960.00     0.00     0.00     0.00     0.00
  37 	  600.00   960.00     0.00     0.00     0.00     0.00
   	   31.00  -123.00     0.00    90.00
   	   31.00  -123.00     0.00    90.00
  38 	  240.00  -480.00     0.00     0.00     0.00     0.00
  38 	  240.00  -480.00     0.00     0.00     0.00     0.00
   	   31.00  -123.00     0.00    90.00
   	   31.00  -123.00     0.00    90.00

** End writing output file: ../inputs/gr22.dat 
