*******************************************************************************
                         ARRAY PREPROCESSOR ver. 1.0
*******************************************************************************



   1	GROUP testgroup
   3	 GRID HEXAGONAL
   4	 ELEMENT
   5	 GEOMETRY CIRCULAR 5
   6	 POLARIZATION CIRCULAR RH
   8	 ADD NODE 3 8
   9	 ADD HEXAGON -1 4
  11	 GROUP_EXCITATION
  12	 AMPLITUDE UNIFORM 27
  13	 PHASE UNIFORM 38
  14	 END

** Generating GROUP: testgroup.
** PSTEP,QSTEP set to:10.000000,10.000000
** Grid ANGLE set to:60.000000 
** Group ROT_ANGLE set to: 0.000000 

** Writing output file: ../inputs/gr224.dat

NEL 
NPORTS
IDUM      REXA     REYA     REZA     THEA     PHEA     PSEA 
          AMP      PSH      PSC      PHEPOL
   8
   8
   1
   1
   1 	   70.00    69.28     0.00     0.00     0.00     0.00
   1 	   70.00    69.28     0.00     0.00     0.00     0.00
   	   27.00    38.00     0.00    90.00
   	   27.00    38.00     0.00    90.00
   2 	    5.00    43.30     0.00     0.00     0.00     0.00
   2 	    5.00    43.30     0.00     0.00     0.00     0.00
   	   27.00    38.00     0.00    90.00
   	   27.00    38.00     0.00    90.00
   3 	   15.00    43.30     0.00     0.00     0.00     0.00
   3 	   15.00    43.30     0.00     0.00     0.00     0.00
   	   27.00    38.00     0.00    90.00
   	   27.00    38.00     0.00    90.00
   4 	   20.00    34.64     0.00     0.00     0.00     0.00
   4 	   20.00    34.64     0.00     0.00     0.00     0.00
   	   27.00    38.00     0.00    90.00
   	   27.00    38.00     0.00    90.00
   5 	   15.00    25.98     0.00     0.00     0.00     0.00
   5 	   15.00    25.98     0.00     0.00     0.00     0.00
   	   27.00    38.00     0.00    90.00
   	   27.00    38.00     0.00    90.00
   6 	    5.00    25.98     0.00     0.00     0.00     0.00
   6 	    5.00    25.98     0.00     0.00     0.00     0.00
   	   27.00    38.00     0.00    90.00
   	   27.00    38.00     0.00    90.00
   7 	   -0.00    34.64     0.00     0.00     0.00     0.00
   7 	   -0.00    34.64     0.00     0.00     0.00     0.00
   	   27.00    38.00     0.00    90.00
   	   27.00    38.00     0.00    90.00
   8 	   10.00    34.64     0.00     0.00     0.00     0.00
   8 	   10.00    34.64     0.00     0.00     0.00     0.00
   	   27.00    38.00     0.00    90.00
   	   27.00    38.00     0.00    90.00

** End writing output file: ../inputs/gr224.dat 
