*******************************************************************************
                         ARRAY PREPROCESSOR ver. 1.0
*******************************************************************************



   1	GROUP testgroup
   3	 GRID RECTANGULAR
   4	 ELEMENT
   5	 GEOMETRY CIRCULAR 84
   6	 POLARIZATION LINEAR
   7	 ADD NODE 1 -1 ORIENTATION THETA -9 PHI 8 PSI 19
   8	 ADD BLOCK 1 0 4 -2
  10	 GROUP_EXCITATION
  11	 AMPLITUDE UNIFORM 23
  12	 PHASE UNIFORM 50
  13	 END

** Generating GROUP: testgroup.
** PSTEP,QSTEP set to:168.000000,168.000000
** Grid ANGLE set to:90.000000 
** Group ROT_ANGLE set to: 0.000000 

** Writing output file: ../inputs/gr227.dat

NEL 
NPORTS
IDUM      REXA     REYA     REZA     THEA     PHEA     PSEA 
          AMP      PSH      PSC      PHEPOL
  13
  13
   1
   1
   1 	  168.00  -168.00     0.00    -9.00     8.00    19.00
   1 	  168.00  -168.00     0.00    -9.00     8.00    19.00
   	   23.00    50.00     0.00    90.00
   	   23.00    50.00     0.00    90.00
   2 	  168.00  -336.00     0.00     0.00     0.00     0.00
   2 	  168.00  -336.00     0.00     0.00     0.00     0.00
   	   23.00    50.00     0.00    90.00
   	   23.00    50.00     0.00    90.00
   3 	  336.00  -336.00     0.00     0.00     0.00     0.00
   3 	  336.00  -336.00     0.00     0.00     0.00     0.00
   	   23.00    50.00     0.00    90.00
   	   23.00    50.00     0.00    90.00
   4 	  504.00  -336.00     0.00     0.00     0.00     0.00
   4 	  504.00  -336.00     0.00     0.00     0.00     0.00
   	   23.00    50.00     0.00    90.00
   	   23.00    50.00     0.00    90.00
   5 	  672.00  -336.00     0.00     0.00     0.00     0.00
   5 	  672.00  -336.00     0.00     0.00     0.00     0.00
   	   23.00    50.00     0.00    90.00
   	   23.00    50.00     0.00    90.00
   6 	  168.00  -168.00     0.00     0.00     0.00     0.00
   6 	  168.00  -168.00     0.00     0.00     0.00     0.00
   	   23.00    50.00     0.00    90.00
   	   23.00    50.00     0.00    90.00
   7 	  336.00  -168.00     0.00     0.00     0.00     0.00
   7 	  336.00  -168.00     0.00     0.00     0.00     0.00
   	   23.00    50.00     0.00    90.00
   	   23.00    50.00     0.00    90.00
   8 	  504.00  -168.00     0.00     0.00     0.00     0.00
   8 	  504.00  -168.00     0.00     0.00     0.00     0.00
   	   23.00    50.00     0.00    90.00
   	   23.00    50.00     0.00    90.00
   9 	  672.00  -168.00     0.00     0.00     0.00     0.00
   9 	  672.00  -168.00     0.00     0.00     0.00     0.00
   	   23.00    50.00     0.00    90.00
   	   23.00    50.00     0.00    90.00
  10 	  168.00     0.00     0.00     0.00     0.00     0.00
  10 	  168.00     0.00     0.00     0.00     0.00     0.00
   	   23.00    50.00     0.00    90.00
   	   23.00    50.00     0.00    90.00
  11 	  336.00     0.00     0.00     0.00     0.00     0.00
  11 	  336.00     0.00     0.00     0.00     0.00     0.00
   	   23.00    50.00     0.00    90.00
   	   23.00    50.00     0.00    90.00
  12 	  504.00     0.00     0.00     0.00     0.00     0.00
  12 	  504.00     0.00     0.00     0.00     0.00     0.00
   	   23.00    50.00     0.00    90.00
   	   23.00    50.00     0.00    90.00
  13 	  672.00     0.00     0.00     0.00     0.00     0.00
  13 	  672.00     0.00     0.00     0.00     0.00     0.00
   	   23.00    50.00     0.00    90.00
   	   23.00    50.00     0.00    90.00

** End writing output file: ../inputs/gr227.dat 
