*******************************************************************************
                         ARRAY PREPROCESSOR ver. 1.0
*******************************************************************************



   1	GROUP testgroup
   3	 GRID TRIANGULAR ANGLE 54 PSTEP 65 QSTEP 98
   4	 ELEMENT
   5	 GEOMETRY CIRCULAR 18
   7	 ADD HEXAGON 5 -6
   8	 ADD BLOCK -5 9 11 0
   9	 ADD BLOCK -6 3 6 4
  10	 ADD BLOCK -1 1 -4 -3
  12	 GROUP_EXCITATION
  13	 AMPLITUDE UNIFORM 16
  14	 PHASE UNIFORM -65
  15	 END

** Generating GROUP: testgroup.
** PSTEP,QSTEP set to:65.000000,98.000000
** Grid ANGLE set to:54.000000 
** Group ROT_ANGLE set to: 0.000000 

** Writing output file: ../inputs/gr231.dat

NEL 
NPORTS
IDUM      REXA     REYA     REZA     THEA     PHEA     PSEA 
          AMP      PSH      PSC      PHEPOL
 223
 223
   1
   1
   1 	  -28.01  -396.42     0.00     0.00     0.00     0.00
   1 	  -28.01  -396.42     0.00     0.00     0.00     0.00
   	   16.00   -65.00     0.00    90.00
   	   16.00   -65.00     0.00    90.00
   2 	   36.99  -396.42     0.00     0.00     0.00     0.00
   2 	   36.99  -396.42     0.00     0.00     0.00     0.00
   	   16.00   -65.00     0.00    90.00
   	   16.00   -65.00     0.00    90.00
   3 	   44.38  -475.70     0.00     0.00     0.00     0.00
   3 	   44.38  -475.70     0.00     0.00     0.00     0.00
   	   16.00   -65.00     0.00    90.00
   	   16.00   -65.00     0.00    90.00
   4 	  -13.22  -554.99     0.00     0.00     0.00     0.00
   4 	  -13.22  -554.99     0.00     0.00     0.00     0.00
   	   16.00   -65.00     0.00    90.00
   	   16.00   -65.00     0.00    90.00
   5 	  -78.22  -554.99     0.00     0.00     0.00     0.00
   5 	  -78.22  -554.99     0.00     0.00     0.00     0.00
   	   16.00   -65.00     0.00    90.00
   	   16.00   -65.00     0.00    90.00
   6 	  -85.62  -475.70     0.00     0.00     0.00     0.00
   6 	  -85.62  -475.70     0.00     0.00     0.00     0.00
   	   16.00   -65.00     0.00    90.00
   	   16.00   -65.00     0.00    90.00
   7 	  -20.62  -475.70     0.00     0.00     0.00     0.00
   7 	  -20.62  -475.70     0.00     0.00     0.00     0.00
   	   16.00   -65.00     0.00    90.00
   	   16.00   -65.00     0.00    90.00
   8 	 -325.00     0.00     0.00     0.00     0.00     0.00
   8 	 -325.00     0.00     0.00     0.00     0.00     0.00
   	   16.00   -65.00     0.00    90.00
   	   16.00   -65.00     0.00    90.00
   9 	 -260.00     0.00     0.00     0.00     0.00     0.00
   9 	 -260.00     0.00     0.00     0.00     0.00     0.00
   	   16.00   -65.00     0.00    90.00
   	   16.00   -65.00     0.00    90.00
  10 	 -195.00     0.00     0.00     0.00     0.00     0.00
  10 	 -195.00     0.00     0.00     0.00     0.00     0.00
   	   16.00   -65.00     0.00    90.00
   	   16.00   -65.00     0.00    90.00
  11 	 -130.00     0.00     0.00     0.00     0.00     0.00
  11 	 -130.00     0.00     0.00     0.00     0.00     0.00
   	   16.00   -65.00     0.00    90.00
   	   16.00   -65.00     0.00    90.00
  12 	  -65.00     0.00     0.00     0.00     0.00     0.00
  12 	  -65.00     0.00     0.00     0.00     0.00     0.00
   	   16.00   -65.00     0.00    90.00
   	   16.00   -65.00     0.00    90.00
  13 	    0.00     0.00     0.00     0.00     0.00     0.00
  13 	    0.00     0.00     0.00     0.00     0.00     0.00
   	   16.00   -65.00     0.00    90.00
   	   16.00   -65.00     0.00    90.00
  14 	   65.00     0.00     0.00     0.00     0.00     0.00
  14 	   65.00     0.00     0.00     0.00     0.00     0.00
   	   16.00   -65.00     0.00    90.00
   	   16.00   -65.00     0.00    90.00
  15 	  130.00     0.00     0.00     0.00     0.00     0.00
  15 	  130.00     0.00     0.00     0.00     0.00     0.00
   	   16.00   -65.00     0.00    90.00
   	   16.00   -65.00     0.00    90.00
  16 	  195.00     0.00     0.00     0.00     0.00     0.00
  16 	  195.00     0.00     0.00     0.00     0.00     0.00
   	   16.00   -65.00     0.00    90.00
   	   16.00   -65.00     0.00    90.00
  17 	  260.00     0.00     0.00     0.00     0.00     0.00
  17 	  260.00     0.00     0.00     0.00     0.00     0.00
   	   16.00   -65.00     0.00    90.00
   	   16.00   -65.00     0.00    90.00
  18 	  325.00     0.00     0.00     0.00     0.00     0.00
  18 	  325.00     0.00     0.00     0.00     0.00     0.00
   	   16.00   -65.00     0.00    90.00
   	   16.00   -65.00     0.00    90.00
  19 	  390.00     0.00     0.00     0.00     0.00     0.00
  19 	  390.00     0.00     0.00     0.00     0.00     0.00
   	   16.00   -65.00     0.00    90.00
   	   16.00   -65.00     0.00    90.00
  20 	  455.00     0.00     0.00     0.00     0.00     0.00
  20 	  455.00     0.00     0.00     0.00     0.00     0.00
   	   16.00   -65.00     0.00    90.00
   	   16.00   -65.00     0.00    90.00
  21 	  520.00     0.00     0.00     0.00     0.00     0.00
  21 	  520.00     0.00     0.00     0.00     0.00     0.00
   	   16.00   -65.00     0.00    90.00
   	   16.00   -65.00     0.00    90.00
  22 	  585.00     0.00     0.00     0.00     0.00     0.00
  22 	  585.00     0.00     0.00     0.00     0.00     0.00
   	   16.00   -65.00     0.00    90.00
   	   16.00   -65.00     0.00    90.00
  23 	  650.00     0.00     0.00     0.00     0.00     0.00
  23 	  650.00     0.00     0.00     0.00     0.00     0.00
   	   16.00   -65.00     0.00    90.00
   	   16.00   -65.00     0.00    90.00
  24 	  715.00     0.00     0.00     0.00     0.00     0.00
  24 	  715.00     0.00     0.00     0.00     0.00     0.00
   	   16.00   -65.00     0.00    90.00
   	   16.00   -65.00     0.00    90.00
  25 	 -267.40    79.28     0.00     0.00     0.00     0.00
  25 	 -267.40    79.28     0.00     0.00     0.00     0.00
   	   16.00   -65.00     0.00    90.00
   	   16.00   -65.00     0.00    90.00
  26 	 -202.40    79.28     0.00     0.00     0.00     0.00
  26 	 -202.40    79.28     0.00     0.00     0.00     0.00
   	   16.00   -65.00     0.00    90.00
   	   16.00   -65.00     0.00    90.00
  27 	 -137.40    79.28     0.00     0.00     0.00     0.00
  27 	 -137.40    79.28     0.00     0.00     0.00     0.00
   	   16.00   -65.00     0.00    90.00
   	   16.00   -65.00     0.00    90.00
  28 	  -72.40    79.28     0.00     0.00     0.00     0.00
  28 	  -72.40    79.28     0.00     0.00     0.00     0.00
   	   16.00   -65.00     0.00    90.00
   	   16.00   -65.00     0.00    90.00
  29 	   -7.40    79.28     0.00     0.00     0.00     0.00
  29 	   -7.40    79.28     0.00     0.00     0.00     0.00
   	   16.00   -65.00     0.00    90.00
   	   16.00   -65.00     0.00    90.00
  30 	   57.60    79.28     0.00     0.00     0.00     0.00
  30 	   57.60    79.28     0.00     0.00     0.00     0.00
   	   16.00   -65.00     0.00    90.00
   	   16.00   -65.00     0.00    90.00
  31 	  122.60    79.28     0.00     0.00     0.00     0.00
  31 	  122.60    79.28     0.00     0.00     0.00     0.00
   	   16.00   -65.00     0.00    90.00
   	   16.00   -65.00     0.00    90.00
  32 	  187.60    79.28     0.00     0.00     0.00     0.00
  32 	  187.60    79.28     0.00     0.00     0.00     0.00
   	   16.00   -65.00     0.00    90.00
   	   16.00   -65.00     0.00    90.00
  33 	  252.60    79.28     0.00     0.00     0.00     0.00
  33 	  252.60    79.28     0.00     0.00     0.00     0.00
   	   16.00   -65.00     0.00    90.00
   	   16.00   -65.00     0.00    90.00
  34 	  317.60    79.28     0.00     0.00     0.00     0.00
  34 	  317.60    79.28     0.00     0.00     0.00     0.00
   	   16.00   -65.00     0.00    90.00
   	   16.00   -65.00     0.00    90.00
  35 	  382.60    79.28     0.00     0.00     0.00     0.00
  35 	  382.60    79.28     0.00     0.00     0.00     0.00
   	   16.00   -65.00     0.00    90.00
   	   16.00   -65.00     0.00    90.00
  36 	  447.60    79.28     0.00     0.00     0.00     0.00
  36 	  447.60    79.28     0.00     0.00     0.00     0.00
   	   16.00   -65.00     0.00    90.00
   	   16.00   -65.00     0.00    90.00
  37 	  512.60    79.28     0.00     0.00     0.00     0.00
  37 	  512.60    79.28     0.00     0.00     0.00     0.00
   	   16.00   -65.00     0.00    90.00
   	   16.00   -65.00     0.00    90.00
  38 	  577.60    79.28     0.00     0.00     0.00     0.00
  38 	  577.60    79.28     0.00     0.00     0.00     0.00
   	   16.00   -65.00     0.00    90.00
   	   16.00   -65.00     0.00    90.00
  39 	  642.60    79.28     0.00     0.00     0.00     0.00
  39 	  642.60    79.28     0.00     0.00     0.00     0.00
   	   16.00   -65.00     0.00    90.00
   	   16.00   -65.00     0.00    90.00
  40 	  707.60    79.28     0.00     0.00     0.00     0.00
  40 	  707.60    79.28     0.00     0.00     0.00     0.00
   	   16.00   -65.00     0.00    90.00
   	   16.00   -65.00     0.00    90.00
  41 	  772.60    79.28     0.00     0.00     0.00     0.00
  41 	  772.60    79.28     0.00     0.00     0.00     0.00
   	   16.00   -65.00     0.00    90.00
   	   16.00   -65.00     0.00    90.00
  42 	 -209.79   158.57     0.00     0.00     0.00     0.00
  42 	 -209.79   158.57     0.00     0.00     0.00     0.00
   	   16.00   -65.00     0.00    90.00
   	   16.00   -65.00     0.00    90.00
  43 	 -144.79   158.57     0.00     0.00     0.00     0.00
  43 	 -144.79   158.57     0.00     0.00     0.00     0.00
   	   16.00   -65.00     0.00    90.00
   	   16.00   -65.00     0.00    90.00
  44 	  -79.79   158.57     0.00     0.00     0.00     0.00
  44 	  -79.79   158.57     0.00     0.00     0.00     0.00
   	   16.00   -65.00     0.00    90.00
   	   16.00   -65.00     0.00    90.00
  45 	  -14.79   158.57     0.00     0.00     0.00     0.00
  45 	  -14.79   158.57     0.00     0.00     0.00     0.00
   	   16.00   -65.00     0.00    90.00
   	   16.00   -65.00     0.00    90.00
  46 	   50.21   158.57     0.00     0.00     0.00     0.00
  46 	   50.21   158.57     0.00     0.00     0.00     0.00
   	   16.00   -65.00     0.00    90.00
   	   16.00   -65.00     0.00    90.00
  47 	  115.21   158.57     0.00     0.00     0.00     0.00
  47 	  115.21   158.57     0.00     0.00     0.00     0.00
   	   16.00   -65.00     0.00    90.00
   	   16.00   -65.00     0.00    90.00
  48 	  180.21   158.57     0.00     0.00     0.00     0.00
  48 	  180.21   158.57     0.00     0.00     0.00     0.00
   	   16.00   -65.00     0.00    90.00
   	   16.00   -65.00     0.00    90.00
  49 	  245.21   158.57     0.00     0.00     0.00     0.00
  49 	  245.21   158.57     0.00     0.00     0.00     0.00
   	   16.00   -65.00     0.00    90.00
   	   16.00   -65.00     0.00    90.00
  50 	  310.21   158.57     0.00     0.00     0.00     0.00
  50 	  310.21   158.57     0.00     0.00     0.00     0.00
   	   16.00   -65.00     0.00    90.00
   	   16.00   -65.00     0.00    90.00
  51 	  375.21   158.57     0.00     0.00     0.00     0.00
  51 	  375.21   158.57     0.00     0.00     0.00     0.00
   	   16.00   -65.00     0.00    90.00
   	   16.00   -65.00     0.00    90.00
  52 	  440.21   158.57     0.00     0.00     0.00     0.00
  52 	  440.21   158.57     0.00     0.00     0.00     0.00
   	   16.00   -65.00     0.00    90.00
   	   16.00   -65.00     0.00    90.00
  53 	  505.21   158.57     0.00     0.00     0.00     0.00
  53 	  505.21   158.57     0.00     0.00     0.00     0.00
   	   16.00   -65.00     0.00    90.00
   	   16.00   -65.00     0.00    90.00
  54 	  570.21   158.57     0.00     0.00     0.00     0.00
  54 	  570.21   158.57     0.00     0.00     0.00     0.00
   	   16.00   -65.00     0.00    90.00
   	   16.00   -65.00     0.00    90.00
  55 	  635.21   158.57     0.00     0.00     0.00     0.00
  55 	  635.21   158.57     0.00     0.00     0.00     0.00
   	   16.00   -65.00     0.00    90.00
   	   16.00   -65.00     0.00    90.00
  56 	  700.21   158.57     0.00     0.00     0.00     0.00
  56 	  700.21   158.57     0.00     0.00     0.00     0.00
   	   16.00   -65.00     0.00    90.00
   	   16.00   -65.00     0.00    90.00
  57 	  765.21   158.57     0.00     0.00     0.00     0.00
  57 	  765.21   158.57     0.00     0.00     0.00     0.00
   	   16.00   -65.00     0.00    90.00
   	   16.00   -65.00     0.00    90.00
  58 	  830.21   158.57     0.00     0.00     0.00     0.00
  58 	  830.21   158.57     0.00     0.00     0.00     0.00
   	   16.00   -65.00     0.00    90.00
   	   16.00   -65.00     0.00    90.00
  59 	 -152.19   237.85     0.00     0.00     0.00     0.00
  59 	 -152.19   237.85     0.00     0.00     0.00     0.00
   	   16.00   -65.00     0.00    90.00
   	   16.00   -65.00     0.00    90.00
  60 	  -87.19   237.85     0.00     0.00     0.00     0.00
  60 	  -87.19   237.85     0.00     0.00     0.00     0.00
   	   16.00   -65.00     0.00    90.00
   	   16.00   -65.00     0.00    90.00
  61 	  -22.19   237.85     0.00     0.00     0.00     0.00
  61 	  -22.19   237.85     0.00     0.00     0.00     0.00
   	   16.00   -65.00     0.00    90.00
   	   16.00   -65.00     0.00    90.00
  62 	   42.81   237.85     0.00     0.00     0.00     0.00
  62 	   42.81   237.85     0.00     0.00     0.00     0.00
   	   16.00   -65.00     0.00    90.00
   	   16.00   -65.00     0.00    90.00
  63 	  107.81   237.85     0.00     0.00     0.00     0.00
  63 	  107.81   237.85     0.00     0.00     0.00     0.00
   	   16.00   -65.00     0.00    90.00
   	   16.00   -65.00     0.00    90.00
  64 	  172.81   237.85     0.00     0.00     0.00     0.00
  64 	  172.81   237.85     0.00     0.00     0.00     0.00
   	   16.00   -65.00     0.00    90.00
   	   16.00   -65.00     0.00    90.00
  65 	  237.81   237.85     0.00     0.00     0.00     0.00
  65 	  237.81   237.85     0.00     0.00     0.00     0.00
   	   16.00   -65.00     0.00    90.00
   	   16.00   -65.00     0.00    90.00
  66 	  302.81   237.85     0.00     0.00     0.00     0.00
  66 	  302.81   237.85     0.00     0.00     0.00     0.00
   	   16.00   -65.00     0.00    90.00
   	   16.00   -65.00     0.00    90.00
  67 	  367.81   237.85     0.00     0.00     0.00     0.00
  67 	  367.81   237.85     0.00     0.00     0.00     0.00
   	   16.00   -65.00     0.00    90.00
   	   16.00   -65.00     0.00    90.00
  68 	  432.81   237.85     0.00     0.00     0.00     0.00
  68 	  432.81   237.85     0.00     0.00     0.00     0.00
   	   16.00   -65.00     0.00    90.00
   	   16.00   -65.00     0.00    90.00
  69 	  497.81   237.85     0.00     0.00     0.00     0.00
  69 	  497.81   237.85     0.00     0.00     0.00     0.00
   	   16.00   -65.00     0.00    90.00
   	   16.00   -65.00     0.00    90.00
  70 	  562.81   237.85     0.00     0.00     0.00     0.00
  70 	  562.81   237.85     0.00     0.00     0.00     0.00
   	   16.00   -65.00     0.00    90.00
   	   16.00   -65.00     0.00    90.00
  71 	  627.81   237.85     0.00     0.00     0.00     0.00
  71 	  627.81   237.85     0.00     0.00     0.00     0.00
   	   16.00   -65.00     0.00    90.00
   	   16.00   -65.00     0.00    90.00
  72 	  692.81   237.85     0.00     0.00     0.00     0.00
  72 	  692.81   237.85     0.00     0.00     0.00     0.00
   	   16.00   -65.00     0.00    90.00
   	   16.00   -65.00     0.00    90.00
  73 	  757.81   237.85     0.00     0.00     0.00     0.00
  73 	  757.81   237.85     0.00     0.00     0.00     0.00
   	   16.00   -65.00     0.00    90.00
   	   16.00   -65.00     0.00    90.00
  74 	  822.81   237.85     0.00     0.00     0.00     0.00
  74 	  822.81   237.85     0.00     0.00     0.00     0.00
   	   16.00   -65.00     0.00    90.00
   	   16.00   -65.00     0.00    90.00
  75 	  887.81   237.85     0.00     0.00     0.00     0.00
  75 	  887.81   237.85     0.00     0.00     0.00     0.00
   	   16.00   -65.00     0.00    90.00
   	   16.00   -65.00     0.00    90.00
  76 	  -94.59   317.13     0.00     0.00     0.00     0.00
  76 	  -94.59   317.13     0.00     0.00     0.00     0.00
   	   16.00   -65.00     0.00    90.00
   	   16.00   -65.00     0.00    90.00
  77 	  -29.59   317.13     0.00     0.00     0.00     0.00
  77 	  -29.59   317.13     0.00     0.00     0.00     0.00
   	   16.00   -65.00     0.00    90.00
   	   16.00   -65.00     0.00    90.00
  78 	   35.41   317.13     0.00     0.00     0.00     0.00
  78 	   35.41   317.13     0.00     0.00     0.00     0.00
   	   16.00   -65.00     0.00    90.00
   	   16.00   -65.00     0.00    90.00
  79 	  100.41   317.13     0.00     0.00     0.00     0.00
  79 	  100.41   317.13     0.00     0.00     0.00     0.00
   	   16.00   -65.00     0.00    90.00
   	   16.00   -65.00     0.00    90.00
  80 	  165.41   317.13     0.00     0.00     0.00     0.00
  80 	  165.41   317.13     0.00     0.00     0.00     0.00
   	   16.00   -65.00     0.00    90.00
   	   16.00   -65.00     0.00    90.00
  81 	  230.41   317.13     0.00     0.00     0.00     0.00
  81 	  230.41   317.13     0.00     0.00     0.00     0.00
   	   16.00   -65.00     0.00    90.00
   	   16.00   -65.00     0.00    90.00
  82 	  295.41   317.13     0.00     0.00     0.00     0.00
  82 	  295.41   317.13     0.00     0.00     0.00     0.00
   	   16.00   -65.00     0.00    90.00
   	   16.00   -65.00     0.00    90.00
  83 	  360.41   317.13     0.00     0.00     0.00     0.00
  83 	  360.41   317.13     0.00     0.00     0.00     0.00
   	   16.00   -65.00     0.00    90.00
   	   16.00   -65.00     0.00    90.00
  84 	  425.41   317.13     0.00     0.00     0.00     0.00
  84 	  425.41   317.13     0.00     0.00     0.00     0.00
   	   16.00   -65.00     0.00    90.00
   	   16.00   -65.00     0.00    90.00
  85 	  490.41   317.13     0.00     0.00     0.00     0.00
  85 	  490.41   317.13     0.00     0.00     0.00     0.00
   	   16.00   -65.00     0.00    90.00
   	   16.00   -65.00     0.00    90.00
  86 	  555.41   317.13     0.00     0.00     0.00     0.00
  86 	  555.41   317.13     0.00     0.00     0.00     0.00
   	   16.00   -65.00     0.00    90.00
   	   16.00   -65.00     0.00    90.00
  87 	  620.41   317.13     0.00     0.00     0.00     0.00
  87 	  620.41   317.13     0.00     0.00     0.00     0.00
   	   16.00   -65.00     0.00    90.00
   	   16.00   -65.00     0.00    90.00
  88 	  685.41   317.13     0.00     0.00     0.00     0.00
  88 	  685.41   317.13     0.00     0.00     0.00     0.00
   	   16.00   -65.00     0.00    90.00
   	   16.00   -65.00     0.00    90.00
  89 	  750.41   317.13     0.00     0.00     0.00     0.00
  89 	  750.41   317.13     0.00     0.00     0.00     0.00
   	   16.00   -65.00     0.00    90.00
   	   16.00   -65.00     0.00    90.00
  90 	  815.41   317.13     0.00     0.00     0.00     0.00
  90 	  815.41   317.13     0.00     0.00     0.00     0.00
   	   16.00   -65.00     0.00    90.00
   	   16.00   -65.00     0.00    90.00
  91 	  880.41   317.13     0.00     0.00     0.00     0.00
  91 	  880.41   317.13     0.00     0.00     0.00     0.00
   	   16.00   -65.00     0.00    90.00
   	   16.00   -65.00     0.00    90.00
  92 	  945.41   317.13     0.00     0.00     0.00     0.00
  92 	  945.41   317.13     0.00     0.00     0.00     0.00
   	   16.00   -65.00     0.00    90.00
   	   16.00   -65.00     0.00    90.00
  93 	  -36.99   396.42     0.00     0.00     0.00     0.00
  93 	  -36.99   396.42     0.00     0.00     0.00     0.00
   	   16.00   -65.00     0.00    90.00
   	   16.00   -65.00     0.00    90.00
  94 	   28.01   396.42     0.00     0.00     0.00     0.00
  94 	   28.01   396.42     0.00     0.00     0.00     0.00
   	   16.00   -65.00     0.00    90.00
   	   16.00   -65.00     0.00    90.00
  95 	   93.01   396.42     0.00     0.00     0.00     0.00
  95 	   93.01   396.42     0.00     0.00     0.00     0.00
   	   16.00   -65.00     0.00    90.00
   	   16.00   -65.00     0.00    90.00
  96 	  158.01   396.42     0.00     0.00     0.00     0.00
  96 	  158.01   396.42     0.00     0.00     0.00     0.00
   	   16.00   -65.00     0.00    90.00
   	   16.00   -65.00     0.00    90.00
  97 	  223.01   396.42     0.00     0.00     0.00     0.00
  97 	  223.01   396.42     0.00     0.00     0.00     0.00
   	   16.00   -65.00     0.00    90.00
   	   16.00   -65.00     0.00    90.00
  98 	  288.01   396.42     0.00     0.00     0.00     0.00
  98 	  288.01   396.42     0.00     0.00     0.00     0.00
   	   16.00   -65.00     0.00    90.00
   	   16.00   -65.00     0.00    90.00
  99 	  353.01   396.42     0.00     0.00     0.00     0.00
  99 	  353.01   396.42     0.00     0.00     0.00     0.00
   	   16.00   -65.00     0.00    90.00
   	   16.00   -65.00     0.00    90.00
 100 	  418.01   396.42     0.00     0.00     0.00     0.00
 100 	  418.01   396.42     0.00     0.00     0.00     0.00
   	   16.00   -65.00     0.00    90.00
   	   16.00   -65.00     0.00    90.00
 101 	  483.01   396.42     0.00     0.00     0.00     0.00
 101 	  483.01   396.42     0.00     0.00     0.00     0.00
   	   16.00   -65.00     0.00    90.00
   	   16.00   -65.00     0.00    90.00
 102 	  548.01   396.42     0.00     0.00     0.00     0.00
 102 	  548.01   396.42     0.00     0.00     0.00     0.00
   	   16.00   -65.00     0.00    90.00
   	   16.00   -65.00     0.00    90.00
 103 	  613.01   396.42     0.00     0.00     0.00     0.00
 103 	  613.01   396.42     0.00     0.00     0.00     0.00
   	   16.00   -65.00     0.00    90.00
   	   16.00   -65.00     0.00    90.00
 104 	  678.01   396.42     0.00     0.00     0.00     0.00
 104 	  678.01   396.42     0.00     0.00     0.00     0.00
   	   16.00   -65.00     0.00    90.00
   	   16.00   -65.00     0.00    90.00
 105 	  743.01   396.42     0.00     0.00     0.00     0.00
 105 	  743.01   396.42     0.00     0.00     0.00     0.00
   	   16.00   -65.00     0.00    90.00
   	   16.00   -65.00     0.00    90.00
 106 	  808.01   396.42     0.00     0.00     0.00     0.00
 106 	  808.01   396.42     0.00     0.00     0.00     0.00
   	   16.00   -65.00     0.00    90.00
   	   16.00   -65.00     0.00    90.00
 107 	  873.01   396.42     0.00     0.00     0.00     0.00
 107 	  873.01   396.42     0.00     0.00     0.00     0.00
   	   16.00   -65.00     0.00    90.00
   	   16.00   -65.00     0.00    90.00
 108 	  938.01   396.42     0.00     0.00     0.00     0.00
 108 	  938.01   396.42     0.00     0.00     0.00     0.00
   	   16.00   -65.00     0.00    90.00
   	   16.00   -65.00     0.00    90.00
 109 	 1003.01   396.42     0.00     0.00     0.00     0.00
 109 	 1003.01   396.42     0.00     0.00     0.00     0.00
   	   16.00   -65.00     0.00    90.00
   	   16.00   -65.00     0.00    90.00
 110 	   20.62   475.70     0.00     0.00     0.00     0.00
 110 	   20.62   475.70     0.00     0.00     0.00     0.00
   	   16.00   -65.00     0.00    90.00
   	   16.00   -65.00     0.00    90.00
 111 	   85.62   475.70     0.00     0.00     0.00     0.00
 111 	   85.62   475.70     0.00     0.00     0.00     0.00
   	   16.00   -65.00     0.00    90.00
   	   16.00   -65.00     0.00    90.00
 112 	  150.62   475.70     0.00     0.00     0.00     0.00
 112 	  150.62   475.70     0.00     0.00     0.00     0.00
   	   16.00   -65.00     0.00    90.00
   	   16.00   -65.00     0.00    90.00
 113 	  215.62   475.70     0.00     0.00     0.00     0.00
 113 	  215.62   475.70     0.00     0.00     0.00     0.00
   	   16.00   -65.00     0.00    90.00
   	   16.00   -65.00     0.00    90.00
 114 	  280.62   475.70     0.00     0.00     0.00     0.00
 114 	  280.62   475.70     0.00     0.00     0.00     0.00
   	   16.00   -65.00     0.00    90.00
   	   16.00   -65.00     0.00    90.00
 115 	  345.62   475.70     0.00     0.00     0.00     0.00
 115 	  345.62   475.70     0.00     0.00     0.00     0.00
   	   16.00   -65.00     0.00    90.00
   	   16.00   -65.00     0.00    90.00
 116 	  410.62   475.70     0.00     0.00     0.00     0.00
 116 	  410.62   475.70     0.00     0.00     0.00     0.00
   	   16.00   -65.00     0.00    90.00
   	   16.00   -65.00     0.00    90.00
 117 	  475.62   475.70     0.00     0.00     0.00     0.00
 117 	  475.62   475.70     0.00     0.00     0.00     0.00
   	   16.00   -65.00     0.00    90.00
   	   16.00   -65.00     0.00    90.00
 118 	  540.62   475.70     0.00     0.00     0.00     0.00
 118 	  540.62   475.70     0.00     0.00     0.00     0.00
   	   16.00   -65.00     0.00    90.00
   	   16.00   -65.00     0.00    90.00
 119 	  605.62   475.70     0.00     0.00     0.00     0.00
 119 	  605.62   475.70     0.00     0.00     0.00     0.00
   	   16.00   -65.00     0.00    90.00
   	   16.00   -65.00     0.00    90.00
 120 	  670.62   475.70     0.00     0.00     0.00     0.00
 120 	  670.62   475.70     0.00     0.00     0.00     0.00
   	   16.00   -65.00     0.00    90.00
   	   16.00   -65.00     0.00    90.00
 121 	  735.62   475.70     0.00     0.00     0.00     0.00
 121 	  735.62   475.70     0.00     0.00     0.00     0.00
   	   16.00   -65.00     0.00    90.00
   	   16.00   -65.00     0.00    90.00
 122 	  800.62   475.70     0.00     0.00     0.00     0.00
 122 	  800.62   475.70     0.00     0.00     0.00     0.00
   	   16.00   -65.00     0.00    90.00
   	   16.00   -65.00     0.00    90.00
 123 	  865.62   475.70     0.00     0.00     0.00     0.00
 123 	  865.62   475.70     0.00     0.00     0.00     0.00
   	   16.00   -65.00     0.00    90.00
   	   16.00   -65.00     0.00    90.00
 124 	  930.62   475.70     0.00     0.00     0.00     0.00
 124 	  930.62   475.70     0.00     0.00     0.00     0.00
   	   16.00   -65.00     0.00    90.00
   	   16.00   -65.00     0.00    90.00
 125 	  995.62   475.70     0.00     0.00     0.00     0.00
 125 	  995.62   475.70     0.00     0.00     0.00     0.00
   	   16.00   -65.00     0.00    90.00
   	   16.00   -65.00     0.00    90.00
 126 	 1060.62   475.70     0.00     0.00     0.00     0.00
 126 	 1060.62   475.70     0.00     0.00     0.00     0.00
   	   16.00   -65.00     0.00    90.00
   	   16.00   -65.00     0.00    90.00
 127 	   78.22   554.99     0.00     0.00     0.00     0.00
 127 	   78.22   554.99     0.00     0.00     0.00     0.00
   	   16.00   -65.00     0.00    90.00
   	   16.00   -65.00     0.00    90.00
 128 	  143.22   554.99     0.00     0.00     0.00     0.00
 128 	  143.22   554.99     0.00     0.00     0.00     0.00
   	   16.00   -65.00     0.00    90.00
   	   16.00   -65.00     0.00    90.00
 129 	  208.22   554.99     0.00     0.00     0.00     0.00
 129 	  208.22   554.99     0.00     0.00     0.00     0.00
   	   16.00   -65.00     0.00    90.00
   	   16.00   -65.00     0.00    90.00
 130 	  273.22   554.99     0.00     0.00     0.00     0.00
 130 	  273.22   554.99     0.00     0.00     0.00     0.00
   	   16.00   -65.00     0.00    90.00
   	   16.00   -65.00     0.00    90.00
 131 	  338.22   554.99     0.00     0.00     0.00     0.00
 131 	  338.22   554.99     0.00     0.00     0.00     0.00
   	   16.00   -65.00     0.00    90.00
   	   16.00   -65.00     0.00    90.00
 132 	  403.22   554.99     0.00     0.00     0.00     0.00
 132 	  403.22   554.99     0.00     0.00     0.00     0.00
   	   16.00   -65.00     0.00    90.00
   	   16.00   -65.00     0.00    90.00
 133 	  468.22   554.99     0.00     0.00     0.00     0.00
 133 	  468.22   554.99     0.00     0.00     0.00     0.00
   	   16.00   -65.00     0.00    90.00
   	   16.00   -65.00     0.00    90.00
 134 	  533.22   554.99     0.00     0.00     0.00     0.00
 134 	  533.22   554.99     0.00     0.00     0.00     0.00
   	   16.00   -65.00     0.00    90.00
   	   16.00   -65.00     0.00    90.00
 135 	  598.22   554.99     0.00     0.00     0.00     0.00
 135 	  598.22   554.99     0.00     0.00     0.00     0.00
   	   16.00   -65.00     0.00    90.00
   	   16.00   -65.00     0.00    90.00
 136 	  663.22   554.99     0.00     0.00     0.00     0.00
 136 	  663.22   554.99     0.00     0.00     0.00     0.00
   	   16.00   -65.00     0.00    90.00
   	   16.00   -65.00     0.00    90.00
 137 	  728.22   554.99     0.00     0.00     0.00     0.00
 137 	  728.22   554.99     0.00     0.00     0.00     0.00
   	   16.00   -65.00     0.00    90.00
   	   16.00   -65.00     0.00    90.00
 138 	  793.22   554.99     0.00     0.00     0.00     0.00
 138 	  793.22   554.99     0.00     0.00     0.00     0.00
   	   16.00   -65.00     0.00    90.00
   	   16.00   -65.00     0.00    90.00
 139 	  858.22   554.99     0.00     0.00     0.00     0.00
 139 	  858.22   554.99     0.00     0.00     0.00     0.00
   	   16.00   -65.00     0.00    90.00
   	   16.00   -65.00     0.00    90.00
 140 	  923.22   554.99     0.00     0.00     0.00     0.00
 140 	  923.22   554.99     0.00     0.00     0.00     0.00
   	   16.00   -65.00     0.00    90.00
   	   16.00   -65.00     0.00    90.00
 141 	  988.22   554.99     0.00     0.00     0.00     0.00
 141 	  988.22   554.99     0.00     0.00     0.00     0.00
   	   16.00   -65.00     0.00    90.00
   	   16.00   -65.00     0.00    90.00
 142 	 1053.22   554.99     0.00     0.00     0.00     0.00
 142 	 1053.22   554.99     0.00     0.00     0.00     0.00
   	   16.00   -65.00     0.00    90.00
   	   16.00   -65.00     0.00    90.00
 143 	 1118.22   554.99     0.00     0.00     0.00     0.00
 143 	 1118.22   554.99     0.00     0.00     0.00     0.00
   	   16.00   -65.00     0.00    90.00
   	   16.00   -65.00     0.00    90.00
 144 	  135.82   634.27     0.00     0.00     0.00     0.00
 144 	  135.82   634.27     0.00     0.00     0.00     0.00
   	   16.00   -65.00     0.00    90.00
   	   16.00   -65.00     0.00    90.00
 145 	  200.82   634.27     0.00     0.00     0.00     0.00
 145 	  200.82   634.27     0.00     0.00     0.00     0.00
   	   16.00   -65.00     0.00    90.00
   	   16.00   -65.00     0.00    90.00
 146 	  265.82   634.27     0.00     0.00     0.00     0.00
 146 	  265.82   634.27     0.00     0.00     0.00     0.00
   	   16.00   -65.00     0.00    90.00
   	   16.00   -65.00     0.00    90.00
 147 	  330.82   634.27     0.00     0.00     0.00     0.00
 147 	  330.82   634.27     0.00     0.00     0.00     0.00
   	   16.00   -65.00     0.00    90.00
   	   16.00   -65.00     0.00    90.00
 148 	  395.82   634.27     0.00     0.00     0.00     0.00
 148 	  395.82   634.27     0.00     0.00     0.00     0.00
   	   16.00   -65.00     0.00    90.00
   	   16.00   -65.00     0.00    90.00
 149 	  460.82   634.27     0.00     0.00     0.00     0.00
 149 	  460.82   634.27     0.00     0.00     0.00     0.00
   	   16.00   -65.00     0.00    90.00
   	   16.00   -65.00     0.00    90.00
 150 	  525.82   634.27     0.00     0.00     0.00     0.00
 150 	  525.82   634.27     0.00     0.00     0.00     0.00
   	   16.00   -65.00     0.00    90.00
   	   16.00   -65.00     0.00    90.00
 151 	  590.82   634.27     0.00     0.00     0.00     0.00
 151 	  590.82   634.27     0.00     0.00     0.00     0.00
   	   16.00   -65.00     0.00    90.00
   	   16.00   -65.00     0.00    90.00
 152 	  655.82   634.27     0.00     0.00     0.00     0.00
 152 	  655.82   634.27     0.00     0.00     0.00     0.00
   	   16.00   -65.00     0.00    90.00
   	   16.00   -65.00     0.00    90.00
 153 	  720.82   634.27     0.00     0.00     0.00     0.00
 153 	  720.82   634.27     0.00     0.00     0.00     0.00
   	   16.00   -65.00     0.00    90.00
   	   16.00   -65.00     0.00    90.00
 154 	  785.82   634.27     0.00     0.00     0.00     0.00
 154 	  785.82   634.27     0.00     0.00     0.00     0.00
   	   16.00   -65.00     0.00    90.00
   	   16.00   -65.00     0.00    90.00
 155 	  850.82   634.27     0.00     0.00     0.00     0.00
 155 	  850.82   634.27     0.00     0.00     0.00     0.00
   	   16.00   -65.00     0.00    90.00
   	   16.00   -65.00     0.00    90.00
 156 	  915.82   634.27     0.00     0.00     0.00     0.00
 156 	  915.82   634.27     0.00     0.00     0.00     0.00
   	   16.00   -65.00     0.00    90.00
   	   16.00   -65.00     0.00    90.00
 157 	  980.82   634.27     0.00     0.00     0.00     0.00
 157 	  980.82   634.27     0.00     0.00     0.00     0.00
   	   16.00   -65.00     0.00    90.00
   	   16.00   -65.00     0.00    90.00
 158 	 1045.82   634.27     0.00     0.00     0.00     0.00
 158 	 1045.82   634.27     0.00     0.00     0.00     0.00
   	   16.00   -65.00     0.00    90.00
   	   16.00   -65.00     0.00    90.00
 159 	 1110.82   634.27     0.00     0.00     0.00     0.00
 159 	 1110.82   634.27     0.00     0.00     0.00     0.00
   	   16.00   -65.00     0.00    90.00
   	   16.00   -65.00     0.00    90.00
 160 	 1175.82   634.27     0.00     0.00     0.00     0.00
 160 	 1175.82   634.27     0.00     0.00     0.00     0.00
   	   16.00   -65.00     0.00    90.00
   	   16.00   -65.00     0.00    90.00
 161 	  193.43   713.55     0.00     0.00     0.00     0.00
 161 	  193.43   713.55     0.00     0.00     0.00     0.00
   	   16.00   -65.00     0.00    90.00
   	   16.00   -65.00     0.00    90.00
 162 	  258.43   713.55     0.00     0.00     0.00     0.00
 162 	  258.43   713.55     0.00     0.00     0.00     0.00
   	   16.00   -65.00     0.00    90.00
   	   16.00   -65.00     0.00    90.00
 163 	  323.43   713.55     0.00     0.00     0.00     0.00
 163 	  323.43   713.55     0.00     0.00     0.00     0.00
   	   16.00   -65.00     0.00    90.00
   	   16.00   -65.00     0.00    90.00
 164 	  388.43   713.55     0.00     0.00     0.00     0.00
 164 	  388.43   713.55     0.00     0.00     0.00     0.00
   	   16.00   -65.00     0.00    90.00
   	   16.00   -65.00     0.00    90.00
 165 	  453.43   713.55     0.00     0.00     0.00     0.00
 165 	  453.43   713.55     0.00     0.00     0.00     0.00
   	   16.00   -65.00     0.00    90.00
   	   16.00   -65.00     0.00    90.00
 166 	  518.43   713.55     0.00     0.00     0.00     0.00
 166 	  518.43   713.55     0.00     0.00     0.00     0.00
   	   16.00   -65.00     0.00    90.00
   	   16.00   -65.00     0.00    90.00
 167 	  583.43   713.55     0.00     0.00     0.00     0.00
 167 	  583.43   713.55     0.00     0.00     0.00     0.00
   	   16.00   -65.00     0.00    90.00
   	   16.00   -65.00     0.00    90.00
 168 	  648.43   713.55     0.00     0.00     0.00     0.00
 168 	  648.43   713.55     0.00     0.00     0.00     0.00
   	   16.00   -65.00     0.00    90.00
   	   16.00   -65.00     0.00    90.00
 169 	  713.43   713.55     0.00     0.00     0.00     0.00
 169 	  713.43   713.55     0.00     0.00     0.00     0.00
   	   16.00   -65.00     0.00    90.00
   	   16.00   -65.00     0.00    90.00
 170 	  778.43   713.55     0.00     0.00     0.00     0.00
 170 	  778.43   713.55     0.00     0.00     0.00     0.00
   	   16.00   -65.00     0.00    90.00
   	   16.00   -65.00     0.00    90.00
 171 	  843.43   713.55     0.00     0.00     0.00     0.00
 171 	  843.43   713.55     0.00     0.00     0.00     0.00
   	   16.00   -65.00     0.00    90.00
   	   16.00   -65.00     0.00    90.00
 172 	  908.43   713.55     0.00     0.00     0.00     0.00
 172 	  908.43   713.55     0.00     0.00     0.00     0.00
   	   16.00   -65.00     0.00    90.00
   	   16.00   -65.00     0.00    90.00
 173 	  973.43   713.55     0.00     0.00     0.00     0.00
 173 	  973.43   713.55     0.00     0.00     0.00     0.00
   	   16.00   -65.00     0.00    90.00
   	   16.00   -65.00     0.00    90.00
 174 	 1038.43   713.55     0.00     0.00     0.00     0.00
 174 	 1038.43   713.55     0.00     0.00     0.00     0.00
   	   16.00   -65.00     0.00    90.00
   	   16.00   -65.00     0.00    90.00
 175 	 1103.43   713.55     0.00     0.00     0.00     0.00
 175 	 1103.43   713.55     0.00     0.00     0.00     0.00
   	   16.00   -65.00     0.00    90.00
   	   16.00   -65.00     0.00    90.00
 176 	 1168.43   713.55     0.00     0.00     0.00     0.00
 176 	 1168.43   713.55     0.00     0.00     0.00     0.00
   	   16.00   -65.00     0.00    90.00
   	   16.00   -65.00     0.00    90.00
 177 	 1233.43   713.55     0.00     0.00     0.00     0.00
 177 	 1233.43   713.55     0.00     0.00     0.00     0.00
   	   16.00   -65.00     0.00    90.00
   	   16.00   -65.00     0.00    90.00
 178 	 -217.19   237.85     0.00     0.00     0.00     0.00
 178 	 -217.19   237.85     0.00     0.00     0.00     0.00
   	   16.00   -65.00     0.00    90.00
   	   16.00   -65.00     0.00    90.00
 179 	 -152.19   237.85     0.00     0.00     0.00     0.00
 179 	 -152.19   237.85     0.00     0.00     0.00     0.00
   	   16.00   -65.00     0.00    90.00
   	   16.00   -65.00     0.00    90.00
 180 	  -87.19   237.85     0.00     0.00     0.00     0.00
 180 	  -87.19   237.85     0.00     0.00     0.00     0.00
   	   16.00   -65.00     0.00    90.00
   	   16.00   -65.00     0.00    90.00
 181 	  -22.19   237.85     0.00     0.00     0.00     0.00
 181 	  -22.19   237.85     0.00     0.00     0.00     0.00
   	   16.00   -65.00     0.00    90.00
   	   16.00   -65.00     0.00    90.00
 182 	   42.81   237.85     0.00     0.00     0.00     0.00
 182 	   42.81   237.85     0.00     0.00     0.00     0.00
   	   16.00   -65.00     0.00    90.00
   	   16.00   -65.00     0.00    90.00
 183 	  107.81   237.85     0.00     0.00     0.00     0.00
 183 	  107.81   237.85     0.00     0.00     0.00     0.00
   	   16.00   -65.00     0.00    90.00
   	   16.00   -65.00     0.00    90.00
 184 	  172.81   237.85     0.00     0.00     0.00     0.00
 184 	  172.81   237.85     0.00     0.00     0.00     0.00
   	   16.00   -65.00     0.00    90.00
   	   16.00   -65.00     0.00    90.00
 185 	  237.81   237.85     0.00     0.00     0.00     0.00
 185 	  237.81   237.85     0.00     0.00     0.00     0.00
   	   16.00   -65.00     0.00    90.00
   	   16.00   -65.00     0.00    90.00
 186 	  302.81   237.85     0.00     0.00     0.00     0.00
 186 	  302.81   237.85     0.00     0.00     0.00     0.00
   	   16.00   -65.00     0.00    90.00
   	   16.00   -65.00     0.00    90.00
 187 	  367.81   237.85     0.00     0.00     0.00     0.00
 187 	  367.81   237.85     0.00     0.00     0.00     0.00
   	   16.00   -65.00     0.00    90.00
   	   16.00   -65.00     0.00    90.00
 188 	  432.81   237.85     0.00     0.00     0.00     0.00
 188 	  432.81   237.85     0.00     0.00     0.00     0.00
   	   16.00   -65.00     0.00    90.00
   	   16.00   -65.00     0.00    90.00
 189 	  497.81   237.85     0.00     0.00     0.00     0.00
 189 	  497.81   237.85     0.00     0.00     0.00     0.00
   	   16.00   -65.00     0.00    90.00
   	   16.00   -65.00     0.00    90.00
 190 	  562.81   237.85     0.00     0.00     0.00     0.00
 190 	  562.81   237.85     0.00     0.00     0.00     0.00
   	   16.00   -65.00     0.00    90.00
   	   16.00   -65.00     0.00    90.00
 191 	 -159.59   317.13     0.00     0.00     0.00     0.00
 191 	 -159.59   317.13     0.00     0.00     0.00     0.00
   	   16.00   -65.00     0.00    90.00
   	   16.00   -65.00     0.00    90.00
 192 	  -94.59   317.13     0.00     0.00     0.00     0.00
 192 	  -94.59   317.13     0.00     0.00     0.00     0.00
   	   16.00   -65.00     0.00    90.00
   	   16.00   -65.00     0.00    90.00
 193 	  -29.59   317.13     0.00     0.00     0.00     0.00
 193 	  -29.59   317.13     0.00     0.00     0.00     0.00
   	   16.00   -65.00     0.00    90.00
   	   16.00   -65.00     0.00    90.00
 194 	   35.41   317.13     0.00     0.00     0.00     0.00
 194 	   35.41   317.13     0.00     0.00     0.00     0.00
   	   16.00   -65.00     0.00    90.00
   	   16.00   -65.00     0.00    90.00
 195 	  100.41   317.13     0.00     0.00     0.00     0.00
 195 	  100.41   317.13     0.00     0.00     0.00     0.00
   	   16.00   -65.00     0.00    90.00
   	   16.00   -65.00     0.00    90.00
 196 	  165.41   317.13     0.00     0.00     0.00     0.00
 196 	  165.41   317.13     0.00     0.00     0.00     0.00
   	   16.00   -65.00     0.00    90.00
   	   16.00   -65.00     0.00    90.00
 197 	  230.41   317.13     0.00     0.00     0.00     0.00
 197 	  230.41   317.13     0.00     0.00     0.00     0.00
   	   16.00   -65.00     0.00    90.00
   	   16.00   -65.00     0.00    90.00
 198 	  295.41   317.13     0.00     0.00     0.00     0.00
 198 	  295.41   317.13     0.00     0.00     0.00     0.00
   	   16.00   -65.00     0.00    90.00
   	   16.00   -65.00     0.00    90.00
 199 	  360.41   317.13     0.00     0.00     0.00     0.00
 199 	  360.41   317.13     0.00     0.00     0.00     0.00
   	   16.00   -65.00     0.00    90.00
   	   16.00   -65.00     0.00    90.00
 200 	  425.41   317.13     0.00     0.00     0.00     0.00
 200 	  425.41   317.13     0.00     0.00     0.00     0.00
   	   16.00   -65.00     0.00    90.00
   	   16.00   -65.00     0.00    90.00
 201 	  490.41   317.13     0.00     0.00     0.00     0.00
 201 	  490.41   317.13     0.00     0.00     0.00     0.00
   	   16.00   -65.00     0.00    90.00
   	   16.00   -65.00     0.00    90.00
 202 	  555.41   317.13     0.00     0.00     0.00     0.00
 202 	  555.41   317.13     0.00     0.00     0.00     0.00
   	   16.00   -65.00     0.00    90.00
   	   16.00   -65.00     0.00    90.00
 203 	  620.41   317.13     0.00     0.00     0.00     0.00
 203 	  620.41   317.13     0.00     0.00     0.00     0.00
   	   16.00   -65.00     0.00    90.00
   	   16.00   -65.00     0.00    90.00
 204 	 -432.81  -237.85     0.00     0.00     0.00     0.00
 204 	 -432.81  -237.85     0.00     0.00     0.00     0.00
   	   16.00   -65.00     0.00    90.00
   	   16.00   -65.00     0.00    90.00
 205 	 -367.81  -237.85     0.00     0.00     0.00     0.00
 205 	 -367.81  -237.85     0.00     0.00     0.00     0.00
   	   16.00   -65.00     0.00    90.00
   	   16.00   -65.00     0.00    90.00
 206 	 -302.81  -237.85     0.00     0.00     0.00     0.00
 206 	 -302.81  -237.85     0.00     0.00     0.00     0.00
   	   16.00   -65.00     0.00    90.00
   	   16.00   -65.00     0.00    90.00
 207 	 -237.81  -237.85     0.00     0.00     0.00     0.00
 207 	 -237.81  -237.85     0.00     0.00     0.00     0.00
   	   16.00   -65.00     0.00    90.00
   	   16.00   -65.00     0.00    90.00
 208 	 -375.21  -158.57     0.00     0.00     0.00     0.00
 208 	 -375.21  -158.57     0.00     0.00     0.00     0.00
   	   16.00   -65.00     0.00    90.00
   	   16.00   -65.00     0.00    90.00
 209 	 -310.21  -158.57     0.00     0.00     0.00     0.00
 209 	 -310.21  -158.57     0.00     0.00     0.00     0.00
   	   16.00   -65.00     0.00    90.00
   	   16.00   -65.00     0.00    90.00
 210 	 -245.21  -158.57     0.00     0.00     0.00     0.00
 210 	 -245.21  -158.57     0.00     0.00     0.00     0.00
   	   16.00   -65.00     0.00    90.00
   	   16.00   -65.00     0.00    90.00
 211 	 -180.21  -158.57     0.00     0.00     0.00     0.00
 211 	 -180.21  -158.57     0.00     0.00     0.00     0.00
   	   16.00   -65.00     0.00    90.00
   	   16.00   -65.00     0.00    90.00
 212 	 -317.60   -79.28     0.00     0.00     0.00     0.00
 212 	 -317.60   -79.28     0.00     0.00     0.00     0.00
   	   16.00   -65.00     0.00    90.00
   	   16.00   -65.00     0.00    90.00
 213 	 -252.60   -79.28     0.00     0.00     0.00     0.00
 213 	 -252.60   -79.28     0.00     0.00     0.00     0.00
   	   16.00   -65.00     0.00    90.00
   	   16.00   -65.00     0.00    90.00
 214 	 -187.60   -79.28     0.00     0.00     0.00     0.00
 214 	 -187.60   -79.28     0.00     0.00     0.00     0.00
   	   16.00   -65.00     0.00    90.00
   	   16.00   -65.00     0.00    90.00
 215 	 -122.60   -79.28     0.00     0.00     0.00     0.00
 215 	 -122.60   -79.28     0.00     0.00     0.00     0.00
   	   16.00   -65.00     0.00    90.00
   	   16.00   -65.00     0.00    90.00
 216 	 -260.00     0.00     0.00     0.00     0.00     0.00
 216 	 -260.00     0.00     0.00     0.00     0.00     0.00
   	   16.00   -65.00     0.00    90.00
   	   16.00   -65.00     0.00    90.00
 217 	 -195.00     0.00     0.00     0.00     0.00     0.00
 217 	 -195.00     0.00     0.00     0.00     0.00     0.00
   	   16.00   -65.00     0.00    90.00
   	   16.00   -65.00     0.00    90.00
 218 	 -130.00     0.00     0.00     0.00     0.00     0.00
 218 	 -130.00     0.00     0.00     0.00     0.00     0.00
   	   16.00   -65.00     0.00    90.00
   	   16.00   -65.00     0.00    90.00
 219 	  -65.00     0.00     0.00     0.00     0.00     0.00
 219 	  -65.00     0.00     0.00     0.00     0.00     0.00
   	   16.00   -65.00     0.00    90.00
   	   16.00   -65.00     0.00    90.00
 220 	 -202.40    79.28     0.00     0.00     0.00     0.00
 220 	 -202.40    79.28     0.00     0.00     0.00     0.00
   	   16.00   -65.00     0.00    90.00
   	   16.00   -65.00     0.00    90.00
 221 	 -137.40    79.28     0.00     0.00     0.00     0.00
 221 	 -137.40    79.28     0.00     0.00     0.00     0.00
   	   16.00   -65.00     0.00    90.00
   	   16.00   -65.00     0.00    90.00
 222 	  -72.40    79.28     0.00     0.00     0.00     0.00
 222 	  -72.40    79.28     0.00     0.00     0.00     0.00
   	   16.00   -65.00     0.00    90.00
   	   16.00   -65.00     0.00    90.00
 223 	   -7.40    79.28     0.00     0.00     0.00     0.00
 223 	   -7.40    79.28     0.00     0.00     0.00     0.00
   	   16.00   -65.00     0.00    90.00
   	   16.00   -65.00     0.00    90.00

** End writing output file: ../inputs/gr231.dat 
