*******************************************************************************
                         ARRAY PREPROCESSOR ver. 1.0
*******************************************************************************



   1	GROUP testgroup
   3	 GRID RECTANGULAR
   4	 ELEMENT
   5	 GEOMETRY CIRCULAR RADIUS 64
   7	 ADD BLOCK 2 7 0 -2
   8	 ADD BLOCK -1 1 4 0
   9	 ADD BLOCK -2 -3 -7 6
  10	 ADD BLOCK -1 7 8 -6
  12	 GROUP_EXCITATION
  13	 AMPLITUDE UNIFORM 29
  14	 PHASE UNIFORM -6
  15	 END

** Generating GROUP: testgroup.
** PSTEP,QSTEP set to:128.000000,128.000000
** Grid ANGLE set to:90.000000 
** Group ROT_ANGLE set to: 0.000000 

** Writing output file: ../inputs/gr232.dat

NEL 
NPORTS
IDUM      REXA     REYA     REZA     THEA     PHEA     PSEA 
          AMP      PSH      PSC      PHEPOL
 242
 242
   1
   1
   1 	    0.00  -256.00     0.00     0.00     0.00     0.00
   1 	    0.00  -256.00     0.00     0.00     0.00     0.00
   	   29.00    -6.00     0.00    90.00
   	   29.00    -6.00     0.00    90.00
   2 	  128.00  -256.00     0.00     0.00     0.00     0.00
   2 	  128.00  -256.00     0.00     0.00     0.00     0.00
   	   29.00    -6.00     0.00    90.00
   	   29.00    -6.00     0.00    90.00
   3 	  256.00  -256.00     0.00     0.00     0.00     0.00
   3 	  256.00  -256.00     0.00     0.00     0.00     0.00
   	   29.00    -6.00     0.00    90.00
   	   29.00    -6.00     0.00    90.00
   4 	    0.00  -128.00     0.00     0.00     0.00     0.00
   4 	    0.00  -128.00     0.00     0.00     0.00     0.00
   	   29.00    -6.00     0.00    90.00
   	   29.00    -6.00     0.00    90.00
   5 	  128.00  -128.00     0.00     0.00     0.00     0.00
   5 	  128.00  -128.00     0.00     0.00     0.00     0.00
   	   29.00    -6.00     0.00    90.00
   	   29.00    -6.00     0.00    90.00
   6 	  256.00  -128.00     0.00     0.00     0.00     0.00
   6 	  256.00  -128.00     0.00     0.00     0.00     0.00
   	   29.00    -6.00     0.00    90.00
   	   29.00    -6.00     0.00    90.00
   7 	    0.00     0.00     0.00     0.00     0.00     0.00
   7 	    0.00     0.00     0.00     0.00     0.00     0.00
   	   29.00    -6.00     0.00    90.00
   	   29.00    -6.00     0.00    90.00
   8 	  128.00     0.00     0.00     0.00     0.00     0.00
   8 	  128.00     0.00     0.00     0.00     0.00     0.00
   	   29.00    -6.00     0.00    90.00
   	   29.00    -6.00     0.00    90.00
   9 	  256.00     0.00     0.00     0.00     0.00     0.00
   9 	  256.00     0.00     0.00     0.00     0.00     0.00
   	   29.00    -6.00     0.00    90.00
   	   29.00    -6.00     0.00    90.00
  10 	   -0.00   128.00     0.00     0.00     0.00     0.00
  10 	   -0.00   128.00     0.00     0.00     0.00     0.00
   	   29.00    -6.00     0.00    90.00
   	   29.00    -6.00     0.00    90.00
  11 	  128.00   128.00     0.00     0.00     0.00     0.00
  11 	  128.00   128.00     0.00     0.00     0.00     0.00
   	   29.00    -6.00     0.00    90.00
   	   29.00    -6.00     0.00    90.00
  12 	  256.00   128.00     0.00     0.00     0.00     0.00
  12 	  256.00   128.00     0.00     0.00     0.00     0.00
   	   29.00    -6.00     0.00    90.00
   	   29.00    -6.00     0.00    90.00
  13 	   -0.00   256.00     0.00     0.00     0.00     0.00
  13 	   -0.00   256.00     0.00     0.00     0.00     0.00
   	   29.00    -6.00     0.00    90.00
   	   29.00    -6.00     0.00    90.00
  14 	  128.00   256.00     0.00     0.00     0.00     0.00
  14 	  128.00   256.00     0.00     0.00     0.00     0.00
   	   29.00    -6.00     0.00    90.00
   	   29.00    -6.00     0.00    90.00
  15 	  256.00   256.00     0.00     0.00     0.00     0.00
  15 	  256.00   256.00     0.00     0.00     0.00     0.00
   	   29.00    -6.00     0.00    90.00
   	   29.00    -6.00     0.00    90.00
  16 	   -0.00   384.00     0.00     0.00     0.00     0.00
  16 	   -0.00   384.00     0.00     0.00     0.00     0.00
   	   29.00    -6.00     0.00    90.00
   	   29.00    -6.00     0.00    90.00
  17 	  128.00   384.00     0.00     0.00     0.00     0.00
  17 	  128.00   384.00     0.00     0.00     0.00     0.00
   	   29.00    -6.00     0.00    90.00
   	   29.00    -6.00     0.00    90.00
  18 	  256.00   384.00     0.00     0.00     0.00     0.00
  18 	  256.00   384.00     0.00     0.00     0.00     0.00
   	   29.00    -6.00     0.00    90.00
   	   29.00    -6.00     0.00    90.00
  19 	   -0.00   512.00     0.00     0.00     0.00     0.00
  19 	   -0.00   512.00     0.00     0.00     0.00     0.00
   	   29.00    -6.00     0.00    90.00
   	   29.00    -6.00     0.00    90.00
  20 	  128.00   512.00     0.00     0.00     0.00     0.00
  20 	  128.00   512.00     0.00     0.00     0.00     0.00
   	   29.00    -6.00     0.00    90.00
   	   29.00    -6.00     0.00    90.00
  21 	  256.00   512.00     0.00     0.00     0.00     0.00
  21 	  256.00   512.00     0.00     0.00     0.00     0.00
   	   29.00    -6.00     0.00    90.00
   	   29.00    -6.00     0.00    90.00
  22 	   -0.00   640.00     0.00     0.00     0.00     0.00
  22 	   -0.00   640.00     0.00     0.00     0.00     0.00
   	   29.00    -6.00     0.00    90.00
   	   29.00    -6.00     0.00    90.00
  23 	  128.00   640.00     0.00     0.00     0.00     0.00
  23 	  128.00   640.00     0.00     0.00     0.00     0.00
   	   29.00    -6.00     0.00    90.00
   	   29.00    -6.00     0.00    90.00
  24 	  256.00   640.00     0.00     0.00     0.00     0.00
  24 	  256.00   640.00     0.00     0.00     0.00     0.00
   	   29.00    -6.00     0.00    90.00
   	   29.00    -6.00     0.00    90.00
  25 	   -0.00   768.00     0.00     0.00     0.00     0.00
  25 	   -0.00   768.00     0.00     0.00     0.00     0.00
   	   29.00    -6.00     0.00    90.00
   	   29.00    -6.00     0.00    90.00
  26 	  128.00   768.00     0.00     0.00     0.00     0.00
  26 	  128.00   768.00     0.00     0.00     0.00     0.00
   	   29.00    -6.00     0.00    90.00
   	   29.00    -6.00     0.00    90.00
  27 	  256.00   768.00     0.00     0.00     0.00     0.00
  27 	  256.00   768.00     0.00     0.00     0.00     0.00
   	   29.00    -6.00     0.00    90.00
   	   29.00    -6.00     0.00    90.00
  28 	   -0.00   896.00     0.00     0.00     0.00     0.00
  28 	   -0.00   896.00     0.00     0.00     0.00     0.00
   	   29.00    -6.00     0.00    90.00
   	   29.00    -6.00     0.00    90.00
  29 	  128.00   896.00     0.00     0.00     0.00     0.00
  29 	  128.00   896.00     0.00     0.00     0.00     0.00
   	   29.00    -6.00     0.00    90.00
   	   29.00    -6.00     0.00    90.00
  30 	  256.00   896.00     0.00     0.00     0.00     0.00
  30 	  256.00   896.00     0.00     0.00     0.00     0.00
   	   29.00    -6.00     0.00    90.00
   	   29.00    -6.00     0.00    90.00
  31 	 -128.00     0.00     0.00     0.00     0.00     0.00
  31 	 -128.00     0.00     0.00     0.00     0.00     0.00
   	   29.00    -6.00     0.00    90.00
   	   29.00    -6.00     0.00    90.00
  32 	    0.00     0.00     0.00     0.00     0.00     0.00
  32 	    0.00     0.00     0.00     0.00     0.00     0.00
   	   29.00    -6.00     0.00    90.00
   	   29.00    -6.00     0.00    90.00
  33 	  128.00     0.00     0.00     0.00     0.00     0.00
  33 	  128.00     0.00     0.00     0.00     0.00     0.00
   	   29.00    -6.00     0.00    90.00
   	   29.00    -6.00     0.00    90.00
  34 	  256.00     0.00     0.00     0.00     0.00     0.00
  34 	  256.00     0.00     0.00     0.00     0.00     0.00
   	   29.00    -6.00     0.00    90.00
   	   29.00    -6.00     0.00    90.00
  35 	  384.00     0.00     0.00     0.00     0.00     0.00
  35 	  384.00     0.00     0.00     0.00     0.00     0.00
   	   29.00    -6.00     0.00    90.00
   	   29.00    -6.00     0.00    90.00
  36 	  512.00     0.00     0.00     0.00     0.00     0.00
  36 	  512.00     0.00     0.00     0.00     0.00     0.00
   	   29.00    -6.00     0.00    90.00
   	   29.00    -6.00     0.00    90.00
  37 	 -128.00   128.00     0.00     0.00     0.00     0.00
  37 	 -128.00   128.00     0.00     0.00     0.00     0.00
   	   29.00    -6.00     0.00    90.00
   	   29.00    -6.00     0.00    90.00
  38 	   -0.00   128.00     0.00     0.00     0.00     0.00
  38 	   -0.00   128.00     0.00     0.00     0.00     0.00
   	   29.00    -6.00     0.00    90.00
   	   29.00    -6.00     0.00    90.00
  39 	  128.00   128.00     0.00     0.00     0.00     0.00
  39 	  128.00   128.00     0.00     0.00     0.00     0.00
   	   29.00    -6.00     0.00    90.00
   	   29.00    -6.00     0.00    90.00
  40 	  256.00   128.00     0.00     0.00     0.00     0.00
  40 	  256.00   128.00     0.00     0.00     0.00     0.00
   	   29.00    -6.00     0.00    90.00
   	   29.00    -6.00     0.00    90.00
  41 	  384.00   128.00     0.00     0.00     0.00     0.00
  41 	  384.00   128.00     0.00     0.00     0.00     0.00
   	   29.00    -6.00     0.00    90.00
   	   29.00    -6.00     0.00    90.00
  42 	  512.00   128.00     0.00     0.00     0.00     0.00
  42 	  512.00   128.00     0.00     0.00     0.00     0.00
   	   29.00    -6.00     0.00    90.00
   	   29.00    -6.00     0.00    90.00
  43 	 -896.00  -384.00     0.00     0.00     0.00     0.00
  43 	 -896.00  -384.00     0.00     0.00     0.00     0.00
   	   29.00    -6.00     0.00    90.00
   	   29.00    -6.00     0.00    90.00
  44 	 -768.00  -384.00     0.00     0.00     0.00     0.00
  44 	 -768.00  -384.00     0.00     0.00     0.00     0.00
   	   29.00    -6.00     0.00    90.00
   	   29.00    -6.00     0.00    90.00
  45 	 -640.00  -384.00     0.00     0.00     0.00     0.00
  45 	 -640.00  -384.00     0.00     0.00     0.00     0.00
   	   29.00    -6.00     0.00    90.00
   	   29.00    -6.00     0.00    90.00
  46 	 -512.00  -384.00     0.00     0.00     0.00     0.00
  46 	 -512.00  -384.00     0.00     0.00     0.00     0.00
   	   29.00    -6.00     0.00    90.00
   	   29.00    -6.00     0.00    90.00
  47 	 -384.00  -384.00     0.00     0.00     0.00     0.00
  47 	 -384.00  -384.00     0.00     0.00     0.00     0.00
   	   29.00    -6.00     0.00    90.00
   	   29.00    -6.00     0.00    90.00
  48 	 -256.00  -384.00     0.00     0.00     0.00     0.00
  48 	 -256.00  -384.00     0.00     0.00     0.00     0.00
   	   29.00    -6.00     0.00    90.00
   	   29.00    -6.00     0.00    90.00
  49 	 -896.00  -256.00     0.00     0.00     0.00     0.00
  49 	 -896.00  -256.00     0.00     0.00     0.00     0.00
   	   29.00    -6.00     0.00    90.00
   	   29.00    -6.00     0.00    90.00
  50 	 -768.00  -256.00     0.00     0.00     0.00     0.00
  50 	 -768.00  -256.00     0.00     0.00     0.00     0.00
   	   29.00    -6.00     0.00    90.00
   	   29.00    -6.00     0.00    90.00
  51 	 -640.00  -256.00     0.00     0.00     0.00     0.00
  51 	 -640.00  -256.00     0.00     0.00     0.00     0.00
   	   29.00    -6.00     0.00    90.00
   	   29.00    -6.00     0.00    90.00
  52 	 -512.00  -256.00     0.00     0.00     0.00     0.00
  52 	 -512.00  -256.00     0.00     0.00     0.00     0.00
   	   29.00    -6.00     0.00    90.00
   	   29.00    -6.00     0.00    90.00
  53 	 -384.00  -256.00     0.00     0.00     0.00     0.00
  53 	 -384.00  -256.00     0.00     0.00     0.00     0.00
   	   29.00    -6.00     0.00    90.00
   	   29.00    -6.00     0.00    90.00
  54 	 -256.00  -256.00     0.00     0.00     0.00     0.00
  54 	 -256.00  -256.00     0.00     0.00     0.00     0.00
   	   29.00    -6.00     0.00    90.00
   	   29.00    -6.00     0.00    90.00
  55 	 -896.00  -128.00     0.00     0.00     0.00     0.00
  55 	 -896.00  -128.00     0.00     0.00     0.00     0.00
   	   29.00    -6.00     0.00    90.00
   	   29.00    -6.00     0.00    90.00
  56 	 -768.00  -128.00     0.00     0.00     0.00     0.00
  56 	 -768.00  -128.00     0.00     0.00     0.00     0.00
   	   29.00    -6.00     0.00    90.00
   	   29.00    -6.00     0.00    90.00
  57 	 -640.00  -128.00     0.00     0.00     0.00     0.00
  57 	 -640.00  -128.00     0.00     0.00     0.00     0.00
   	   29.00    -6.00     0.00    90.00
   	   29.00    -6.00     0.00    90.00
  58 	 -512.00  -128.00     0.00     0.00     0.00     0.00
  58 	 -512.00  -128.00     0.00     0.00     0.00     0.00
   	   29.00    -6.00     0.00    90.00
   	   29.00    -6.00     0.00    90.00
  59 	 -384.00  -128.00     0.00     0.00     0.00     0.00
  59 	 -384.00  -128.00     0.00     0.00     0.00     0.00
   	   29.00    -6.00     0.00    90.00
   	   29.00    -6.00     0.00    90.00
  60 	 -256.00  -128.00     0.00     0.00     0.00     0.00
  60 	 -256.00  -128.00     0.00     0.00     0.00     0.00
   	   29.00    -6.00     0.00    90.00
   	   29.00    -6.00     0.00    90.00
  61 	 -896.00     0.00     0.00     0.00     0.00     0.00
  61 	 -896.00     0.00     0.00     0.00     0.00     0.00
   	   29.00    -6.00     0.00    90.00
   	   29.00    -6.00     0.00    90.00
  62 	 -768.00     0.00     0.00     0.00     0.00     0.00
  62 	 -768.00     0.00     0.00     0.00     0.00     0.00
   	   29.00    -6.00     0.00    90.00
   	   29.00    -6.00     0.00    90.00
  63 	 -640.00     0.00     0.00     0.00     0.00     0.00
  63 	 -640.00     0.00     0.00     0.00     0.00     0.00
   	   29.00    -6.00     0.00    90.00
   	   29.00    -6.00     0.00    90.00
  64 	 -512.00     0.00     0.00     0.00     0.00     0.00
  64 	 -512.00     0.00     0.00     0.00     0.00     0.00
   	   29.00    -6.00     0.00    90.00
   	   29.00    -6.00     0.00    90.00
  65 	 -384.00     0.00     0.00     0.00     0.00     0.00
  65 	 -384.00     0.00     0.00     0.00     0.00     0.00
   	   29.00    -6.00     0.00    90.00
   	   29.00    -6.00     0.00    90.00
  66 	 -256.00     0.00     0.00     0.00     0.00     0.00
  66 	 -256.00     0.00     0.00     0.00     0.00     0.00
   	   29.00    -6.00     0.00    90.00
   	   29.00    -6.00     0.00    90.00
  67 	 -896.00   128.00     0.00     0.00     0.00     0.00
  67 	 -896.00   128.00     0.00     0.00     0.00     0.00
   	   29.00    -6.00     0.00    90.00
   	   29.00    -6.00     0.00    90.00
  68 	 -768.00   128.00     0.00     0.00     0.00     0.00
  68 	 -768.00   128.00     0.00     0.00     0.00     0.00
   	   29.00    -6.00     0.00    90.00
   	   29.00    -6.00     0.00    90.00
  69 	 -640.00   128.00     0.00     0.00     0.00     0.00
  69 	 -640.00   128.00     0.00     0.00     0.00     0.00
   	   29.00    -6.00     0.00    90.00
   	   29.00    -6.00     0.00    90.00
  70 	 -512.00   128.00     0.00     0.00     0.00     0.00
  70 	 -512.00   128.00     0.00     0.00     0.00     0.00
   	   29.00    -6.00     0.00    90.00
   	   29.00    -6.00     0.00    90.00
  71 	 -384.00   128.00     0.00     0.00     0.00     0.00
  71 	 -384.00   128.00     0.00     0.00     0.00     0.00
   	   29.00    -6.00     0.00    90.00
   	   29.00    -6.00     0.00    90.00
  72 	 -256.00   128.00     0.00     0.00     0.00     0.00
  72 	 -256.00   128.00     0.00     0.00     0.00     0.00
   	   29.00    -6.00     0.00    90.00
   	   29.00    -6.00     0.00    90.00
  73 	 -896.00   256.00     0.00     0.00     0.00     0.00
  73 	 -896.00   256.00     0.00     0.00     0.00     0.00
   	   29.00    -6.00     0.00    90.00
   	   29.00    -6.00     0.00    90.00
  74 	 -768.00   256.00     0.00     0.00     0.00     0.00
  74 	 -768.00   256.00     0.00     0.00     0.00     0.00
   	   29.00    -6.00     0.00    90.00
   	   29.00    -6.00     0.00    90.00
  75 	 -640.00   256.00     0.00     0.00     0.00     0.00
  75 	 -640.00   256.00     0.00     0.00     0.00     0.00
   	   29.00    -6.00     0.00    90.00
   	   29.00    -6.00     0.00    90.00
  76 	 -512.00   256.00     0.00     0.00     0.00     0.00
  76 	 -512.00   256.00     0.00     0.00     0.00     0.00
   	   29.00    -6.00     0.00    90.00
   	   29.00    -6.00     0.00    90.00
  77 	 -384.00   256.00     0.00     0.00     0.00     0.00
  77 	 -384.00   256.00     0.00     0.00     0.00     0.00
   	   29.00    -6.00     0.00    90.00
   	   29.00    -6.00     0.00    90.00
  78 	 -256.00   256.00     0.00     0.00     0.00     0.00
  78 	 -256.00   256.00     0.00     0.00     0.00     0.00
   	   29.00    -6.00     0.00    90.00
   	   29.00    -6.00     0.00    90.00
  79 	 -896.00   384.00     0.00     0.00     0.00     0.00
  79 	 -896.00   384.00     0.00     0.00     0.00     0.00
   	   29.00    -6.00     0.00    90.00
   	   29.00    -6.00     0.00    90.00
  80 	 -768.00   384.00     0.00     0.00     0.00     0.00
  80 	 -768.00   384.00     0.00     0.00     0.00     0.00
   	   29.00    -6.00     0.00    90.00
   	   29.00    -6.00     0.00    90.00
  81 	 -640.00   384.00     0.00     0.00     0.00     0.00
  81 	 -640.00   384.00     0.00     0.00     0.00     0.00
   	   29.00    -6.00     0.00    90.00
   	   29.00    -6.00     0.00    90.00
  82 	 -512.00   384.00     0.00     0.00     0.00     0.00
  82 	 -512.00   384.00     0.00     0.00     0.00     0.00
   	   29.00    -6.00     0.00    90.00
   	   29.00    -6.00     0.00    90.00
  83 	 -384.00   384.00     0.00     0.00     0.00     0.00
  83 	 -384.00   384.00     0.00     0.00     0.00     0.00
   	   29.00    -6.00     0.00    90.00
   	   29.00    -6.00     0.00    90.00
  84 	 -256.00   384.00     0.00     0.00     0.00     0.00
  84 	 -256.00   384.00     0.00     0.00     0.00     0.00
   	   29.00    -6.00     0.00    90.00
   	   29.00    -6.00     0.00    90.00
  85 	 -896.00   512.00     0.00     0.00     0.00     0.00
  85 	 -896.00   512.00     0.00     0.00     0.00     0.00
   	   29.00    -6.00     0.00    90.00
   	   29.00    -6.00     0.00    90.00
  86 	 -768.00   512.00     0.00     0.00     0.00     0.00
  86 	 -768.00   512.00     0.00     0.00     0.00     0.00
   	   29.00    -6.00     0.00    90.00
   	   29.00    -6.00     0.00    90.00
  87 	 -640.00   512.00     0.00     0.00     0.00     0.00
  87 	 -640.00   512.00     0.00     0.00     0.00     0.00
   	   29.00    -6.00     0.00    90.00
   	   29.00    -6.00     0.00    90.00
  88 	 -512.00   512.00     0.00     0.00     0.00     0.00
  88 	 -512.00   512.00     0.00     0.00     0.00     0.00
   	   29.00    -6.00     0.00    90.00
   	   29.00    -6.00     0.00    90.00
  89 	 -384.00   512.00     0.00     0.00     0.00     0.00
  89 	 -384.00   512.00     0.00     0.00     0.00     0.00
   	   29.00    -6.00     0.00    90.00
   	   29.00    -6.00     0.00    90.00
  90 	 -256.00   512.00     0.00     0.00     0.00     0.00
  90 	 -256.00   512.00     0.00     0.00     0.00     0.00
   	   29.00    -6.00     0.00    90.00
   	   29.00    -6.00     0.00    90.00
  91 	 -896.00   640.00     0.00     0.00     0.00     0.00
  91 	 -896.00   640.00     0.00     0.00     0.00     0.00
   	   29.00    -6.00     0.00    90.00
   	   29.00    -6.00     0.00    90.00
  92 	 -768.00   640.00     0.00     0.00     0.00     0.00
  92 	 -768.00   640.00     0.00     0.00     0.00     0.00
   	   29.00    -6.00     0.00    90.00
   	   29.00    -6.00     0.00    90.00
  93 	 -640.00   640.00     0.00     0.00     0.00     0.00
  93 	 -640.00   640.00     0.00     0.00     0.00     0.00
   	   29.00    -6.00     0.00    90.00
   	   29.00    -6.00     0.00    90.00
  94 	 -512.00   640.00     0.00     0.00     0.00     0.00
  94 	 -512.00   640.00     0.00     0.00     0.00     0.00
   	   29.00    -6.00     0.00    90.00
   	   29.00    -6.00     0.00    90.00
  95 	 -384.00   640.00     0.00     0.00     0.00     0.00
  95 	 -384.00   640.00     0.00     0.00     0.00     0.00
   	   29.00    -6.00     0.00    90.00
   	   29.00    -6.00     0.00    90.00
  96 	 -256.00   640.00     0.00     0.00     0.00     0.00
  96 	 -256.00   640.00     0.00     0.00     0.00     0.00
   	   29.00    -6.00     0.00    90.00
   	   29.00    -6.00     0.00    90.00
  97 	 -896.00   768.00     0.00     0.00     0.00     0.00
  97 	 -896.00   768.00     0.00     0.00     0.00     0.00
   	   29.00    -6.00     0.00    90.00
   	   29.00    -6.00     0.00    90.00
  98 	 -768.00   768.00     0.00     0.00     0.00     0.00
  98 	 -768.00   768.00     0.00     0.00     0.00     0.00
   	   29.00    -6.00     0.00    90.00
   	   29.00    -6.00     0.00    90.00
  99 	 -640.00   768.00     0.00     0.00     0.00     0.00
  99 	 -640.00   768.00     0.00     0.00     0.00     0.00
   	   29.00    -6.00     0.00    90.00
   	   29.00    -6.00     0.00    90.00
 100 	 -512.00   768.00     0.00     0.00     0.00     0.00
 100 	 -512.00   768.00     0.00     0.00     0.00     0.00
   	   29.00    -6.00     0.00    90.00
   	   29.00    -6.00     0.00    90.00
 101 	 -384.00   768.00     0.00     0.00     0.00     0.00
 101 	 -384.00   768.00     0.00     0.00     0.00     0.00
   	   29.00    -6.00     0.00    90.00
   	   29.00    -6.00     0.00    90.00
 102 	 -256.00   768.00     0.00     0.00     0.00     0.00
 102 	 -256.00   768.00     0.00     0.00     0.00     0.00
   	   29.00    -6.00     0.00    90.00
   	   29.00    -6.00     0.00    90.00
 103 	 -128.00  -768.00     0.00     0.00     0.00     0.00
 103 	 -128.00  -768.00     0.00     0.00     0.00     0.00
   	   29.00    -6.00     0.00    90.00
   	   29.00    -6.00     0.00    90.00
 104 	    0.00  -768.00     0.00     0.00     0.00     0.00
 104 	    0.00  -768.00     0.00     0.00     0.00     0.00
   	   29.00    -6.00     0.00    90.00
   	   29.00    -6.00     0.00    90.00
 105 	  128.00  -768.00     0.00     0.00     0.00     0.00
 105 	  128.00  -768.00     0.00     0.00     0.00     0.00
   	   29.00    -6.00     0.00    90.00
   	   29.00    -6.00     0.00    90.00
 106 	  256.00  -768.00     0.00     0.00     0.00     0.00
 106 	  256.00  -768.00     0.00     0.00     0.00     0.00
   	   29.00    -6.00     0.00    90.00
   	   29.00    -6.00     0.00    90.00
 107 	  384.00  -768.00     0.00     0.00     0.00     0.00
 107 	  384.00  -768.00     0.00     0.00     0.00     0.00
   	   29.00    -6.00     0.00    90.00
   	   29.00    -6.00     0.00    90.00
 108 	  512.00  -768.00     0.00     0.00     0.00     0.00
 108 	  512.00  -768.00     0.00     0.00     0.00     0.00
   	   29.00    -6.00     0.00    90.00
   	   29.00    -6.00     0.00    90.00
 109 	  640.00  -768.00     0.00     0.00     0.00     0.00
 109 	  640.00  -768.00     0.00     0.00     0.00     0.00
   	   29.00    -6.00     0.00    90.00
   	   29.00    -6.00     0.00    90.00
 110 	  768.00  -768.00     0.00     0.00     0.00     0.00
 110 	  768.00  -768.00     0.00     0.00     0.00     0.00
   	   29.00    -6.00     0.00    90.00
   	   29.00    -6.00     0.00    90.00
 111 	  896.00  -768.00     0.00     0.00     0.00     0.00
 111 	  896.00  -768.00     0.00     0.00     0.00     0.00
   	   29.00    -6.00     0.00    90.00
   	   29.00    -6.00     0.00    90.00
 112 	 1024.00  -768.00     0.00     0.00     0.00     0.00
 112 	 1024.00  -768.00     0.00     0.00     0.00     0.00
   	   29.00    -6.00     0.00    90.00
   	   29.00    -6.00     0.00    90.00
 113 	 -128.00  -640.00     0.00     0.00     0.00     0.00
 113 	 -128.00  -640.00     0.00     0.00     0.00     0.00
   	   29.00    -6.00     0.00    90.00
   	   29.00    -6.00     0.00    90.00
 114 	    0.00  -640.00     0.00     0.00     0.00     0.00
 114 	    0.00  -640.00     0.00     0.00     0.00     0.00
   	   29.00    -6.00     0.00    90.00
   	   29.00    -6.00     0.00    90.00
 115 	  128.00  -640.00     0.00     0.00     0.00     0.00
 115 	  128.00  -640.00     0.00     0.00     0.00     0.00
   	   29.00    -6.00     0.00    90.00
   	   29.00    -6.00     0.00    90.00
 116 	  256.00  -640.00     0.00     0.00     0.00     0.00
 116 	  256.00  -640.00     0.00     0.00     0.00     0.00
   	   29.00    -6.00     0.00    90.00
   	   29.00    -6.00     0.00    90.00
 117 	  384.00  -640.00     0.00     0.00     0.00     0.00
 117 	  384.00  -640.00     0.00     0.00     0.00     0.00
   	   29.00    -6.00     0.00    90.00
   	   29.00    -6.00     0.00    90.00
 118 	  512.00  -640.00     0.00     0.00     0.00     0.00
 118 	  512.00  -640.00     0.00     0.00     0.00     0.00
   	   29.00    -6.00     0.00    90.00
   	   29.00    -6.00     0.00    90.00
 119 	  640.00  -640.00     0.00     0.00     0.00     0.00
 119 	  640.00  -640.00     0.00     0.00     0.00     0.00
   	   29.00    -6.00     0.00    90.00
   	   29.00    -6.00     0.00    90.00
 120 	  768.00  -640.00     0.00     0.00     0.00     0.00
 120 	  768.00  -640.00     0.00     0.00     0.00     0.00
   	   29.00    -6.00     0.00    90.00
   	   29.00    -6.00     0.00    90.00
 121 	  896.00  -640.00     0.00     0.00     0.00     0.00
 121 	  896.00  -640.00     0.00     0.00     0.00     0.00
   	   29.00    -6.00     0.00    90.00
   	   29.00    -6.00     0.00    90.00
 122 	 1024.00  -640.00     0.00     0.00     0.00     0.00
 122 	 1024.00  -640.00     0.00     0.00     0.00     0.00
   	   29.00    -6.00     0.00    90.00
   	   29.00    -6.00     0.00    90.00
 123 	 -128.00  -512.00     0.00     0.00     0.00     0.00
 123 	 -128.00  -512.00     0.00     0.00     0.00     0.00
   	   29.00    -6.00     0.00    90.00
   	   29.00    -6.00     0.00    90.00
 124 	    0.00  -512.00     0.00     0.00     0.00     0.00
 124 	    0.00  -512.00     0.00     0.00     0.00     0.00
   	   29.00    -6.00     0.00    90.00
   	   29.00    -6.00     0.00    90.00
 125 	  128.00  -512.00     0.00     0.00     0.00     0.00
 125 	  128.00  -512.00     0.00     0.00     0.00     0.00
   	   29.00    -6.00     0.00    90.00
   	   29.00    -6.00     0.00    90.00
 126 	  256.00  -512.00     0.00     0.00     0.00     0.00
 126 	  256.00  -512.00     0.00     0.00     0.00     0.00
   	   29.00    -6.00     0.00    90.00
   	   29.00    -6.00     0.00    90.00
 127 	  384.00  -512.00     0.00     0.00     0.00     0.00
 127 	  384.00  -512.00     0.00     0.00     0.00     0.00
   	   29.00    -6.00     0.00    90.00
   	   29.00    -6.00     0.00    90.00
 128 	  512.00  -512.00     0.00     0.00     0.00     0.00
 128 	  512.00  -512.00     0.00     0.00     0.00     0.00
   	   29.00    -6.00     0.00    90.00
   	   29.00    -6.00     0.00    90.00
 129 	  640.00  -512.00     0.00     0.00     0.00     0.00
 129 	  640.00  -512.00     0.00     0.00     0.00     0.00
   	   29.00    -6.00     0.00    90.00
   	   29.00    -6.00     0.00    90.00
 130 	  768.00  -512.00     0.00     0.00     0.00     0.00
 130 	  768.00  -512.00     0.00     0.00     0.00     0.00
   	   29.00    -6.00     0.00    90.00
   	   29.00    -6.00     0.00    90.00
 131 	  896.00  -512.00     0.00     0.00     0.00     0.00
 131 	  896.00  -512.00     0.00     0.00     0.00     0.00
   	   29.00    -6.00     0.00    90.00
   	   29.00    -6.00     0.00    90.00
 132 	 1024.00  -512.00     0.00     0.00     0.00     0.00
 132 	 1024.00  -512.00     0.00     0.00     0.00     0.00
   	   29.00    -6.00     0.00    90.00
   	   29.00    -6.00     0.00    90.00
 133 	 -128.00  -384.00     0.00     0.00     0.00     0.00
 133 	 -128.00  -384.00     0.00     0.00     0.00     0.00
   	   29.00    -6.00     0.00    90.00
   	   29.00    -6.00     0.00    90.00
 134 	    0.00  -384.00     0.00     0.00     0.00     0.00
 134 	    0.00  -384.00     0.00     0.00     0.00     0.00
   	   29.00    -6.00     0.00    90.00
   	   29.00    -6.00     0.00    90.00
 135 	  128.00  -384.00     0.00     0.00     0.00     0.00
 135 	  128.00  -384.00     0.00     0.00     0.00     0.00
   	   29.00    -6.00     0.00    90.00
   	   29.00    -6.00     0.00    90.00
 136 	  256.00  -384.00     0.00     0.00     0.00     0.00
 136 	  256.00  -384.00     0.00     0.00     0.00     0.00
   	   29.00    -6.00     0.00    90.00
   	   29.00    -6.00     0.00    90.00
 137 	  384.00  -384.00     0.00     0.00     0.00     0.00
 137 	  384.00  -384.00     0.00     0.00     0.00     0.00
   	   29.00    -6.00     0.00    90.00
   	   29.00    -6.00     0.00    90.00
 138 	  512.00  -384.00     0.00     0.00     0.00     0.00
 138 	  512.00  -384.00     0.00     0.00     0.00     0.00
   	   29.00    -6.00     0.00    90.00
   	   29.00    -6.00     0.00    90.00
 139 	  640.00  -384.00     0.00     0.00     0.00     0.00
 139 	  640.00  -384.00     0.00     0.00     0.00     0.00
   	   29.00    -6.00     0.00    90.00
   	   29.00    -6.00     0.00    90.00
 140 	  768.00  -384.00     0.00     0.00     0.00     0.00
 140 	  768.00  -384.00     0.00     0.00     0.00     0.00
   	   29.00    -6.00     0.00    90.00
   	   29.00    -6.00     0.00    90.00
 141 	  896.00  -384.00     0.00     0.00     0.00     0.00
 141 	  896.00  -384.00     0.00     0.00     0.00     0.00
   	   29.00    -6.00     0.00    90.00
   	   29.00    -6.00     0.00    90.00
 142 	 1024.00  -384.00     0.00     0.00     0.00     0.00
 142 	 1024.00  -384.00     0.00     0.00     0.00     0.00
   	   29.00    -6.00     0.00    90.00
   	   29.00    -6.00     0.00    90.00
 143 	 -128.00  -256.00     0.00     0.00     0.00     0.00
 143 	 -128.00  -256.00     0.00     0.00     0.00     0.00
   	   29.00    -6.00     0.00    90.00
   	   29.00    -6.00     0.00    90.00
 144 	    0.00  -256.00     0.00     0.00     0.00     0.00
 144 	    0.00  -256.00     0.00     0.00     0.00     0.00
   	   29.00    -6.00     0.00    90.00
   	   29.00    -6.00     0.00    90.00
 145 	  128.00  -256.00     0.00     0.00     0.00     0.00
 145 	  128.00  -256.00     0.00     0.00     0.00     0.00
   	   29.00    -6.00     0.00    90.00
   	   29.00    -6.00     0.00    90.00
 146 	  256.00  -256.00     0.00     0.00     0.00     0.00
 146 	  256.00  -256.00     0.00     0.00     0.00     0.00
   	   29.00    -6.00     0.00    90.00
   	   29.00    -6.00     0.00    90.00
 147 	  384.00  -256.00     0.00     0.00     0.00     0.00
 147 	  384.00  -256.00     0.00     0.00     0.00     0.00
   	   29.00    -6.00     0.00    90.00
   	   29.00    -6.00     0.00    90.00
 148 	  512.00  -256.00     0.00     0.00     0.00     0.00
 148 	  512.00  -256.00     0.00     0.00     0.00     0.00
   	   29.00    -6.00     0.00    90.00
   	   29.00    -6.00     0.00    90.00
 149 	  640.00  -256.00     0.00     0.00     0.00     0.00
 149 	  640.00  -256.00     0.00     0.00     0.00     0.00
   	   29.00    -6.00     0.00    90.00
   	   29.00    -6.00     0.00    90.00
 150 	  768.00  -256.00     0.00     0.00     0.00     0.00
 150 	  768.00  -256.00     0.00     0.00     0.00     0.00
   	   29.00    -6.00     0.00    90.00
   	   29.00    -6.00     0.00    90.00
 151 	  896.00  -256.00     0.00     0.00     0.00     0.00
 151 	  896.00  -256.00     0.00     0.00     0.00     0.00
   	   29.00    -6.00     0.00    90.00
   	   29.00    -6.00     0.00    90.00
 152 	 1024.00  -256.00     0.00     0.00     0.00     0.00
 152 	 1024.00  -256.00     0.00     0.00     0.00     0.00
   	   29.00    -6.00     0.00    90.00
   	   29.00    -6.00     0.00    90.00
 153 	 -128.00  -128.00     0.00     0.00     0.00     0.00
 153 	 -128.00  -128.00     0.00     0.00     0.00     0.00
   	   29.00    -6.00     0.00    90.00
   	   29.00    -6.00     0.00    90.00
 154 	    0.00  -128.00     0.00     0.00     0.00     0.00
 154 	    0.00  -128.00     0.00     0.00     0.00     0.00
   	   29.00    -6.00     0.00    90.00
   	   29.00    -6.00     0.00    90.00
 155 	  128.00  -128.00     0.00     0.00     0.00     0.00
 155 	  128.00  -128.00     0.00     0.00     0.00     0.00
   	   29.00    -6.00     0.00    90.00
   	   29.00    -6.00     0.00    90.00
 156 	  256.00  -128.00     0.00     0.00     0.00     0.00
 156 	  256.00  -128.00     0.00     0.00     0.00     0.00
   	   29.00    -6.00     0.00    90.00
   	   29.00    -6.00     0.00    90.00
 157 	  384.00  -128.00     0.00     0.00     0.00     0.00
 157 	  384.00  -128.00     0.00     0.00     0.00     0.00
   	   29.00    -6.00     0.00    90.00
   	   29.00    -6.00     0.00    90.00
 158 	  512.00  -128.00     0.00     0.00     0.00     0.00
 158 	  512.00  -128.00     0.00     0.00     0.00     0.00
   	   29.00    -6.00     0.00    90.00
   	   29.00    -6.00     0.00    90.00
 159 	  640.00  -128.00     0.00     0.00     0.00     0.00
 159 	  640.00  -128.00     0.00     0.00     0.00     0.00
   	   29.00    -6.00     0.00    90.00
   	   29.00    -6.00     0.00    90.00
 160 	  768.00  -128.00     0.00     0.00     0.00     0.00
 160 	  768.00  -128.00     0.00     0.00     0.00     0.00
   	   29.00    -6.00     0.00    90.00
   	   29.00    -6.00     0.00    90.00
 161 	  896.00  -128.00     0.00     0.00     0.00     0.00
 161 	  896.00  -128.00     0.00     0.00     0.00     0.00
   	   29.00    -6.00     0.00    90.00
   	   29.00    -6.00     0.00    90.00
 162 	 1024.00  -128.00     0.00     0.00     0.00     0.00
 162 	 1024.00  -128.00     0.00     0.00     0.00     0.00
   	   29.00    -6.00     0.00    90.00
   	   29.00    -6.00     0.00    90.00
 163 	 -128.00     0.00     0.00     0.00     0.00     0.00
 163 	 -128.00     0.00     0.00     0.00     0.00     0.00
   	   29.00    -6.00     0.00    90.00
   	   29.00    -6.00     0.00    90.00
 164 	    0.00     0.00     0.00     0.00     0.00     0.00
 164 	    0.00     0.00     0.00     0.00     0.00     0.00
   	   29.00    -6.00     0.00    90.00
   	   29.00    -6.00     0.00    90.00
 165 	  128.00     0.00     0.00     0.00     0.00     0.00
 165 	  128.00     0.00     0.00     0.00     0.00     0.00
   	   29.00    -6.00     0.00    90.00
   	   29.00    -6.00     0.00    90.00
 166 	  256.00     0.00     0.00     0.00     0.00     0.00
 166 	  256.00     0.00     0.00     0.00     0.00     0.00
   	   29.00    -6.00     0.00    90.00
   	   29.00    -6.00     0.00    90.00
 167 	  384.00     0.00     0.00     0.00     0.00     0.00
 167 	  384.00     0.00     0.00     0.00     0.00     0.00
   	   29.00    -6.00     0.00    90.00
   	   29.00    -6.00     0.00    90.00
 168 	  512.00     0.00     0.00     0.00     0.00     0.00
 168 	  512.00     0.00     0.00     0.00     0.00     0.00
   	   29.00    -6.00     0.00    90.00
   	   29.00    -6.00     0.00    90.00
 169 	  640.00     0.00     0.00     0.00     0.00     0.00
 169 	  640.00     0.00     0.00     0.00     0.00     0.00
   	   29.00    -6.00     0.00    90.00
   	   29.00    -6.00     0.00    90.00
 170 	  768.00     0.00     0.00     0.00     0.00     0.00
 170 	  768.00     0.00     0.00     0.00     0.00     0.00
   	   29.00    -6.00     0.00    90.00
   	   29.00    -6.00     0.00    90.00
 171 	  896.00     0.00     0.00     0.00     0.00     0.00
 171 	  896.00     0.00     0.00     0.00     0.00     0.00
   	   29.00    -6.00     0.00    90.00
   	   29.00    -6.00     0.00    90.00
 172 	 1024.00     0.00     0.00     0.00     0.00     0.00
 172 	 1024.00     0.00     0.00     0.00     0.00     0.00
   	   29.00    -6.00     0.00    90.00
   	   29.00    -6.00     0.00    90.00
 173 	 -128.00   128.00     0.00     0.00     0.00     0.00
 173 	 -128.00   128.00     0.00     0.00     0.00     0.00
   	   29.00    -6.00     0.00    90.00
   	   29.00    -6.00     0.00    90.00
 174 	   -0.00   128.00     0.00     0.00     0.00     0.00
 174 	   -0.00   128.00     0.00     0.00     0.00     0.00
   	   29.00    -6.00     0.00    90.00
   	   29.00    -6.00     0.00    90.00
 175 	  128.00   128.00     0.00     0.00     0.00     0.00
 175 	  128.00   128.00     0.00     0.00     0.00     0.00
   	   29.00    -6.00     0.00    90.00
   	   29.00    -6.00     0.00    90.00
 176 	  256.00   128.00     0.00     0.00     0.00     0.00
 176 	  256.00   128.00     0.00     0.00     0.00     0.00
   	   29.00    -6.00     0.00    90.00
   	   29.00    -6.00     0.00    90.00
 177 	  384.00   128.00     0.00     0.00     0.00     0.00
 177 	  384.00   128.00     0.00     0.00     0.00     0.00
   	   29.00    -6.00     0.00    90.00
   	   29.00    -6.00     0.00    90.00
 178 	  512.00   128.00     0.00     0.00     0.00     0.00
 178 	  512.00   128.00     0.00     0.00     0.00     0.00
   	   29.00    -6.00     0.00    90.00
   	   29.00    -6.00     0.00    90.00
 179 	  640.00   128.00     0.00     0.00     0.00     0.00
 179 	  640.00   128.00     0.00     0.00     0.00     0.00
   	   29.00    -6.00     0.00    90.00
   	   29.00    -6.00     0.00    90.00
 180 	  768.00   128.00     0.00     0.00     0.00     0.00
 180 	  768.00   128.00     0.00     0.00     0.00     0.00
   	   29.00    -6.00     0.00    90.00
   	   29.00    -6.00     0.00    90.00
 181 	  896.00   128.00     0.00     0.00     0.00     0.00
 181 	  896.00   128.00     0.00     0.00     0.00     0.00
   	   29.00    -6.00     0.00    90.00
   	   29.00    -6.00     0.00    90.00
 182 	 1024.00   128.00     0.00     0.00     0.00     0.00
 182 	 1024.00   128.00     0.00     0.00     0.00     0.00
   	   29.00    -6.00     0.00    90.00
   	   29.00    -6.00     0.00    90.00
 183 	 -128.00   256.00     0.00     0.00     0.00     0.00
 183 	 -128.00   256.00     0.00     0.00     0.00     0.00
   	   29.00    -6.00     0.00    90.00
   	   29.00    -6.00     0.00    90.00
 184 	   -0.00   256.00     0.00     0.00     0.00     0.00
 184 	   -0.00   256.00     0.00     0.00     0.00     0.00
   	   29.00    -6.00     0.00    90.00
   	   29.00    -6.00     0.00    90.00
 185 	  128.00   256.00     0.00     0.00     0.00     0.00
 185 	  128.00   256.00     0.00     0.00     0.00     0.00
   	   29.00    -6.00     0.00    90.00
   	   29.00    -6.00     0.00    90.00
 186 	  256.00   256.00     0.00     0.00     0.00     0.00
 186 	  256.00   256.00     0.00     0.00     0.00     0.00
   	   29.00    -6.00     0.00    90.00
   	   29.00    -6.00     0.00    90.00
 187 	  384.00   256.00     0.00     0.00     0.00     0.00
 187 	  384.00   256.00     0.00     0.00     0.00     0.00
   	   29.00    -6.00     0.00    90.00
   	   29.00    -6.00     0.00    90.00
 188 	  512.00   256.00     0.00     0.00     0.00     0.00
 188 	  512.00   256.00     0.00     0.00     0.00     0.00
   	   29.00    -6.00     0.00    90.00
   	   29.00    -6.00     0.00    90.00
 189 	  640.00   256.00     0.00     0.00     0.00     0.00
 189 	  640.00   256.00     0.00     0.00     0.00     0.00
   	   29.00    -6.00     0.00    90.00
   	   29.00    -6.00     0.00    90.00
 190 	  768.00   256.00     0.00     0.00     0.00     0.00
 190 	  768.00   256.00     0.00     0.00     0.00     0.00
   	   29.00    -6.00     0.00    90.00
   	   29.00    -6.00     0.00    90.00
 191 	  896.00   256.00     0.00     0.00     0.00     0.00
 191 	  896.00   256.00     0.00     0.00     0.00     0.00
   	   29.00    -6.00     0.00    90.00
   	   29.00    -6.00     0.00    90.00
 192 	 1024.00   256.00     0.00     0.00     0.00     0.00
 192 	 1024.00   256.00     0.00     0.00     0.00     0.00
   	   29.00    -6.00     0.00    90.00
   	   29.00    -6.00     0.00    90.00
 193 	 -128.00   384.00     0.00     0.00     0.00     0.00
 193 	 -128.00   384.00     0.00     0.00     0.00     0.00
   	   29.00    -6.00     0.00    90.00
   	   29.00    -6.00     0.00    90.00
 194 	   -0.00   384.00     0.00     0.00     0.00     0.00
 194 	   -0.00   384.00     0.00     0.00     0.00     0.00
   	   29.00    -6.00     0.00    90.00
   	   29.00    -6.00     0.00    90.00
 195 	  128.00   384.00     0.00     0.00     0.00     0.00
 195 	  128.00   384.00     0.00     0.00     0.00     0.00
   	   29.00    -6.00     0.00    90.00
   	   29.00    -6.00     0.00    90.00
 196 	  256.00   384.00     0.00     0.00     0.00     0.00
 196 	  256.00   384.00     0.00     0.00     0.00     0.00
   	   29.00    -6.00     0.00    90.00
   	   29.00    -6.00     0.00    90.00
 197 	  384.00   384.00     0.00     0.00     0.00     0.00
 197 	  384.00   384.00     0.00     0.00     0.00     0.00
   	   29.00    -6.00     0.00    90.00
   	   29.00    -6.00     0.00    90.00
 198 	  512.00   384.00     0.00     0.00     0.00     0.00
 198 	  512.00   384.00     0.00     0.00     0.00     0.00
   	   29.00    -6.00     0.00    90.00
   	   29.00    -6.00     0.00    90.00
 199 	  640.00   384.00     0.00     0.00     0.00     0.00
 199 	  640.00   384.00     0.00     0.00     0.00     0.00
   	   29.00    -6.00     0.00    90.00
   	   29.00    -6.00     0.00    90.00
 200 	  768.00   384.00     0.00     0.00     0.00     0.00
 200 	  768.00   384.00     0.00     0.00     0.00     0.00
   	   29.00    -6.00     0.00    90.00
   	   29.00    -6.00     0.00    90.00
 201 	  896.00   384.00     0.00     0.00     0.00     0.00
 201 	  896.00   384.00     0.00     0.00     0.00     0.00
   	   29.00    -6.00     0.00    90.00
   	   29.00    -6.00     0.00    90.00
 202 	 1024.00   384.00     0.00     0.00     0.00     0.00
 202 	 1024.00   384.00     0.00     0.00     0.00     0.00
   	   29.00    -6.00     0.00    90.00
   	   29.00    -6.00     0.00    90.00
 203 	 -128.00   512.00     0.00     0.00     0.00     0.00
 203 	 -128.00   512.00     0.00     0.00     0.00     0.00
   	   29.00    -6.00     0.00    90.00
   	   29.00    -6.00     0.00    90.00
 204 	   -0.00   512.00     0.00     0.00     0.00     0.00
 204 	   -0.00   512.00     0.00     0.00     0.00     0.00
   	   29.00    -6.00     0.00    90.00
   	   29.00    -6.00     0.00    90.00
 205 	  128.00   512.00     0.00     0.00     0.00     0.00
 205 	  128.00   512.00     0.00     0.00     0.00     0.00
   	   29.00    -6.00     0.00    90.00
   	   29.00    -6.00     0.00    90.00
 206 	  256.00   512.00     0.00     0.00     0.00     0.00
 206 	  256.00   512.00     0.00     0.00     0.00     0.00
   	   29.00    -6.00     0.00    90.00
   	   29.00    -6.00     0.00    90.00
 207 	  384.00   512.00     0.00     0.00     0.00     0.00
 207 	  384.00   512.00     0.00     0.00     0.00     0.00
   	   29.00    -6.00     0.00    90.00
   	   29.00    -6.00     0.00    90.00
 208 	  512.00   512.00     0.00     0.00     0.00     0.00
 208 	  512.00   512.00     0.00     0.00     0.00     0.00
   	   29.00    -6.00     0.00    90.00
   	   29.00    -6.00     0.00    90.00
 209 	  640.00   512.00     0.00     0.00     0.00     0.00
 209 	  640.00   512.00     0.00     0.00     0.00     0.00
   	   29.00    -6.00     0.00    90.00
   	   29.00    -6.00     0.00    90.00
 210 	  768.00   512.00     0.00     0.00     0.00     0.00
 210 	  768.00   512.00     0.00     0.00     0.00     0.00
   	   29.00    -6.00     0.00    90.00
   	   29.00    -6.00     0.00    90.00
 211 	  896.00   512.00     0.00     0.00     0.00     0.00
 211 	  896.00   512.00     0.00     0.00     0.00     0.00
   	   29.00    -6.00     0.00    90.00
   	   29.00    -6.00     0.00    90.00
 212 	 1024.00   512.00     0.00     0.00     0.00     0.00
 212 	 1024.00   512.00     0.00     0.00     0.00     0.00
   	   29.00    -6.00     0.00    90.00
   	   29.00    -6.00     0.00    90.00
 213 	 -128.00   640.00     0.00     0.00     0.00     0.00
 213 	 -128.00   640.00     0.00     0.00     0.00     0.00
   	   29.00    -6.00     0.00    90.00
   	   29.00    -6.00     0.00    90.00
 214 	   -0.00   640.00     0.00     0.00     0.00     0.00
 214 	   -0.00   640.00     0.00     0.00     0.00     0.00
   	   29.00    -6.00     0.00    90.00
   	   29.00    -6.00     0.00    90.00
 215 	  128.00   640.00     0.00     0.00     0.00     0.00
 215 	  128.00   640.00     0.00     0.00     0.00     0.00
   	   29.00    -6.00     0.00    90.00
   	   29.00    -6.00     0.00    90.00
 216 	  256.00   640.00     0.00     0.00     0.00     0.00
 216 	  256.00   640.00     0.00     0.00     0.00     0.00
   	   29.00    -6.00     0.00    90.00
   	   29.00    -6.00     0.00    90.00
 217 	  384.00   640.00     0.00     0.00     0.00     0.00
 217 	  384.00   640.00     0.00     0.00     0.00     0.00
   	   29.00    -6.00     0.00    90.00
   	   29.00    -6.00     0.00    90.00
 218 	  512.00   640.00     0.00     0.00     0.00     0.00
 218 	  512.00   640.00     0.00     0.00     0.00     0.00
   	   29.00    -6.00     0.00    90.00
   	   29.00    -6.00     0.00    90.00
 219 	  640.00   640.00     0.00     0.00     0.00     0.00
 219 	  640.00   640.00     0.00     0.00     0.00     0.00
   	   29.00    -6.00     0.00    90.00
   	   29.00    -6.00     0.00    90.00
 220 	  768.00   640.00     0.00     0.00     0.00     0.00
 220 	  768.00   640.00     0.00     0.00     0.00     0.00
   	   29.00    -6.00     0.00    90.00
   	   29.00    -6.00     0.00    90.00
 221 	  896.00   640.00     0.00     0.00     0.00     0.00
 221 	  896.00   640.00     0.00     0.00     0.00     0.00
   	   29.00    -6.00     0.00    90.00
   	   29.00    -6.00     0.00    90.00
 222 	 1024.00   640.00     0.00     0.00     0.00     0.00
 222 	 1024.00   640.00     0.00     0.00     0.00     0.00
   	   29.00    -6.00     0.00    90.00
   	   29.00    -6.00     0.00    90.00
 223 	 -128.00   768.00     0.00     0.00     0.00     0.00
 223 	 -128.00   768.00     0.00     0.00     0.00     0.00
   	   29.00    -6.00     0.00    90.00
   	   29.00    -6.00     0.00    90.00
 224 	   -0.00   768.00     0.00     0.00     0.00     0.00
 224 	   -0.00   768.00     0.00     0.00     0.00     0.00
   	   29.00    -6.00     0.00    90.00
   	   29.00    -6.00     0.00    90.00
 225 	  128.00   768.00     0.00     0.00     0.00     0.00
 225 	  128.00   768.00     0.00     0.00     0.00     0.00
   	   29.00    -6.00     0.00    90.00
   	   29.00    -6.00     0.00    90.00
 226 	  256.00   768.00     0.00     0.00     0.00     0.00
 226 	  256.00   768.00     0.00     0.00     0.00     0.00
   	   29.00    -6.00     0.00    90.00
   	   29.00    -6.00     0.00    90.00
 227 	  384.00   768.00     0.00     0.00     0.00     0.00
 227 	  384.00   768.00     0.00     0.00     0.00     0.00
   	   29.00    -6.00     0.00    90.00
   	   29.00    -6.00     0.00    90.00
 228 	  512.00   768.00     0.00     0.00     0.00     0.00
 228 	  512.00   768.00     0.00     0.00     0.00     0.00
   	   29.00    -6.00     0.00    90.00
   	   29.00    -6.00     0.00    90.00
 229 	  640.00   768.00     0.00     0.00     0.00     0.00
 229 	  640.00   768.00     0.00     0.00     0.00     0.00
   	   29.00    -6.00     0.00    90.00
   	   29.00    -6.00     0.00    90.00
 230 	  768.00   768.00     0.00     0.00     0.00     0.00
 230 	  768.00   768.00     0.00     0.00     0.00     0.00
   	   29.00    -6.00     0.00    90.00
   	   29.00    -6.00     0.00    90.00
 231 	  896.00   768.00     0.00     0.00     0.00     0.00
 231 	  896.00   768.00     0.00     0.00     0.00     0.00
   	   29.00    -6.00     0.00    90.00
   	   29.00    -6.00     0.00    90.00
 232 	 1024.00   768.00     0.00     0.00     0.00     0.00
 232 	 1024.00   768.00     0.00     0.00     0.00     0.00
   	   29.00    -6.00     0.00    90.00
   	   29.00    -6.00     0.00    90.00
 233 	 -128.00   896.00     0.00     0.00     0.00     0.00
 233 	 -128.00   896.00     0.00     0.00     0.00     0.00
   	   29.00    -6.00     0.00    90.00
   	   29.00    -6.00     0.00    90.00
 234 	   -0.00   896.00     0.00     0.00     0.00     0.00
 234 	   -0.00   896.00     0.00     0.00     0.00     0.00
   	   29.00    -6.00     0.00    90.00
   	   29.00    -6.00     0.00    90.00
 235 	  128.00   896.00     0.00     0.00     0.00     0.00
 235 	  128.00   896.00     0.00     0.00     0.00     0.00
   	   29.00    -6.00     0.00    90.00
   	   29.00    -6.00     0.00    90.00
 236 	  256.00   896.00     0.00     0.00     0.00     0.00
 236 	  256.00   896.00     0.00     0.00     0.00     0.00
   	   29.00    -6.00     0.00    90.00
   	   29.00    -6.00     0.00    90.00
 237 	  384.00   896.00     0.00     0.00     0.00     0.00
 237 	  384.00   896.00     0.00     0.00     0.00     0.00
   	   29.00    -6.00     0.00    90.00
   	   29.00    -6.00     0.00    90.00
 238 	  512.00   896.00     0.00     0.00     0.00     0.00
 238 	  512.00   896.00     0.00     0.00     0.00     0.00
   	   29.00    -6.00     0.00    90.00
   	   29.00    -6.00     0.00    90.00
 239 	  640.00   896.00     0.00     0.00     0.00     0.00
 239 	  640.00   896.00     0.00     0.00     0.00     0.00
   	   29.00    -6.00     0.00    90.00
   	   29.00    -6.00     0.00    90.00
 240 	  768.00   896.00     0.00     0.00     0.00     0.00
 240 	  768.00   896.00     0.00     0.00     0.00     0.00
   	   29.00    -6.00     0.00    90.00
   	   29.00    -6.00     0.00    90.00
 241 	  896.00   896.00     0.00     0.00     0.00     0.00
 241 	  896.00   896.00     0.00     0.00     0.00     0.00
   	   29.00    -6.00     0.00    90.00
   	   29.00    -6.00     0.00    90.00
 242 	 1024.00   896.00     0.00     0.00     0.00     0.00
 242 	 1024.00   896.00     0.00     0.00     0.00     0.00
   	   29.00    -6.00     0.00    90.00
   	   29.00    -6.00     0.00    90.00

** End writing output file: ../inputs/gr232.dat 
