*******************************************************************************
                         ARRAY PREPROCESSOR ver. 1.0
*******************************************************************************



   1	GROUP testgroup
   3	 GRID HEXAGONAL
   4	 ELEMENT
   5	 GEOMETRY CIRCULAR 72
   6	 POLARIZATION CIRCULAR
   7	 ADD HEXAGON -5 0
   8	 ADD BLOCK 0 -7 -1 -6
   9	 ADD NODE -4 2
  11	 GROUP_EXCITATION
  12	 AMPLITUDE UNIFORM 24
  13	 PHASE UNIFORM -13
  14	 END

** Generating GROUP: testgroup.
** PSTEP,QSTEP set to:144.000000,144.000000
** Grid ANGLE set to:60.000000 
** Group ROT_ANGLE set to: 0.000000 

** Writing output file: ../inputs/gr233.dat

NEL 
NPORTS
IDUM      REXA     REYA     REZA     THEA     PHEA     PSEA 
          AMP      PSH      PSC      PHEPOL
  12
  12
   1
   1
   1 	 -792.00   124.71     0.00     0.00     0.00     0.00
   1 	 -792.00   124.71     0.00     0.00     0.00     0.00
   	   24.00   -13.00     0.00    90.00
   	   24.00   -13.00     0.00    90.00
   2 	 -648.00   124.71     0.00     0.00     0.00     0.00
   2 	 -648.00   124.71     0.00     0.00     0.00     0.00
   	   24.00   -13.00     0.00    90.00
   	   24.00   -13.00     0.00    90.00
   3 	 -576.00     0.00     0.00     0.00     0.00     0.00
   3 	 -576.00     0.00     0.00     0.00     0.00     0.00
   	   24.00   -13.00     0.00    90.00
   	   24.00   -13.00     0.00    90.00
   4 	 -648.00  -124.71     0.00     0.00     0.00     0.00
   4 	 -648.00  -124.71     0.00     0.00     0.00     0.00
   	   24.00   -13.00     0.00    90.00
   	   24.00   -13.00     0.00    90.00
   5 	 -792.00  -124.71     0.00     0.00     0.00     0.00
   5 	 -792.00  -124.71     0.00     0.00     0.00     0.00
   	   24.00   -13.00     0.00    90.00
   	   24.00   -13.00     0.00    90.00
   6 	 -864.00     0.00     0.00     0.00     0.00     0.00
   6 	 -864.00     0.00     0.00     0.00     0.00     0.00
   	   24.00   -13.00     0.00    90.00
   	   24.00   -13.00     0.00    90.00
   7 	 -720.00     0.00     0.00     0.00     0.00     0.00
   7 	 -720.00     0.00     0.00     0.00     0.00     0.00
   	   24.00   -13.00     0.00    90.00
   	   24.00   -13.00     0.00    90.00
   8 	 -648.00  -872.95     0.00     0.00     0.00     0.00
   8 	 -648.00  -872.95     0.00     0.00     0.00     0.00
   	   24.00   -13.00     0.00    90.00
   	   24.00   -13.00     0.00    90.00
   9 	 -504.00  -872.95     0.00     0.00     0.00     0.00
   9 	 -504.00  -872.95     0.00     0.00     0.00     0.00
   	   24.00   -13.00     0.00    90.00
   	   24.00   -13.00     0.00    90.00
  10 	 -576.00  -748.25     0.00     0.00     0.00     0.00
  10 	 -576.00  -748.25     0.00     0.00     0.00     0.00
   	   24.00   -13.00     0.00    90.00
   	   24.00   -13.00     0.00    90.00
  11 	 -432.00  -748.25     0.00     0.00     0.00     0.00
  11 	 -432.00  -748.25     0.00     0.00     0.00     0.00
   	   24.00   -13.00     0.00    90.00
   	   24.00   -13.00     0.00    90.00
  12 	 -432.00   249.42     0.00     0.00     0.00     0.00
  12 	 -432.00   249.42     0.00     0.00     0.00     0.00
   	   24.00   -13.00     0.00    90.00
   	   24.00   -13.00     0.00    90.00

** End writing output file: ../inputs/gr233.dat 
