*******************************************************************************
                         ARRAY PREPROCESSOR ver. 1.0
*******************************************************************************



   1	GROUP testgroup
   3	 GRID RECTANGULAR
   4	 ELEMENT
   5	 GEOMETRY RECTANGULAR 28 67 dm
   7	 POLARIZATION LINEAR ORIENTATION 82
   8	 ADD BLOCK 4 -1 -1 -5
   9	 ADD BLOCK 0 1 -7 5
  10	 ADD BLOCK 2 -7 -3 -5
  11	 ADD BLOCK 2 3 10 -6
  13	 GROUP_EXCITATION
  14	 AMPLITUDE UNIFORM 24
  15	 PHASE UNIFORM -130
  16	 END

** Generating GROUP: testgroup.
** PSTEP,QSTEP set to:2800.000000,6700.000000
** Grid ANGLE set to:90.000000 
** Group ROT_ANGLE set to: 0.000000 

** Writing output file: ../inputs/gr237.dat

NEL 
NPORTS
IDUM      REXA     REYA     REZA     THEA     PHEA     PSEA 
          AMP      PSH      PSC      PHEPOL
 178
 178
   1
   1
   1 	-2800.00 -33500.00     0.00     0.00     0.00     0.00
   1 	-2800.00 -33500.00     0.00     0.00     0.00     0.00
   	   24.00  -130.00     0.00    82.00
   	   24.00  -130.00     0.00    82.00
   2 	    0.00 -33500.00     0.00     0.00     0.00     0.00
   2 	    0.00 -33500.00     0.00     0.00     0.00     0.00
   	   24.00  -130.00     0.00    82.00
   	   24.00  -130.00     0.00    82.00
   3 	 2800.00 -33500.00     0.00     0.00     0.00     0.00
   3 	 2800.00 -33500.00     0.00     0.00     0.00     0.00
   	   24.00  -130.00     0.00    82.00
   	   24.00  -130.00     0.00    82.00
   4 	 5600.00 -33500.00     0.00     0.00     0.00     0.00
   4 	 5600.00 -33500.00     0.00     0.00     0.00     0.00
   	   24.00  -130.00     0.00    82.00
   	   24.00  -130.00     0.00    82.00
   5 	 8400.00 -33500.00     0.00     0.00     0.00     0.00
   5 	 8400.00 -33500.00     0.00     0.00     0.00     0.00
   	   24.00  -130.00     0.00    82.00
   	   24.00  -130.00     0.00    82.00
   6 	11200.00 -33500.00     0.00     0.00     0.00     0.00
   6 	11200.00 -33500.00     0.00     0.00     0.00     0.00
   	   24.00  -130.00     0.00    82.00
   	   24.00  -130.00     0.00    82.00
   7 	-2800.00 -26800.00     0.00     0.00     0.00     0.00
   7 	-2800.00 -26800.00     0.00     0.00     0.00     0.00
   	   24.00  -130.00     0.00    82.00
   	   24.00  -130.00     0.00    82.00
   8 	    0.00 -26800.00     0.00     0.00     0.00     0.00
   8 	    0.00 -26800.00     0.00     0.00     0.00     0.00
   	   24.00  -130.00     0.00    82.00
   	   24.00  -130.00     0.00    82.00
   9 	 2800.00 -26800.00     0.00     0.00     0.00     0.00
   9 	 2800.00 -26800.00     0.00     0.00     0.00     0.00
   	   24.00  -130.00     0.00    82.00
   	   24.00  -130.00     0.00    82.00
  10 	 5600.00 -26800.00     0.00     0.00     0.00     0.00
  10 	 5600.00 -26800.00     0.00     0.00     0.00     0.00
   	   24.00  -130.00     0.00    82.00
   	   24.00  -130.00     0.00    82.00
  11 	 8400.00 -26800.00     0.00     0.00     0.00     0.00
  11 	 8400.00 -26800.00     0.00     0.00     0.00     0.00
   	   24.00  -130.00     0.00    82.00
   	   24.00  -130.00     0.00    82.00
  12 	11200.00 -26800.00     0.00     0.00     0.00     0.00
  12 	11200.00 -26800.00     0.00     0.00     0.00     0.00
   	   24.00  -130.00     0.00    82.00
   	   24.00  -130.00     0.00    82.00
  13 	-2800.00 -20100.00     0.00     0.00     0.00     0.00
  13 	-2800.00 -20100.00     0.00     0.00     0.00     0.00
   	   24.00  -130.00     0.00    82.00
   	   24.00  -130.00     0.00    82.00
  14 	    0.00 -20100.00     0.00     0.00     0.00     0.00
  14 	    0.00 -20100.00     0.00     0.00     0.00     0.00
   	   24.00  -130.00     0.00    82.00
   	   24.00  -130.00     0.00    82.00
  15 	 2800.00 -20100.00     0.00     0.00     0.00     0.00
  15 	 2800.00 -20100.00     0.00     0.00     0.00     0.00
   	   24.00  -130.00     0.00    82.00
   	   24.00  -130.00     0.00    82.00
  16 	 5600.00 -20100.00     0.00     0.00     0.00     0.00
  16 	 5600.00 -20100.00     0.00     0.00     0.00     0.00
   	   24.00  -130.00     0.00    82.00
   	   24.00  -130.00     0.00    82.00
  17 	 8400.00 -20100.00     0.00     0.00     0.00     0.00
  17 	 8400.00 -20100.00     0.00     0.00     0.00     0.00
   	   24.00  -130.00     0.00    82.00
   	   24.00  -130.00     0.00    82.00
  18 	11200.00 -20100.00     0.00     0.00     0.00     0.00
  18 	11200.00 -20100.00     0.00     0.00     0.00     0.00
   	   24.00  -130.00     0.00    82.00
   	   24.00  -130.00     0.00    82.00
  19 	-2800.00 -13400.00     0.00     0.00     0.00     0.00
  19 	-2800.00 -13400.00     0.00     0.00     0.00     0.00
   	   24.00  -130.00     0.00    82.00
   	   24.00  -130.00     0.00    82.00
  20 	    0.00 -13400.00     0.00     0.00     0.00     0.00
  20 	    0.00 -13400.00     0.00     0.00     0.00     0.00
   	   24.00  -130.00     0.00    82.00
   	   24.00  -130.00     0.00    82.00
  21 	 2800.00 -13400.00     0.00     0.00     0.00     0.00
  21 	 2800.00 -13400.00     0.00     0.00     0.00     0.00
   	   24.00  -130.00     0.00    82.00
   	   24.00  -130.00     0.00    82.00
  22 	 5600.00 -13400.00     0.00     0.00     0.00     0.00
  22 	 5600.00 -13400.00     0.00     0.00     0.00     0.00
   	   24.00  -130.00     0.00    82.00
   	   24.00  -130.00     0.00    82.00
  23 	 8400.00 -13400.00     0.00     0.00     0.00     0.00
  23 	 8400.00 -13400.00     0.00     0.00     0.00     0.00
   	   24.00  -130.00     0.00    82.00
   	   24.00  -130.00     0.00    82.00
  24 	11200.00 -13400.00     0.00     0.00     0.00     0.00
  24 	11200.00 -13400.00     0.00     0.00     0.00     0.00
   	   24.00  -130.00     0.00    82.00
   	   24.00  -130.00     0.00    82.00
  25 	-2800.00 -6700.00     0.00     0.00     0.00     0.00
  25 	-2800.00 -6700.00     0.00     0.00     0.00     0.00
   	   24.00  -130.00     0.00    82.00
   	   24.00  -130.00     0.00    82.00
  26 	    0.00 -6700.00     0.00     0.00     0.00     0.00
  26 	    0.00 -6700.00     0.00     0.00     0.00     0.00
   	   24.00  -130.00     0.00    82.00
   	   24.00  -130.00     0.00    82.00
  27 	 2800.00 -6700.00     0.00     0.00     0.00     0.00
  27 	 2800.00 -6700.00     0.00     0.00     0.00     0.00
   	   24.00  -130.00     0.00    82.00
   	   24.00  -130.00     0.00    82.00
  28 	 5600.00 -6700.00     0.00     0.00     0.00     0.00
  28 	 5600.00 -6700.00     0.00     0.00     0.00     0.00
   	   24.00  -130.00     0.00    82.00
   	   24.00  -130.00     0.00    82.00
  29 	 8400.00 -6700.00     0.00     0.00     0.00     0.00
  29 	 8400.00 -6700.00     0.00     0.00     0.00     0.00
   	   24.00  -130.00     0.00    82.00
   	   24.00  -130.00     0.00    82.00
  30 	11200.00 -6700.00     0.00     0.00     0.00     0.00
  30 	11200.00 -6700.00     0.00     0.00     0.00     0.00
   	   24.00  -130.00     0.00    82.00
   	   24.00  -130.00     0.00    82.00
  31 	-19600.00  6700.00     0.00     0.00     0.00     0.00
  31 	-19600.00  6700.00     0.00     0.00     0.00     0.00
   	   24.00  -130.00     0.00    82.00
   	   24.00  -130.00     0.00    82.00
  32 	-16800.00  6700.00     0.00     0.00     0.00     0.00
  32 	-16800.00  6700.00     0.00     0.00     0.00     0.00
   	   24.00  -130.00     0.00    82.00
   	   24.00  -130.00     0.00    82.00
  33 	-14000.00  6700.00     0.00     0.00     0.00     0.00
  33 	-14000.00  6700.00     0.00     0.00     0.00     0.00
   	   24.00  -130.00     0.00    82.00
   	   24.00  -130.00     0.00    82.00
  34 	-11200.00  6700.00     0.00     0.00     0.00     0.00
  34 	-11200.00  6700.00     0.00     0.00     0.00     0.00
   	   24.00  -130.00     0.00    82.00
   	   24.00  -130.00     0.00    82.00
  35 	-8400.00  6700.00     0.00     0.00     0.00     0.00
  35 	-8400.00  6700.00     0.00     0.00     0.00     0.00
   	   24.00  -130.00     0.00    82.00
   	   24.00  -130.00     0.00    82.00
  36 	-5600.00  6700.00     0.00     0.00     0.00     0.00
  36 	-5600.00  6700.00     0.00     0.00     0.00     0.00
   	   24.00  -130.00     0.00    82.00
   	   24.00  -130.00     0.00    82.00
  37 	-2800.00  6700.00     0.00     0.00     0.00     0.00
  37 	-2800.00  6700.00     0.00     0.00     0.00     0.00
   	   24.00  -130.00     0.00    82.00
   	   24.00  -130.00     0.00    82.00
  38 	   -0.00  6700.00     0.00     0.00     0.00     0.00
  38 	   -0.00  6700.00     0.00     0.00     0.00     0.00
   	   24.00  -130.00     0.00    82.00
   	   24.00  -130.00     0.00    82.00
  39 	-19600.00 13400.00     0.00     0.00     0.00     0.00
  39 	-19600.00 13400.00     0.00     0.00     0.00     0.00
   	   24.00  -130.00     0.00    82.00
   	   24.00  -130.00     0.00    82.00
  40 	-16800.00 13400.00     0.00     0.00     0.00     0.00
  40 	-16800.00 13400.00     0.00     0.00     0.00     0.00
   	   24.00  -130.00     0.00    82.00
   	   24.00  -130.00     0.00    82.00
  41 	-14000.00 13400.00     0.00     0.00     0.00     0.00
  41 	-14000.00 13400.00     0.00     0.00     0.00     0.00
   	   24.00  -130.00     0.00    82.00
   	   24.00  -130.00     0.00    82.00
  42 	-11200.00 13400.00     0.00     0.00     0.00     0.00
  42 	-11200.00 13400.00     0.00     0.00     0.00     0.00
   	   24.00  -130.00     0.00    82.00
   	   24.00  -130.00     0.00    82.00
  43 	-8400.00 13400.00     0.00     0.00     0.00     0.00
  43 	-8400.00 13400.00     0.00     0.00     0.00     0.00
   	   24.00  -130.00     0.00    82.00
   	   24.00  -130.00     0.00    82.00
  44 	-5600.00 13400.00     0.00     0.00     0.00     0.00
  44 	-5600.00 13400.00     0.00     0.00     0.00     0.00
   	   24.00  -130.00     0.00    82.00
   	   24.00  -130.00     0.00    82.00
  45 	-2800.00 13400.00     0.00     0.00     0.00     0.00
  45 	-2800.00 13400.00     0.00     0.00     0.00     0.00
   	   24.00  -130.00     0.00    82.00
   	   24.00  -130.00     0.00    82.00
  46 	   -0.00 13400.00     0.00     0.00     0.00     0.00
  46 	   -0.00 13400.00     0.00     0.00     0.00     0.00
   	   24.00  -130.00     0.00    82.00
   	   24.00  -130.00     0.00    82.00
  47 	-19600.00 20100.00     0.00     0.00     0.00     0.00
  47 	-19600.00 20100.00     0.00     0.00     0.00     0.00
   	   24.00  -130.00     0.00    82.00
   	   24.00  -130.00     0.00    82.00
  48 	-16800.00 20100.00     0.00     0.00     0.00     0.00
  48 	-16800.00 20100.00     0.00     0.00     0.00     0.00
   	   24.00  -130.00     0.00    82.00
   	   24.00  -130.00     0.00    82.00
  49 	-14000.00 20100.00     0.00     0.00     0.00     0.00
  49 	-14000.00 20100.00     0.00     0.00     0.00     0.00
   	   24.00  -130.00     0.00    82.00
   	   24.00  -130.00     0.00    82.00
  50 	-11200.00 20100.00     0.00     0.00     0.00     0.00
  50 	-11200.00 20100.00     0.00     0.00     0.00     0.00
   	   24.00  -130.00     0.00    82.00
   	   24.00  -130.00     0.00    82.00
  51 	-8400.00 20100.00     0.00     0.00     0.00     0.00
  51 	-8400.00 20100.00     0.00     0.00     0.00     0.00
   	   24.00  -130.00     0.00    82.00
   	   24.00  -130.00     0.00    82.00
  52 	-5600.00 20100.00     0.00     0.00     0.00     0.00
  52 	-5600.00 20100.00     0.00     0.00     0.00     0.00
   	   24.00  -130.00     0.00    82.00
   	   24.00  -130.00     0.00    82.00
  53 	-2800.00 20100.00     0.00     0.00     0.00     0.00
  53 	-2800.00 20100.00     0.00     0.00     0.00     0.00
   	   24.00  -130.00     0.00    82.00
   	   24.00  -130.00     0.00    82.00
  54 	   -0.00 20100.00     0.00     0.00     0.00     0.00
  54 	   -0.00 20100.00     0.00     0.00     0.00     0.00
   	   24.00  -130.00     0.00    82.00
   	   24.00  -130.00     0.00    82.00
  55 	-19600.00 26800.00     0.00     0.00     0.00     0.00
  55 	-19600.00 26800.00     0.00     0.00     0.00     0.00
   	   24.00  -130.00     0.00    82.00
   	   24.00  -130.00     0.00    82.00
  56 	-16800.00 26800.00     0.00     0.00     0.00     0.00
  56 	-16800.00 26800.00     0.00     0.00     0.00     0.00
   	   24.00  -130.00     0.00    82.00
   	   24.00  -130.00     0.00    82.00
  57 	-14000.00 26800.00     0.00     0.00     0.00     0.00
  57 	-14000.00 26800.00     0.00     0.00     0.00     0.00
   	   24.00  -130.00     0.00    82.00
   	   24.00  -130.00     0.00    82.00
  58 	-11200.00 26800.00     0.00     0.00     0.00     0.00
  58 	-11200.00 26800.00     0.00     0.00     0.00     0.00
   	   24.00  -130.00     0.00    82.00
   	   24.00  -130.00     0.00    82.00
  59 	-8400.00 26800.00     0.00     0.00     0.00     0.00
  59 	-8400.00 26800.00     0.00     0.00     0.00     0.00
   	   24.00  -130.00     0.00    82.00
   	   24.00  -130.00     0.00    82.00
  60 	-5600.00 26800.00     0.00     0.00     0.00     0.00
  60 	-5600.00 26800.00     0.00     0.00     0.00     0.00
   	   24.00  -130.00     0.00    82.00
   	   24.00  -130.00     0.00    82.00
  61 	-2800.00 26800.00     0.00     0.00     0.00     0.00
  61 	-2800.00 26800.00     0.00     0.00     0.00     0.00
   	   24.00  -130.00     0.00    82.00
   	   24.00  -130.00     0.00    82.00
  62 	   -0.00 26800.00     0.00     0.00     0.00     0.00
  62 	   -0.00 26800.00     0.00     0.00     0.00     0.00
   	   24.00  -130.00     0.00    82.00
   	   24.00  -130.00     0.00    82.00
  63 	-19600.00 33500.00     0.00     0.00     0.00     0.00
  63 	-19600.00 33500.00     0.00     0.00     0.00     0.00
   	   24.00  -130.00     0.00    82.00
   	   24.00  -130.00     0.00    82.00
  64 	-16800.00 33500.00     0.00     0.00     0.00     0.00
  64 	-16800.00 33500.00     0.00     0.00     0.00     0.00
   	   24.00  -130.00     0.00    82.00
   	   24.00  -130.00     0.00    82.00
  65 	-14000.00 33500.00     0.00     0.00     0.00     0.00
  65 	-14000.00 33500.00     0.00     0.00     0.00     0.00
   	   24.00  -130.00     0.00    82.00
   	   24.00  -130.00     0.00    82.00
  66 	-11200.00 33500.00     0.00     0.00     0.00     0.00
  66 	-11200.00 33500.00     0.00     0.00     0.00     0.00
   	   24.00  -130.00     0.00    82.00
   	   24.00  -130.00     0.00    82.00
  67 	-8400.00 33500.00     0.00     0.00     0.00     0.00
  67 	-8400.00 33500.00     0.00     0.00     0.00     0.00
   	   24.00  -130.00     0.00    82.00
   	   24.00  -130.00     0.00    82.00
  68 	-5600.00 33500.00     0.00     0.00     0.00     0.00
  68 	-5600.00 33500.00     0.00     0.00     0.00     0.00
   	   24.00  -130.00     0.00    82.00
   	   24.00  -130.00     0.00    82.00
  69 	-2800.00 33500.00     0.00     0.00     0.00     0.00
  69 	-2800.00 33500.00     0.00     0.00     0.00     0.00
   	   24.00  -130.00     0.00    82.00
   	   24.00  -130.00     0.00    82.00
  70 	   -0.00 33500.00     0.00     0.00     0.00     0.00
  70 	   -0.00 33500.00     0.00     0.00     0.00     0.00
   	   24.00  -130.00     0.00    82.00
   	   24.00  -130.00     0.00    82.00
  71 	-8400.00 -46900.00     0.00     0.00     0.00     0.00
  71 	-8400.00 -46900.00     0.00     0.00     0.00     0.00
   	   24.00  -130.00     0.00    82.00
   	   24.00  -130.00     0.00    82.00
  72 	-5600.00 -46900.00     0.00     0.00     0.00     0.00
  72 	-5600.00 -46900.00     0.00     0.00     0.00     0.00
   	   24.00  -130.00     0.00    82.00
   	   24.00  -130.00     0.00    82.00
  73 	-2800.00 -46900.00     0.00     0.00     0.00     0.00
  73 	-2800.00 -46900.00     0.00     0.00     0.00     0.00
   	   24.00  -130.00     0.00    82.00
   	   24.00  -130.00     0.00    82.00
  74 	    0.00 -46900.00     0.00     0.00     0.00     0.00
  74 	    0.00 -46900.00     0.00     0.00     0.00     0.00
   	   24.00  -130.00     0.00    82.00
   	   24.00  -130.00     0.00    82.00
  75 	 2800.00 -46900.00     0.00     0.00     0.00     0.00
  75 	 2800.00 -46900.00     0.00     0.00     0.00     0.00
   	   24.00  -130.00     0.00    82.00
   	   24.00  -130.00     0.00    82.00
  76 	 5600.00 -46900.00     0.00     0.00     0.00     0.00
  76 	 5600.00 -46900.00     0.00     0.00     0.00     0.00
   	   24.00  -130.00     0.00    82.00
   	   24.00  -130.00     0.00    82.00
  77 	-8400.00 -40200.00     0.00     0.00     0.00     0.00
  77 	-8400.00 -40200.00     0.00     0.00     0.00     0.00
   	   24.00  -130.00     0.00    82.00
   	   24.00  -130.00     0.00    82.00
  78 	-5600.00 -40200.00     0.00     0.00     0.00     0.00
  78 	-5600.00 -40200.00     0.00     0.00     0.00     0.00
   	   24.00  -130.00     0.00    82.00
   	   24.00  -130.00     0.00    82.00
  79 	-2800.00 -40200.00     0.00     0.00     0.00     0.00
  79 	-2800.00 -40200.00     0.00     0.00     0.00     0.00
   	   24.00  -130.00     0.00    82.00
   	   24.00  -130.00     0.00    82.00
  80 	    0.00 -40200.00     0.00     0.00     0.00     0.00
  80 	    0.00 -40200.00     0.00     0.00     0.00     0.00
   	   24.00  -130.00     0.00    82.00
   	   24.00  -130.00     0.00    82.00
  81 	 2800.00 -40200.00     0.00     0.00     0.00     0.00
  81 	 2800.00 -40200.00     0.00     0.00     0.00     0.00
   	   24.00  -130.00     0.00    82.00
   	   24.00  -130.00     0.00    82.00
  82 	 5600.00 -40200.00     0.00     0.00     0.00     0.00
  82 	 5600.00 -40200.00     0.00     0.00     0.00     0.00
   	   24.00  -130.00     0.00    82.00
   	   24.00  -130.00     0.00    82.00
  83 	-8400.00 -33500.00     0.00     0.00     0.00     0.00
  83 	-8400.00 -33500.00     0.00     0.00     0.00     0.00
   	   24.00  -130.00     0.00    82.00
   	   24.00  -130.00     0.00    82.00
  84 	-5600.00 -33500.00     0.00     0.00     0.00     0.00
  84 	-5600.00 -33500.00     0.00     0.00     0.00     0.00
   	   24.00  -130.00     0.00    82.00
   	   24.00  -130.00     0.00    82.00
  85 	-2800.00 -33500.00     0.00     0.00     0.00     0.00
  85 	-2800.00 -33500.00     0.00     0.00     0.00     0.00
   	   24.00  -130.00     0.00    82.00
   	   24.00  -130.00     0.00    82.00
  86 	    0.00 -33500.00     0.00     0.00     0.00     0.00
  86 	    0.00 -33500.00     0.00     0.00     0.00     0.00
   	   24.00  -130.00     0.00    82.00
   	   24.00  -130.00     0.00    82.00
  87 	 2800.00 -33500.00     0.00     0.00     0.00     0.00
  87 	 2800.00 -33500.00     0.00     0.00     0.00     0.00
   	   24.00  -130.00     0.00    82.00
   	   24.00  -130.00     0.00    82.00
  88 	 5600.00 -33500.00     0.00     0.00     0.00     0.00
  88 	 5600.00 -33500.00     0.00     0.00     0.00     0.00
   	   24.00  -130.00     0.00    82.00
   	   24.00  -130.00     0.00    82.00
  89 	 5600.00 -40200.00     0.00     0.00     0.00     0.00
  89 	 5600.00 -40200.00     0.00     0.00     0.00     0.00
   	   24.00  -130.00     0.00    82.00
   	   24.00  -130.00     0.00    82.00
  90 	 8400.00 -40200.00     0.00     0.00     0.00     0.00
  90 	 8400.00 -40200.00     0.00     0.00     0.00     0.00
   	   24.00  -130.00     0.00    82.00
   	   24.00  -130.00     0.00    82.00
  91 	11200.00 -40200.00     0.00     0.00     0.00     0.00
  91 	11200.00 -40200.00     0.00     0.00     0.00     0.00
   	   24.00  -130.00     0.00    82.00
   	   24.00  -130.00     0.00    82.00
  92 	14000.00 -40200.00     0.00     0.00     0.00     0.00
  92 	14000.00 -40200.00     0.00     0.00     0.00     0.00
   	   24.00  -130.00     0.00    82.00
   	   24.00  -130.00     0.00    82.00
  93 	16800.00 -40200.00     0.00     0.00     0.00     0.00
  93 	16800.00 -40200.00     0.00     0.00     0.00     0.00
   	   24.00  -130.00     0.00    82.00
   	   24.00  -130.00     0.00    82.00
  94 	19600.00 -40200.00     0.00     0.00     0.00     0.00
  94 	19600.00 -40200.00     0.00     0.00     0.00     0.00
   	   24.00  -130.00     0.00    82.00
   	   24.00  -130.00     0.00    82.00
  95 	22400.00 -40200.00     0.00     0.00     0.00     0.00
  95 	22400.00 -40200.00     0.00     0.00     0.00     0.00
   	   24.00  -130.00     0.00    82.00
   	   24.00  -130.00     0.00    82.00
  96 	25200.00 -40200.00     0.00     0.00     0.00     0.00
  96 	25200.00 -40200.00     0.00     0.00     0.00     0.00
   	   24.00  -130.00     0.00    82.00
   	   24.00  -130.00     0.00    82.00
  97 	28000.00 -40200.00     0.00     0.00     0.00     0.00
  97 	28000.00 -40200.00     0.00     0.00     0.00     0.00
   	   24.00  -130.00     0.00    82.00
   	   24.00  -130.00     0.00    82.00
  98 	 5600.00 -33500.00     0.00     0.00     0.00     0.00
  98 	 5600.00 -33500.00     0.00     0.00     0.00     0.00
   	   24.00  -130.00     0.00    82.00
   	   24.00  -130.00     0.00    82.00
  99 	 8400.00 -33500.00     0.00     0.00     0.00     0.00
  99 	 8400.00 -33500.00     0.00     0.00     0.00     0.00
   	   24.00  -130.00     0.00    82.00
   	   24.00  -130.00     0.00    82.00
 100 	11200.00 -33500.00     0.00     0.00     0.00     0.00
 100 	11200.00 -33500.00     0.00     0.00     0.00     0.00
   	   24.00  -130.00     0.00    82.00
   	   24.00  -130.00     0.00    82.00
 101 	14000.00 -33500.00     0.00     0.00     0.00     0.00
 101 	14000.00 -33500.00     0.00     0.00     0.00     0.00
   	   24.00  -130.00     0.00    82.00
   	   24.00  -130.00     0.00    82.00
 102 	16800.00 -33500.00     0.00     0.00     0.00     0.00
 102 	16800.00 -33500.00     0.00     0.00     0.00     0.00
   	   24.00  -130.00     0.00    82.00
   	   24.00  -130.00     0.00    82.00
 103 	19600.00 -33500.00     0.00     0.00     0.00     0.00
 103 	19600.00 -33500.00     0.00     0.00     0.00     0.00
   	   24.00  -130.00     0.00    82.00
   	   24.00  -130.00     0.00    82.00
 104 	22400.00 -33500.00     0.00     0.00     0.00     0.00
 104 	22400.00 -33500.00     0.00     0.00     0.00     0.00
   	   24.00  -130.00     0.00    82.00
   	   24.00  -130.00     0.00    82.00
 105 	25200.00 -33500.00     0.00     0.00     0.00     0.00
 105 	25200.00 -33500.00     0.00     0.00     0.00     0.00
   	   24.00  -130.00     0.00    82.00
   	   24.00  -130.00     0.00    82.00
 106 	28000.00 -33500.00     0.00     0.00     0.00     0.00
 106 	28000.00 -33500.00     0.00     0.00     0.00     0.00
   	   24.00  -130.00     0.00    82.00
   	   24.00  -130.00     0.00    82.00
 107 	 5600.00 -26800.00     0.00     0.00     0.00     0.00
 107 	 5600.00 -26800.00     0.00     0.00     0.00     0.00
   	   24.00  -130.00     0.00    82.00
   	   24.00  -130.00     0.00    82.00
 108 	 8400.00 -26800.00     0.00     0.00     0.00     0.00
 108 	 8400.00 -26800.00     0.00     0.00     0.00     0.00
   	   24.00  -130.00     0.00    82.00
   	   24.00  -130.00     0.00    82.00
 109 	11200.00 -26800.00     0.00     0.00     0.00     0.00
 109 	11200.00 -26800.00     0.00     0.00     0.00     0.00
   	   24.00  -130.00     0.00    82.00
   	   24.00  -130.00     0.00    82.00
 110 	14000.00 -26800.00     0.00     0.00     0.00     0.00
 110 	14000.00 -26800.00     0.00     0.00     0.00     0.00
   	   24.00  -130.00     0.00    82.00
   	   24.00  -130.00     0.00    82.00
 111 	16800.00 -26800.00     0.00     0.00     0.00     0.00
 111 	16800.00 -26800.00     0.00     0.00     0.00     0.00
   	   24.00  -130.00     0.00    82.00
   	   24.00  -130.00     0.00    82.00
 112 	19600.00 -26800.00     0.00     0.00     0.00     0.00
 112 	19600.00 -26800.00     0.00     0.00     0.00     0.00
   	   24.00  -130.00     0.00    82.00
   	   24.00  -130.00     0.00    82.00
 113 	22400.00 -26800.00     0.00     0.00     0.00     0.00
 113 	22400.00 -26800.00     0.00     0.00     0.00     0.00
   	   24.00  -130.00     0.00    82.00
   	   24.00  -130.00     0.00    82.00
 114 	25200.00 -26800.00     0.00     0.00     0.00     0.00
 114 	25200.00 -26800.00     0.00     0.00     0.00     0.00
   	   24.00  -130.00     0.00    82.00
   	   24.00  -130.00     0.00    82.00
 115 	28000.00 -26800.00     0.00     0.00     0.00     0.00
 115 	28000.00 -26800.00     0.00     0.00     0.00     0.00
   	   24.00  -130.00     0.00    82.00
   	   24.00  -130.00     0.00    82.00
 116 	 5600.00 -20100.00     0.00     0.00     0.00     0.00
 116 	 5600.00 -20100.00     0.00     0.00     0.00     0.00
   	   24.00  -130.00     0.00    82.00
   	   24.00  -130.00     0.00    82.00
 117 	 8400.00 -20100.00     0.00     0.00     0.00     0.00
 117 	 8400.00 -20100.00     0.00     0.00     0.00     0.00
   	   24.00  -130.00     0.00    82.00
   	   24.00  -130.00     0.00    82.00
 118 	11200.00 -20100.00     0.00     0.00     0.00     0.00
 118 	11200.00 -20100.00     0.00     0.00     0.00     0.00
   	   24.00  -130.00     0.00    82.00
   	   24.00  -130.00     0.00    82.00
 119 	14000.00 -20100.00     0.00     0.00     0.00     0.00
 119 	14000.00 -20100.00     0.00     0.00     0.00     0.00
   	   24.00  -130.00     0.00    82.00
   	   24.00  -130.00     0.00    82.00
 120 	16800.00 -20100.00     0.00     0.00     0.00     0.00
 120 	16800.00 -20100.00     0.00     0.00     0.00     0.00
   	   24.00  -130.00     0.00    82.00
   	   24.00  -130.00     0.00    82.00
 121 	19600.00 -20100.00     0.00     0.00     0.00     0.00
 121 	19600.00 -20100.00     0.00     0.00     0.00     0.00
   	   24.00  -130.00     0.00    82.00
   	   24.00  -130.00     0.00    82.00
 122 	22400.00 -20100.00     0.00     0.00     0.00     0.00
 122 	22400.00 -20100.00     0.00     0.00     0.00     0.00
   	   24.00  -130.00     0.00    82.00
   	   24.00  -130.00     0.00    82.00
 123 	25200.00 -20100.00     0.00     0.00     0.00     0.00
 123 	25200.00 -20100.00     0.00     0.00     0.00     0.00
   	   24.00  -130.00     0.00    82.00
   	   24.00  -130.00     0.00    82.00
 124 	28000.00 -20100.00     0.00     0.00     0.00     0.00
 124 	28000.00 -20100.00     0.00     0.00     0.00     0.00
   	   24.00  -130.00     0.00    82.00
   	   24.00  -130.00     0.00    82.00
 125 	 5600.00 -13400.00     0.00     0.00     0.00     0.00
 125 	 5600.00 -13400.00     0.00     0.00     0.00     0.00
   	   24.00  -130.00     0.00    82.00
   	   24.00  -130.00     0.00    82.00
 126 	 8400.00 -13400.00     0.00     0.00     0.00     0.00
 126 	 8400.00 -13400.00     0.00     0.00     0.00     0.00
   	   24.00  -130.00     0.00    82.00
   	   24.00  -130.00     0.00    82.00
 127 	11200.00 -13400.00     0.00     0.00     0.00     0.00
 127 	11200.00 -13400.00     0.00     0.00     0.00     0.00
   	   24.00  -130.00     0.00    82.00
   	   24.00  -130.00     0.00    82.00
 128 	14000.00 -13400.00     0.00     0.00     0.00     0.00
 128 	14000.00 -13400.00     0.00     0.00     0.00     0.00
   	   24.00  -130.00     0.00    82.00
   	   24.00  -130.00     0.00    82.00
 129 	16800.00 -13400.00     0.00     0.00     0.00     0.00
 129 	16800.00 -13400.00     0.00     0.00     0.00     0.00
   	   24.00  -130.00     0.00    82.00
   	   24.00  -130.00     0.00    82.00
 130 	19600.00 -13400.00     0.00     0.00     0.00     0.00
 130 	19600.00 -13400.00     0.00     0.00     0.00     0.00
   	   24.00  -130.00     0.00    82.00
   	   24.00  -130.00     0.00    82.00
 131 	22400.00 -13400.00     0.00     0.00     0.00     0.00
 131 	22400.00 -13400.00     0.00     0.00     0.00     0.00
   	   24.00  -130.00     0.00    82.00
   	   24.00  -130.00     0.00    82.00
 132 	25200.00 -13400.00     0.00     0.00     0.00     0.00
 132 	25200.00 -13400.00     0.00     0.00     0.00     0.00
   	   24.00  -130.00     0.00    82.00
   	   24.00  -130.00     0.00    82.00
 133 	28000.00 -13400.00     0.00     0.00     0.00     0.00
 133 	28000.00 -13400.00     0.00     0.00     0.00     0.00
   	   24.00  -130.00     0.00    82.00
   	   24.00  -130.00     0.00    82.00
 134 	 5600.00 -6700.00     0.00     0.00     0.00     0.00
 134 	 5600.00 -6700.00     0.00     0.00     0.00     0.00
   	   24.00  -130.00     0.00    82.00
   	   24.00  -130.00     0.00    82.00
 135 	 8400.00 -6700.00     0.00     0.00     0.00     0.00
 135 	 8400.00 -6700.00     0.00     0.00     0.00     0.00
   	   24.00  -130.00     0.00    82.00
   	   24.00  -130.00     0.00    82.00
 136 	11200.00 -6700.00     0.00     0.00     0.00     0.00
 136 	11200.00 -6700.00     0.00     0.00     0.00     0.00
   	   24.00  -130.00     0.00    82.00
   	   24.00  -130.00     0.00    82.00
 137 	14000.00 -6700.00     0.00     0.00     0.00     0.00
 137 	14000.00 -6700.00     0.00     0.00     0.00     0.00
   	   24.00  -130.00     0.00    82.00
   	   24.00  -130.00     0.00    82.00
 138 	16800.00 -6700.00     0.00     0.00     0.00     0.00
 138 	16800.00 -6700.00     0.00     0.00     0.00     0.00
   	   24.00  -130.00     0.00    82.00
   	   24.00  -130.00     0.00    82.00
 139 	19600.00 -6700.00     0.00     0.00     0.00     0.00
 139 	19600.00 -6700.00     0.00     0.00     0.00     0.00
   	   24.00  -130.00     0.00    82.00
   	   24.00  -130.00     0.00    82.00
 140 	22400.00 -6700.00     0.00     0.00     0.00     0.00
 140 	22400.00 -6700.00     0.00     0.00     0.00     0.00
   	   24.00  -130.00     0.00    82.00
   	   24.00  -130.00     0.00    82.00
 141 	25200.00 -6700.00     0.00     0.00     0.00     0.00
 141 	25200.00 -6700.00     0.00     0.00     0.00     0.00
   	   24.00  -130.00     0.00    82.00
   	   24.00  -130.00     0.00    82.00
 142 	28000.00 -6700.00     0.00     0.00     0.00     0.00
 142 	28000.00 -6700.00     0.00     0.00     0.00     0.00
   	   24.00  -130.00     0.00    82.00
   	   24.00  -130.00     0.00    82.00
 143 	 5600.00     0.00     0.00     0.00     0.00     0.00
 143 	 5600.00     0.00     0.00     0.00     0.00     0.00
   	   24.00  -130.00     0.00    82.00
   	   24.00  -130.00     0.00    82.00
 144 	 8400.00     0.00     0.00     0.00     0.00     0.00
 144 	 8400.00     0.00     0.00     0.00     0.00     0.00
   	   24.00  -130.00     0.00    82.00
   	   24.00  -130.00     0.00    82.00
 145 	11200.00     0.00     0.00     0.00     0.00     0.00
 145 	11200.00     0.00     0.00     0.00     0.00     0.00
   	   24.00  -130.00     0.00    82.00
   	   24.00  -130.00     0.00    82.00
 146 	14000.00     0.00     0.00     0.00     0.00     0.00
 146 	14000.00     0.00     0.00     0.00     0.00     0.00
   	   24.00  -130.00     0.00    82.00
   	   24.00  -130.00     0.00    82.00
 147 	16800.00     0.00     0.00     0.00     0.00     0.00
 147 	16800.00     0.00     0.00     0.00     0.00     0.00
   	   24.00  -130.00     0.00    82.00
   	   24.00  -130.00     0.00    82.00
 148 	19600.00     0.00     0.00     0.00     0.00     0.00
 148 	19600.00     0.00     0.00     0.00     0.00     0.00
   	   24.00  -130.00     0.00    82.00
   	   24.00  -130.00     0.00    82.00
 149 	22400.00     0.00     0.00     0.00     0.00     0.00
 149 	22400.00     0.00     0.00     0.00     0.00     0.00
   	   24.00  -130.00     0.00    82.00
   	   24.00  -130.00     0.00    82.00
 150 	25200.00     0.00     0.00     0.00     0.00     0.00
 150 	25200.00     0.00     0.00     0.00     0.00     0.00
   	   24.00  -130.00     0.00    82.00
   	   24.00  -130.00     0.00    82.00
 151 	28000.00     0.00     0.00     0.00     0.00     0.00
 151 	28000.00     0.00     0.00     0.00     0.00     0.00
   	   24.00  -130.00     0.00    82.00
   	   24.00  -130.00     0.00    82.00
 152 	 5600.00  6700.00     0.00     0.00     0.00     0.00
 152 	 5600.00  6700.00     0.00     0.00     0.00     0.00
   	   24.00  -130.00     0.00    82.00
   	   24.00  -130.00     0.00    82.00
 153 	 8400.00  6700.00     0.00     0.00     0.00     0.00
 153 	 8400.00  6700.00     0.00     0.00     0.00     0.00
   	   24.00  -130.00     0.00    82.00
   	   24.00  -130.00     0.00    82.00
 154 	11200.00  6700.00     0.00     0.00     0.00     0.00
 154 	11200.00  6700.00     0.00     0.00     0.00     0.00
   	   24.00  -130.00     0.00    82.00
   	   24.00  -130.00     0.00    82.00
 155 	14000.00  6700.00     0.00     0.00     0.00     0.00
 155 	14000.00  6700.00     0.00     0.00     0.00     0.00
   	   24.00  -130.00     0.00    82.00
   	   24.00  -130.00     0.00    82.00
 156 	16800.00  6700.00     0.00     0.00     0.00     0.00
 156 	16800.00  6700.00     0.00     0.00     0.00     0.00
   	   24.00  -130.00     0.00    82.00
   	   24.00  -130.00     0.00    82.00
 157 	19600.00  6700.00     0.00     0.00     0.00     0.00
 157 	19600.00  6700.00     0.00     0.00     0.00     0.00
   	   24.00  -130.00     0.00    82.00
   	   24.00  -130.00     0.00    82.00
 158 	22400.00  6700.00     0.00     0.00     0.00     0.00
 158 	22400.00  6700.00     0.00     0.00     0.00     0.00
   	   24.00  -130.00     0.00    82.00
   	   24.00  -130.00     0.00    82.00
 159 	25200.00  6700.00     0.00     0.00     0.00     0.00
 159 	25200.00  6700.00     0.00     0.00     0.00     0.00
   	   24.00  -130.00     0.00    82.00
   	   24.00  -130.00     0.00    82.00
 160 	28000.00  6700.00     0.00     0.00     0.00     0.00
 160 	28000.00  6700.00     0.00     0.00     0.00     0.00
   	   24.00  -130.00     0.00    82.00
   	   24.00  -130.00     0.00    82.00
 161 	 5600.00 13400.00     0.00     0.00     0.00     0.00
 161 	 5600.00 13400.00     0.00     0.00     0.00     0.00
   	   24.00  -130.00     0.00    82.00
   	   24.00  -130.00     0.00    82.00
 162 	 8400.00 13400.00     0.00     0.00     0.00     0.00
 162 	 8400.00 13400.00     0.00     0.00     0.00     0.00
   	   24.00  -130.00     0.00    82.00
   	   24.00  -130.00     0.00    82.00
 163 	11200.00 13400.00     0.00     0.00     0.00     0.00
 163 	11200.00 13400.00     0.00     0.00     0.00     0.00
   	   24.00  -130.00     0.00    82.00
   	   24.00  -130.00     0.00    82.00
 164 	14000.00 13400.00     0.00     0.00     0.00     0.00
 164 	14000.00 13400.00     0.00     0.00     0.00     0.00
   	   24.00  -130.00     0.00    82.00
   	   24.00  -130.00     0.00    82.00
 165 	16800.00 13400.00     0.00     0.00     0.00     0.00
 165 	16800.00 13400.00     0.00     0.00     0.00     0.00
   	   24.00  -130.00     0.00    82.00
   	   24.00  -130.00     0.00    82.00
 166 	19600.00 13400.00     0.00     0.00     0.00     0.00
 166 	19600.00 13400.00     0.00     0.00     0.00     0.00
   	   24.00  -130.00     0.00    82.00
   	   24.00  -130.00     0.00    82.00
 167 	22400.00 13400.00     0.00     0.00     0.00     0.00
 167 	22400.00 13400.00     0.00     0.00     0.00     0.00
   	   24.00  -130.00     0.00    82.00
   	   24.00  -130.00     0.00    82.00
 168 	25200.00 13400.00     0.00     0.00     0.00     0.00
 168 	25200.00 13400.00     0.00     0.00     0.00     0.00
   	   24.00  -130.00     0.00    82.00
   	   24.00  -130.00     0.00    82.00
 169 	28000.00 13400.00     0.00     0.00     0.00     0.00
 169 	28000.00 13400.00     0.00     0.00     0.00     0.00
   	   24.00  -130.00     0.00    82.00
   	   24.00  -130.00     0.00    82.00
 170 	 5600.00 20100.00     0.00     0.00     0.00     0.00
 170 	 5600.00 20100.00     0.00     0.00     0.00     0.00
   	   24.00  -130.00     0.00    82.00
   	   24.00  -130.00     0.00    82.00
 171 	 8400.00 20100.00     0.00     0.00     0.00     0.00
 171 	 8400.00 20100.00     0.00     0.00     0.00     0.00
   	   24.00  -130.00     0.00    82.00
   	   24.00  -130.00     0.00    82.00
 172 	11200.00 20100.00     0.00     0.00     0.00     0.00
 172 	11200.00 20100.00     0.00     0.00     0.00     0.00
   	   24.00  -130.00     0.00    82.00
   	   24.00  -130.00     0.00    82.00
 173 	14000.00 20100.00     0.00     0.00     0.00     0.00
 173 	14000.00 20100.00     0.00     0.00     0.00     0.00
   	   24.00  -130.00     0.00    82.00
   	   24.00  -130.00     0.00    82.00
 174 	16800.00 20100.00     0.00     0.00     0.00     0.00
 174 	16800.00 20100.00     0.00     0.00     0.00     0.00
   	   24.00  -130.00     0.00    82.00
   	   24.00  -130.00     0.00    82.00
 175 	19600.00 20100.00     0.00     0.00     0.00     0.00
 175 	19600.00 20100.00     0.00     0.00     0.00     0.00
   	   24.00  -130.00     0.00    82.00
   	   24.00  -130.00     0.00    82.00
 176 	22400.00 20100.00     0.00     0.00     0.00     0.00
 176 	22400.00 20100.00     0.00     0.00     0.00     0.00
   	   24.00  -130.00     0.00    82.00
   	   24.00  -130.00     0.00    82.00
 177 	25200.00 20100.00     0.00     0.00     0.00     0.00
 177 	25200.00 20100.00     0.00     0.00     0.00     0.00
   	   24.00  -130.00     0.00    82.00
   	   24.00  -130.00     0.00    82.00
 178 	28000.00 20100.00     0.00     0.00     0.00     0.00
 178 	28000.00 20100.00     0.00     0.00     0.00     0.00
   	   24.00  -130.00     0.00    82.00
   	   24.00  -130.00     0.00    82.00

** End writing output file: ../inputs/gr237.dat 
