*******************************************************************************
                         ARRAY PREPROCESSOR ver. 1.0
*******************************************************************************



   1	GROUP testgroup
   3	 GRID HEXAGONAL
   4	 ELEMENT
   5	 GEOMETRY CIRCULAR 73
   7	 ADD BLOCK -4 7 2 1
   9	 GROUP_EXCITATION
  10	 AMPLITUDE UNIFORM 29
  11	 PHASE UNIFORM -112
  12	 END

** Generating GROUP: testgroup.
** PSTEP,QSTEP set to:146.000000,146.000000
** Grid ANGLE set to:60.000000 
** Group ROT_ANGLE set to: 0.000000 

** Writing output file: ../inputs/gr238.dat

NEL 
NPORTS
IDUM      REXA     REYA     REZA     THEA     PHEA     PSEA 
          AMP      PSH      PSC      PHEPOL
  49
  49
   1
   1
   1 	 -511.00   126.44     0.00     0.00     0.00     0.00
   1 	 -511.00   126.44     0.00     0.00     0.00     0.00
   	   29.00  -112.00     0.00    90.00
   	   29.00  -112.00     0.00    90.00
   2 	 -365.00   126.44     0.00     0.00     0.00     0.00
   2 	 -365.00   126.44     0.00     0.00     0.00     0.00
   	   29.00  -112.00     0.00    90.00
   	   29.00  -112.00     0.00    90.00
   3 	 -219.00   126.44     0.00     0.00     0.00     0.00
   3 	 -219.00   126.44     0.00     0.00     0.00     0.00
   	   29.00  -112.00     0.00    90.00
   	   29.00  -112.00     0.00    90.00
   4 	  -73.00   126.44     0.00     0.00     0.00     0.00
   4 	  -73.00   126.44     0.00     0.00     0.00     0.00
   	   29.00  -112.00     0.00    90.00
   	   29.00  -112.00     0.00    90.00
   5 	   73.00   126.44     0.00     0.00     0.00     0.00
   5 	   73.00   126.44     0.00     0.00     0.00     0.00
   	   29.00  -112.00     0.00    90.00
   	   29.00  -112.00     0.00    90.00
   6 	  219.00   126.44     0.00     0.00     0.00     0.00
   6 	  219.00   126.44     0.00     0.00     0.00     0.00
   	   29.00  -112.00     0.00    90.00
   	   29.00  -112.00     0.00    90.00
   7 	  365.00   126.44     0.00     0.00     0.00     0.00
   7 	  365.00   126.44     0.00     0.00     0.00     0.00
   	   29.00  -112.00     0.00    90.00
   	   29.00  -112.00     0.00    90.00
   8 	 -438.00   252.88     0.00     0.00     0.00     0.00
   8 	 -438.00   252.88     0.00     0.00     0.00     0.00
   	   29.00  -112.00     0.00    90.00
   	   29.00  -112.00     0.00    90.00
   9 	 -292.00   252.88     0.00     0.00     0.00     0.00
   9 	 -292.00   252.88     0.00     0.00     0.00     0.00
   	   29.00  -112.00     0.00    90.00
   	   29.00  -112.00     0.00    90.00
  10 	 -146.00   252.88     0.00     0.00     0.00     0.00
  10 	 -146.00   252.88     0.00     0.00     0.00     0.00
   	   29.00  -112.00     0.00    90.00
   	   29.00  -112.00     0.00    90.00
  11 	   -0.00   252.88     0.00     0.00     0.00     0.00
  11 	   -0.00   252.88     0.00     0.00     0.00     0.00
   	   29.00  -112.00     0.00    90.00
   	   29.00  -112.00     0.00    90.00
  12 	  146.00   252.88     0.00     0.00     0.00     0.00
  12 	  146.00   252.88     0.00     0.00     0.00     0.00
   	   29.00  -112.00     0.00    90.00
   	   29.00  -112.00     0.00    90.00
  13 	  292.00   252.88     0.00     0.00     0.00     0.00
  13 	  292.00   252.88     0.00     0.00     0.00     0.00
   	   29.00  -112.00     0.00    90.00
   	   29.00  -112.00     0.00    90.00
  14 	  438.00   252.88     0.00     0.00     0.00     0.00
  14 	  438.00   252.88     0.00     0.00     0.00     0.00
   	   29.00  -112.00     0.00    90.00
   	   29.00  -112.00     0.00    90.00
  15 	 -365.00   379.32     0.00     0.00     0.00     0.00
  15 	 -365.00   379.32     0.00     0.00     0.00     0.00
   	   29.00  -112.00     0.00    90.00
   	   29.00  -112.00     0.00    90.00
  16 	 -219.00   379.32     0.00     0.00     0.00     0.00
  16 	 -219.00   379.32     0.00     0.00     0.00     0.00
   	   29.00  -112.00     0.00    90.00
   	   29.00  -112.00     0.00    90.00
  17 	  -73.00   379.32     0.00     0.00     0.00     0.00
  17 	  -73.00   379.32     0.00     0.00     0.00     0.00
   	   29.00  -112.00     0.00    90.00
   	   29.00  -112.00     0.00    90.00
  18 	   73.00   379.32     0.00     0.00     0.00     0.00
  18 	   73.00   379.32     0.00     0.00     0.00     0.00
   	   29.00  -112.00     0.00    90.00
   	   29.00  -112.00     0.00    90.00
  19 	  219.00   379.32     0.00     0.00     0.00     0.00
  19 	  219.00   379.32     0.00     0.00     0.00     0.00
   	   29.00  -112.00     0.00    90.00
   	   29.00  -112.00     0.00    90.00
  20 	  365.00   379.32     0.00     0.00     0.00     0.00
  20 	  365.00   379.32     0.00     0.00     0.00     0.00
   	   29.00  -112.00     0.00    90.00
   	   29.00  -112.00     0.00    90.00
  21 	  511.00   379.32     0.00     0.00     0.00     0.00
  21 	  511.00   379.32     0.00     0.00     0.00     0.00
   	   29.00  -112.00     0.00    90.00
   	   29.00  -112.00     0.00    90.00
  22 	 -292.00   505.76     0.00     0.00     0.00     0.00
  22 	 -292.00   505.76     0.00     0.00     0.00     0.00
   	   29.00  -112.00     0.00    90.00
   	   29.00  -112.00     0.00    90.00
  23 	 -146.00   505.76     0.00     0.00     0.00     0.00
  23 	 -146.00   505.76     0.00     0.00     0.00     0.00
   	   29.00  -112.00     0.00    90.00
   	   29.00  -112.00     0.00    90.00
  24 	   -0.00   505.76     0.00     0.00     0.00     0.00
  24 	   -0.00   505.76     0.00     0.00     0.00     0.00
   	   29.00  -112.00     0.00    90.00
   	   29.00  -112.00     0.00    90.00
  25 	  146.00   505.76     0.00     0.00     0.00     0.00
  25 	  146.00   505.76     0.00     0.00     0.00     0.00
   	   29.00  -112.00     0.00    90.00
   	   29.00  -112.00     0.00    90.00
  26 	  292.00   505.76     0.00     0.00     0.00     0.00
  26 	  292.00   505.76     0.00     0.00     0.00     0.00
   	   29.00  -112.00     0.00    90.00
   	   29.00  -112.00     0.00    90.00
  27 	  438.00   505.76     0.00     0.00     0.00     0.00
  27 	  438.00   505.76     0.00     0.00     0.00     0.00
   	   29.00  -112.00     0.00    90.00
   	   29.00  -112.00     0.00    90.00
  28 	  584.00   505.76     0.00     0.00     0.00     0.00
  28 	  584.00   505.76     0.00     0.00     0.00     0.00
   	   29.00  -112.00     0.00    90.00
   	   29.00  -112.00     0.00    90.00
  29 	 -219.00   632.20     0.00     0.00     0.00     0.00
  29 	 -219.00   632.20     0.00     0.00     0.00     0.00
   	   29.00  -112.00     0.00    90.00
   	   29.00  -112.00     0.00    90.00
  30 	  -73.00   632.20     0.00     0.00     0.00     0.00
  30 	  -73.00   632.20     0.00     0.00     0.00     0.00
   	   29.00  -112.00     0.00    90.00
   	   29.00  -112.00     0.00    90.00
  31 	   73.00   632.20     0.00     0.00     0.00     0.00
  31 	   73.00   632.20     0.00     0.00     0.00     0.00
   	   29.00  -112.00     0.00    90.00
   	   29.00  -112.00     0.00    90.00
  32 	  219.00   632.20     0.00     0.00     0.00     0.00
  32 	  219.00   632.20     0.00     0.00     0.00     0.00
   	   29.00  -112.00     0.00    90.00
   	   29.00  -112.00     0.00    90.00
  33 	  365.00   632.20     0.00     0.00     0.00     0.00
  33 	  365.00   632.20     0.00     0.00     0.00     0.00
   	   29.00  -112.00     0.00    90.00
   	   29.00  -112.00     0.00    90.00
  34 	  511.00   632.20     0.00     0.00     0.00     0.00
  34 	  511.00   632.20     0.00     0.00     0.00     0.00
   	   29.00  -112.00     0.00    90.00
   	   29.00  -112.00     0.00    90.00
  35 	  657.00   632.20     0.00     0.00     0.00     0.00
  35 	  657.00   632.20     0.00     0.00     0.00     0.00
   	   29.00  -112.00     0.00    90.00
   	   29.00  -112.00     0.00    90.00
  36 	 -146.00   758.64     0.00     0.00     0.00     0.00
  36 	 -146.00   758.64     0.00     0.00     0.00     0.00
   	   29.00  -112.00     0.00    90.00
   	   29.00  -112.00     0.00    90.00
  37 	   -0.00   758.64     0.00     0.00     0.00     0.00
  37 	   -0.00   758.64     0.00     0.00     0.00     0.00
   	   29.00  -112.00     0.00    90.00
   	   29.00  -112.00     0.00    90.00
  38 	  146.00   758.64     0.00     0.00     0.00     0.00
  38 	  146.00   758.64     0.00     0.00     0.00     0.00
   	   29.00  -112.00     0.00    90.00
   	   29.00  -112.00     0.00    90.00
  39 	  292.00   758.64     0.00     0.00     0.00     0.00
  39 	  292.00   758.64     0.00     0.00     0.00     0.00
   	   29.00  -112.00     0.00    90.00
   	   29.00  -112.00     0.00    90.00
  40 	  438.00   758.64     0.00     0.00     0.00     0.00
  40 	  438.00   758.64     0.00     0.00     0.00     0.00
   	   29.00  -112.00     0.00    90.00
   	   29.00  -112.00     0.00    90.00
  41 	  584.00   758.64     0.00     0.00     0.00     0.00
  41 	  584.00   758.64     0.00     0.00     0.00     0.00
   	   29.00  -112.00     0.00    90.00
   	   29.00  -112.00     0.00    90.00
  42 	  730.00   758.64     0.00     0.00     0.00     0.00
  42 	  730.00   758.64     0.00     0.00     0.00     0.00
   	   29.00  -112.00     0.00    90.00
   	   29.00  -112.00     0.00    90.00
  43 	  -73.00   885.08     0.00     0.00     0.00     0.00
  43 	  -73.00   885.08     0.00     0.00     0.00     0.00
   	   29.00  -112.00     0.00    90.00
   	   29.00  -112.00     0.00    90.00
  44 	   73.00   885.08     0.00     0.00     0.00     0.00
  44 	   73.00   885.08     0.00     0.00     0.00     0.00
   	   29.00  -112.00     0.00    90.00
   	   29.00  -112.00     0.00    90.00
  45 	  219.00   885.08     0.00     0.00     0.00     0.00
  45 	  219.00   885.08     0.00     0.00     0.00     0.00
   	   29.00  -112.00     0.00    90.00
   	   29.00  -112.00     0.00    90.00
  46 	  365.00   885.08     0.00     0.00     0.00     0.00
  46 	  365.00   885.08     0.00     0.00     0.00     0.00
   	   29.00  -112.00     0.00    90.00
   	   29.00  -112.00     0.00    90.00
  47 	  511.00   885.08     0.00     0.00     0.00     0.00
  47 	  511.00   885.08     0.00     0.00     0.00     0.00
   	   29.00  -112.00     0.00    90.00
   	   29.00  -112.00     0.00    90.00
  48 	  657.00   885.08     0.00     0.00     0.00     0.00
  48 	  657.00   885.08     0.00     0.00     0.00     0.00
   	   29.00  -112.00     0.00    90.00
   	   29.00  -112.00     0.00    90.00
  49 	  803.00   885.08     0.00     0.00     0.00     0.00
  49 	  803.00   885.08     0.00     0.00     0.00     0.00
   	   29.00  -112.00     0.00    90.00
   	   29.00  -112.00     0.00    90.00

** End writing output file: ../inputs/gr238.dat 
