*******************************************************************************
                         ARRAY PREPROCESSOR ver. 1.0
*******************************************************************************



   1	GROUP testgroup
   3	 GRID RECTANGULAR
   4	 ELEMENT
   5	 GEOMETRY RECTANGULAR 53 100
   8	 PORTS 6
   9	 PORT 1
  10	 AMPLITUDE 21
  11	 PHASE_POL_ARRANG 502
  12	 PORT 2
  13	 AMPLITUDE 28
  14	 PORT 3
  15	 AMPLITUDE 28
  16	 PHASE_SHAPING 651
  17	 PORT 4
  18	 AMPLITUDE 24
  19	 PHASE_SHAPING 579
  20	 PHASE_POL_ARRANG 377
  21	 PORT 5
  22	 POL_ORIENT X AMPLITUDE 29
  23	 PHASE_SHAPING 706
  24	 PORT 6
  25	 POL_ORIENT Y AMPLITUDE 25
  26	 PHASE_SHAPING 695
  27	 PHASE_POL_ARRANG 590
  28	 ADD BLOCK 1 4 1 -3
  30	 GROUP_EXCITATION
  31	 AMPLITUDE SECOND ORDER CENTRE 19 P1_VAL 19 P2_VAL 25 Q1_VAL 22 Q2_VAL 26
  32	 PHASE UNIFORM -29
  33	 END

** Generating GROUP: testgroup.
** PSTEP,QSTEP set to:53.000000,100.000000
** Grid ANGLE set to:90.000000 
** Group ROT_ANGLE set to: 0.000000 

** Writing output file: ../inputs/gr243.dat

NEL 
NPORTS
IDUM      REXA     REYA     REZA     THEA     PHEA     PSEA 
          AMP      PSH      PSC      PHEPOL
   8
   8
   6
   6
   1 	   53.00  -300.00     0.00     0.00     0.00     0.00
   1 	   53.00  -300.00     0.00     0.00     0.00     0.00
   	  462.00   473.00     0.00    90.00
   	  462.00   473.00     0.00    90.00
   	  616.00   -29.00     0.00    90.00
   	  616.00   -29.00     0.00    90.00
   	  616.00   622.00     0.00    90.00
   	  616.00   622.00     0.00    90.00
   	  528.00   927.00     0.00    90.00
   	  528.00   927.00     0.00    90.00
   	  638.00   677.00     0.00     0.00
   	  638.00   677.00     0.00     0.00
   	  550.00  1256.00     0.00    90.00
   	  550.00  1256.00     0.00    90.00
   2 	   53.00  -200.00     0.00     0.00     0.00     0.00
   2 	   53.00  -200.00     0.00     0.00     0.00     0.00
   	  422.57   473.00     0.00    90.00
   	  422.57   473.00     0.00    90.00
   	  563.43   -29.00     0.00    90.00
   	  563.43   -29.00     0.00    90.00
   	  563.43   622.00     0.00    90.00
   	  563.43   622.00     0.00    90.00
   	  482.94   927.00     0.00    90.00
   	  482.94   927.00     0.00    90.00
   	  583.55   677.00     0.00     0.00
   	  583.55   677.00     0.00     0.00
   	  503.06  1256.00     0.00    90.00
   	  503.06  1256.00     0.00    90.00
   3 	   53.00  -100.00     0.00     0.00     0.00     0.00
   3 	   53.00  -100.00     0.00     0.00     0.00     0.00
   	  400.29   473.00     0.00    90.00
   	  400.29   473.00     0.00    90.00
   	  533.71   -29.00     0.00    90.00
   	  533.71   -29.00     0.00    90.00
   	  533.71   622.00     0.00    90.00
   	  533.71   622.00     0.00    90.00
   	  457.47   927.00     0.00    90.00
   	  457.47   927.00     0.00    90.00
   	  552.78   677.00     0.00     0.00
   	  552.78   677.00     0.00     0.00
   	  476.53  1256.00     0.00    90.00
   	  476.53  1256.00     0.00    90.00
   4 	   53.00     0.00     0.00     0.00     0.00     0.00
   4 	   53.00     0.00     0.00     0.00     0.00     0.00
   	  395.14   473.00     0.00    90.00
   	  395.14   473.00     0.00    90.00
   	  526.86   -29.00     0.00    90.00
   	  526.86   -29.00     0.00    90.00
   	  526.86   622.00     0.00    90.00
   	  526.86   622.00     0.00    90.00
   	  451.59   927.00     0.00    90.00
   	  451.59   927.00     0.00    90.00
   	  545.67   677.00     0.00     0.00
   	  545.67   677.00     0.00     0.00
   	  470.41  1256.00     0.00    90.00
   	  470.41  1256.00     0.00    90.00
   5 	   53.00   100.00     0.00     0.00     0.00     0.00
   5 	   53.00   100.00     0.00     0.00     0.00     0.00
   	  407.14   473.00     0.00    90.00
   	  407.14   473.00     0.00    90.00
   	  542.86   -29.00     0.00    90.00
   	  542.86   -29.00     0.00    90.00
   	  542.86   622.00     0.00    90.00
   	  542.86   622.00     0.00    90.00
   	  465.31   927.00     0.00    90.00
   	  465.31   927.00     0.00    90.00
   	  562.24   677.00     0.00     0.00
   	  562.24   677.00     0.00     0.00
   	  484.69  1256.00     0.00    90.00
   	  484.69  1256.00     0.00    90.00
   6 	   53.00   200.00     0.00     0.00     0.00     0.00
   6 	   53.00   200.00     0.00     0.00     0.00     0.00
   	  436.29   473.00     0.00    90.00
   	  436.29   473.00     0.00    90.00
   	  581.71   -29.00     0.00    90.00
   	  581.71   -29.00     0.00    90.00
   	  581.71   622.00     0.00    90.00
   	  581.71   622.00     0.00    90.00
   	  498.61   927.00     0.00    90.00
   	  498.61   927.00     0.00    90.00
   	  602.49   677.00     0.00     0.00
   	  602.49   677.00     0.00     0.00
   	  519.39  1256.00     0.00    90.00
   	  519.39  1256.00     0.00    90.00
   7 	   53.00   300.00     0.00     0.00     0.00     0.00
   7 	   53.00   300.00     0.00     0.00     0.00     0.00
   	  482.57   473.00     0.00    90.00
   	  482.57   473.00     0.00    90.00
   	  643.43   -29.00     0.00    90.00
   	  643.43   -29.00     0.00    90.00
   	  643.43   622.00     0.00    90.00
   	  643.43   622.00     0.00    90.00
   	  551.51   927.00     0.00    90.00
   	  551.51   927.00     0.00    90.00
   	  666.41   677.00     0.00     0.00
   	  666.41   677.00     0.00     0.00
   	  574.49  1256.00     0.00    90.00
   	  574.49  1256.00     0.00    90.00
   8 	   53.00   400.00     0.00     0.00     0.00     0.00
   8 	   53.00   400.00     0.00     0.00     0.00     0.00
   	  546.00   473.00     0.00    90.00
   	  546.00   473.00     0.00    90.00
   	  728.00   -29.00     0.00    90.00
   	  728.00   -29.00     0.00    90.00
   	  728.00   622.00     0.00    90.00
   	  728.00   622.00     0.00    90.00
   	  624.00   927.00     0.00    90.00
   	  624.00   927.00     0.00    90.00
   	  754.00   677.00     0.00     0.00
   	  754.00   677.00     0.00     0.00
   	  650.00  1256.00     0.00    90.00
   	  650.00  1256.00     0.00    90.00

** End writing output file: ../inputs/gr243.dat 
