*******************************************************************************
                         ARRAY PREPROCESSOR ver. 1.0
*******************************************************************************



   1	GROUP testgroup
   3	 GRID RECTANGULAR
   4	 ELEMENT
   5	 GEOMETRY CIRCULAR 46
   7	 ADD BLOCK -1 -2 -1 0
   8	 ADD BLOCK 0 -4 -9 2
   9	 ADD BLOCK -4 -6 0 -10
  11	 GROUP_EXCITATION
  12	 AMPLITUDE UNIFORM 20
  13	 PHASE UNIFORM -108
  14	 END

** Generating GROUP: testgroup.
** PSTEP,QSTEP set to:92.000000,92.000000
** Grid ANGLE set to:90.000000 
** Group ROT_ANGLE set to: 0.000000 

** Writing output file: ../inputs/gr251.dat

NEL 
NPORTS
IDUM      REXA     REYA     REZA     THEA     PHEA     PSEA 
          AMP      PSH      PSC      PHEPOL
  98
  98
   1
   1
   1 	  -92.00  -184.00     0.00     0.00     0.00     0.00
   1 	  -92.00  -184.00     0.00     0.00     0.00     0.00
   	   20.00  -108.00     0.00    90.00
   	   20.00  -108.00     0.00    90.00
   2 	  -92.00   -92.00     0.00     0.00     0.00     0.00
   2 	  -92.00   -92.00     0.00     0.00     0.00     0.00
   	   20.00  -108.00     0.00    90.00
   	   20.00  -108.00     0.00    90.00
   3 	  -92.00     0.00     0.00     0.00     0.00     0.00
   3 	  -92.00     0.00     0.00     0.00     0.00     0.00
   	   20.00  -108.00     0.00    90.00
   	   20.00  -108.00     0.00    90.00
   4 	 -828.00  -368.00     0.00     0.00     0.00     0.00
   4 	 -828.00  -368.00     0.00     0.00     0.00     0.00
   	   20.00  -108.00     0.00    90.00
   	   20.00  -108.00     0.00    90.00
   5 	 -736.00  -368.00     0.00     0.00     0.00     0.00
   5 	 -736.00  -368.00     0.00     0.00     0.00     0.00
   	   20.00  -108.00     0.00    90.00
   	   20.00  -108.00     0.00    90.00
   6 	 -644.00  -368.00     0.00     0.00     0.00     0.00
   6 	 -644.00  -368.00     0.00     0.00     0.00     0.00
   	   20.00  -108.00     0.00    90.00
   	   20.00  -108.00     0.00    90.00
   7 	 -552.00  -368.00     0.00     0.00     0.00     0.00
   7 	 -552.00  -368.00     0.00     0.00     0.00     0.00
   	   20.00  -108.00     0.00    90.00
   	   20.00  -108.00     0.00    90.00
   8 	 -460.00  -368.00     0.00     0.00     0.00     0.00
   8 	 -460.00  -368.00     0.00     0.00     0.00     0.00
   	   20.00  -108.00     0.00    90.00
   	   20.00  -108.00     0.00    90.00
   9 	 -368.00  -368.00     0.00     0.00     0.00     0.00
   9 	 -368.00  -368.00     0.00     0.00     0.00     0.00
   	   20.00  -108.00     0.00    90.00
   	   20.00  -108.00     0.00    90.00
  10 	 -276.00  -368.00     0.00     0.00     0.00     0.00
  10 	 -276.00  -368.00     0.00     0.00     0.00     0.00
   	   20.00  -108.00     0.00    90.00
   	   20.00  -108.00     0.00    90.00
  11 	 -184.00  -368.00     0.00     0.00     0.00     0.00
  11 	 -184.00  -368.00     0.00     0.00     0.00     0.00
   	   20.00  -108.00     0.00    90.00
   	   20.00  -108.00     0.00    90.00
  12 	  -92.00  -368.00     0.00     0.00     0.00     0.00
  12 	  -92.00  -368.00     0.00     0.00     0.00     0.00
   	   20.00  -108.00     0.00    90.00
   	   20.00  -108.00     0.00    90.00
  13 	    0.00  -368.00     0.00     0.00     0.00     0.00
  13 	    0.00  -368.00     0.00     0.00     0.00     0.00
   	   20.00  -108.00     0.00    90.00
   	   20.00  -108.00     0.00    90.00
  14 	 -828.00  -276.00     0.00     0.00     0.00     0.00
  14 	 -828.00  -276.00     0.00     0.00     0.00     0.00
   	   20.00  -108.00     0.00    90.00
   	   20.00  -108.00     0.00    90.00
  15 	 -736.00  -276.00     0.00     0.00     0.00     0.00
  15 	 -736.00  -276.00     0.00     0.00     0.00     0.00
   	   20.00  -108.00     0.00    90.00
   	   20.00  -108.00     0.00    90.00
  16 	 -644.00  -276.00     0.00     0.00     0.00     0.00
  16 	 -644.00  -276.00     0.00     0.00     0.00     0.00
   	   20.00  -108.00     0.00    90.00
   	   20.00  -108.00     0.00    90.00
  17 	 -552.00  -276.00     0.00     0.00     0.00     0.00
  17 	 -552.00  -276.00     0.00     0.00     0.00     0.00
   	   20.00  -108.00     0.00    90.00
   	   20.00  -108.00     0.00    90.00
  18 	 -460.00  -276.00     0.00     0.00     0.00     0.00
  18 	 -460.00  -276.00     0.00     0.00     0.00     0.00
   	   20.00  -108.00     0.00    90.00
   	   20.00  -108.00     0.00    90.00
  19 	 -368.00  -276.00     0.00     0.00     0.00     0.00
  19 	 -368.00  -276.00     0.00     0.00     0.00     0.00
   	   20.00  -108.00     0.00    90.00
   	   20.00  -108.00     0.00    90.00
  20 	 -276.00  -276.00     0.00     0.00     0.00     0.00
  20 	 -276.00  -276.00     0.00     0.00     0.00     0.00
   	   20.00  -108.00     0.00    90.00
   	   20.00  -108.00     0.00    90.00
  21 	 -184.00  -276.00     0.00     0.00     0.00     0.00
  21 	 -184.00  -276.00     0.00     0.00     0.00     0.00
   	   20.00  -108.00     0.00    90.00
   	   20.00  -108.00     0.00    90.00
  22 	  -92.00  -276.00     0.00     0.00     0.00     0.00
  22 	  -92.00  -276.00     0.00     0.00     0.00     0.00
   	   20.00  -108.00     0.00    90.00
   	   20.00  -108.00     0.00    90.00
  23 	    0.00  -276.00     0.00     0.00     0.00     0.00
  23 	    0.00  -276.00     0.00     0.00     0.00     0.00
   	   20.00  -108.00     0.00    90.00
   	   20.00  -108.00     0.00    90.00
  24 	 -828.00  -184.00     0.00     0.00     0.00     0.00
  24 	 -828.00  -184.00     0.00     0.00     0.00     0.00
   	   20.00  -108.00     0.00    90.00
   	   20.00  -108.00     0.00    90.00
  25 	 -736.00  -184.00     0.00     0.00     0.00     0.00
  25 	 -736.00  -184.00     0.00     0.00     0.00     0.00
   	   20.00  -108.00     0.00    90.00
   	   20.00  -108.00     0.00    90.00
  26 	 -644.00  -184.00     0.00     0.00     0.00     0.00
  26 	 -644.00  -184.00     0.00     0.00     0.00     0.00
   	   20.00  -108.00     0.00    90.00
   	   20.00  -108.00     0.00    90.00
  27 	 -552.00  -184.00     0.00     0.00     0.00     0.00
  27 	 -552.00  -184.00     0.00     0.00     0.00     0.00
   	   20.00  -108.00     0.00    90.00
   	   20.00  -108.00     0.00    90.00
  28 	 -460.00  -184.00     0.00     0.00     0.00     0.00
  28 	 -460.00  -184.00     0.00     0.00     0.00     0.00
   	   20.00  -108.00     0.00    90.00
   	   20.00  -108.00     0.00    90.00
  29 	 -368.00  -184.00     0.00     0.00     0.00     0.00
  29 	 -368.00  -184.00     0.00     0.00     0.00     0.00
   	   20.00  -108.00     0.00    90.00
   	   20.00  -108.00     0.00    90.00
  30 	 -276.00  -184.00     0.00     0.00     0.00     0.00
  30 	 -276.00  -184.00     0.00     0.00     0.00     0.00
   	   20.00  -108.00     0.00    90.00
   	   20.00  -108.00     0.00    90.00
  31 	 -184.00  -184.00     0.00     0.00     0.00     0.00
  31 	 -184.00  -184.00     0.00     0.00     0.00     0.00
   	   20.00  -108.00     0.00    90.00
   	   20.00  -108.00     0.00    90.00
  32 	  -92.00  -184.00     0.00     0.00     0.00     0.00
  32 	  -92.00  -184.00     0.00     0.00     0.00     0.00
   	   20.00  -108.00     0.00    90.00
   	   20.00  -108.00     0.00    90.00
  33 	    0.00  -184.00     0.00     0.00     0.00     0.00
  33 	    0.00  -184.00     0.00     0.00     0.00     0.00
   	   20.00  -108.00     0.00    90.00
   	   20.00  -108.00     0.00    90.00
  34 	 -828.00   -92.00     0.00     0.00     0.00     0.00
  34 	 -828.00   -92.00     0.00     0.00     0.00     0.00
   	   20.00  -108.00     0.00    90.00
   	   20.00  -108.00     0.00    90.00
  35 	 -736.00   -92.00     0.00     0.00     0.00     0.00
  35 	 -736.00   -92.00     0.00     0.00     0.00     0.00
   	   20.00  -108.00     0.00    90.00
   	   20.00  -108.00     0.00    90.00
  36 	 -644.00   -92.00     0.00     0.00     0.00     0.00
  36 	 -644.00   -92.00     0.00     0.00     0.00     0.00
   	   20.00  -108.00     0.00    90.00
   	   20.00  -108.00     0.00    90.00
  37 	 -552.00   -92.00     0.00     0.00     0.00     0.00
  37 	 -552.00   -92.00     0.00     0.00     0.00     0.00
   	   20.00  -108.00     0.00    90.00
   	   20.00  -108.00     0.00    90.00
  38 	 -460.00   -92.00     0.00     0.00     0.00     0.00
  38 	 -460.00   -92.00     0.00     0.00     0.00     0.00
   	   20.00  -108.00     0.00    90.00
   	   20.00  -108.00     0.00    90.00
  39 	 -368.00   -92.00     0.00     0.00     0.00     0.00
  39 	 -368.00   -92.00     0.00     0.00     0.00     0.00
   	   20.00  -108.00     0.00    90.00
   	   20.00  -108.00     0.00    90.00
  40 	 -276.00   -92.00     0.00     0.00     0.00     0.00
  40 	 -276.00   -92.00     0.00     0.00     0.00     0.00
   	   20.00  -108.00     0.00    90.00
   	   20.00  -108.00     0.00    90.00
  41 	 -184.00   -92.00     0.00     0.00     0.00     0.00
  41 	 -184.00   -92.00     0.00     0.00     0.00     0.00
   	   20.00  -108.00     0.00    90.00
   	   20.00  -108.00     0.00    90.00
  42 	  -92.00   -92.00     0.00     0.00     0.00     0.00
  42 	  -92.00   -92.00     0.00     0.00     0.00     0.00
   	   20.00  -108.00     0.00    90.00
   	   20.00  -108.00     0.00    90.00
  43 	    0.00   -92.00     0.00     0.00     0.00     0.00
  43 	    0.00   -92.00     0.00     0.00     0.00     0.00
   	   20.00  -108.00     0.00    90.00
   	   20.00  -108.00     0.00    90.00
  44 	 -828.00     0.00     0.00     0.00     0.00     0.00
  44 	 -828.00     0.00     0.00     0.00     0.00     0.00
   	   20.00  -108.00     0.00    90.00
   	   20.00  -108.00     0.00    90.00
  45 	 -736.00     0.00     0.00     0.00     0.00     0.00
  45 	 -736.00     0.00     0.00     0.00     0.00     0.00
   	   20.00  -108.00     0.00    90.00
   	   20.00  -108.00     0.00    90.00
  46 	 -644.00     0.00     0.00     0.00     0.00     0.00
  46 	 -644.00     0.00     0.00     0.00     0.00     0.00
   	   20.00  -108.00     0.00    90.00
   	   20.00  -108.00     0.00    90.00
  47 	 -552.00     0.00     0.00     0.00     0.00     0.00
  47 	 -552.00     0.00     0.00     0.00     0.00     0.00
   	   20.00  -108.00     0.00    90.00
   	   20.00  -108.00     0.00    90.00
  48 	 -460.00     0.00     0.00     0.00     0.00     0.00
  48 	 -460.00     0.00     0.00     0.00     0.00     0.00
   	   20.00  -108.00     0.00    90.00
   	   20.00  -108.00     0.00    90.00
  49 	 -368.00     0.00     0.00     0.00     0.00     0.00
  49 	 -368.00     0.00     0.00     0.00     0.00     0.00
   	   20.00  -108.00     0.00    90.00
   	   20.00  -108.00     0.00    90.00
  50 	 -276.00     0.00     0.00     0.00     0.00     0.00
  50 	 -276.00     0.00     0.00     0.00     0.00     0.00
   	   20.00  -108.00     0.00    90.00
   	   20.00  -108.00     0.00    90.00
  51 	 -184.00     0.00     0.00     0.00     0.00     0.00
  51 	 -184.00     0.00     0.00     0.00     0.00     0.00
   	   20.00  -108.00     0.00    90.00
   	   20.00  -108.00     0.00    90.00
  52 	  -92.00     0.00     0.00     0.00     0.00     0.00
  52 	  -92.00     0.00     0.00     0.00     0.00     0.00
   	   20.00  -108.00     0.00    90.00
   	   20.00  -108.00     0.00    90.00
  53 	    0.00     0.00     0.00     0.00     0.00     0.00
  53 	    0.00     0.00     0.00     0.00     0.00     0.00
   	   20.00  -108.00     0.00    90.00
   	   20.00  -108.00     0.00    90.00
  54 	 -828.00    92.00     0.00     0.00     0.00     0.00
  54 	 -828.00    92.00     0.00     0.00     0.00     0.00
   	   20.00  -108.00     0.00    90.00
   	   20.00  -108.00     0.00    90.00
  55 	 -736.00    92.00     0.00     0.00     0.00     0.00
  55 	 -736.00    92.00     0.00     0.00     0.00     0.00
   	   20.00  -108.00     0.00    90.00
   	   20.00  -108.00     0.00    90.00
  56 	 -644.00    92.00     0.00     0.00     0.00     0.00
  56 	 -644.00    92.00     0.00     0.00     0.00     0.00
   	   20.00  -108.00     0.00    90.00
   	   20.00  -108.00     0.00    90.00
  57 	 -552.00    92.00     0.00     0.00     0.00     0.00
  57 	 -552.00    92.00     0.00     0.00     0.00     0.00
   	   20.00  -108.00     0.00    90.00
   	   20.00  -108.00     0.00    90.00
  58 	 -460.00    92.00     0.00     0.00     0.00     0.00
  58 	 -460.00    92.00     0.00     0.00     0.00     0.00
   	   20.00  -108.00     0.00    90.00
   	   20.00  -108.00     0.00    90.00
  59 	 -368.00    92.00     0.00     0.00     0.00     0.00
  59 	 -368.00    92.00     0.00     0.00     0.00     0.00
   	   20.00  -108.00     0.00    90.00
   	   20.00  -108.00     0.00    90.00
  60 	 -276.00    92.00     0.00     0.00     0.00     0.00
  60 	 -276.00    92.00     0.00     0.00     0.00     0.00
   	   20.00  -108.00     0.00    90.00
   	   20.00  -108.00     0.00    90.00
  61 	 -184.00    92.00     0.00     0.00     0.00     0.00
  61 	 -184.00    92.00     0.00     0.00     0.00     0.00
   	   20.00  -108.00     0.00    90.00
   	   20.00  -108.00     0.00    90.00
  62 	  -92.00    92.00     0.00     0.00     0.00     0.00
  62 	  -92.00    92.00     0.00     0.00     0.00     0.00
   	   20.00  -108.00     0.00    90.00
   	   20.00  -108.00     0.00    90.00
  63 	   -0.00    92.00     0.00     0.00     0.00     0.00
  63 	   -0.00    92.00     0.00     0.00     0.00     0.00
   	   20.00  -108.00     0.00    90.00
   	   20.00  -108.00     0.00    90.00
  64 	 -828.00   184.00     0.00     0.00     0.00     0.00
  64 	 -828.00   184.00     0.00     0.00     0.00     0.00
   	   20.00  -108.00     0.00    90.00
   	   20.00  -108.00     0.00    90.00
  65 	 -736.00   184.00     0.00     0.00     0.00     0.00
  65 	 -736.00   184.00     0.00     0.00     0.00     0.00
   	   20.00  -108.00     0.00    90.00
   	   20.00  -108.00     0.00    90.00
  66 	 -644.00   184.00     0.00     0.00     0.00     0.00
  66 	 -644.00   184.00     0.00     0.00     0.00     0.00
   	   20.00  -108.00     0.00    90.00
   	   20.00  -108.00     0.00    90.00
  67 	 -552.00   184.00     0.00     0.00     0.00     0.00
  67 	 -552.00   184.00     0.00     0.00     0.00     0.00
   	   20.00  -108.00     0.00    90.00
   	   20.00  -108.00     0.00    90.00
  68 	 -460.00   184.00     0.00     0.00     0.00     0.00
  68 	 -460.00   184.00     0.00     0.00     0.00     0.00
   	   20.00  -108.00     0.00    90.00
   	   20.00  -108.00     0.00    90.00
  69 	 -368.00   184.00     0.00     0.00     0.00     0.00
  69 	 -368.00   184.00     0.00     0.00     0.00     0.00
   	   20.00  -108.00     0.00    90.00
   	   20.00  -108.00     0.00    90.00
  70 	 -276.00   184.00     0.00     0.00     0.00     0.00
  70 	 -276.00   184.00     0.00     0.00     0.00     0.00
   	   20.00  -108.00     0.00    90.00
   	   20.00  -108.00     0.00    90.00
  71 	 -184.00   184.00     0.00     0.00     0.00     0.00
  71 	 -184.00   184.00     0.00     0.00     0.00     0.00
   	   20.00  -108.00     0.00    90.00
   	   20.00  -108.00     0.00    90.00
  72 	  -92.00   184.00     0.00     0.00     0.00     0.00
  72 	  -92.00   184.00     0.00     0.00     0.00     0.00
   	   20.00  -108.00     0.00    90.00
   	   20.00  -108.00     0.00    90.00
  73 	   -0.00   184.00     0.00     0.00     0.00     0.00
  73 	   -0.00   184.00     0.00     0.00     0.00     0.00
   	   20.00  -108.00     0.00    90.00
   	   20.00  -108.00     0.00    90.00
  74 	 -368.00  -920.00     0.00     0.00     0.00     0.00
  74 	 -368.00  -920.00     0.00     0.00     0.00     0.00
   	   20.00  -108.00     0.00    90.00
   	   20.00  -108.00     0.00    90.00
  75 	 -276.00  -920.00     0.00     0.00     0.00     0.00
  75 	 -276.00  -920.00     0.00     0.00     0.00     0.00
   	   20.00  -108.00     0.00    90.00
   	   20.00  -108.00     0.00    90.00
  76 	 -184.00  -920.00     0.00     0.00     0.00     0.00
  76 	 -184.00  -920.00     0.00     0.00     0.00     0.00
   	   20.00  -108.00     0.00    90.00
   	   20.00  -108.00     0.00    90.00
  77 	  -92.00  -920.00     0.00     0.00     0.00     0.00
  77 	  -92.00  -920.00     0.00     0.00     0.00     0.00
   	   20.00  -108.00     0.00    90.00
   	   20.00  -108.00     0.00    90.00
  78 	    0.00  -920.00     0.00     0.00     0.00     0.00
  78 	    0.00  -920.00     0.00     0.00     0.00     0.00
   	   20.00  -108.00     0.00    90.00
   	   20.00  -108.00     0.00    90.00
  79 	 -368.00  -828.00     0.00     0.00     0.00     0.00
  79 	 -368.00  -828.00     0.00     0.00     0.00     0.00
   	   20.00  -108.00     0.00    90.00
   	   20.00  -108.00     0.00    90.00
  80 	 -276.00  -828.00     0.00     0.00     0.00     0.00
  80 	 -276.00  -828.00     0.00     0.00     0.00     0.00
   	   20.00  -108.00     0.00    90.00
   	   20.00  -108.00     0.00    90.00
  81 	 -184.00  -828.00     0.00     0.00     0.00     0.00
  81 	 -184.00  -828.00     0.00     0.00     0.00     0.00
   	   20.00  -108.00     0.00    90.00
   	   20.00  -108.00     0.00    90.00
  82 	  -92.00  -828.00     0.00     0.00     0.00     0.00
  82 	  -92.00  -828.00     0.00     0.00     0.00     0.00
   	   20.00  -108.00     0.00    90.00
   	   20.00  -108.00     0.00    90.00
  83 	    0.00  -828.00     0.00     0.00     0.00     0.00
  83 	    0.00  -828.00     0.00     0.00     0.00     0.00
   	   20.00  -108.00     0.00    90.00
   	   20.00  -108.00     0.00    90.00
  84 	 -368.00  -736.00     0.00     0.00     0.00     0.00
  84 	 -368.00  -736.00     0.00     0.00     0.00     0.00
   	   20.00  -108.00     0.00    90.00
   	   20.00  -108.00     0.00    90.00
  85 	 -276.00  -736.00     0.00     0.00     0.00     0.00
  85 	 -276.00  -736.00     0.00     0.00     0.00     0.00
   	   20.00  -108.00     0.00    90.00
   	   20.00  -108.00     0.00    90.00
  86 	 -184.00  -736.00     0.00     0.00     0.00     0.00
  86 	 -184.00  -736.00     0.00     0.00     0.00     0.00
   	   20.00  -108.00     0.00    90.00
   	   20.00  -108.00     0.00    90.00
  87 	  -92.00  -736.00     0.00     0.00     0.00     0.00
  87 	  -92.00  -736.00     0.00     0.00     0.00     0.00
   	   20.00  -108.00     0.00    90.00
   	   20.00  -108.00     0.00    90.00
  88 	    0.00  -736.00     0.00     0.00     0.00     0.00
  88 	    0.00  -736.00     0.00     0.00     0.00     0.00
   	   20.00  -108.00     0.00    90.00
   	   20.00  -108.00     0.00    90.00
  89 	 -368.00  -644.00     0.00     0.00     0.00     0.00
  89 	 -368.00  -644.00     0.00     0.00     0.00     0.00
   	   20.00  -108.00     0.00    90.00
   	   20.00  -108.00     0.00    90.00
  90 	 -276.00  -644.00     0.00     0.00     0.00     0.00
  90 	 -276.00  -644.00     0.00     0.00     0.00     0.00
   	   20.00  -108.00     0.00    90.00
   	   20.00  -108.00     0.00    90.00
  91 	 -184.00  -644.00     0.00     0.00     0.00     0.00
  91 	 -184.00  -644.00     0.00     0.00     0.00     0.00
   	   20.00  -108.00     0.00    90.00
   	   20.00  -108.00     0.00    90.00
  92 	  -92.00  -644.00     0.00     0.00     0.00     0.00
  92 	  -92.00  -644.00     0.00     0.00     0.00     0.00
   	   20.00  -108.00     0.00    90.00
   	   20.00  -108.00     0.00    90.00
  93 	    0.00  -644.00     0.00     0.00     0.00     0.00
  93 	    0.00  -644.00     0.00     0.00     0.00     0.00
   	   20.00  -108.00     0.00    90.00
   	   20.00  -108.00     0.00    90.00
  94 	 -368.00  -552.00     0.00     0.00     0.00     0.00
  94 	 -368.00  -552.00     0.00     0.00     0.00     0.00
   	   20.00  -108.00     0.00    90.00
   	   20.00  -108.00     0.00    90.00
  95 	 -276.00  -552.00     0.00     0.00     0.00     0.00
  95 	 -276.00  -552.00     0.00     0.00     0.00     0.00
   	   20.00  -108.00     0.00    90.00
   	   20.00  -108.00     0.00    90.00
  96 	 -184.00  -552.00     0.00     0.00     0.00     0.00
  96 	 -184.00  -552.00     0.00     0.00     0.00     0.00
   	   20.00  -108.00     0.00    90.00
   	   20.00  -108.00     0.00    90.00
  97 	  -92.00  -552.00     0.00     0.00     0.00     0.00
  97 	  -92.00  -552.00     0.00     0.00     0.00     0.00
   	   20.00  -108.00     0.00    90.00
   	   20.00  -108.00     0.00    90.00
  98 	    0.00  -552.00     0.00     0.00     0.00     0.00
  98 	    0.00  -552.00     0.00     0.00     0.00     0.00
   	   20.00  -108.00     0.00    90.00
   	   20.00  -108.00     0.00    90.00

** End writing output file: ../inputs/gr251.dat 
