*******************************************************************************
                         ARRAY PREPROCESSOR ver. 1.0
*******************************************************************************



   1	GROUP testgroup
   3	 GRID HEXAGONAL STEP 90
   4	 ELEMENT
   5	 GEOMETRY CIRCULAR 22
   7	 PORTS 1
   8	 PORT 1
   9	 POL_ORIENT Y AMPLITUDE 52
  10	 PHASE_POL_ARRANG 579
  11	 ADD HEXAGON 1 0
  12	 ADD BLOCK 3 4 -3 0
  13	 ADD HEXAGON 3 4
  15	 GROUP_EXCITATION
  16	 AMPLITUDE UNIFORM 20
  17	 PHASE UNIFORM -93
  18	 END

** Generating GROUP: testgroup.
** PSTEP,QSTEP set to:90.000000,90.000000
** Grid ANGLE set to:60.000000 
** Group ROT_ANGLE set to: 0.000000 

** Writing output file: ../inputs/gr252.dat

NEL 
NPORTS
IDUM      REXA     REYA     REZA     THEA     PHEA     PSEA 
          AMP      PSH      PSC      PHEPOL
  49
  49
   1
   1
   1 	   45.00    77.94     0.00     0.00     0.00     0.00
   1 	   45.00    77.94     0.00     0.00     0.00     0.00
   	 1040.00   486.00     0.00    90.00
   	 1040.00   486.00     0.00    90.00
   2 	  135.00    77.94     0.00     0.00     0.00     0.00
   2 	  135.00    77.94     0.00     0.00     0.00     0.00
   	 1040.00   486.00     0.00    90.00
   	 1040.00   486.00     0.00    90.00
   3 	  180.00     0.00     0.00     0.00     0.00     0.00
   3 	  180.00     0.00     0.00     0.00     0.00     0.00
   	 1040.00   486.00     0.00    90.00
   	 1040.00   486.00     0.00    90.00
   4 	  135.00   -77.94     0.00     0.00     0.00     0.00
   4 	  135.00   -77.94     0.00     0.00     0.00     0.00
   	 1040.00   486.00     0.00    90.00
   	 1040.00   486.00     0.00    90.00
   5 	   45.00   -77.94     0.00     0.00     0.00     0.00
   5 	   45.00   -77.94     0.00     0.00     0.00     0.00
   	 1040.00   486.00     0.00    90.00
   	 1040.00   486.00     0.00    90.00
   6 	    0.00     0.00     0.00     0.00     0.00     0.00
   6 	    0.00     0.00     0.00     0.00     0.00     0.00
   	 1040.00   486.00     0.00    90.00
   	 1040.00   486.00     0.00    90.00
   7 	   90.00     0.00     0.00     0.00     0.00     0.00
   7 	   90.00     0.00     0.00     0.00     0.00     0.00
   	 1040.00   486.00     0.00    90.00
   	 1040.00   486.00     0.00    90.00
   8 	 -270.00     0.00     0.00     0.00     0.00     0.00
   8 	 -270.00     0.00     0.00     0.00     0.00     0.00
   	 1040.00   486.00     0.00    90.00
   	 1040.00   486.00     0.00    90.00
   9 	 -180.00     0.00     0.00     0.00     0.00     0.00
   9 	 -180.00     0.00     0.00     0.00     0.00     0.00
   	 1040.00   486.00     0.00    90.00
   	 1040.00   486.00     0.00    90.00
  10 	  -90.00     0.00     0.00     0.00     0.00     0.00
  10 	  -90.00     0.00     0.00     0.00     0.00     0.00
   	 1040.00   486.00     0.00    90.00
   	 1040.00   486.00     0.00    90.00
  11 	    0.00     0.00     0.00     0.00     0.00     0.00
  11 	    0.00     0.00     0.00     0.00     0.00     0.00
   	 1040.00   486.00     0.00    90.00
   	 1040.00   486.00     0.00    90.00
  12 	   90.00     0.00     0.00     0.00     0.00     0.00
  12 	   90.00     0.00     0.00     0.00     0.00     0.00
   	 1040.00   486.00     0.00    90.00
   	 1040.00   486.00     0.00    90.00
  13 	  180.00     0.00     0.00     0.00     0.00     0.00
  13 	  180.00     0.00     0.00     0.00     0.00     0.00
   	 1040.00   486.00     0.00    90.00
   	 1040.00   486.00     0.00    90.00
  14 	  270.00     0.00     0.00     0.00     0.00     0.00
  14 	  270.00     0.00     0.00     0.00     0.00     0.00
   	 1040.00   486.00     0.00    90.00
   	 1040.00   486.00     0.00    90.00
  15 	 -225.00    77.94     0.00     0.00     0.00     0.00
  15 	 -225.00    77.94     0.00     0.00     0.00     0.00
   	 1040.00   486.00     0.00    90.00
   	 1040.00   486.00     0.00    90.00
  16 	 -135.00    77.94     0.00     0.00     0.00     0.00
  16 	 -135.00    77.94     0.00     0.00     0.00     0.00
   	 1040.00   486.00     0.00    90.00
   	 1040.00   486.00     0.00    90.00
  17 	  -45.00    77.94     0.00     0.00     0.00     0.00
  17 	  -45.00    77.94     0.00     0.00     0.00     0.00
   	 1040.00   486.00     0.00    90.00
   	 1040.00   486.00     0.00    90.00
  18 	   45.00    77.94     0.00     0.00     0.00     0.00
  18 	   45.00    77.94     0.00     0.00     0.00     0.00
   	 1040.00   486.00     0.00    90.00
   	 1040.00   486.00     0.00    90.00
  19 	  135.00    77.94     0.00     0.00     0.00     0.00
  19 	  135.00    77.94     0.00     0.00     0.00     0.00
   	 1040.00   486.00     0.00    90.00
   	 1040.00   486.00     0.00    90.00
  20 	  225.00    77.94     0.00     0.00     0.00     0.00
  20 	  225.00    77.94     0.00     0.00     0.00     0.00
   	 1040.00   486.00     0.00    90.00
   	 1040.00   486.00     0.00    90.00
  21 	  315.00    77.94     0.00     0.00     0.00     0.00
  21 	  315.00    77.94     0.00     0.00     0.00     0.00
   	 1040.00   486.00     0.00    90.00
   	 1040.00   486.00     0.00    90.00
  22 	 -180.00   155.88     0.00     0.00     0.00     0.00
  22 	 -180.00   155.88     0.00     0.00     0.00     0.00
   	 1040.00   486.00     0.00    90.00
   	 1040.00   486.00     0.00    90.00
  23 	  -90.00   155.88     0.00     0.00     0.00     0.00
  23 	  -90.00   155.88     0.00     0.00     0.00     0.00
   	 1040.00   486.00     0.00    90.00
   	 1040.00   486.00     0.00    90.00
  24 	   -0.00   155.88     0.00     0.00     0.00     0.00
  24 	   -0.00   155.88     0.00     0.00     0.00     0.00
   	 1040.00   486.00     0.00    90.00
   	 1040.00   486.00     0.00    90.00
  25 	   90.00   155.88     0.00     0.00     0.00     0.00
  25 	   90.00   155.88     0.00     0.00     0.00     0.00
   	 1040.00   486.00     0.00    90.00
   	 1040.00   486.00     0.00    90.00
  26 	  180.00   155.88     0.00     0.00     0.00     0.00
  26 	  180.00   155.88     0.00     0.00     0.00     0.00
   	 1040.00   486.00     0.00    90.00
   	 1040.00   486.00     0.00    90.00
  27 	  270.00   155.88     0.00     0.00     0.00     0.00
  27 	  270.00   155.88     0.00     0.00     0.00     0.00
   	 1040.00   486.00     0.00    90.00
   	 1040.00   486.00     0.00    90.00
  28 	  360.00   155.88     0.00     0.00     0.00     0.00
  28 	  360.00   155.88     0.00     0.00     0.00     0.00
   	 1040.00   486.00     0.00    90.00
   	 1040.00   486.00     0.00    90.00
  29 	 -135.00   233.83     0.00     0.00     0.00     0.00
  29 	 -135.00   233.83     0.00     0.00     0.00     0.00
   	 1040.00   486.00     0.00    90.00
   	 1040.00   486.00     0.00    90.00
  30 	  -45.00   233.83     0.00     0.00     0.00     0.00
  30 	  -45.00   233.83     0.00     0.00     0.00     0.00
   	 1040.00   486.00     0.00    90.00
   	 1040.00   486.00     0.00    90.00
  31 	   45.00   233.83     0.00     0.00     0.00     0.00
  31 	   45.00   233.83     0.00     0.00     0.00     0.00
   	 1040.00   486.00     0.00    90.00
   	 1040.00   486.00     0.00    90.00
  32 	  135.00   233.83     0.00     0.00     0.00     0.00
  32 	  135.00   233.83     0.00     0.00     0.00     0.00
   	 1040.00   486.00     0.00    90.00
   	 1040.00   486.00     0.00    90.00
  33 	  225.00   233.83     0.00     0.00     0.00     0.00
  33 	  225.00   233.83     0.00     0.00     0.00     0.00
   	 1040.00   486.00     0.00    90.00
   	 1040.00   486.00     0.00    90.00
  34 	  315.00   233.83     0.00     0.00     0.00     0.00
  34 	  315.00   233.83     0.00     0.00     0.00     0.00
   	 1040.00   486.00     0.00    90.00
   	 1040.00   486.00     0.00    90.00
  35 	  405.00   233.83     0.00     0.00     0.00     0.00
  35 	  405.00   233.83     0.00     0.00     0.00     0.00
   	 1040.00   486.00     0.00    90.00
   	 1040.00   486.00     0.00    90.00
  36 	  -90.00   311.77     0.00     0.00     0.00     0.00
  36 	  -90.00   311.77     0.00     0.00     0.00     0.00
   	 1040.00   486.00     0.00    90.00
   	 1040.00   486.00     0.00    90.00
  37 	   -0.00   311.77     0.00     0.00     0.00     0.00
  37 	   -0.00   311.77     0.00     0.00     0.00     0.00
   	 1040.00   486.00     0.00    90.00
   	 1040.00   486.00     0.00    90.00
  38 	   90.00   311.77     0.00     0.00     0.00     0.00
  38 	   90.00   311.77     0.00     0.00     0.00     0.00
   	 1040.00   486.00     0.00    90.00
   	 1040.00   486.00     0.00    90.00
  39 	  180.00   311.77     0.00     0.00     0.00     0.00
  39 	  180.00   311.77     0.00     0.00     0.00     0.00
   	 1040.00   486.00     0.00    90.00
   	 1040.00   486.00     0.00    90.00
  40 	  270.00   311.77     0.00     0.00     0.00     0.00
  40 	  270.00   311.77     0.00     0.00     0.00     0.00
   	 1040.00   486.00     0.00    90.00
   	 1040.00   486.00     0.00    90.00
  41 	  360.00   311.77     0.00     0.00     0.00     0.00
  41 	  360.00   311.77     0.00     0.00     0.00     0.00
   	 1040.00   486.00     0.00    90.00
   	 1040.00   486.00     0.00    90.00
  42 	  450.00   311.77     0.00     0.00     0.00     0.00
  42 	  450.00   311.77     0.00     0.00     0.00     0.00
   	 1040.00   486.00     0.00    90.00
   	 1040.00   486.00     0.00    90.00
  43 	  405.00   389.71     0.00     0.00     0.00     0.00
  43 	  405.00   389.71     0.00     0.00     0.00     0.00
   	 1040.00   486.00     0.00    90.00
   	 1040.00   486.00     0.00    90.00
  44 	  495.00   389.71     0.00     0.00     0.00     0.00
  44 	  495.00   389.71     0.00     0.00     0.00     0.00
   	 1040.00   486.00     0.00    90.00
   	 1040.00   486.00     0.00    90.00
  45 	  540.00   311.77     0.00     0.00     0.00     0.00
  45 	  540.00   311.77     0.00     0.00     0.00     0.00
   	 1040.00   486.00     0.00    90.00
   	 1040.00   486.00     0.00    90.00
  46 	  495.00   233.83     0.00     0.00     0.00     0.00
  46 	  495.00   233.83     0.00     0.00     0.00     0.00
   	 1040.00   486.00     0.00    90.00
   	 1040.00   486.00     0.00    90.00
  47 	  405.00   233.83     0.00     0.00     0.00     0.00
  47 	  405.00   233.83     0.00     0.00     0.00     0.00
   	 1040.00   486.00     0.00    90.00
   	 1040.00   486.00     0.00    90.00
  48 	  360.00   311.77     0.00     0.00     0.00     0.00
  48 	  360.00   311.77     0.00     0.00     0.00     0.00
   	 1040.00   486.00     0.00    90.00
   	 1040.00   486.00     0.00    90.00
  49 	  450.00   311.77     0.00     0.00     0.00     0.00
  49 	  450.00   311.77     0.00     0.00     0.00     0.00
   	 1040.00   486.00     0.00    90.00
   	 1040.00   486.00     0.00    90.00

** End writing output file: ../inputs/gr252.dat 
