*******************************************************************************
                         ARRAY PREPROCESSOR ver. 1.0
*******************************************************************************



   1	GROUP testgroup
   3	 GRID TRIANGULAR
   4	 ELEMENT
   5	 GEOMETRY CIRCULAR 66
   6	 POLARIZATION CIRCULAR LH
   8	 ADD BLOCK 4 1 -7 -2
   9	 ADD BLOCK -4 -4 -5 1
  11	 GROUP_EXCITATION
  12	 AMPLITUDE UNIFORM 31
  13	 PHASE UNIFORM -72
  14	 END

** WARNING B2: GRID step(s) too small for specified element in GROUP: testgroup
** Generating GROUP: testgroup.
** PSTEP,QSTEP set to:132.000000,132.000000
** Grid ANGLE set to:60.000000 
** Group ROT_ANGLE set to: 0.000000 

** Writing output file: ../inputs/gr254.dat

NEL 
NPORTS
IDUM      REXA     REYA     REZA     THEA     PHEA     PSEA 
          AMP      PSH      PSC      PHEPOL
  60
  60
   1
   1
   1 	-1056.00  -228.63     0.00     0.00     0.00     0.00
   1 	-1056.00  -228.63     0.00     0.00     0.00     0.00
   	   31.00   -72.00     0.00    90.00
   	   31.00   -72.00     0.00    90.00
   2 	 -924.00  -228.63     0.00     0.00     0.00     0.00
   2 	 -924.00  -228.63     0.00     0.00     0.00     0.00
   	   31.00   -72.00     0.00    90.00
   	   31.00   -72.00     0.00    90.00
   3 	 -792.00  -228.63     0.00     0.00     0.00     0.00
   3 	 -792.00  -228.63     0.00     0.00     0.00     0.00
   	   31.00   -72.00     0.00    90.00
   	   31.00   -72.00     0.00    90.00
   4 	 -660.00  -228.63     0.00     0.00     0.00     0.00
   4 	 -660.00  -228.63     0.00     0.00     0.00     0.00
   	   31.00   -72.00     0.00    90.00
   	   31.00   -72.00     0.00    90.00
   5 	 -528.00  -228.63     0.00     0.00     0.00     0.00
   5 	 -528.00  -228.63     0.00     0.00     0.00     0.00
   	   31.00   -72.00     0.00    90.00
   	   31.00   -72.00     0.00    90.00
   6 	 -396.00  -228.63     0.00     0.00     0.00     0.00
   6 	 -396.00  -228.63     0.00     0.00     0.00     0.00
   	   31.00   -72.00     0.00    90.00
   	   31.00   -72.00     0.00    90.00
   7 	 -264.00  -228.63     0.00     0.00     0.00     0.00
   7 	 -264.00  -228.63     0.00     0.00     0.00     0.00
   	   31.00   -72.00     0.00    90.00
   	   31.00   -72.00     0.00    90.00
   8 	 -132.00  -228.63     0.00     0.00     0.00     0.00
   8 	 -132.00  -228.63     0.00     0.00     0.00     0.00
   	   31.00   -72.00     0.00    90.00
   	   31.00   -72.00     0.00    90.00
   9 	    0.00  -228.63     0.00     0.00     0.00     0.00
   9 	    0.00  -228.63     0.00     0.00     0.00     0.00
   	   31.00   -72.00     0.00    90.00
   	   31.00   -72.00     0.00    90.00
  10 	  132.00  -228.63     0.00     0.00     0.00     0.00
  10 	  132.00  -228.63     0.00     0.00     0.00     0.00
   	   31.00   -72.00     0.00    90.00
   	   31.00   -72.00     0.00    90.00
  11 	  264.00  -228.63     0.00     0.00     0.00     0.00
  11 	  264.00  -228.63     0.00     0.00     0.00     0.00
   	   31.00   -72.00     0.00    90.00
   	   31.00   -72.00     0.00    90.00
  12 	  396.00  -228.63     0.00     0.00     0.00     0.00
  12 	  396.00  -228.63     0.00     0.00     0.00     0.00
   	   31.00   -72.00     0.00    90.00
   	   31.00   -72.00     0.00    90.00
  13 	 -990.00  -114.32     0.00     0.00     0.00     0.00
  13 	 -990.00  -114.32     0.00     0.00     0.00     0.00
   	   31.00   -72.00     0.00    90.00
   	   31.00   -72.00     0.00    90.00
  14 	 -858.00  -114.32     0.00     0.00     0.00     0.00
  14 	 -858.00  -114.32     0.00     0.00     0.00     0.00
   	   31.00   -72.00     0.00    90.00
   	   31.00   -72.00     0.00    90.00
  15 	 -726.00  -114.32     0.00     0.00     0.00     0.00
  15 	 -726.00  -114.32     0.00     0.00     0.00     0.00
   	   31.00   -72.00     0.00    90.00
   	   31.00   -72.00     0.00    90.00
  16 	 -594.00  -114.32     0.00     0.00     0.00     0.00
  16 	 -594.00  -114.32     0.00     0.00     0.00     0.00
   	   31.00   -72.00     0.00    90.00
   	   31.00   -72.00     0.00    90.00
  17 	 -462.00  -114.32     0.00     0.00     0.00     0.00
  17 	 -462.00  -114.32     0.00     0.00     0.00     0.00
   	   31.00   -72.00     0.00    90.00
   	   31.00   -72.00     0.00    90.00
  18 	 -330.00  -114.32     0.00     0.00     0.00     0.00
  18 	 -330.00  -114.32     0.00     0.00     0.00     0.00
   	   31.00   -72.00     0.00    90.00
   	   31.00   -72.00     0.00    90.00
  19 	 -198.00  -114.32     0.00     0.00     0.00     0.00
  19 	 -198.00  -114.32     0.00     0.00     0.00     0.00
   	   31.00   -72.00     0.00    90.00
   	   31.00   -72.00     0.00    90.00
  20 	  -66.00  -114.32     0.00     0.00     0.00     0.00
  20 	  -66.00  -114.32     0.00     0.00     0.00     0.00
   	   31.00   -72.00     0.00    90.00
   	   31.00   -72.00     0.00    90.00
  21 	   66.00  -114.32     0.00     0.00     0.00     0.00
  21 	   66.00  -114.32     0.00     0.00     0.00     0.00
   	   31.00   -72.00     0.00    90.00
   	   31.00   -72.00     0.00    90.00
  22 	  198.00  -114.32     0.00     0.00     0.00     0.00
  22 	  198.00  -114.32     0.00     0.00     0.00     0.00
   	   31.00   -72.00     0.00    90.00
   	   31.00   -72.00     0.00    90.00
  23 	  330.00  -114.32     0.00     0.00     0.00     0.00
  23 	  330.00  -114.32     0.00     0.00     0.00     0.00
   	   31.00   -72.00     0.00    90.00
   	   31.00   -72.00     0.00    90.00
  24 	  462.00  -114.32     0.00     0.00     0.00     0.00
  24 	  462.00  -114.32     0.00     0.00     0.00     0.00
   	   31.00   -72.00     0.00    90.00
   	   31.00   -72.00     0.00    90.00
  25 	 -924.00     0.00     0.00     0.00     0.00     0.00
  25 	 -924.00     0.00     0.00     0.00     0.00     0.00
   	   31.00   -72.00     0.00    90.00
   	   31.00   -72.00     0.00    90.00
  26 	 -792.00     0.00     0.00     0.00     0.00     0.00
  26 	 -792.00     0.00     0.00     0.00     0.00     0.00
   	   31.00   -72.00     0.00    90.00
   	   31.00   -72.00     0.00    90.00
  27 	 -660.00     0.00     0.00     0.00     0.00     0.00
  27 	 -660.00     0.00     0.00     0.00     0.00     0.00
   	   31.00   -72.00     0.00    90.00
   	   31.00   -72.00     0.00    90.00
  28 	 -528.00     0.00     0.00     0.00     0.00     0.00
  28 	 -528.00     0.00     0.00     0.00     0.00     0.00
   	   31.00   -72.00     0.00    90.00
   	   31.00   -72.00     0.00    90.00
  29 	 -396.00     0.00     0.00     0.00     0.00     0.00
  29 	 -396.00     0.00     0.00     0.00     0.00     0.00
   	   31.00   -72.00     0.00    90.00
   	   31.00   -72.00     0.00    90.00
  30 	 -264.00     0.00     0.00     0.00     0.00     0.00
  30 	 -264.00     0.00     0.00     0.00     0.00     0.00
   	   31.00   -72.00     0.00    90.00
   	   31.00   -72.00     0.00    90.00
  31 	 -132.00     0.00     0.00     0.00     0.00     0.00
  31 	 -132.00     0.00     0.00     0.00     0.00     0.00
   	   31.00   -72.00     0.00    90.00
   	   31.00   -72.00     0.00    90.00
  32 	    0.00     0.00     0.00     0.00     0.00     0.00
  32 	    0.00     0.00     0.00     0.00     0.00     0.00
   	   31.00   -72.00     0.00    90.00
   	   31.00   -72.00     0.00    90.00
  33 	  132.00     0.00     0.00     0.00     0.00     0.00
  33 	  132.00     0.00     0.00     0.00     0.00     0.00
   	   31.00   -72.00     0.00    90.00
   	   31.00   -72.00     0.00    90.00
  34 	  264.00     0.00     0.00     0.00     0.00     0.00
  34 	  264.00     0.00     0.00     0.00     0.00     0.00
   	   31.00   -72.00     0.00    90.00
   	   31.00   -72.00     0.00    90.00
  35 	  396.00     0.00     0.00     0.00     0.00     0.00
  35 	  396.00     0.00     0.00     0.00     0.00     0.00
   	   31.00   -72.00     0.00    90.00
   	   31.00   -72.00     0.00    90.00
  36 	  528.00     0.00     0.00     0.00     0.00     0.00
  36 	  528.00     0.00     0.00     0.00     0.00     0.00
   	   31.00   -72.00     0.00    90.00
   	   31.00   -72.00     0.00    90.00
  37 	 -858.00   114.32     0.00     0.00     0.00     0.00
  37 	 -858.00   114.32     0.00     0.00     0.00     0.00
   	   31.00   -72.00     0.00    90.00
   	   31.00   -72.00     0.00    90.00
  38 	 -726.00   114.32     0.00     0.00     0.00     0.00
  38 	 -726.00   114.32     0.00     0.00     0.00     0.00
   	   31.00   -72.00     0.00    90.00
   	   31.00   -72.00     0.00    90.00
  39 	 -594.00   114.32     0.00     0.00     0.00     0.00
  39 	 -594.00   114.32     0.00     0.00     0.00     0.00
   	   31.00   -72.00     0.00    90.00
   	   31.00   -72.00     0.00    90.00
  40 	 -462.00   114.32     0.00     0.00     0.00     0.00
  40 	 -462.00   114.32     0.00     0.00     0.00     0.00
   	   31.00   -72.00     0.00    90.00
   	   31.00   -72.00     0.00    90.00
  41 	 -330.00   114.32     0.00     0.00     0.00     0.00
  41 	 -330.00   114.32     0.00     0.00     0.00     0.00
   	   31.00   -72.00     0.00    90.00
   	   31.00   -72.00     0.00    90.00
  42 	 -198.00   114.32     0.00     0.00     0.00     0.00
  42 	 -198.00   114.32     0.00     0.00     0.00     0.00
   	   31.00   -72.00     0.00    90.00
   	   31.00   -72.00     0.00    90.00
  43 	  -66.00   114.32     0.00     0.00     0.00     0.00
  43 	  -66.00   114.32     0.00     0.00     0.00     0.00
   	   31.00   -72.00     0.00    90.00
   	   31.00   -72.00     0.00    90.00
  44 	   66.00   114.32     0.00     0.00     0.00     0.00
  44 	   66.00   114.32     0.00     0.00     0.00     0.00
   	   31.00   -72.00     0.00    90.00
   	   31.00   -72.00     0.00    90.00
  45 	  198.00   114.32     0.00     0.00     0.00     0.00
  45 	  198.00   114.32     0.00     0.00     0.00     0.00
   	   31.00   -72.00     0.00    90.00
   	   31.00   -72.00     0.00    90.00
  46 	  330.00   114.32     0.00     0.00     0.00     0.00
  46 	  330.00   114.32     0.00     0.00     0.00     0.00
   	   31.00   -72.00     0.00    90.00
   	   31.00   -72.00     0.00    90.00
  47 	  462.00   114.32     0.00     0.00     0.00     0.00
  47 	  462.00   114.32     0.00     0.00     0.00     0.00
   	   31.00   -72.00     0.00    90.00
   	   31.00   -72.00     0.00    90.00
  48 	  594.00   114.32     0.00     0.00     0.00     0.00
  48 	  594.00   114.32     0.00     0.00     0.00     0.00
   	   31.00   -72.00     0.00    90.00
   	   31.00   -72.00     0.00    90.00
  49 	 -924.00  -457.26     0.00     0.00     0.00     0.00
  49 	 -924.00  -457.26     0.00     0.00     0.00     0.00
   	   31.00   -72.00     0.00    90.00
   	   31.00   -72.00     0.00    90.00
  50 	 -792.00  -457.26     0.00     0.00     0.00     0.00
  50 	 -792.00  -457.26     0.00     0.00     0.00     0.00
   	   31.00   -72.00     0.00    90.00
   	   31.00   -72.00     0.00    90.00
  51 	 -858.00  -342.95     0.00     0.00     0.00     0.00
  51 	 -858.00  -342.95     0.00     0.00     0.00     0.00
   	   31.00   -72.00     0.00    90.00
   	   31.00   -72.00     0.00    90.00
  52 	 -726.00  -342.95     0.00     0.00     0.00     0.00
  52 	 -726.00  -342.95     0.00     0.00     0.00     0.00
   	   31.00   -72.00     0.00    90.00
   	   31.00   -72.00     0.00    90.00
  53 	 -792.00  -228.63     0.00     0.00     0.00     0.00
  53 	 -792.00  -228.63     0.00     0.00     0.00     0.00
   	   31.00   -72.00     0.00    90.00
   	   31.00   -72.00     0.00    90.00
  54 	 -660.00  -228.63     0.00     0.00     0.00     0.00
  54 	 -660.00  -228.63     0.00     0.00     0.00     0.00
   	   31.00   -72.00     0.00    90.00
   	   31.00   -72.00     0.00    90.00
  55 	 -726.00  -114.32     0.00     0.00     0.00     0.00
  55 	 -726.00  -114.32     0.00     0.00     0.00     0.00
   	   31.00   -72.00     0.00    90.00
   	   31.00   -72.00     0.00    90.00
  56 	 -594.00  -114.32     0.00     0.00     0.00     0.00
  56 	 -594.00  -114.32     0.00     0.00     0.00     0.00
   	   31.00   -72.00     0.00    90.00
   	   31.00   -72.00     0.00    90.00
  57 	 -660.00     0.00     0.00     0.00     0.00     0.00
  57 	 -660.00     0.00     0.00     0.00     0.00     0.00
   	   31.00   -72.00     0.00    90.00
   	   31.00   -72.00     0.00    90.00
  58 	 -528.00     0.00     0.00     0.00     0.00     0.00
  58 	 -528.00     0.00     0.00     0.00     0.00     0.00
   	   31.00   -72.00     0.00    90.00
   	   31.00   -72.00     0.00    90.00
  59 	 -594.00   114.32     0.00     0.00     0.00     0.00
  59 	 -594.00   114.32     0.00     0.00     0.00     0.00
   	   31.00   -72.00     0.00    90.00
   	   31.00   -72.00     0.00    90.00
  60 	 -462.00   114.32     0.00     0.00     0.00     0.00
  60 	 -462.00   114.32     0.00     0.00     0.00     0.00
   	   31.00   -72.00     0.00    90.00
   	   31.00   -72.00     0.00    90.00

** End writing output file: ../inputs/gr254.dat 
