*******************************************************************************
                         ARRAY PREPROCESSOR ver. 1.0
*******************************************************************************



   1	GROUP testgroup
   3	 GRID RECTANGULAR
   4	 ELEMENT
   5	 GEOMETRY CIRCULAR RADIUS 68
   7	 PORTS 6
   8	 PORT 1
   9	 POL_ORIENT 37 deg
  10	 AMPLITUDE 28
  11	 PHASE_POL_ARRANG 308
  12	 PORT 2
  13	 AMPLITUDE 23
  14	 PHASE_POL_ARRANG 550
  15	 PORT 3
  16	 AMPLITUDE 21
  17	 PHASE_POL_ARRANG 653
  18	 PORT 4
  19	 AMPLITUDE 23
  20	 PORT 5
  21	 AMPLITUDE 28
  22	 PHASE_SHAPING 557
  23	 PORT 6
  24	 AMPLITUDE 16
  25	 ADD BLOCK 0 2 0 -7
  27	 GROUP_EXCITATION
  28	 AMPLITUDE UNIFORM 24
  29	 PHASE UNIFORM 259
  30	 END

** Generating GROUP: testgroup.
** PSTEP,QSTEP set to:136.000000,136.000000
** Grid ANGLE set to:90.000000 
** Group ROT_ANGLE set to: 0.000000 

** Writing output file: ../inputs/gr255.dat

NEL 
NPORTS
IDUM      REXA     REYA     REZA     THEA     PHEA     PSEA 
          AMP      PSH      PSC      PHEPOL
  10
  10
   6
   6
   1 	    0.00  -952.00     0.00     0.00     0.00     0.00
   1 	    0.00  -952.00     0.00     0.00     0.00     0.00
   	  672.00   567.00     0.00    37.00
   	  672.00   567.00     0.00    37.00
   	  552.00   809.00     0.00    90.00
   	  552.00   809.00     0.00    90.00
   	  504.00   912.00     0.00    90.00
   	  504.00   912.00     0.00    90.00
   	  552.00   259.00     0.00    90.00
   	  552.00   259.00     0.00    90.00
   	  672.00   816.00     0.00    90.00
   	  672.00   816.00     0.00    90.00
   	  384.00   259.00     0.00    90.00
   	  384.00   259.00     0.00    90.00
   2 	    0.00  -816.00     0.00     0.00     0.00     0.00
   2 	    0.00  -816.00     0.00     0.00     0.00     0.00
   	  672.00   567.00     0.00    37.00
   	  672.00   567.00     0.00    37.00
   	  552.00   809.00     0.00    90.00
   	  552.00   809.00     0.00    90.00
   	  504.00   912.00     0.00    90.00
   	  504.00   912.00     0.00    90.00
   	  552.00   259.00     0.00    90.00
   	  552.00   259.00     0.00    90.00
   	  672.00   816.00     0.00    90.00
   	  672.00   816.00     0.00    90.00
   	  384.00   259.00     0.00    90.00
   	  384.00   259.00     0.00    90.00
   3 	    0.00  -680.00     0.00     0.00     0.00     0.00
   3 	    0.00  -680.00     0.00     0.00     0.00     0.00
   	  672.00   567.00     0.00    37.00
   	  672.00   567.00     0.00    37.00
   	  552.00   809.00     0.00    90.00
   	  552.00   809.00     0.00    90.00
   	  504.00   912.00     0.00    90.00
   	  504.00   912.00     0.00    90.00
   	  552.00   259.00     0.00    90.00
   	  552.00   259.00     0.00    90.00
   	  672.00   816.00     0.00    90.00
   	  672.00   816.00     0.00    90.00
   	  384.00   259.00     0.00    90.00
   	  384.00   259.00     0.00    90.00
   4 	    0.00  -544.00     0.00     0.00     0.00     0.00
   4 	    0.00  -544.00     0.00     0.00     0.00     0.00
   	  672.00   567.00     0.00    37.00
   	  672.00   567.00     0.00    37.00
   	  552.00   809.00     0.00    90.00
   	  552.00   809.00     0.00    90.00
   	  504.00   912.00     0.00    90.00
   	  504.00   912.00     0.00    90.00
   	  552.00   259.00     0.00    90.00
   	  552.00   259.00     0.00    90.00
   	  672.00   816.00     0.00    90.00
   	  672.00   816.00     0.00    90.00
   	  384.00   259.00     0.00    90.00
   	  384.00   259.00     0.00    90.00
   5 	    0.00  -408.00     0.00     0.00     0.00     0.00
   5 	    0.00  -408.00     0.00     0.00     0.00     0.00
   	  672.00   567.00     0.00    37.00
   	  672.00   567.00     0.00    37.00
   	  552.00   809.00     0.00    90.00
   	  552.00   809.00     0.00    90.00
   	  504.00   912.00     0.00    90.00
   	  504.00   912.00     0.00    90.00
   	  552.00   259.00     0.00    90.00
   	  552.00   259.00     0.00    90.00
   	  672.00   816.00     0.00    90.00
   	  672.00   816.00     0.00    90.00
   	  384.00   259.00     0.00    90.00
   	  384.00   259.00     0.00    90.00
   6 	    0.00  -272.00     0.00     0.00     0.00     0.00
   6 	    0.00  -272.00     0.00     0.00     0.00     0.00
   	  672.00   567.00     0.00    37.00
   	  672.00   567.00     0.00    37.00
   	  552.00   809.00     0.00    90.00
   	  552.00   809.00     0.00    90.00
   	  504.00   912.00     0.00    90.00
   	  504.00   912.00     0.00    90.00
   	  552.00   259.00     0.00    90.00
   	  552.00   259.00     0.00    90.00
   	  672.00   816.00     0.00    90.00
   	  672.00   816.00     0.00    90.00
   	  384.00   259.00     0.00    90.00
   	  384.00   259.00     0.00    90.00
   7 	    0.00  -136.00     0.00     0.00     0.00     0.00
   7 	    0.00  -136.00     0.00     0.00     0.00     0.00
   	  672.00   567.00     0.00    37.00
   	  672.00   567.00     0.00    37.00
   	  552.00   809.00     0.00    90.00
   	  552.00   809.00     0.00    90.00
   	  504.00   912.00     0.00    90.00
   	  504.00   912.00     0.00    90.00
   	  552.00   259.00     0.00    90.00
   	  552.00   259.00     0.00    90.00
   	  672.00   816.00     0.00    90.00
   	  672.00   816.00     0.00    90.00
   	  384.00   259.00     0.00    90.00
   	  384.00   259.00     0.00    90.00
   8 	    0.00     0.00     0.00     0.00     0.00     0.00
   8 	    0.00     0.00     0.00     0.00     0.00     0.00
   	  672.00   567.00     0.00    37.00
   	  672.00   567.00     0.00    37.00
   	  552.00   809.00     0.00    90.00
   	  552.00   809.00     0.00    90.00
   	  504.00   912.00     0.00    90.00
   	  504.00   912.00     0.00    90.00
   	  552.00   259.00     0.00    90.00
   	  552.00   259.00     0.00    90.00
   	  672.00   816.00     0.00    90.00
   	  672.00   816.00     0.00    90.00
   	  384.00   259.00     0.00    90.00
   	  384.00   259.00     0.00    90.00
   9 	   -0.00   136.00     0.00     0.00     0.00     0.00
   9 	   -0.00   136.00     0.00     0.00     0.00     0.00
   	  672.00   567.00     0.00    37.00
   	  672.00   567.00     0.00    37.00
   	  552.00   809.00     0.00    90.00
   	  552.00   809.00     0.00    90.00
   	  504.00   912.00     0.00    90.00
   	  504.00   912.00     0.00    90.00
   	  552.00   259.00     0.00    90.00
   	  552.00   259.00     0.00    90.00
   	  672.00   816.00     0.00    90.00
   	  672.00   816.00     0.00    90.00
   	  384.00   259.00     0.00    90.00
   	  384.00   259.00     0.00    90.00
  10 	   -0.00   272.00     0.00     0.00     0.00     0.00
  10 	   -0.00   272.00     0.00     0.00     0.00     0.00
   	  672.00   567.00     0.00    37.00
   	  672.00   567.00     0.00    37.00
   	  552.00   809.00     0.00    90.00
   	  552.00   809.00     0.00    90.00
   	  504.00   912.00     0.00    90.00
   	  504.00   912.00     0.00    90.00
   	  552.00   259.00     0.00    90.00
   	  552.00   259.00     0.00    90.00
   	  672.00   816.00     0.00    90.00
   	  672.00   816.00     0.00    90.00
   	  384.00   259.00     0.00    90.00
   	  384.00   259.00     0.00    90.00

** End writing output file: ../inputs/gr255.dat 
