*******************************************************************************
                         ARRAY PREPROCESSOR ver. 1.0
*******************************************************************************



   1	GROUP testgroup
   3	 GRID RECTANGULAR
   4	 ELEMENT
   5	 GEOMETRY CIRCULAR 55
   7	 ADD NODE -3 1
   8	 ADD BLOCK 0 -3 5 6
   9	 ADD BLOCK 3 1 -3 -2
  11	 GROUP_EXCITATION
  12	 AMPLITUDE UNIFORM 27
  13	 PHASE UNIFORM 14
  14	 END

** Generating GROUP: testgroup.
** PSTEP,QSTEP set to:110.000000,110.000000
** Grid ANGLE set to:90.000000 
** Group ROT_ANGLE set to: 0.000000 

** Writing output file: ../inputs/gr258.dat

NEL 
NPORTS
IDUM      REXA     REYA     REZA     THEA     PHEA     PSEA 
          AMP      PSH      PSC      PHEPOL
  89
  89
   1
   1
   1 	 -330.00   110.00     0.00     0.00     0.00     0.00
   1 	 -330.00   110.00     0.00     0.00     0.00     0.00
   	   27.00    14.00     0.00    90.00
   	   27.00    14.00     0.00    90.00
   2 	    0.00  -330.00     0.00     0.00     0.00     0.00
   2 	    0.00  -330.00     0.00     0.00     0.00     0.00
   	   27.00    14.00     0.00    90.00
   	   27.00    14.00     0.00    90.00
   3 	  110.00  -330.00     0.00     0.00     0.00     0.00
   3 	  110.00  -330.00     0.00     0.00     0.00     0.00
   	   27.00    14.00     0.00    90.00
   	   27.00    14.00     0.00    90.00
   4 	  220.00  -330.00     0.00     0.00     0.00     0.00
   4 	  220.00  -330.00     0.00     0.00     0.00     0.00
   	   27.00    14.00     0.00    90.00
   	   27.00    14.00     0.00    90.00
   5 	  330.00  -330.00     0.00     0.00     0.00     0.00
   5 	  330.00  -330.00     0.00     0.00     0.00     0.00
   	   27.00    14.00     0.00    90.00
   	   27.00    14.00     0.00    90.00
   6 	  440.00  -330.00     0.00     0.00     0.00     0.00
   6 	  440.00  -330.00     0.00     0.00     0.00     0.00
   	   27.00    14.00     0.00    90.00
   	   27.00    14.00     0.00    90.00
   7 	  550.00  -330.00     0.00     0.00     0.00     0.00
   7 	  550.00  -330.00     0.00     0.00     0.00     0.00
   	   27.00    14.00     0.00    90.00
   	   27.00    14.00     0.00    90.00
   8 	    0.00  -220.00     0.00     0.00     0.00     0.00
   8 	    0.00  -220.00     0.00     0.00     0.00     0.00
   	   27.00    14.00     0.00    90.00
   	   27.00    14.00     0.00    90.00
   9 	  110.00  -220.00     0.00     0.00     0.00     0.00
   9 	  110.00  -220.00     0.00     0.00     0.00     0.00
   	   27.00    14.00     0.00    90.00
   	   27.00    14.00     0.00    90.00
  10 	  220.00  -220.00     0.00     0.00     0.00     0.00
  10 	  220.00  -220.00     0.00     0.00     0.00     0.00
   	   27.00    14.00     0.00    90.00
   	   27.00    14.00     0.00    90.00
  11 	  330.00  -220.00     0.00     0.00     0.00     0.00
  11 	  330.00  -220.00     0.00     0.00     0.00     0.00
   	   27.00    14.00     0.00    90.00
   	   27.00    14.00     0.00    90.00
  12 	  440.00  -220.00     0.00     0.00     0.00     0.00
  12 	  440.00  -220.00     0.00     0.00     0.00     0.00
   	   27.00    14.00     0.00    90.00
   	   27.00    14.00     0.00    90.00
  13 	  550.00  -220.00     0.00     0.00     0.00     0.00
  13 	  550.00  -220.00     0.00     0.00     0.00     0.00
   	   27.00    14.00     0.00    90.00
   	   27.00    14.00     0.00    90.00
  14 	    0.00  -110.00     0.00     0.00     0.00     0.00
  14 	    0.00  -110.00     0.00     0.00     0.00     0.00
   	   27.00    14.00     0.00    90.00
   	   27.00    14.00     0.00    90.00
  15 	  110.00  -110.00     0.00     0.00     0.00     0.00
  15 	  110.00  -110.00     0.00     0.00     0.00     0.00
   	   27.00    14.00     0.00    90.00
   	   27.00    14.00     0.00    90.00
  16 	  220.00  -110.00     0.00     0.00     0.00     0.00
  16 	  220.00  -110.00     0.00     0.00     0.00     0.00
   	   27.00    14.00     0.00    90.00
   	   27.00    14.00     0.00    90.00
  17 	  330.00  -110.00     0.00     0.00     0.00     0.00
  17 	  330.00  -110.00     0.00     0.00     0.00     0.00
   	   27.00    14.00     0.00    90.00
   	   27.00    14.00     0.00    90.00
  18 	  440.00  -110.00     0.00     0.00     0.00     0.00
  18 	  440.00  -110.00     0.00     0.00     0.00     0.00
   	   27.00    14.00     0.00    90.00
   	   27.00    14.00     0.00    90.00
  19 	  550.00  -110.00     0.00     0.00     0.00     0.00
  19 	  550.00  -110.00     0.00     0.00     0.00     0.00
   	   27.00    14.00     0.00    90.00
   	   27.00    14.00     0.00    90.00
  20 	    0.00     0.00     0.00     0.00     0.00     0.00
  20 	    0.00     0.00     0.00     0.00     0.00     0.00
   	   27.00    14.00     0.00    90.00
   	   27.00    14.00     0.00    90.00
  21 	  110.00     0.00     0.00     0.00     0.00     0.00
  21 	  110.00     0.00     0.00     0.00     0.00     0.00
   	   27.00    14.00     0.00    90.00
   	   27.00    14.00     0.00    90.00
  22 	  220.00     0.00     0.00     0.00     0.00     0.00
  22 	  220.00     0.00     0.00     0.00     0.00     0.00
   	   27.00    14.00     0.00    90.00
   	   27.00    14.00     0.00    90.00
  23 	  330.00     0.00     0.00     0.00     0.00     0.00
  23 	  330.00     0.00     0.00     0.00     0.00     0.00
   	   27.00    14.00     0.00    90.00
   	   27.00    14.00     0.00    90.00
  24 	  440.00     0.00     0.00     0.00     0.00     0.00
  24 	  440.00     0.00     0.00     0.00     0.00     0.00
   	   27.00    14.00     0.00    90.00
   	   27.00    14.00     0.00    90.00
  25 	  550.00     0.00     0.00     0.00     0.00     0.00
  25 	  550.00     0.00     0.00     0.00     0.00     0.00
   	   27.00    14.00     0.00    90.00
   	   27.00    14.00     0.00    90.00
  26 	   -0.00   110.00     0.00     0.00     0.00     0.00
  26 	   -0.00   110.00     0.00     0.00     0.00     0.00
   	   27.00    14.00     0.00    90.00
   	   27.00    14.00     0.00    90.00
  27 	  110.00   110.00     0.00     0.00     0.00     0.00
  27 	  110.00   110.00     0.00     0.00     0.00     0.00
   	   27.00    14.00     0.00    90.00
   	   27.00    14.00     0.00    90.00
  28 	  220.00   110.00     0.00     0.00     0.00     0.00
  28 	  220.00   110.00     0.00     0.00     0.00     0.00
   	   27.00    14.00     0.00    90.00
   	   27.00    14.00     0.00    90.00
  29 	  330.00   110.00     0.00     0.00     0.00     0.00
  29 	  330.00   110.00     0.00     0.00     0.00     0.00
   	   27.00    14.00     0.00    90.00
   	   27.00    14.00     0.00    90.00
  30 	  440.00   110.00     0.00     0.00     0.00     0.00
  30 	  440.00   110.00     0.00     0.00     0.00     0.00
   	   27.00    14.00     0.00    90.00
   	   27.00    14.00     0.00    90.00
  31 	  550.00   110.00     0.00     0.00     0.00     0.00
  31 	  550.00   110.00     0.00     0.00     0.00     0.00
   	   27.00    14.00     0.00    90.00
   	   27.00    14.00     0.00    90.00
  32 	   -0.00   220.00     0.00     0.00     0.00     0.00
  32 	   -0.00   220.00     0.00     0.00     0.00     0.00
   	   27.00    14.00     0.00    90.00
   	   27.00    14.00     0.00    90.00
  33 	  110.00   220.00     0.00     0.00     0.00     0.00
  33 	  110.00   220.00     0.00     0.00     0.00     0.00
   	   27.00    14.00     0.00    90.00
   	   27.00    14.00     0.00    90.00
  34 	  220.00   220.00     0.00     0.00     0.00     0.00
  34 	  220.00   220.00     0.00     0.00     0.00     0.00
   	   27.00    14.00     0.00    90.00
   	   27.00    14.00     0.00    90.00
  35 	  330.00   220.00     0.00     0.00     0.00     0.00
  35 	  330.00   220.00     0.00     0.00     0.00     0.00
   	   27.00    14.00     0.00    90.00
   	   27.00    14.00     0.00    90.00
  36 	  440.00   220.00     0.00     0.00     0.00     0.00
  36 	  440.00   220.00     0.00     0.00     0.00     0.00
   	   27.00    14.00     0.00    90.00
   	   27.00    14.00     0.00    90.00
  37 	  550.00   220.00     0.00     0.00     0.00     0.00
  37 	  550.00   220.00     0.00     0.00     0.00     0.00
   	   27.00    14.00     0.00    90.00
   	   27.00    14.00     0.00    90.00
  38 	   -0.00   330.00     0.00     0.00     0.00     0.00
  38 	   -0.00   330.00     0.00     0.00     0.00     0.00
   	   27.00    14.00     0.00    90.00
   	   27.00    14.00     0.00    90.00
  39 	  110.00   330.00     0.00     0.00     0.00     0.00
  39 	  110.00   330.00     0.00     0.00     0.00     0.00
   	   27.00    14.00     0.00    90.00
   	   27.00    14.00     0.00    90.00
  40 	  220.00   330.00     0.00     0.00     0.00     0.00
  40 	  220.00   330.00     0.00     0.00     0.00     0.00
   	   27.00    14.00     0.00    90.00
   	   27.00    14.00     0.00    90.00
  41 	  330.00   330.00     0.00     0.00     0.00     0.00
  41 	  330.00   330.00     0.00     0.00     0.00     0.00
   	   27.00    14.00     0.00    90.00
   	   27.00    14.00     0.00    90.00
  42 	  440.00   330.00     0.00     0.00     0.00     0.00
  42 	  440.00   330.00     0.00     0.00     0.00     0.00
   	   27.00    14.00     0.00    90.00
   	   27.00    14.00     0.00    90.00
  43 	  550.00   330.00     0.00     0.00     0.00     0.00
  43 	  550.00   330.00     0.00     0.00     0.00     0.00
   	   27.00    14.00     0.00    90.00
   	   27.00    14.00     0.00    90.00
  44 	   -0.00   440.00     0.00     0.00     0.00     0.00
  44 	   -0.00   440.00     0.00     0.00     0.00     0.00
   	   27.00    14.00     0.00    90.00
   	   27.00    14.00     0.00    90.00
  45 	  110.00   440.00     0.00     0.00     0.00     0.00
  45 	  110.00   440.00     0.00     0.00     0.00     0.00
   	   27.00    14.00     0.00    90.00
   	   27.00    14.00     0.00    90.00
  46 	  220.00   440.00     0.00     0.00     0.00     0.00
  46 	  220.00   440.00     0.00     0.00     0.00     0.00
   	   27.00    14.00     0.00    90.00
   	   27.00    14.00     0.00    90.00
  47 	  330.00   440.00     0.00     0.00     0.00     0.00
  47 	  330.00   440.00     0.00     0.00     0.00     0.00
   	   27.00    14.00     0.00    90.00
   	   27.00    14.00     0.00    90.00
  48 	  440.00   440.00     0.00     0.00     0.00     0.00
  48 	  440.00   440.00     0.00     0.00     0.00     0.00
   	   27.00    14.00     0.00    90.00
   	   27.00    14.00     0.00    90.00
  49 	  550.00   440.00     0.00     0.00     0.00     0.00
  49 	  550.00   440.00     0.00     0.00     0.00     0.00
   	   27.00    14.00     0.00    90.00
   	   27.00    14.00     0.00    90.00
  50 	   -0.00   550.00     0.00     0.00     0.00     0.00
  50 	   -0.00   550.00     0.00     0.00     0.00     0.00
   	   27.00    14.00     0.00    90.00
   	   27.00    14.00     0.00    90.00
  51 	  110.00   550.00     0.00     0.00     0.00     0.00
  51 	  110.00   550.00     0.00     0.00     0.00     0.00
   	   27.00    14.00     0.00    90.00
   	   27.00    14.00     0.00    90.00
  52 	  220.00   550.00     0.00     0.00     0.00     0.00
  52 	  220.00   550.00     0.00     0.00     0.00     0.00
   	   27.00    14.00     0.00    90.00
   	   27.00    14.00     0.00    90.00
  53 	  330.00   550.00     0.00     0.00     0.00     0.00
  53 	  330.00   550.00     0.00     0.00     0.00     0.00
   	   27.00    14.00     0.00    90.00
   	   27.00    14.00     0.00    90.00
  54 	  440.00   550.00     0.00     0.00     0.00     0.00
  54 	  440.00   550.00     0.00     0.00     0.00     0.00
   	   27.00    14.00     0.00    90.00
   	   27.00    14.00     0.00    90.00
  55 	  550.00   550.00     0.00     0.00     0.00     0.00
  55 	  550.00   550.00     0.00     0.00     0.00     0.00
   	   27.00    14.00     0.00    90.00
   	   27.00    14.00     0.00    90.00
  56 	   -0.00   660.00     0.00     0.00     0.00     0.00
  56 	   -0.00   660.00     0.00     0.00     0.00     0.00
   	   27.00    14.00     0.00    90.00
   	   27.00    14.00     0.00    90.00
  57 	  110.00   660.00     0.00     0.00     0.00     0.00
  57 	  110.00   660.00     0.00     0.00     0.00     0.00
   	   27.00    14.00     0.00    90.00
   	   27.00    14.00     0.00    90.00
  58 	  220.00   660.00     0.00     0.00     0.00     0.00
  58 	  220.00   660.00     0.00     0.00     0.00     0.00
   	   27.00    14.00     0.00    90.00
   	   27.00    14.00     0.00    90.00
  59 	  330.00   660.00     0.00     0.00     0.00     0.00
  59 	  330.00   660.00     0.00     0.00     0.00     0.00
   	   27.00    14.00     0.00    90.00
   	   27.00    14.00     0.00    90.00
  60 	  440.00   660.00     0.00     0.00     0.00     0.00
  60 	  440.00   660.00     0.00     0.00     0.00     0.00
   	   27.00    14.00     0.00    90.00
   	   27.00    14.00     0.00    90.00
  61 	  550.00   660.00     0.00     0.00     0.00     0.00
  61 	  550.00   660.00     0.00     0.00     0.00     0.00
   	   27.00    14.00     0.00    90.00
   	   27.00    14.00     0.00    90.00
  62 	 -330.00  -220.00     0.00     0.00     0.00     0.00
  62 	 -330.00  -220.00     0.00     0.00     0.00     0.00
   	   27.00    14.00     0.00    90.00
   	   27.00    14.00     0.00    90.00
  63 	 -220.00  -220.00     0.00     0.00     0.00     0.00
  63 	 -220.00  -220.00     0.00     0.00     0.00     0.00
   	   27.00    14.00     0.00    90.00
   	   27.00    14.00     0.00    90.00
  64 	 -110.00  -220.00     0.00     0.00     0.00     0.00
  64 	 -110.00  -220.00     0.00     0.00     0.00     0.00
   	   27.00    14.00     0.00    90.00
   	   27.00    14.00     0.00    90.00
  65 	    0.00  -220.00     0.00     0.00     0.00     0.00
  65 	    0.00  -220.00     0.00     0.00     0.00     0.00
   	   27.00    14.00     0.00    90.00
   	   27.00    14.00     0.00    90.00
  66 	  110.00  -220.00     0.00     0.00     0.00     0.00
  66 	  110.00  -220.00     0.00     0.00     0.00     0.00
   	   27.00    14.00     0.00    90.00
   	   27.00    14.00     0.00    90.00
  67 	  220.00  -220.00     0.00     0.00     0.00     0.00
  67 	  220.00  -220.00     0.00     0.00     0.00     0.00
   	   27.00    14.00     0.00    90.00
   	   27.00    14.00     0.00    90.00
  68 	  330.00  -220.00     0.00     0.00     0.00     0.00
  68 	  330.00  -220.00     0.00     0.00     0.00     0.00
   	   27.00    14.00     0.00    90.00
   	   27.00    14.00     0.00    90.00
  69 	 -330.00  -110.00     0.00     0.00     0.00     0.00
  69 	 -330.00  -110.00     0.00     0.00     0.00     0.00
   	   27.00    14.00     0.00    90.00
   	   27.00    14.00     0.00    90.00
  70 	 -220.00  -110.00     0.00     0.00     0.00     0.00
  70 	 -220.00  -110.00     0.00     0.00     0.00     0.00
   	   27.00    14.00     0.00    90.00
   	   27.00    14.00     0.00    90.00
  71 	 -110.00  -110.00     0.00     0.00     0.00     0.00
  71 	 -110.00  -110.00     0.00     0.00     0.00     0.00
   	   27.00    14.00     0.00    90.00
   	   27.00    14.00     0.00    90.00
  72 	    0.00  -110.00     0.00     0.00     0.00     0.00
  72 	    0.00  -110.00     0.00     0.00     0.00     0.00
   	   27.00    14.00     0.00    90.00
   	   27.00    14.00     0.00    90.00
  73 	  110.00  -110.00     0.00     0.00     0.00     0.00
  73 	  110.00  -110.00     0.00     0.00     0.00     0.00
   	   27.00    14.00     0.00    90.00
   	   27.00    14.00     0.00    90.00
  74 	  220.00  -110.00     0.00     0.00     0.00     0.00
  74 	  220.00  -110.00     0.00     0.00     0.00     0.00
   	   27.00    14.00     0.00    90.00
   	   27.00    14.00     0.00    90.00
  75 	  330.00  -110.00     0.00     0.00     0.00     0.00
  75 	  330.00  -110.00     0.00     0.00     0.00     0.00
   	   27.00    14.00     0.00    90.00
   	   27.00    14.00     0.00    90.00
  76 	 -330.00     0.00     0.00     0.00     0.00     0.00
  76 	 -330.00     0.00     0.00     0.00     0.00     0.00
   	   27.00    14.00     0.00    90.00
   	   27.00    14.00     0.00    90.00
  77 	 -220.00     0.00     0.00     0.00     0.00     0.00
  77 	 -220.00     0.00     0.00     0.00     0.00     0.00
   	   27.00    14.00     0.00    90.00
   	   27.00    14.00     0.00    90.00
  78 	 -110.00     0.00     0.00     0.00     0.00     0.00
  78 	 -110.00     0.00     0.00     0.00     0.00     0.00
   	   27.00    14.00     0.00    90.00
   	   27.00    14.00     0.00    90.00
  79 	    0.00     0.00     0.00     0.00     0.00     0.00
  79 	    0.00     0.00     0.00     0.00     0.00     0.00
   	   27.00    14.00     0.00    90.00
   	   27.00    14.00     0.00    90.00
  80 	  110.00     0.00     0.00     0.00     0.00     0.00
  80 	  110.00     0.00     0.00     0.00     0.00     0.00
   	   27.00    14.00     0.00    90.00
   	   27.00    14.00     0.00    90.00
  81 	  220.00     0.00     0.00     0.00     0.00     0.00
  81 	  220.00     0.00     0.00     0.00     0.00     0.00
   	   27.00    14.00     0.00    90.00
   	   27.00    14.00     0.00    90.00
  82 	  330.00     0.00     0.00     0.00     0.00     0.00
  82 	  330.00     0.00     0.00     0.00     0.00     0.00
   	   27.00    14.00     0.00    90.00
   	   27.00    14.00     0.00    90.00
  83 	 -330.00   110.00     0.00     0.00     0.00     0.00
  83 	 -330.00   110.00     0.00     0.00     0.00     0.00
   	   27.00    14.00     0.00    90.00
   	   27.00    14.00     0.00    90.00
  84 	 -220.00   110.00     0.00     0.00     0.00     0.00
  84 	 -220.00   110.00     0.00     0.00     0.00     0.00
   	   27.00    14.00     0.00    90.00
   	   27.00    14.00     0.00    90.00
  85 	 -110.00   110.00     0.00     0.00     0.00     0.00
  85 	 -110.00   110.00     0.00     0.00     0.00     0.00
   	   27.00    14.00     0.00    90.00
   	   27.00    14.00     0.00    90.00
  86 	   -0.00   110.00     0.00     0.00     0.00     0.00
  86 	   -0.00   110.00     0.00     0.00     0.00     0.00
   	   27.00    14.00     0.00    90.00
   	   27.00    14.00     0.00    90.00
  87 	  110.00   110.00     0.00     0.00     0.00     0.00
  87 	  110.00   110.00     0.00     0.00     0.00     0.00
   	   27.00    14.00     0.00    90.00
   	   27.00    14.00     0.00    90.00
  88 	  220.00   110.00     0.00     0.00     0.00     0.00
  88 	  220.00   110.00     0.00     0.00     0.00     0.00
   	   27.00    14.00     0.00    90.00
   	   27.00    14.00     0.00    90.00
  89 	  330.00   110.00     0.00     0.00     0.00     0.00
  89 	  330.00   110.00     0.00     0.00     0.00     0.00
   	   27.00    14.00     0.00    90.00
   	   27.00    14.00     0.00    90.00

** End writing output file: ../inputs/gr258.dat 
