*******************************************************************************
                         ARRAY PREPROCESSOR ver. 1.0
*******************************************************************************



   1	GROUP testgroup
   3	 GRID HEXAGONAL STEP 25
   4	 ELEMENT
   5	 GEOMETRY CIRCULAR RADIUS 64 mm
   7	 ADD HEXAGON 0 0
   8	 ADD BLOCK -2 -1 1 9
   9	 ADD BLOCK -6 -2 2 -2
  11	 GROUP_EXCITATION
  12	 AMPLITUDE UNIFORM 37
  13	 PHASE UNIFORM 238
  14	 END

** WARNING B2: GRID step(s) too small for specified element in GROUP: testgroup
** Generating GROUP: testgroup.
** PSTEP,QSTEP set to:25.000000,25.000000
** Grid ANGLE set to:60.000000 
** Group ROT_ANGLE set to: 0.000000 

** Writing output file: ../inputs/gr259.dat

NEL 
NPORTS
IDUM      REXA     REYA     REZA     THEA     PHEA     PSEA 
          AMP      PSH      PSC      PHEPOL
  60
  60
   1
   1
   1 	  -12.50    21.65     0.00     0.00     0.00     0.00
   1 	  -12.50    21.65     0.00     0.00     0.00     0.00
   	   37.00   238.00     0.00    90.00
   	   37.00   238.00     0.00    90.00
   2 	   12.50    21.65     0.00     0.00     0.00     0.00
   2 	   12.50    21.65     0.00     0.00     0.00     0.00
   	   37.00   238.00     0.00    90.00
   	   37.00   238.00     0.00    90.00
   3 	   25.00     0.00     0.00     0.00     0.00     0.00
   3 	   25.00     0.00     0.00     0.00     0.00     0.00
   	   37.00   238.00     0.00    90.00
   	   37.00   238.00     0.00    90.00
   4 	   12.50   -21.65     0.00     0.00     0.00     0.00
   4 	   12.50   -21.65     0.00     0.00     0.00     0.00
   	   37.00   238.00     0.00    90.00
   	   37.00   238.00     0.00    90.00
   5 	  -12.50   -21.65     0.00     0.00     0.00     0.00
   5 	  -12.50   -21.65     0.00     0.00     0.00     0.00
   	   37.00   238.00     0.00    90.00
   	   37.00   238.00     0.00    90.00
   6 	  -25.00     0.00     0.00     0.00     0.00     0.00
   6 	  -25.00     0.00     0.00     0.00     0.00     0.00
   	   37.00   238.00     0.00    90.00
   	   37.00   238.00     0.00    90.00
   7 	    0.00     0.00     0.00     0.00     0.00     0.00
   7 	    0.00     0.00     0.00     0.00     0.00     0.00
   	   37.00   238.00     0.00    90.00
   	   37.00   238.00     0.00    90.00
   8 	  -62.50   -21.65     0.00     0.00     0.00     0.00
   8 	  -62.50   -21.65     0.00     0.00     0.00     0.00
   	   37.00   238.00     0.00    90.00
   	   37.00   238.00     0.00    90.00
   9 	  -37.50   -21.65     0.00     0.00     0.00     0.00
   9 	  -37.50   -21.65     0.00     0.00     0.00     0.00
   	   37.00   238.00     0.00    90.00
   	   37.00   238.00     0.00    90.00
  10 	  -12.50   -21.65     0.00     0.00     0.00     0.00
  10 	  -12.50   -21.65     0.00     0.00     0.00     0.00
   	   37.00   238.00     0.00    90.00
   	   37.00   238.00     0.00    90.00
  11 	   12.50   -21.65     0.00     0.00     0.00     0.00
  11 	   12.50   -21.65     0.00     0.00     0.00     0.00
   	   37.00   238.00     0.00    90.00
   	   37.00   238.00     0.00    90.00
  12 	  -50.00     0.00     0.00     0.00     0.00     0.00
  12 	  -50.00     0.00     0.00     0.00     0.00     0.00
   	   37.00   238.00     0.00    90.00
   	   37.00   238.00     0.00    90.00
  13 	  -25.00     0.00     0.00     0.00     0.00     0.00
  13 	  -25.00     0.00     0.00     0.00     0.00     0.00
   	   37.00   238.00     0.00    90.00
   	   37.00   238.00     0.00    90.00
  14 	    0.00     0.00     0.00     0.00     0.00     0.00
  14 	    0.00     0.00     0.00     0.00     0.00     0.00
   	   37.00   238.00     0.00    90.00
   	   37.00   238.00     0.00    90.00
  15 	   25.00     0.00     0.00     0.00     0.00     0.00
  15 	   25.00     0.00     0.00     0.00     0.00     0.00
   	   37.00   238.00     0.00    90.00
   	   37.00   238.00     0.00    90.00
  16 	  -37.50    21.65     0.00     0.00     0.00     0.00
  16 	  -37.50    21.65     0.00     0.00     0.00     0.00
   	   37.00   238.00     0.00    90.00
   	   37.00   238.00     0.00    90.00
  17 	  -12.50    21.65     0.00     0.00     0.00     0.00
  17 	  -12.50    21.65     0.00     0.00     0.00     0.00
   	   37.00   238.00     0.00    90.00
   	   37.00   238.00     0.00    90.00
  18 	   12.50    21.65     0.00     0.00     0.00     0.00
  18 	   12.50    21.65     0.00     0.00     0.00     0.00
   	   37.00   238.00     0.00    90.00
   	   37.00   238.00     0.00    90.00
  19 	   37.50    21.65     0.00     0.00     0.00     0.00
  19 	   37.50    21.65     0.00     0.00     0.00     0.00
   	   37.00   238.00     0.00    90.00
   	   37.00   238.00     0.00    90.00
  20 	  -25.00    43.30     0.00     0.00     0.00     0.00
  20 	  -25.00    43.30     0.00     0.00     0.00     0.00
   	   37.00   238.00     0.00    90.00
   	   37.00   238.00     0.00    90.00
  21 	   -0.00    43.30     0.00     0.00     0.00     0.00
  21 	   -0.00    43.30     0.00     0.00     0.00     0.00
   	   37.00   238.00     0.00    90.00
   	   37.00   238.00     0.00    90.00
  22 	   25.00    43.30     0.00     0.00     0.00     0.00
  22 	   25.00    43.30     0.00     0.00     0.00     0.00
   	   37.00   238.00     0.00    90.00
   	   37.00   238.00     0.00    90.00
  23 	   50.00    43.30     0.00     0.00     0.00     0.00
  23 	   50.00    43.30     0.00     0.00     0.00     0.00
   	   37.00   238.00     0.00    90.00
   	   37.00   238.00     0.00    90.00
  24 	  -12.50    64.95     0.00     0.00     0.00     0.00
  24 	  -12.50    64.95     0.00     0.00     0.00     0.00
   	   37.00   238.00     0.00    90.00
   	   37.00   238.00     0.00    90.00
  25 	   12.50    64.95     0.00     0.00     0.00     0.00
  25 	   12.50    64.95     0.00     0.00     0.00     0.00
   	   37.00   238.00     0.00    90.00
   	   37.00   238.00     0.00    90.00
  26 	   37.50    64.95     0.00     0.00     0.00     0.00
  26 	   37.50    64.95     0.00     0.00     0.00     0.00
   	   37.00   238.00     0.00    90.00
   	   37.00   238.00     0.00    90.00
  27 	   62.50    64.95     0.00     0.00     0.00     0.00
  27 	   62.50    64.95     0.00     0.00     0.00     0.00
   	   37.00   238.00     0.00    90.00
   	   37.00   238.00     0.00    90.00
  28 	   -0.00    86.60     0.00     0.00     0.00     0.00
  28 	   -0.00    86.60     0.00     0.00     0.00     0.00
   	   37.00   238.00     0.00    90.00
   	   37.00   238.00     0.00    90.00
  29 	   25.00    86.60     0.00     0.00     0.00     0.00
  29 	   25.00    86.60     0.00     0.00     0.00     0.00
   	   37.00   238.00     0.00    90.00
   	   37.00   238.00     0.00    90.00
  30 	   50.00    86.60     0.00     0.00     0.00     0.00
  30 	   50.00    86.60     0.00     0.00     0.00     0.00
   	   37.00   238.00     0.00    90.00
   	   37.00   238.00     0.00    90.00
  31 	   75.00    86.60     0.00     0.00     0.00     0.00
  31 	   75.00    86.60     0.00     0.00     0.00     0.00
   	   37.00   238.00     0.00    90.00
   	   37.00   238.00     0.00    90.00
  32 	   12.50   108.25     0.00     0.00     0.00     0.00
  32 	   12.50   108.25     0.00     0.00     0.00     0.00
   	   37.00   238.00     0.00    90.00
   	   37.00   238.00     0.00    90.00
  33 	   37.50   108.25     0.00     0.00     0.00     0.00
  33 	   37.50   108.25     0.00     0.00     0.00     0.00
   	   37.00   238.00     0.00    90.00
   	   37.00   238.00     0.00    90.00
  34 	   62.50   108.25     0.00     0.00     0.00     0.00
  34 	   62.50   108.25     0.00     0.00     0.00     0.00
   	   37.00   238.00     0.00    90.00
   	   37.00   238.00     0.00    90.00
  35 	   87.50   108.25     0.00     0.00     0.00     0.00
  35 	   87.50   108.25     0.00     0.00     0.00     0.00
   	   37.00   238.00     0.00    90.00
   	   37.00   238.00     0.00    90.00
  36 	   25.00   129.90     0.00     0.00     0.00     0.00
  36 	   25.00   129.90     0.00     0.00     0.00     0.00
   	   37.00   238.00     0.00    90.00
   	   37.00   238.00     0.00    90.00
  37 	   50.00   129.90     0.00     0.00     0.00     0.00
  37 	   50.00   129.90     0.00     0.00     0.00     0.00
   	   37.00   238.00     0.00    90.00
   	   37.00   238.00     0.00    90.00
  38 	   75.00   129.90     0.00     0.00     0.00     0.00
  38 	   75.00   129.90     0.00     0.00     0.00     0.00
   	   37.00   238.00     0.00    90.00
   	   37.00   238.00     0.00    90.00
  39 	  100.00   129.90     0.00     0.00     0.00     0.00
  39 	  100.00   129.90     0.00     0.00     0.00     0.00
   	   37.00   238.00     0.00    90.00
   	   37.00   238.00     0.00    90.00
  40 	   37.50   151.55     0.00     0.00     0.00     0.00
  40 	   37.50   151.55     0.00     0.00     0.00     0.00
   	   37.00   238.00     0.00    90.00
   	   37.00   238.00     0.00    90.00
  41 	   62.50   151.55     0.00     0.00     0.00     0.00
  41 	   62.50   151.55     0.00     0.00     0.00     0.00
   	   37.00   238.00     0.00    90.00
   	   37.00   238.00     0.00    90.00
  42 	   87.50   151.55     0.00     0.00     0.00     0.00
  42 	   87.50   151.55     0.00     0.00     0.00     0.00
   	   37.00   238.00     0.00    90.00
   	   37.00   238.00     0.00    90.00
  43 	  112.50   151.55     0.00     0.00     0.00     0.00
  43 	  112.50   151.55     0.00     0.00     0.00     0.00
   	   37.00   238.00     0.00    90.00
   	   37.00   238.00     0.00    90.00
  44 	   50.00   173.21     0.00     0.00     0.00     0.00
  44 	   50.00   173.21     0.00     0.00     0.00     0.00
   	   37.00   238.00     0.00    90.00
   	   37.00   238.00     0.00    90.00
  45 	   75.00   173.21     0.00     0.00     0.00     0.00
  45 	   75.00   173.21     0.00     0.00     0.00     0.00
   	   37.00   238.00     0.00    90.00
   	   37.00   238.00     0.00    90.00
  46 	  100.00   173.21     0.00     0.00     0.00     0.00
  46 	  100.00   173.21     0.00     0.00     0.00     0.00
   	   37.00   238.00     0.00    90.00
   	   37.00   238.00     0.00    90.00
  47 	  125.00   173.21     0.00     0.00     0.00     0.00
  47 	  125.00   173.21     0.00     0.00     0.00     0.00
   	   37.00   238.00     0.00    90.00
   	   37.00   238.00     0.00    90.00
  48 	   62.50   194.86     0.00     0.00     0.00     0.00
  48 	   62.50   194.86     0.00     0.00     0.00     0.00
   	   37.00   238.00     0.00    90.00
   	   37.00   238.00     0.00    90.00
  49 	   87.50   194.86     0.00     0.00     0.00     0.00
  49 	   87.50   194.86     0.00     0.00     0.00     0.00
   	   37.00   238.00     0.00    90.00
   	   37.00   238.00     0.00    90.00
  50 	  112.50   194.86     0.00     0.00     0.00     0.00
  50 	  112.50   194.86     0.00     0.00     0.00     0.00
   	   37.00   238.00     0.00    90.00
   	   37.00   238.00     0.00    90.00
  51 	  137.50   194.86     0.00     0.00     0.00     0.00
  51 	  137.50   194.86     0.00     0.00     0.00     0.00
   	   37.00   238.00     0.00    90.00
   	   37.00   238.00     0.00    90.00
  52 	 -175.00   -43.30     0.00     0.00     0.00     0.00
  52 	 -175.00   -43.30     0.00     0.00     0.00     0.00
   	   37.00   238.00     0.00    90.00
   	   37.00   238.00     0.00    90.00
  53 	 -150.00   -43.30     0.00     0.00     0.00     0.00
  53 	 -150.00   -43.30     0.00     0.00     0.00     0.00
   	   37.00   238.00     0.00    90.00
   	   37.00   238.00     0.00    90.00
  54 	 -125.00   -43.30     0.00     0.00     0.00     0.00
  54 	 -125.00   -43.30     0.00     0.00     0.00     0.00
   	   37.00   238.00     0.00    90.00
   	   37.00   238.00     0.00    90.00
  55 	 -100.00   -43.30     0.00     0.00     0.00     0.00
  55 	 -100.00   -43.30     0.00     0.00     0.00     0.00
   	   37.00   238.00     0.00    90.00
   	   37.00   238.00     0.00    90.00
  56 	  -75.00   -43.30     0.00     0.00     0.00     0.00
  56 	  -75.00   -43.30     0.00     0.00     0.00     0.00
   	   37.00   238.00     0.00    90.00
   	   37.00   238.00     0.00    90.00
  57 	  -50.00   -43.30     0.00     0.00     0.00     0.00
  57 	  -50.00   -43.30     0.00     0.00     0.00     0.00
   	   37.00   238.00     0.00    90.00
   	   37.00   238.00     0.00    90.00
  58 	  -25.00   -43.30     0.00     0.00     0.00     0.00
  58 	  -25.00   -43.30     0.00     0.00     0.00     0.00
   	   37.00   238.00     0.00    90.00
   	   37.00   238.00     0.00    90.00
  59 	    0.00   -43.30     0.00     0.00     0.00     0.00
  59 	    0.00   -43.30     0.00     0.00     0.00     0.00
   	   37.00   238.00     0.00    90.00
   	   37.00   238.00     0.00    90.00
  60 	   25.00   -43.30     0.00     0.00     0.00     0.00
  60 	   25.00   -43.30     0.00     0.00     0.00     0.00
   	   37.00   238.00     0.00    90.00
   	   37.00   238.00     0.00    90.00

** End writing output file: ../inputs/gr259.dat 
