*******************************************************************************
                         ARRAY PREPROCESSOR ver. 1.0
*******************************************************************************



   1	GROUP testgroup
   3	 GRID HEXAGONAL
   4	 ELEMENT
   5	 GEOMETRY CIRCULAR RADIUS 103
   7	 ADD HEXAGON -3 0
   9	 GROUP_EXCITATION
  10	 AMPLITUDE SECOND ORDER CENTRE 16 P1_VAL 23 P2_VAL 25 Q1_VAL 23 Q2_VAL 25
  11	 PHASE ROTATION SEQUENTIAL
  12	 END

** Generating GROUP: testgroup.
** PSTEP,QSTEP set to:206.000000,206.000000
** Grid ANGLE set to:60.000000 
** Group ROT_ANGLE set to: 0.000000 

** Writing output file: ../inputs/gr261.dat

NEL 
NPORTS
IDUM      REXA     REYA     REZA     THEA     PHEA     PSEA 
          AMP      PSH      PSC      PHEPOL
   7
   7
   1
   1
   1 	 -721.00   178.40     0.00     0.00     0.00     0.00
   1 	 -721.00   178.40     0.00     0.00     0.00     0.00
   	   16.00     0.00     0.00    90.00
   	   16.00     0.00     0.00    90.00
   2 	 -515.00   178.40     0.00     0.00   -51.43     0.00
   2 	 -515.00   178.40     0.00     0.00   -51.43     0.00
   	   25.00   -51.43     0.00    90.00
   	   25.00   -51.43     0.00    90.00
   3 	 -412.00     0.00     0.00     0.00  -102.86     0.00
   3 	 -412.00     0.00     0.00     0.00  -102.86     0.00
   	   38.00  -102.86     0.00    90.00
   	   38.00  -102.86     0.00    90.00
   4 	 -515.00  -178.40     0.00     0.00  -154.29     0.00
   4 	 -515.00  -178.40     0.00     0.00  -154.29     0.00
   	   34.00  -154.29     0.00    90.00
   	   34.00  -154.29     0.00    90.00
   5 	 -721.00  -178.40     0.00     0.00  -205.71     0.00
   5 	 -721.00  -178.40     0.00     0.00  -205.71     0.00
   	   25.00  -205.71     0.00    90.00
   	   25.00  -205.71     0.00    90.00
   6 	 -824.00     0.00     0.00     0.00  -257.14     0.00
   6 	 -824.00     0.00     0.00     0.00  -257.14     0.00
   	   20.00  -257.14     0.00    90.00
   	   20.00  -257.14     0.00    90.00
   7 	 -618.00     0.00     0.00     0.00  -308.57     0.00
   7 	 -618.00     0.00     0.00     0.00  -308.57     0.00
   	   21.00  -308.57     0.00    90.00
   	   21.00  -308.57     0.00    90.00

** End writing output file: ../inputs/gr261.dat 
