*******************************************************************************
                         ARRAY PREPROCESSOR ver. 1.0
*******************************************************************************



   1	GROUP testgroup
   3	 GRID TRIANGULAR
   4	 ELEMENT
   5	 GEOMETRY CIRCULAR 32
   7	 ADD HEXAGON 7 9
   8	 ADD BLOCK -3 7 4 5
   9	 ADD HEXAGON -7 -7
  10	 ADD HEXAGON 5 7
  12	 GROUP_EXCITATION
  13	 AMPLITUDE UNIFORM 28
  14	 PHASE UNIFORM 124
  15	 END

** WARNING B2: GRID step(s) too small for specified element in GROUP: testgroup
** Generating GROUP: testgroup.
** PSTEP,QSTEP set to:64.000000,64.000000
** Grid ANGLE set to:60.000000 
** Group ROT_ANGLE set to: 0.000000 

** Writing output file: ../inputs/gr262.dat

NEL 
NPORTS
IDUM      REXA     REYA     REZA     THEA     PHEA     PSEA 
          AMP      PSH      PSC      PHEPOL
  45
  45
   1
   1
   1 	  704.00   554.26     0.00     0.00     0.00     0.00
   1 	  704.00   554.26     0.00     0.00     0.00     0.00
   	   28.00   124.00     0.00    90.00
   	   28.00   124.00     0.00    90.00
   2 	  768.00   554.26     0.00     0.00     0.00     0.00
   2 	  768.00   554.26     0.00     0.00     0.00     0.00
   	   28.00   124.00     0.00    90.00
   	   28.00   124.00     0.00    90.00
   3 	  800.00   498.83     0.00     0.00     0.00     0.00
   3 	  800.00   498.83     0.00     0.00     0.00     0.00
   	   28.00   124.00     0.00    90.00
   	   28.00   124.00     0.00    90.00
   4 	  768.00   443.41     0.00     0.00     0.00     0.00
   4 	  768.00   443.41     0.00     0.00     0.00     0.00
   	   28.00   124.00     0.00    90.00
   	   28.00   124.00     0.00    90.00
   5 	  704.00   443.41     0.00     0.00     0.00     0.00
   5 	  704.00   443.41     0.00     0.00     0.00     0.00
   	   28.00   124.00     0.00    90.00
   	   28.00   124.00     0.00    90.00
   6 	  672.00   498.83     0.00     0.00     0.00     0.00
   6 	  672.00   498.83     0.00     0.00     0.00     0.00
   	   28.00   124.00     0.00    90.00
   	   28.00   124.00     0.00    90.00
   7 	  736.00   498.83     0.00     0.00     0.00     0.00
   7 	  736.00   498.83     0.00     0.00     0.00     0.00
   	   28.00   124.00     0.00    90.00
   	   28.00   124.00     0.00    90.00
   8 	  -32.00   277.13     0.00     0.00     0.00     0.00
   8 	  -32.00   277.13     0.00     0.00     0.00     0.00
   	   28.00   124.00     0.00    90.00
   	   28.00   124.00     0.00    90.00
   9 	   32.00   277.13     0.00     0.00     0.00     0.00
   9 	   32.00   277.13     0.00     0.00     0.00     0.00
   	   28.00   124.00     0.00    90.00
   	   28.00   124.00     0.00    90.00
  10 	   96.00   277.13     0.00     0.00     0.00     0.00
  10 	   96.00   277.13     0.00     0.00     0.00     0.00
   	   28.00   124.00     0.00    90.00
   	   28.00   124.00     0.00    90.00
  11 	  160.00   277.13     0.00     0.00     0.00     0.00
  11 	  160.00   277.13     0.00     0.00     0.00     0.00
   	   28.00   124.00     0.00    90.00
   	   28.00   124.00     0.00    90.00
  12 	  224.00   277.13     0.00     0.00     0.00     0.00
  12 	  224.00   277.13     0.00     0.00     0.00     0.00
   	   28.00   124.00     0.00    90.00
   	   28.00   124.00     0.00    90.00
  13 	  288.00   277.13     0.00     0.00     0.00     0.00
  13 	  288.00   277.13     0.00     0.00     0.00     0.00
   	   28.00   124.00     0.00    90.00
   	   28.00   124.00     0.00    90.00
  14 	  352.00   277.13     0.00     0.00     0.00     0.00
  14 	  352.00   277.13     0.00     0.00     0.00     0.00
   	   28.00   124.00     0.00    90.00
   	   28.00   124.00     0.00    90.00
  15 	  416.00   277.13     0.00     0.00     0.00     0.00
  15 	  416.00   277.13     0.00     0.00     0.00     0.00
   	   28.00   124.00     0.00    90.00
   	   28.00   124.00     0.00    90.00
  16 	   -0.00   332.55     0.00     0.00     0.00     0.00
  16 	   -0.00   332.55     0.00     0.00     0.00     0.00
   	   28.00   124.00     0.00    90.00
   	   28.00   124.00     0.00    90.00
  17 	   64.00   332.55     0.00     0.00     0.00     0.00
  17 	   64.00   332.55     0.00     0.00     0.00     0.00
   	   28.00   124.00     0.00    90.00
   	   28.00   124.00     0.00    90.00
  18 	  128.00   332.55     0.00     0.00     0.00     0.00
  18 	  128.00   332.55     0.00     0.00     0.00     0.00
   	   28.00   124.00     0.00    90.00
   	   28.00   124.00     0.00    90.00
  19 	  192.00   332.55     0.00     0.00     0.00     0.00
  19 	  192.00   332.55     0.00     0.00     0.00     0.00
   	   28.00   124.00     0.00    90.00
   	   28.00   124.00     0.00    90.00
  20 	  256.00   332.55     0.00     0.00     0.00     0.00
  20 	  256.00   332.55     0.00     0.00     0.00     0.00
   	   28.00   124.00     0.00    90.00
   	   28.00   124.00     0.00    90.00
  21 	  320.00   332.55     0.00     0.00     0.00     0.00
  21 	  320.00   332.55     0.00     0.00     0.00     0.00
   	   28.00   124.00     0.00    90.00
   	   28.00   124.00     0.00    90.00
  22 	  384.00   332.55     0.00     0.00     0.00     0.00
  22 	  384.00   332.55     0.00     0.00     0.00     0.00
   	   28.00   124.00     0.00    90.00
   	   28.00   124.00     0.00    90.00
  23 	  448.00   332.55     0.00     0.00     0.00     0.00
  23 	  448.00   332.55     0.00     0.00     0.00     0.00
   	   28.00   124.00     0.00    90.00
   	   28.00   124.00     0.00    90.00
  24 	   32.00   387.98     0.00     0.00     0.00     0.00
  24 	   32.00   387.98     0.00     0.00     0.00     0.00
   	   28.00   124.00     0.00    90.00
   	   28.00   124.00     0.00    90.00
  25 	   96.00   387.98     0.00     0.00     0.00     0.00
  25 	   96.00   387.98     0.00     0.00     0.00     0.00
   	   28.00   124.00     0.00    90.00
   	   28.00   124.00     0.00    90.00
  26 	  160.00   387.98     0.00     0.00     0.00     0.00
  26 	  160.00   387.98     0.00     0.00     0.00     0.00
   	   28.00   124.00     0.00    90.00
   	   28.00   124.00     0.00    90.00
  27 	  224.00   387.98     0.00     0.00     0.00     0.00
  27 	  224.00   387.98     0.00     0.00     0.00     0.00
   	   28.00   124.00     0.00    90.00
   	   28.00   124.00     0.00    90.00
  28 	  288.00   387.98     0.00     0.00     0.00     0.00
  28 	  288.00   387.98     0.00     0.00     0.00     0.00
   	   28.00   124.00     0.00    90.00
   	   28.00   124.00     0.00    90.00
  29 	  352.00   387.98     0.00     0.00     0.00     0.00
  29 	  352.00   387.98     0.00     0.00     0.00     0.00
   	   28.00   124.00     0.00    90.00
   	   28.00   124.00     0.00    90.00
  30 	  416.00   387.98     0.00     0.00     0.00     0.00
  30 	  416.00   387.98     0.00     0.00     0.00     0.00
   	   28.00   124.00     0.00    90.00
   	   28.00   124.00     0.00    90.00
  31 	  480.00   387.98     0.00     0.00     0.00     0.00
  31 	  480.00   387.98     0.00     0.00     0.00     0.00
   	   28.00   124.00     0.00    90.00
   	   28.00   124.00     0.00    90.00
  32 	 -704.00  -332.55     0.00     0.00     0.00     0.00
  32 	 -704.00  -332.55     0.00     0.00     0.00     0.00
   	   28.00   124.00     0.00    90.00
   	   28.00   124.00     0.00    90.00
  33 	 -640.00  -332.55     0.00     0.00     0.00     0.00
  33 	 -640.00  -332.55     0.00     0.00     0.00     0.00
   	   28.00   124.00     0.00    90.00
   	   28.00   124.00     0.00    90.00
  34 	 -608.00  -387.98     0.00     0.00     0.00     0.00
  34 	 -608.00  -387.98     0.00     0.00     0.00     0.00
   	   28.00   124.00     0.00    90.00
   	   28.00   124.00     0.00    90.00
  35 	 -640.00  -443.41     0.00     0.00     0.00     0.00
  35 	 -640.00  -443.41     0.00     0.00     0.00     0.00
   	   28.00   124.00     0.00    90.00
   	   28.00   124.00     0.00    90.00
  36 	 -704.00  -443.41     0.00     0.00     0.00     0.00
  36 	 -704.00  -443.41     0.00     0.00     0.00     0.00
   	   28.00   124.00     0.00    90.00
   	   28.00   124.00     0.00    90.00
  37 	 -736.00  -387.98     0.00     0.00     0.00     0.00
  37 	 -736.00  -387.98     0.00     0.00     0.00     0.00
   	   28.00   124.00     0.00    90.00
   	   28.00   124.00     0.00    90.00
  38 	 -672.00  -387.98     0.00     0.00     0.00     0.00
  38 	 -672.00  -387.98     0.00     0.00     0.00     0.00
   	   28.00   124.00     0.00    90.00
   	   28.00   124.00     0.00    90.00
  39 	  512.00   443.41     0.00     0.00     0.00     0.00
  39 	  512.00   443.41     0.00     0.00     0.00     0.00
   	   28.00   124.00     0.00    90.00
   	   28.00   124.00     0.00    90.00
  40 	  576.00   443.41     0.00     0.00     0.00     0.00
  40 	  576.00   443.41     0.00     0.00     0.00     0.00
   	   28.00   124.00     0.00    90.00
   	   28.00   124.00     0.00    90.00
  41 	  608.00   387.98     0.00     0.00     0.00     0.00
  41 	  608.00   387.98     0.00     0.00     0.00     0.00
   	   28.00   124.00     0.00    90.00
   	   28.00   124.00     0.00    90.00
  42 	  576.00   332.55     0.00     0.00     0.00     0.00
  42 	  576.00   332.55     0.00     0.00     0.00     0.00
   	   28.00   124.00     0.00    90.00
   	   28.00   124.00     0.00    90.00
  43 	  512.00   332.55     0.00     0.00     0.00     0.00
  43 	  512.00   332.55     0.00     0.00     0.00     0.00
   	   28.00   124.00     0.00    90.00
   	   28.00   124.00     0.00    90.00
  44 	  480.00   387.98     0.00     0.00     0.00     0.00
  44 	  480.00   387.98     0.00     0.00     0.00     0.00
   	   28.00   124.00     0.00    90.00
   	   28.00   124.00     0.00    90.00
  45 	  544.00   387.98     0.00     0.00     0.00     0.00
  45 	  544.00   387.98     0.00     0.00     0.00     0.00
   	   28.00   124.00     0.00    90.00
   	   28.00   124.00     0.00    90.00

** End writing output file: ../inputs/gr262.dat 
