*******************************************************************************
                         ARRAY PREPROCESSOR ver. 1.0
*******************************************************************************



   1	GROUP testgroup
   3	 GRID HEXAGONAL
   4	 ELEMENT
   5	 GEOMETRY CIRCULAR 86
   6	 POLARIZATION CIRCULAR RH
   8	 ADD NODE 0 2 ORIENTATION -4 25 5
   9	 ADD BLOCK 5 1 -3 -10
  10	 ADD NODE -1 -2 ORIENTATION 19 -1 10
  12	 GROUP_EXCITATION
  13	 AMPLITUDE UNIFORM 30
  14	 PHASE UNIFORM 16
  15	 END

** Generating GROUP: testgroup.
** PSTEP,QSTEP set to:172.000000,172.000000
** Grid ANGLE set to:60.000000 
** Group ROT_ANGLE set to: 0.000000 

** Writing output file: ../inputs/gr264.dat

NEL 
NPORTS
IDUM      REXA     REYA     REZA     THEA     PHEA     PSEA 
          AMP      PSH      PSC      PHEPOL
 110
 110
   1
   1
   1 	  172.00   297.91     0.00    -4.00    25.00     5.00
   1 	  172.00   297.91     0.00    -4.00    25.00     5.00
   	   30.00    16.00     0.00    90.00
   	   30.00    16.00     0.00    90.00
   2 	-1376.00 -1489.56     0.00     0.00     0.00     0.00
   2 	-1376.00 -1489.56     0.00     0.00     0.00     0.00
   	   30.00    16.00     0.00    90.00
   	   30.00    16.00     0.00    90.00
   3 	-1204.00 -1489.56     0.00     0.00     0.00     0.00
   3 	-1204.00 -1489.56     0.00     0.00     0.00     0.00
   	   30.00    16.00     0.00    90.00
   	   30.00    16.00     0.00    90.00
   4 	-1032.00 -1489.56     0.00     0.00     0.00     0.00
   4 	-1032.00 -1489.56     0.00     0.00     0.00     0.00
   	   30.00    16.00     0.00    90.00
   	   30.00    16.00     0.00    90.00
   5 	 -860.00 -1489.56     0.00     0.00     0.00     0.00
   5 	 -860.00 -1489.56     0.00     0.00     0.00     0.00
   	   30.00    16.00     0.00    90.00
   	   30.00    16.00     0.00    90.00
   6 	 -688.00 -1489.56     0.00     0.00     0.00     0.00
   6 	 -688.00 -1489.56     0.00     0.00     0.00     0.00
   	   30.00    16.00     0.00    90.00
   	   30.00    16.00     0.00    90.00
   7 	 -516.00 -1489.56     0.00     0.00     0.00     0.00
   7 	 -516.00 -1489.56     0.00     0.00     0.00     0.00
   	   30.00    16.00     0.00    90.00
   	   30.00    16.00     0.00    90.00
   8 	 -344.00 -1489.56     0.00     0.00     0.00     0.00
   8 	 -344.00 -1489.56     0.00     0.00     0.00     0.00
   	   30.00    16.00     0.00    90.00
   	   30.00    16.00     0.00    90.00
   9 	 -172.00 -1489.56     0.00     0.00     0.00     0.00
   9 	 -172.00 -1489.56     0.00     0.00     0.00     0.00
   	   30.00    16.00     0.00    90.00
   	   30.00    16.00     0.00    90.00
  10 	    0.00 -1489.56     0.00     0.00     0.00     0.00
  10 	    0.00 -1489.56     0.00     0.00     0.00     0.00
   	   30.00    16.00     0.00    90.00
   	   30.00    16.00     0.00    90.00
  11 	-1290.00 -1340.61     0.00     0.00     0.00     0.00
  11 	-1290.00 -1340.61     0.00     0.00     0.00     0.00
   	   30.00    16.00     0.00    90.00
   	   30.00    16.00     0.00    90.00
  12 	-1118.00 -1340.61     0.00     0.00     0.00     0.00
  12 	-1118.00 -1340.61     0.00     0.00     0.00     0.00
   	   30.00    16.00     0.00    90.00
   	   30.00    16.00     0.00    90.00
  13 	 -946.00 -1340.61     0.00     0.00     0.00     0.00
  13 	 -946.00 -1340.61     0.00     0.00     0.00     0.00
   	   30.00    16.00     0.00    90.00
   	   30.00    16.00     0.00    90.00
  14 	 -774.00 -1340.61     0.00     0.00     0.00     0.00
  14 	 -774.00 -1340.61     0.00     0.00     0.00     0.00
   	   30.00    16.00     0.00    90.00
   	   30.00    16.00     0.00    90.00
  15 	 -602.00 -1340.61     0.00     0.00     0.00     0.00
  15 	 -602.00 -1340.61     0.00     0.00     0.00     0.00
   	   30.00    16.00     0.00    90.00
   	   30.00    16.00     0.00    90.00
  16 	 -430.00 -1340.61     0.00     0.00     0.00     0.00
  16 	 -430.00 -1340.61     0.00     0.00     0.00     0.00
   	   30.00    16.00     0.00    90.00
   	   30.00    16.00     0.00    90.00
  17 	 -258.00 -1340.61     0.00     0.00     0.00     0.00
  17 	 -258.00 -1340.61     0.00     0.00     0.00     0.00
   	   30.00    16.00     0.00    90.00
   	   30.00    16.00     0.00    90.00
  18 	  -86.00 -1340.61     0.00     0.00     0.00     0.00
  18 	  -86.00 -1340.61     0.00     0.00     0.00     0.00
   	   30.00    16.00     0.00    90.00
   	   30.00    16.00     0.00    90.00
  19 	   86.00 -1340.61     0.00     0.00     0.00     0.00
  19 	   86.00 -1340.61     0.00     0.00     0.00     0.00
   	   30.00    16.00     0.00    90.00
   	   30.00    16.00     0.00    90.00
  20 	-1204.00 -1191.65     0.00     0.00     0.00     0.00
  20 	-1204.00 -1191.65     0.00     0.00     0.00     0.00
   	   30.00    16.00     0.00    90.00
   	   30.00    16.00     0.00    90.00
  21 	-1032.00 -1191.65     0.00     0.00     0.00     0.00
  21 	-1032.00 -1191.65     0.00     0.00     0.00     0.00
   	   30.00    16.00     0.00    90.00
   	   30.00    16.00     0.00    90.00
  22 	 -860.00 -1191.65     0.00     0.00     0.00     0.00
  22 	 -860.00 -1191.65     0.00     0.00     0.00     0.00
   	   30.00    16.00     0.00    90.00
   	   30.00    16.00     0.00    90.00
  23 	 -688.00 -1191.65     0.00     0.00     0.00     0.00
  23 	 -688.00 -1191.65     0.00     0.00     0.00     0.00
   	   30.00    16.00     0.00    90.00
   	   30.00    16.00     0.00    90.00
  24 	 -516.00 -1191.65     0.00     0.00     0.00     0.00
  24 	 -516.00 -1191.65     0.00     0.00     0.00     0.00
   	   30.00    16.00     0.00    90.00
   	   30.00    16.00     0.00    90.00
  25 	 -344.00 -1191.65     0.00     0.00     0.00     0.00
  25 	 -344.00 -1191.65     0.00     0.00     0.00     0.00
   	   30.00    16.00     0.00    90.00
   	   30.00    16.00     0.00    90.00
  26 	 -172.00 -1191.65     0.00     0.00     0.00     0.00
  26 	 -172.00 -1191.65     0.00     0.00     0.00     0.00
   	   30.00    16.00     0.00    90.00
   	   30.00    16.00     0.00    90.00
  27 	    0.00 -1191.65     0.00     0.00     0.00     0.00
  27 	    0.00 -1191.65     0.00     0.00     0.00     0.00
   	   30.00    16.00     0.00    90.00
   	   30.00    16.00     0.00    90.00
  28 	  172.00 -1191.65     0.00     0.00     0.00     0.00
  28 	  172.00 -1191.65     0.00     0.00     0.00     0.00
   	   30.00    16.00     0.00    90.00
   	   30.00    16.00     0.00    90.00
  29 	-1118.00 -1042.69     0.00     0.00     0.00     0.00
  29 	-1118.00 -1042.69     0.00     0.00     0.00     0.00
   	   30.00    16.00     0.00    90.00
   	   30.00    16.00     0.00    90.00
  30 	 -946.00 -1042.69     0.00     0.00     0.00     0.00
  30 	 -946.00 -1042.69     0.00     0.00     0.00     0.00
   	   30.00    16.00     0.00    90.00
   	   30.00    16.00     0.00    90.00
  31 	 -774.00 -1042.69     0.00     0.00     0.00     0.00
  31 	 -774.00 -1042.69     0.00     0.00     0.00     0.00
   	   30.00    16.00     0.00    90.00
   	   30.00    16.00     0.00    90.00
  32 	 -602.00 -1042.69     0.00     0.00     0.00     0.00
  32 	 -602.00 -1042.69     0.00     0.00     0.00     0.00
   	   30.00    16.00     0.00    90.00
   	   30.00    16.00     0.00    90.00
  33 	 -430.00 -1042.69     0.00     0.00     0.00     0.00
  33 	 -430.00 -1042.69     0.00     0.00     0.00     0.00
   	   30.00    16.00     0.00    90.00
   	   30.00    16.00     0.00    90.00
  34 	 -258.00 -1042.69     0.00     0.00     0.00     0.00
  34 	 -258.00 -1042.69     0.00     0.00     0.00     0.00
   	   30.00    16.00     0.00    90.00
   	   30.00    16.00     0.00    90.00
  35 	  -86.00 -1042.69     0.00     0.00     0.00     0.00
  35 	  -86.00 -1042.69     0.00     0.00     0.00     0.00
   	   30.00    16.00     0.00    90.00
   	   30.00    16.00     0.00    90.00
  36 	   86.00 -1042.69     0.00     0.00     0.00     0.00
  36 	   86.00 -1042.69     0.00     0.00     0.00     0.00
   	   30.00    16.00     0.00    90.00
   	   30.00    16.00     0.00    90.00
  37 	  258.00 -1042.69     0.00     0.00     0.00     0.00
  37 	  258.00 -1042.69     0.00     0.00     0.00     0.00
   	   30.00    16.00     0.00    90.00
   	   30.00    16.00     0.00    90.00
  38 	-1032.00  -893.74     0.00     0.00     0.00     0.00
  38 	-1032.00  -893.74     0.00     0.00     0.00     0.00
   	   30.00    16.00     0.00    90.00
   	   30.00    16.00     0.00    90.00
  39 	 -860.00  -893.74     0.00     0.00     0.00     0.00
  39 	 -860.00  -893.74     0.00     0.00     0.00     0.00
   	   30.00    16.00     0.00    90.00
   	   30.00    16.00     0.00    90.00
  40 	 -688.00  -893.74     0.00     0.00     0.00     0.00
  40 	 -688.00  -893.74     0.00     0.00     0.00     0.00
   	   30.00    16.00     0.00    90.00
   	   30.00    16.00     0.00    90.00
  41 	 -516.00  -893.74     0.00     0.00     0.00     0.00
  41 	 -516.00  -893.74     0.00     0.00     0.00     0.00
   	   30.00    16.00     0.00    90.00
   	   30.00    16.00     0.00    90.00
  42 	 -344.00  -893.74     0.00     0.00     0.00     0.00
  42 	 -344.00  -893.74     0.00     0.00     0.00     0.00
   	   30.00    16.00     0.00    90.00
   	   30.00    16.00     0.00    90.00
  43 	 -172.00  -893.74     0.00     0.00     0.00     0.00
  43 	 -172.00  -893.74     0.00     0.00     0.00     0.00
   	   30.00    16.00     0.00    90.00
   	   30.00    16.00     0.00    90.00
  44 	    0.00  -893.74     0.00     0.00     0.00     0.00
  44 	    0.00  -893.74     0.00     0.00     0.00     0.00
   	   30.00    16.00     0.00    90.00
   	   30.00    16.00     0.00    90.00
  45 	  172.00  -893.74     0.00     0.00     0.00     0.00
  45 	  172.00  -893.74     0.00     0.00     0.00     0.00
   	   30.00    16.00     0.00    90.00
   	   30.00    16.00     0.00    90.00
  46 	  344.00  -893.74     0.00     0.00     0.00     0.00
  46 	  344.00  -893.74     0.00     0.00     0.00     0.00
   	   30.00    16.00     0.00    90.00
   	   30.00    16.00     0.00    90.00
  47 	 -946.00  -744.78     0.00     0.00     0.00     0.00
  47 	 -946.00  -744.78     0.00     0.00     0.00     0.00
   	   30.00    16.00     0.00    90.00
   	   30.00    16.00     0.00    90.00
  48 	 -774.00  -744.78     0.00     0.00     0.00     0.00
  48 	 -774.00  -744.78     0.00     0.00     0.00     0.00
   	   30.00    16.00     0.00    90.00
   	   30.00    16.00     0.00    90.00
  49 	 -602.00  -744.78     0.00     0.00     0.00     0.00
  49 	 -602.00  -744.78     0.00     0.00     0.00     0.00
   	   30.00    16.00     0.00    90.00
   	   30.00    16.00     0.00    90.00
  50 	 -430.00  -744.78     0.00     0.00     0.00     0.00
  50 	 -430.00  -744.78     0.00     0.00     0.00     0.00
   	   30.00    16.00     0.00    90.00
   	   30.00    16.00     0.00    90.00
  51 	 -258.00  -744.78     0.00     0.00     0.00     0.00
  51 	 -258.00  -744.78     0.00     0.00     0.00     0.00
   	   30.00    16.00     0.00    90.00
   	   30.00    16.00     0.00    90.00
  52 	  -86.00  -744.78     0.00     0.00     0.00     0.00
  52 	  -86.00  -744.78     0.00     0.00     0.00     0.00
   	   30.00    16.00     0.00    90.00
   	   30.00    16.00     0.00    90.00
  53 	   86.00  -744.78     0.00     0.00     0.00     0.00
  53 	   86.00  -744.78     0.00     0.00     0.00     0.00
   	   30.00    16.00     0.00    90.00
   	   30.00    16.00     0.00    90.00
  54 	  258.00  -744.78     0.00     0.00     0.00     0.00
  54 	  258.00  -744.78     0.00     0.00     0.00     0.00
   	   30.00    16.00     0.00    90.00
   	   30.00    16.00     0.00    90.00
  55 	  430.00  -744.78     0.00     0.00     0.00     0.00
  55 	  430.00  -744.78     0.00     0.00     0.00     0.00
   	   30.00    16.00     0.00    90.00
   	   30.00    16.00     0.00    90.00
  56 	 -860.00  -595.83     0.00     0.00     0.00     0.00
  56 	 -860.00  -595.83     0.00     0.00     0.00     0.00
   	   30.00    16.00     0.00    90.00
   	   30.00    16.00     0.00    90.00
  57 	 -688.00  -595.83     0.00     0.00     0.00     0.00
  57 	 -688.00  -595.83     0.00     0.00     0.00     0.00
   	   30.00    16.00     0.00    90.00
   	   30.00    16.00     0.00    90.00
  58 	 -516.00  -595.83     0.00     0.00     0.00     0.00
  58 	 -516.00  -595.83     0.00     0.00     0.00     0.00
   	   30.00    16.00     0.00    90.00
   	   30.00    16.00     0.00    90.00
  59 	 -344.00  -595.83     0.00     0.00     0.00     0.00
  59 	 -344.00  -595.83     0.00     0.00     0.00     0.00
   	   30.00    16.00     0.00    90.00
   	   30.00    16.00     0.00    90.00
  60 	 -172.00  -595.83     0.00     0.00     0.00     0.00
  60 	 -172.00  -595.83     0.00     0.00     0.00     0.00
   	   30.00    16.00     0.00    90.00
   	   30.00    16.00     0.00    90.00
  61 	    0.00  -595.83     0.00     0.00     0.00     0.00
  61 	    0.00  -595.83     0.00     0.00     0.00     0.00
   	   30.00    16.00     0.00    90.00
   	   30.00    16.00     0.00    90.00
  62 	  172.00  -595.83     0.00     0.00     0.00     0.00
  62 	  172.00  -595.83     0.00     0.00     0.00     0.00
   	   30.00    16.00     0.00    90.00
   	   30.00    16.00     0.00    90.00
  63 	  344.00  -595.83     0.00     0.00     0.00     0.00
  63 	  344.00  -595.83     0.00     0.00     0.00     0.00
   	   30.00    16.00     0.00    90.00
   	   30.00    16.00     0.00    90.00
  64 	  516.00  -595.83     0.00     0.00     0.00     0.00
  64 	  516.00  -595.83     0.00     0.00     0.00     0.00
   	   30.00    16.00     0.00    90.00
   	   30.00    16.00     0.00    90.00
  65 	 -774.00  -446.87     0.00     0.00     0.00     0.00
  65 	 -774.00  -446.87     0.00     0.00     0.00     0.00
   	   30.00    16.00     0.00    90.00
   	   30.00    16.00     0.00    90.00
  66 	 -602.00  -446.87     0.00     0.00     0.00     0.00
  66 	 -602.00  -446.87     0.00     0.00     0.00     0.00
   	   30.00    16.00     0.00    90.00
   	   30.00    16.00     0.00    90.00
  67 	 -430.00  -446.87     0.00     0.00     0.00     0.00
  67 	 -430.00  -446.87     0.00     0.00     0.00     0.00
   	   30.00    16.00     0.00    90.00
   	   30.00    16.00     0.00    90.00
  68 	 -258.00  -446.87     0.00     0.00     0.00     0.00
  68 	 -258.00  -446.87     0.00     0.00     0.00     0.00
   	   30.00    16.00     0.00    90.00
   	   30.00    16.00     0.00    90.00
  69 	  -86.00  -446.87     0.00     0.00     0.00     0.00
  69 	  -86.00  -446.87     0.00     0.00     0.00     0.00
   	   30.00    16.00     0.00    90.00
   	   30.00    16.00     0.00    90.00
  70 	   86.00  -446.87     0.00     0.00     0.00     0.00
  70 	   86.00  -446.87     0.00     0.00     0.00     0.00
   	   30.00    16.00     0.00    90.00
   	   30.00    16.00     0.00    90.00
  71 	  258.00  -446.87     0.00     0.00     0.00     0.00
  71 	  258.00  -446.87     0.00     0.00     0.00     0.00
   	   30.00    16.00     0.00    90.00
   	   30.00    16.00     0.00    90.00
  72 	  430.00  -446.87     0.00     0.00     0.00     0.00
  72 	  430.00  -446.87     0.00     0.00     0.00     0.00
   	   30.00    16.00     0.00    90.00
   	   30.00    16.00     0.00    90.00
  73 	  602.00  -446.87     0.00     0.00     0.00     0.00
  73 	  602.00  -446.87     0.00     0.00     0.00     0.00
   	   30.00    16.00     0.00    90.00
   	   30.00    16.00     0.00    90.00
  74 	 -688.00  -297.91     0.00     0.00     0.00     0.00
  74 	 -688.00  -297.91     0.00     0.00     0.00     0.00
   	   30.00    16.00     0.00    90.00
   	   30.00    16.00     0.00    90.00
  75 	 -516.00  -297.91     0.00     0.00     0.00     0.00
  75 	 -516.00  -297.91     0.00     0.00     0.00     0.00
   	   30.00    16.00     0.00    90.00
   	   30.00    16.00     0.00    90.00
  76 	 -344.00  -297.91     0.00     0.00     0.00     0.00
  76 	 -344.00  -297.91     0.00     0.00     0.00     0.00
   	   30.00    16.00     0.00    90.00
   	   30.00    16.00     0.00    90.00
  77 	 -172.00  -297.91     0.00     0.00     0.00     0.00
  77 	 -172.00  -297.91     0.00     0.00     0.00     0.00
   	   30.00    16.00     0.00    90.00
   	   30.00    16.00     0.00    90.00
  78 	    0.00  -297.91     0.00     0.00     0.00     0.00
  78 	    0.00  -297.91     0.00     0.00     0.00     0.00
   	   30.00    16.00     0.00    90.00
   	   30.00    16.00     0.00    90.00
  79 	  172.00  -297.91     0.00     0.00     0.00     0.00
  79 	  172.00  -297.91     0.00     0.00     0.00     0.00
   	   30.00    16.00     0.00    90.00
   	   30.00    16.00     0.00    90.00
  80 	  344.00  -297.91     0.00     0.00     0.00     0.00
  80 	  344.00  -297.91     0.00     0.00     0.00     0.00
   	   30.00    16.00     0.00    90.00
   	   30.00    16.00     0.00    90.00
  81 	  516.00  -297.91     0.00     0.00     0.00     0.00
  81 	  516.00  -297.91     0.00     0.00     0.00     0.00
   	   30.00    16.00     0.00    90.00
   	   30.00    16.00     0.00    90.00
  82 	  688.00  -297.91     0.00     0.00     0.00     0.00
  82 	  688.00  -297.91     0.00     0.00     0.00     0.00
   	   30.00    16.00     0.00    90.00
   	   30.00    16.00     0.00    90.00
  83 	 -602.00  -148.96     0.00     0.00     0.00     0.00
  83 	 -602.00  -148.96     0.00     0.00     0.00     0.00
   	   30.00    16.00     0.00    90.00
   	   30.00    16.00     0.00    90.00
  84 	 -430.00  -148.96     0.00     0.00     0.00     0.00
  84 	 -430.00  -148.96     0.00     0.00     0.00     0.00
   	   30.00    16.00     0.00    90.00
   	   30.00    16.00     0.00    90.00
  85 	 -258.00  -148.96     0.00     0.00     0.00     0.00
  85 	 -258.00  -148.96     0.00     0.00     0.00     0.00
   	   30.00    16.00     0.00    90.00
   	   30.00    16.00     0.00    90.00
  86 	  -86.00  -148.96     0.00     0.00     0.00     0.00
  86 	  -86.00  -148.96     0.00     0.00     0.00     0.00
   	   30.00    16.00     0.00    90.00
   	   30.00    16.00     0.00    90.00
  87 	   86.00  -148.96     0.00     0.00     0.00     0.00
  87 	   86.00  -148.96     0.00     0.00     0.00     0.00
   	   30.00    16.00     0.00    90.00
   	   30.00    16.00     0.00    90.00
  88 	  258.00  -148.96     0.00     0.00     0.00     0.00
  88 	  258.00  -148.96     0.00     0.00     0.00     0.00
   	   30.00    16.00     0.00    90.00
   	   30.00    16.00     0.00    90.00
  89 	  430.00  -148.96     0.00     0.00     0.00     0.00
  89 	  430.00  -148.96     0.00     0.00     0.00     0.00
   	   30.00    16.00     0.00    90.00
   	   30.00    16.00     0.00    90.00
  90 	  602.00  -148.96     0.00     0.00     0.00     0.00
  90 	  602.00  -148.96     0.00     0.00     0.00     0.00
   	   30.00    16.00     0.00    90.00
   	   30.00    16.00     0.00    90.00
  91 	  774.00  -148.96     0.00     0.00     0.00     0.00
  91 	  774.00  -148.96     0.00     0.00     0.00     0.00
   	   30.00    16.00     0.00    90.00
   	   30.00    16.00     0.00    90.00
  92 	 -516.00     0.00     0.00     0.00     0.00     0.00
  92 	 -516.00     0.00     0.00     0.00     0.00     0.00
   	   30.00    16.00     0.00    90.00
   	   30.00    16.00     0.00    90.00
  93 	 -344.00     0.00     0.00     0.00     0.00     0.00
  93 	 -344.00     0.00     0.00     0.00     0.00     0.00
   	   30.00    16.00     0.00    90.00
   	   30.00    16.00     0.00    90.00
  94 	 -172.00     0.00     0.00     0.00     0.00     0.00
  94 	 -172.00     0.00     0.00     0.00     0.00     0.00
   	   30.00    16.00     0.00    90.00
   	   30.00    16.00     0.00    90.00
  95 	    0.00     0.00     0.00     0.00     0.00     0.00
  95 	    0.00     0.00     0.00     0.00     0.00     0.00
   	   30.00    16.00     0.00    90.00
   	   30.00    16.00     0.00    90.00
  96 	  172.00     0.00     0.00     0.00     0.00     0.00
  96 	  172.00     0.00     0.00     0.00     0.00     0.00
   	   30.00    16.00     0.00    90.00
   	   30.00    16.00     0.00    90.00
  97 	  344.00     0.00     0.00     0.00     0.00     0.00
  97 	  344.00     0.00     0.00     0.00     0.00     0.00
   	   30.00    16.00     0.00    90.00
   	   30.00    16.00     0.00    90.00
  98 	  516.00     0.00     0.00     0.00     0.00     0.00
  98 	  516.00     0.00     0.00     0.00     0.00     0.00
   	   30.00    16.00     0.00    90.00
   	   30.00    16.00     0.00    90.00
  99 	  688.00     0.00     0.00     0.00     0.00     0.00
  99 	  688.00     0.00     0.00     0.00     0.00     0.00
   	   30.00    16.00     0.00    90.00
   	   30.00    16.00     0.00    90.00
 100 	  860.00     0.00     0.00     0.00     0.00     0.00
 100 	  860.00     0.00     0.00     0.00     0.00     0.00
   	   30.00    16.00     0.00    90.00
   	   30.00    16.00     0.00    90.00
 101 	 -430.00   148.96     0.00     0.00     0.00     0.00
 101 	 -430.00   148.96     0.00     0.00     0.00     0.00
   	   30.00    16.00     0.00    90.00
   	   30.00    16.00     0.00    90.00
 102 	 -258.00   148.96     0.00     0.00     0.00     0.00
 102 	 -258.00   148.96     0.00     0.00     0.00     0.00
   	   30.00    16.00     0.00    90.00
   	   30.00    16.00     0.00    90.00
 103 	  -86.00   148.96     0.00     0.00     0.00     0.00
 103 	  -86.00   148.96     0.00     0.00     0.00     0.00
   	   30.00    16.00     0.00    90.00
   	   30.00    16.00     0.00    90.00
 104 	   86.00   148.96     0.00     0.00     0.00     0.00
 104 	   86.00   148.96     0.00     0.00     0.00     0.00
   	   30.00    16.00     0.00    90.00
   	   30.00    16.00     0.00    90.00
 105 	  258.00   148.96     0.00     0.00     0.00     0.00
 105 	  258.00   148.96     0.00     0.00     0.00     0.00
   	   30.00    16.00     0.00    90.00
   	   30.00    16.00     0.00    90.00
 106 	  430.00   148.96     0.00     0.00     0.00     0.00
 106 	  430.00   148.96     0.00     0.00     0.00     0.00
   	   30.00    16.00     0.00    90.00
   	   30.00    16.00     0.00    90.00
 107 	  602.00   148.96     0.00     0.00     0.00     0.00
 107 	  602.00   148.96     0.00     0.00     0.00     0.00
   	   30.00    16.00     0.00    90.00
   	   30.00    16.00     0.00    90.00
 108 	  774.00   148.96     0.00     0.00     0.00     0.00
 108 	  774.00   148.96     0.00     0.00     0.00     0.00
   	   30.00    16.00     0.00    90.00
   	   30.00    16.00     0.00    90.00
 109 	  946.00   148.96     0.00     0.00     0.00     0.00
 109 	  946.00   148.96     0.00     0.00     0.00     0.00
   	   30.00    16.00     0.00    90.00
   	   30.00    16.00     0.00    90.00
 110 	 -344.00  -297.91     0.00    19.00    -1.00    10.00
 110 	 -344.00  -297.91     0.00    19.00    -1.00    10.00
   	   30.00    16.00     0.00    90.00
   	   30.00    16.00     0.00    90.00

** End writing output file: ../inputs/gr264.dat 
