*******************************************************************************
                         ARRAY PREPROCESSOR ver. 1.0
*******************************************************************************



   1	GROUP testgroup
   3	 GRID SQUARE STEP 76
   4	 ELEMENT
   5	 GEOMETRY RECTANGULAR PDIM 42 QDIM 85
   8	 ADD BLOCK 14 -8 0 -3
  10	 GROUP_EXCITATION
  11	 AMPLITUDE UNIFORM 33
  12	 PHASE ROTATION SEQUENTIAL
  13	 END

** WARNING B12: GRID step(s) too small for sequential rotation in GROUP: testgroup
** Generating GROUP: testgroup.
** PSTEP,QSTEP set to:76.000000,76.000000
** Grid ANGLE set to:90.000000 
** Group ROT_ANGLE set to: 0.000000 

** Writing output file: ../inputs/gr267.dat

NEL 
NPORTS
IDUM      REXA     REYA     REZA     THEA     PHEA     PSEA 
          AMP      PSH      PSC      PHEPOL
  90
  90
   1
   1
   1 	    0.00  -608.00     0.00     0.00  -132.00     0.00
   1 	    0.00  -608.00     0.00     0.00  -132.00     0.00
   	   33.00  -132.00     0.00    90.00
   	   33.00  -132.00     0.00    90.00
   2 	   76.00  -608.00     0.00     0.00  -128.00     0.00
   2 	   76.00  -608.00     0.00     0.00  -128.00     0.00
   	   33.00  -128.00     0.00    90.00
   	   33.00  -128.00     0.00    90.00
   3 	  152.00  -608.00     0.00     0.00  -124.00     0.00
   3 	  152.00  -608.00     0.00     0.00  -124.00     0.00
   	   33.00  -124.00     0.00    90.00
   	   33.00  -124.00     0.00    90.00
   4 	  228.00  -608.00     0.00     0.00  -120.00     0.00
   4 	  228.00  -608.00     0.00     0.00  -120.00     0.00
   	   33.00  -120.00     0.00    90.00
   	   33.00  -120.00     0.00    90.00
   5 	  304.00  -608.00     0.00     0.00  -116.00     0.00
   5 	  304.00  -608.00     0.00     0.00  -116.00     0.00
   	   33.00  -116.00     0.00    90.00
   	   33.00  -116.00     0.00    90.00
   6 	  380.00  -608.00     0.00     0.00  -112.00     0.00
   6 	  380.00  -608.00     0.00     0.00  -112.00     0.00
   	   33.00  -112.00     0.00    90.00
   	   33.00  -112.00     0.00    90.00
   7 	  456.00  -608.00     0.00     0.00  -108.00     0.00
   7 	  456.00  -608.00     0.00     0.00  -108.00     0.00
   	   33.00  -108.00     0.00    90.00
   	   33.00  -108.00     0.00    90.00
   8 	  532.00  -608.00     0.00     0.00  -104.00     0.00
   8 	  532.00  -608.00     0.00     0.00  -104.00     0.00
   	   33.00  -104.00     0.00    90.00
   	   33.00  -104.00     0.00    90.00
   9 	  608.00  -608.00     0.00     0.00  -100.00     0.00
   9 	  608.00  -608.00     0.00     0.00  -100.00     0.00
   	   33.00  -100.00     0.00    90.00
   	   33.00  -100.00     0.00    90.00
  10 	  684.00  -608.00     0.00     0.00   -96.00     0.00
  10 	  684.00  -608.00     0.00     0.00   -96.00     0.00
   	   33.00   -96.00     0.00    90.00
   	   33.00   -96.00     0.00    90.00
  11 	  760.00  -608.00     0.00     0.00   -92.00     0.00
  11 	  760.00  -608.00     0.00     0.00   -92.00     0.00
   	   33.00   -92.00     0.00    90.00
   	   33.00   -92.00     0.00    90.00
  12 	  836.00  -608.00     0.00     0.00   -88.00     0.00
  12 	  836.00  -608.00     0.00     0.00   -88.00     0.00
   	   33.00   -88.00     0.00    90.00
   	   33.00   -88.00     0.00    90.00
  13 	  912.00  -608.00     0.00     0.00   -84.00     0.00
  13 	  912.00  -608.00     0.00     0.00   -84.00     0.00
   	   33.00   -84.00     0.00    90.00
   	   33.00   -84.00     0.00    90.00
  14 	  988.00  -608.00     0.00     0.00   -80.00     0.00
  14 	  988.00  -608.00     0.00     0.00   -80.00     0.00
   	   33.00   -80.00     0.00    90.00
   	   33.00   -80.00     0.00    90.00
  15 	 1064.00  -608.00     0.00     0.00   -76.00     0.00
  15 	 1064.00  -608.00     0.00     0.00   -76.00     0.00
   	   33.00   -76.00     0.00    90.00
   	   33.00   -76.00     0.00    90.00
  16 	    0.00  -532.00     0.00     0.00  -136.00     0.00
  16 	    0.00  -532.00     0.00     0.00  -136.00     0.00
   	   33.00  -136.00     0.00    90.00
   	   33.00  -136.00     0.00    90.00
  17 	   76.00  -532.00     0.00     0.00  -260.00     0.00
  17 	   76.00  -532.00     0.00     0.00  -260.00     0.00
   	   33.00  -260.00     0.00    90.00
   	   33.00  -260.00     0.00    90.00
  18 	  152.00  -532.00     0.00     0.00  -256.00     0.00
  18 	  152.00  -532.00     0.00     0.00  -256.00     0.00
   	   33.00  -256.00     0.00    90.00
   	   33.00  -256.00     0.00    90.00
  19 	  228.00  -532.00     0.00     0.00  -252.00     0.00
  19 	  228.00  -532.00     0.00     0.00  -252.00     0.00
   	   33.00  -252.00     0.00    90.00
   	   33.00  -252.00     0.00    90.00
  20 	  304.00  -532.00     0.00     0.00  -248.00     0.00
  20 	  304.00  -532.00     0.00     0.00  -248.00     0.00
   	   33.00  -248.00     0.00    90.00
   	   33.00  -248.00     0.00    90.00
  21 	  380.00  -532.00     0.00     0.00  -244.00     0.00
  21 	  380.00  -532.00     0.00     0.00  -244.00     0.00
   	   33.00  -244.00     0.00    90.00
   	   33.00  -244.00     0.00    90.00
  22 	  456.00  -532.00     0.00     0.00  -240.00     0.00
  22 	  456.00  -532.00     0.00     0.00  -240.00     0.00
   	   33.00  -240.00     0.00    90.00
   	   33.00  -240.00     0.00    90.00
  23 	  532.00  -532.00     0.00     0.00  -236.00     0.00
  23 	  532.00  -532.00     0.00     0.00  -236.00     0.00
   	   33.00  -236.00     0.00    90.00
   	   33.00  -236.00     0.00    90.00
  24 	  608.00  -532.00     0.00     0.00  -232.00     0.00
  24 	  608.00  -532.00     0.00     0.00  -232.00     0.00
   	   33.00  -232.00     0.00    90.00
   	   33.00  -232.00     0.00    90.00
  25 	  684.00  -532.00     0.00     0.00  -228.00     0.00
  25 	  684.00  -532.00     0.00     0.00  -228.00     0.00
   	   33.00  -228.00     0.00    90.00
   	   33.00  -228.00     0.00    90.00
  26 	  760.00  -532.00     0.00     0.00  -224.00     0.00
  26 	  760.00  -532.00     0.00     0.00  -224.00     0.00
   	   33.00  -224.00     0.00    90.00
   	   33.00  -224.00     0.00    90.00
  27 	  836.00  -532.00     0.00     0.00  -220.00     0.00
  27 	  836.00  -532.00     0.00     0.00  -220.00     0.00
   	   33.00  -220.00     0.00    90.00
   	   33.00  -220.00     0.00    90.00
  28 	  912.00  -532.00     0.00     0.00  -216.00     0.00
  28 	  912.00  -532.00     0.00     0.00  -216.00     0.00
   	   33.00  -216.00     0.00    90.00
   	   33.00  -216.00     0.00    90.00
  29 	  988.00  -532.00     0.00     0.00  -212.00     0.00
  29 	  988.00  -532.00     0.00     0.00  -212.00     0.00
   	   33.00  -212.00     0.00    90.00
   	   33.00  -212.00     0.00    90.00
  30 	 1064.00  -532.00     0.00     0.00   -72.00     0.00
  30 	 1064.00  -532.00     0.00     0.00   -72.00     0.00
   	   33.00   -72.00     0.00    90.00
   	   33.00   -72.00     0.00    90.00
  31 	    0.00  -456.00     0.00     0.00  -140.00     0.00
  31 	    0.00  -456.00     0.00     0.00  -140.00     0.00
   	   33.00  -140.00     0.00    90.00
   	   33.00  -140.00     0.00    90.00
  32 	   76.00  -456.00     0.00     0.00  -264.00     0.00
  32 	   76.00  -456.00     0.00     0.00  -264.00     0.00
   	   33.00  -264.00     0.00    90.00
   	   33.00  -264.00     0.00    90.00
  33 	  152.00  -456.00     0.00     0.00  -356.00     0.00
  33 	  152.00  -456.00     0.00     0.00  -356.00     0.00
   	   33.00  -356.00     0.00    90.00
   	   33.00  -356.00     0.00    90.00
  34 	  228.00  -456.00     0.00     0.00  -352.00     0.00
  34 	  228.00  -456.00     0.00     0.00  -352.00     0.00
   	   33.00  -352.00     0.00    90.00
   	   33.00  -352.00     0.00    90.00
  35 	  304.00  -456.00     0.00     0.00  -348.00     0.00
  35 	  304.00  -456.00     0.00     0.00  -348.00     0.00
   	   33.00  -348.00     0.00    90.00
   	   33.00  -348.00     0.00    90.00
  36 	  380.00  -456.00     0.00     0.00  -344.00     0.00
  36 	  380.00  -456.00     0.00     0.00  -344.00     0.00
   	   33.00  -344.00     0.00    90.00
   	   33.00  -344.00     0.00    90.00
  37 	  456.00  -456.00     0.00     0.00  -340.00     0.00
  37 	  456.00  -456.00     0.00     0.00  -340.00     0.00
   	   33.00  -340.00     0.00    90.00
   	   33.00  -340.00     0.00    90.00
  38 	  532.00  -456.00     0.00     0.00  -336.00     0.00
  38 	  532.00  -456.00     0.00     0.00  -336.00     0.00
   	   33.00  -336.00     0.00    90.00
   	   33.00  -336.00     0.00    90.00
  39 	  608.00  -456.00     0.00     0.00  -332.00     0.00
  39 	  608.00  -456.00     0.00     0.00  -332.00     0.00
   	   33.00  -332.00     0.00    90.00
   	   33.00  -332.00     0.00    90.00
  40 	  684.00  -456.00     0.00     0.00  -328.00     0.00
  40 	  684.00  -456.00     0.00     0.00  -328.00     0.00
   	   33.00  -328.00     0.00    90.00
   	   33.00  -328.00     0.00    90.00
  41 	  760.00  -456.00     0.00     0.00  -324.00     0.00
  41 	  760.00  -456.00     0.00     0.00  -324.00     0.00
   	   33.00  -324.00     0.00    90.00
   	   33.00  -324.00     0.00    90.00
  42 	  836.00  -456.00     0.00     0.00  -320.00     0.00
  42 	  836.00  -456.00     0.00     0.00  -320.00     0.00
   	   33.00  -320.00     0.00    90.00
   	   33.00  -320.00     0.00    90.00
  43 	  912.00  -456.00     0.00     0.00  -316.00     0.00
  43 	  912.00  -456.00     0.00     0.00  -316.00     0.00
   	   33.00  -316.00     0.00    90.00
   	   33.00  -316.00     0.00    90.00
  44 	  988.00  -456.00     0.00     0.00  -208.00     0.00
  44 	  988.00  -456.00     0.00     0.00  -208.00     0.00
   	   33.00  -208.00     0.00    90.00
   	   33.00  -208.00     0.00    90.00
  45 	 1064.00  -456.00     0.00     0.00   -68.00     0.00
  45 	 1064.00  -456.00     0.00     0.00   -68.00     0.00
   	   33.00   -68.00     0.00    90.00
   	   33.00   -68.00     0.00    90.00
  46 	    0.00  -380.00     0.00     0.00  -144.00     0.00
  46 	    0.00  -380.00     0.00     0.00  -144.00     0.00
   	   33.00  -144.00     0.00    90.00
   	   33.00  -144.00     0.00    90.00
  47 	   76.00  -380.00     0.00     0.00  -268.00     0.00
  47 	   76.00  -380.00     0.00     0.00  -268.00     0.00
   	   33.00  -268.00     0.00    90.00
   	   33.00  -268.00     0.00    90.00
  48 	  152.00  -380.00     0.00     0.00  -272.00     0.00
  48 	  152.00  -380.00     0.00     0.00  -272.00     0.00
   	   33.00  -272.00     0.00    90.00
   	   33.00  -272.00     0.00    90.00
  49 	  228.00  -380.00     0.00     0.00  -276.00     0.00
  49 	  228.00  -380.00     0.00     0.00  -276.00     0.00
   	   33.00  -276.00     0.00    90.00
   	   33.00  -276.00     0.00    90.00
  50 	  304.00  -380.00     0.00     0.00  -280.00     0.00
  50 	  304.00  -380.00     0.00     0.00  -280.00     0.00
   	   33.00  -280.00     0.00    90.00
   	   33.00  -280.00     0.00    90.00
  51 	  380.00  -380.00     0.00     0.00  -284.00     0.00
  51 	  380.00  -380.00     0.00     0.00  -284.00     0.00
   	   33.00  -284.00     0.00    90.00
   	   33.00  -284.00     0.00    90.00
  52 	  456.00  -380.00     0.00     0.00  -288.00     0.00
  52 	  456.00  -380.00     0.00     0.00  -288.00     0.00
   	   33.00  -288.00     0.00    90.00
   	   33.00  -288.00     0.00    90.00
  53 	  532.00  -380.00     0.00     0.00  -292.00     0.00
  53 	  532.00  -380.00     0.00     0.00  -292.00     0.00
   	   33.00  -292.00     0.00    90.00
   	   33.00  -292.00     0.00    90.00
  54 	  608.00  -380.00     0.00     0.00  -296.00     0.00
  54 	  608.00  -380.00     0.00     0.00  -296.00     0.00
   	   33.00  -296.00     0.00    90.00
   	   33.00  -296.00     0.00    90.00
  55 	  684.00  -380.00     0.00     0.00  -300.00     0.00
  55 	  684.00  -380.00     0.00     0.00  -300.00     0.00
   	   33.00  -300.00     0.00    90.00
   	   33.00  -300.00     0.00    90.00
  56 	  760.00  -380.00     0.00     0.00  -304.00     0.00
  56 	  760.00  -380.00     0.00     0.00  -304.00     0.00
   	   33.00  -304.00     0.00    90.00
   	   33.00  -304.00     0.00    90.00
  57 	  836.00  -380.00     0.00     0.00  -308.00     0.00
  57 	  836.00  -380.00     0.00     0.00  -308.00     0.00
   	   33.00  -308.00     0.00    90.00
   	   33.00  -308.00     0.00    90.00
  58 	  912.00  -380.00     0.00     0.00  -312.00     0.00
  58 	  912.00  -380.00     0.00     0.00  -312.00     0.00
   	   33.00  -312.00     0.00    90.00
   	   33.00  -312.00     0.00    90.00
  59 	  988.00  -380.00     0.00     0.00  -204.00     0.00
  59 	  988.00  -380.00     0.00     0.00  -204.00     0.00
   	   33.00  -204.00     0.00    90.00
   	   33.00  -204.00     0.00    90.00
  60 	 1064.00  -380.00     0.00     0.00   -64.00     0.00
  60 	 1064.00  -380.00     0.00     0.00   -64.00     0.00
   	   33.00   -64.00     0.00    90.00
   	   33.00   -64.00     0.00    90.00
  61 	    0.00  -304.00     0.00     0.00  -148.00     0.00
  61 	    0.00  -304.00     0.00     0.00  -148.00     0.00
   	   33.00  -148.00     0.00    90.00
   	   33.00  -148.00     0.00    90.00
  62 	   76.00  -304.00     0.00     0.00  -152.00     0.00
  62 	   76.00  -304.00     0.00     0.00  -152.00     0.00
   	   33.00  -152.00     0.00    90.00
   	   33.00  -152.00     0.00    90.00
  63 	  152.00  -304.00     0.00     0.00  -156.00     0.00
  63 	  152.00  -304.00     0.00     0.00  -156.00     0.00
   	   33.00  -156.00     0.00    90.00
   	   33.00  -156.00     0.00    90.00
  64 	  228.00  -304.00     0.00     0.00  -160.00     0.00
  64 	  228.00  -304.00     0.00     0.00  -160.00     0.00
   	   33.00  -160.00     0.00    90.00
   	   33.00  -160.00     0.00    90.00
  65 	  304.00  -304.00     0.00     0.00  -164.00     0.00
  65 	  304.00  -304.00     0.00     0.00  -164.00     0.00
   	   33.00  -164.00     0.00    90.00
   	   33.00  -164.00     0.00    90.00
  66 	  380.00  -304.00     0.00     0.00  -168.00     0.00
  66 	  380.00  -304.00     0.00     0.00  -168.00     0.00
   	   33.00  -168.00     0.00    90.00
   	   33.00  -168.00     0.00    90.00
  67 	  456.00  -304.00     0.00     0.00  -172.00     0.00
  67 	  456.00  -304.00     0.00     0.00  -172.00     0.00
   	   33.00  -172.00     0.00    90.00
   	   33.00  -172.00     0.00    90.00
  68 	  532.00  -304.00     0.00     0.00  -176.00     0.00
  68 	  532.00  -304.00     0.00     0.00  -176.00     0.00
   	   33.00  -176.00     0.00    90.00
   	   33.00  -176.00     0.00    90.00
  69 	  608.00  -304.00     0.00     0.00  -180.00     0.00
  69 	  608.00  -304.00     0.00     0.00  -180.00     0.00
   	   33.00  -180.00     0.00    90.00
   	   33.00  -180.00     0.00    90.00
  70 	  684.00  -304.00     0.00     0.00  -184.00     0.00
  70 	  684.00  -304.00     0.00     0.00  -184.00     0.00
   	   33.00  -184.00     0.00    90.00
   	   33.00  -184.00     0.00    90.00
  71 	  760.00  -304.00     0.00     0.00  -188.00     0.00
  71 	  760.00  -304.00     0.00     0.00  -188.00     0.00
   	   33.00  -188.00     0.00    90.00
   	   33.00  -188.00     0.00    90.00
  72 	  836.00  -304.00     0.00     0.00  -192.00     0.00
  72 	  836.00  -304.00     0.00     0.00  -192.00     0.00
   	   33.00  -192.00     0.00    90.00
   	   33.00  -192.00     0.00    90.00
  73 	  912.00  -304.00     0.00     0.00  -196.00     0.00
  73 	  912.00  -304.00     0.00     0.00  -196.00     0.00
   	   33.00  -196.00     0.00    90.00
   	   33.00  -196.00     0.00    90.00
  74 	  988.00  -304.00     0.00     0.00  -200.00     0.00
  74 	  988.00  -304.00     0.00     0.00  -200.00     0.00
   	   33.00  -200.00     0.00    90.00
   	   33.00  -200.00     0.00    90.00
  75 	 1064.00  -304.00     0.00     0.00   -60.00     0.00
  75 	 1064.00  -304.00     0.00     0.00   -60.00     0.00
   	   33.00   -60.00     0.00    90.00
   	   33.00   -60.00     0.00    90.00
  76 	    0.00  -228.00     0.00     0.00     0.00     0.00
  76 	    0.00  -228.00     0.00     0.00     0.00     0.00
   	   33.00     0.00     0.00    90.00
   	   33.00     0.00     0.00    90.00
  77 	   76.00  -228.00     0.00     0.00    -4.00     0.00
  77 	   76.00  -228.00     0.00     0.00    -4.00     0.00
   	   33.00    -4.00     0.00    90.00
   	   33.00    -4.00     0.00    90.00
  78 	  152.00  -228.00     0.00     0.00    -8.00     0.00
  78 	  152.00  -228.00     0.00     0.00    -8.00     0.00
   	   33.00    -8.00     0.00    90.00
   	   33.00    -8.00     0.00    90.00
  79 	  228.00  -228.00     0.00     0.00   -12.00     0.00
  79 	  228.00  -228.00     0.00     0.00   -12.00     0.00
   	   33.00   -12.00     0.00    90.00
   	   33.00   -12.00     0.00    90.00
  80 	  304.00  -228.00     0.00     0.00   -16.00     0.00
  80 	  304.00  -228.00     0.00     0.00   -16.00     0.00
   	   33.00   -16.00     0.00    90.00
   	   33.00   -16.00     0.00    90.00
  81 	  380.00  -228.00     0.00     0.00   -20.00     0.00
  81 	  380.00  -228.00     0.00     0.00   -20.00     0.00
   	   33.00   -20.00     0.00    90.00
   	   33.00   -20.00     0.00    90.00
  82 	  456.00  -228.00     0.00     0.00   -24.00     0.00
  82 	  456.00  -228.00     0.00     0.00   -24.00     0.00
   	   33.00   -24.00     0.00    90.00
   	   33.00   -24.00     0.00    90.00
  83 	  532.00  -228.00     0.00     0.00   -28.00     0.00
  83 	  532.00  -228.00     0.00     0.00   -28.00     0.00
   	   33.00   -28.00     0.00    90.00
   	   33.00   -28.00     0.00    90.00
  84 	  608.00  -228.00     0.00     0.00   -32.00     0.00
  84 	  608.00  -228.00     0.00     0.00   -32.00     0.00
   	   33.00   -32.00     0.00    90.00
   	   33.00   -32.00     0.00    90.00
  85 	  684.00  -228.00     0.00     0.00   -36.00     0.00
  85 	  684.00  -228.00     0.00     0.00   -36.00     0.00
   	   33.00   -36.00     0.00    90.00
   	   33.00   -36.00     0.00    90.00
  86 	  760.00  -228.00     0.00     0.00   -40.00     0.00
  86 	  760.00  -228.00     0.00     0.00   -40.00     0.00
   	   33.00   -40.00     0.00    90.00
   	   33.00   -40.00     0.00    90.00
  87 	  836.00  -228.00     0.00     0.00   -44.00     0.00
  87 	  836.00  -228.00     0.00     0.00   -44.00     0.00
   	   33.00   -44.00     0.00    90.00
   	   33.00   -44.00     0.00    90.00
  88 	  912.00  -228.00     0.00     0.00   -48.00     0.00
  88 	  912.00  -228.00     0.00     0.00   -48.00     0.00
   	   33.00   -48.00     0.00    90.00
   	   33.00   -48.00     0.00    90.00
  89 	  988.00  -228.00     0.00     0.00   -52.00     0.00
  89 	  988.00  -228.00     0.00     0.00   -52.00     0.00
   	   33.00   -52.00     0.00    90.00
   	   33.00   -52.00     0.00    90.00
  90 	 1064.00  -228.00     0.00     0.00   -56.00     0.00
  90 	 1064.00  -228.00     0.00     0.00   -56.00     0.00
   	   33.00   -56.00     0.00    90.00
   	   33.00   -56.00     0.00    90.00

** End writing output file: ../inputs/gr267.dat 
