*******************************************************************************
                         ARRAY PREPROCESSOR ver. 1.0
*******************************************************************************



   1	GROUP testgroup
   3	 GRID RECTANGULAR
   4	 ELEMENT
   5	 GEOMETRY CIRCULAR 50
   6	 POLARIZATION CIRCULAR
   7	 ADD BLOCK -8 1 -8 7
   9	 GROUP_EXCITATION
  10	 AMPLITUDE UNIFORM 22
  11	 PHASE UNIFORM 37
  12	 END

** Generating GROUP: testgroup.
** PSTEP,QSTEP set to:100.000000,100.000000
** Grid ANGLE set to:90.000000 
** Group ROT_ANGLE set to: 0.000000 

** Writing output file: ../inputs/gr278.dat

NEL 
NPORTS
IDUM      REXA     REYA     REZA     THEA     PHEA     PSEA 
          AMP      PSH      PSC      PHEPOL
   7
   7
   1
   1
   1 	 -800.00   100.00     0.00     0.00     0.00     0.00
   1 	 -800.00   100.00     0.00     0.00     0.00     0.00
   	   22.00    37.00     0.00    90.00
   	   22.00    37.00     0.00    90.00
   2 	 -800.00   200.00     0.00     0.00     0.00     0.00
   2 	 -800.00   200.00     0.00     0.00     0.00     0.00
   	   22.00    37.00     0.00    90.00
   	   22.00    37.00     0.00    90.00
   3 	 -800.00   300.00     0.00     0.00     0.00     0.00
   3 	 -800.00   300.00     0.00     0.00     0.00     0.00
   	   22.00    37.00     0.00    90.00
   	   22.00    37.00     0.00    90.00
   4 	 -800.00   400.00     0.00     0.00     0.00     0.00
   4 	 -800.00   400.00     0.00     0.00     0.00     0.00
   	   22.00    37.00     0.00    90.00
   	   22.00    37.00     0.00    90.00
   5 	 -800.00   500.00     0.00     0.00     0.00     0.00
   5 	 -800.00   500.00     0.00     0.00     0.00     0.00
   	   22.00    37.00     0.00    90.00
   	   22.00    37.00     0.00    90.00
   6 	 -800.00   600.00     0.00     0.00     0.00     0.00
   6 	 -800.00   600.00     0.00     0.00     0.00     0.00
   	   22.00    37.00     0.00    90.00
   	   22.00    37.00     0.00    90.00
   7 	 -800.00   700.00     0.00     0.00     0.00     0.00
   7 	 -800.00   700.00     0.00     0.00     0.00     0.00
   	   22.00    37.00     0.00    90.00
   	   22.00    37.00     0.00    90.00

** End writing output file: ../inputs/gr278.dat 
