*******************************************************************************
                         ARRAY PREPROCESSOR ver. 1.0
*******************************************************************************



   1	GROUP testgroup
   3	 GRID HEXAGONAL
   4	 ELEMENT
   5	 GEOMETRY CIRCULAR 51
   7	 ADD BLOCK -2 0 0 0
   8	 ADD HEXAGON 0 2
   9	 ADD BLOCK 0 0 0 -1
  10	 ADD BLOCK 0 -7 -1 -12
  12	 GROUP_EXCITATION
  13	 AMPLITUDE UNIFORM 25
  14	 PHASE UNIFORM 102
  15	 END

** Generating GROUP: testgroup.
** PSTEP,QSTEP set to:102.000000,102.000000
** Grid ANGLE set to:60.000000 
** Group ROT_ANGLE set to: 0.000000 

** Writing output file: ../inputs/gr279.dat

NEL 
NPORTS
IDUM      REXA     REYA     REZA     THEA     PHEA     PSEA 
          AMP      PSH      PSC      PHEPOL
  24
  24
   1
   1
   1 	 -204.00     0.00     0.00     0.00     0.00     0.00
   1 	 -204.00     0.00     0.00     0.00     0.00     0.00
   	   25.00   102.00     0.00    90.00
   	   25.00   102.00     0.00    90.00
   2 	 -102.00     0.00     0.00     0.00     0.00     0.00
   2 	 -102.00     0.00     0.00     0.00     0.00     0.00
   	   25.00   102.00     0.00    90.00
   	   25.00   102.00     0.00    90.00
   3 	    0.00     0.00     0.00     0.00     0.00     0.00
   3 	    0.00     0.00     0.00     0.00     0.00     0.00
   	   25.00   102.00     0.00    90.00
   	   25.00   102.00     0.00    90.00
   4 	   51.00   265.00     0.00     0.00     0.00     0.00
   4 	   51.00   265.00     0.00     0.00     0.00     0.00
   	   25.00   102.00     0.00    90.00
   	   25.00   102.00     0.00    90.00
   5 	  153.00   265.00     0.00     0.00     0.00     0.00
   5 	  153.00   265.00     0.00     0.00     0.00     0.00
   	   25.00   102.00     0.00    90.00
   	   25.00   102.00     0.00    90.00
   6 	  204.00   176.67     0.00     0.00     0.00     0.00
   6 	  204.00   176.67     0.00     0.00     0.00     0.00
   	   25.00   102.00     0.00    90.00
   	   25.00   102.00     0.00    90.00
   7 	  153.00    88.33     0.00     0.00     0.00     0.00
   7 	  153.00    88.33     0.00     0.00     0.00     0.00
   	   25.00   102.00     0.00    90.00
   	   25.00   102.00     0.00    90.00
   8 	   51.00    88.33     0.00     0.00     0.00     0.00
   8 	   51.00    88.33     0.00     0.00     0.00     0.00
   	   25.00   102.00     0.00    90.00
   	   25.00   102.00     0.00    90.00
   9 	   -0.00   176.67     0.00     0.00     0.00     0.00
   9 	   -0.00   176.67     0.00     0.00     0.00     0.00
   	   25.00   102.00     0.00    90.00
   	   25.00   102.00     0.00    90.00
  10 	  102.00   176.67     0.00     0.00     0.00     0.00
  10 	  102.00   176.67     0.00     0.00     0.00     0.00
   	   25.00   102.00     0.00    90.00
   	   25.00   102.00     0.00    90.00
  11 	  -51.00   -88.33     0.00     0.00     0.00     0.00
  11 	  -51.00   -88.33     0.00     0.00     0.00     0.00
   	   25.00   102.00     0.00    90.00
   	   25.00   102.00     0.00    90.00
  12 	    0.00     0.00     0.00     0.00     0.00     0.00
  12 	    0.00     0.00     0.00     0.00     0.00     0.00
   	   25.00   102.00     0.00    90.00
   	   25.00   102.00     0.00    90.00
  13 	 -714.00 -1060.02     0.00     0.00     0.00     0.00
  13 	 -714.00 -1060.02     0.00     0.00     0.00     0.00
   	   25.00   102.00     0.00    90.00
   	   25.00   102.00     0.00    90.00
  14 	 -612.00 -1060.02     0.00     0.00     0.00     0.00
  14 	 -612.00 -1060.02     0.00     0.00     0.00     0.00
   	   25.00   102.00     0.00    90.00
   	   25.00   102.00     0.00    90.00
  15 	 -663.00  -971.68     0.00     0.00     0.00     0.00
  15 	 -663.00  -971.68     0.00     0.00     0.00     0.00
   	   25.00   102.00     0.00    90.00
   	   25.00   102.00     0.00    90.00
  16 	 -561.00  -971.68     0.00     0.00     0.00     0.00
  16 	 -561.00  -971.68     0.00     0.00     0.00     0.00
   	   25.00   102.00     0.00    90.00
   	   25.00   102.00     0.00    90.00
  17 	 -612.00  -883.35     0.00     0.00     0.00     0.00
  17 	 -612.00  -883.35     0.00     0.00     0.00     0.00
   	   25.00   102.00     0.00    90.00
   	   25.00   102.00     0.00    90.00
  18 	 -510.00  -883.35     0.00     0.00     0.00     0.00
  18 	 -510.00  -883.35     0.00     0.00     0.00     0.00
   	   25.00   102.00     0.00    90.00
   	   25.00   102.00     0.00    90.00
  19 	 -561.00  -795.01     0.00     0.00     0.00     0.00
  19 	 -561.00  -795.01     0.00     0.00     0.00     0.00
   	   25.00   102.00     0.00    90.00
   	   25.00   102.00     0.00    90.00
  20 	 -459.00  -795.01     0.00     0.00     0.00     0.00
  20 	 -459.00  -795.01     0.00     0.00     0.00     0.00
   	   25.00   102.00     0.00    90.00
   	   25.00   102.00     0.00    90.00
  21 	 -510.00  -706.68     0.00     0.00     0.00     0.00
  21 	 -510.00  -706.68     0.00     0.00     0.00     0.00
   	   25.00   102.00     0.00    90.00
   	   25.00   102.00     0.00    90.00
  22 	 -408.00  -706.68     0.00     0.00     0.00     0.00
  22 	 -408.00  -706.68     0.00     0.00     0.00     0.00
   	   25.00   102.00     0.00    90.00
   	   25.00   102.00     0.00    90.00
  23 	 -459.00  -618.34     0.00     0.00     0.00     0.00
  23 	 -459.00  -618.34     0.00     0.00     0.00     0.00
   	   25.00   102.00     0.00    90.00
   	   25.00   102.00     0.00    90.00
  24 	 -357.00  -618.34     0.00     0.00     0.00     0.00
  24 	 -357.00  -618.34     0.00     0.00     0.00     0.00
   	   25.00   102.00     0.00    90.00
   	   25.00   102.00     0.00    90.00

** End writing output file: ../inputs/gr279.dat 
