*******************************************************************************
                         ARRAY PREPROCESSOR ver. 1.0
*******************************************************************************



   1	GROUP testgroup
   3	 GRID RECTANGULAR
   4	 ELEMENT
   5	 GEOMETRY RECTANGULAR 73 71
   8	 ADD BLOCK -4 5 -5 0
   9	 ADD BLOCK 8 0 0 5
  10	 ADD BLOCK 1 3 -5 -1
  11	 ADD BLOCK 3 -6 -1 -7
  13	 GROUP_EXCITATION
  14	 AMPLITUDE UNIFORM 25
  15	 PHASE UNIFORM -98
  16	 END

** Generating GROUP: testgroup.
** PSTEP,QSTEP set to:73.000000,71.000000
** Grid ANGLE set to:90.000000 
** Group ROT_ANGLE set to: 0.000000 

** Writing output file: ../inputs/gr282.dat

NEL 
NPORTS
IDUM      REXA     REYA     REZA     THEA     PHEA     PSEA 
          AMP      PSH      PSC      PHEPOL
 111
 111
   1
   1
   1 	 -365.00     0.00     0.00     0.00     0.00     0.00
   1 	 -365.00     0.00     0.00     0.00     0.00     0.00
   	   25.00   -98.00     0.00    90.00
   	   25.00   -98.00     0.00    90.00
   2 	 -292.00     0.00     0.00     0.00     0.00     0.00
   2 	 -292.00     0.00     0.00     0.00     0.00     0.00
   	   25.00   -98.00     0.00    90.00
   	   25.00   -98.00     0.00    90.00
   3 	 -365.00    71.00     0.00     0.00     0.00     0.00
   3 	 -365.00    71.00     0.00     0.00     0.00     0.00
   	   25.00   -98.00     0.00    90.00
   	   25.00   -98.00     0.00    90.00
   4 	 -292.00    71.00     0.00     0.00     0.00     0.00
   4 	 -292.00    71.00     0.00     0.00     0.00     0.00
   	   25.00   -98.00     0.00    90.00
   	   25.00   -98.00     0.00    90.00
   5 	 -365.00   142.00     0.00     0.00     0.00     0.00
   5 	 -365.00   142.00     0.00     0.00     0.00     0.00
   	   25.00   -98.00     0.00    90.00
   	   25.00   -98.00     0.00    90.00
   6 	 -292.00   142.00     0.00     0.00     0.00     0.00
   6 	 -292.00   142.00     0.00     0.00     0.00     0.00
   	   25.00   -98.00     0.00    90.00
   	   25.00   -98.00     0.00    90.00
   7 	 -365.00   213.00     0.00     0.00     0.00     0.00
   7 	 -365.00   213.00     0.00     0.00     0.00     0.00
   	   25.00   -98.00     0.00    90.00
   	   25.00   -98.00     0.00    90.00
   8 	 -292.00   213.00     0.00     0.00     0.00     0.00
   8 	 -292.00   213.00     0.00     0.00     0.00     0.00
   	   25.00   -98.00     0.00    90.00
   	   25.00   -98.00     0.00    90.00
   9 	 -365.00   284.00     0.00     0.00     0.00     0.00
   9 	 -365.00   284.00     0.00     0.00     0.00     0.00
   	   25.00   -98.00     0.00    90.00
   	   25.00   -98.00     0.00    90.00
  10 	 -292.00   284.00     0.00     0.00     0.00     0.00
  10 	 -292.00   284.00     0.00     0.00     0.00     0.00
   	   25.00   -98.00     0.00    90.00
   	   25.00   -98.00     0.00    90.00
  11 	 -365.00   355.00     0.00     0.00     0.00     0.00
  11 	 -365.00   355.00     0.00     0.00     0.00     0.00
   	   25.00   -98.00     0.00    90.00
   	   25.00   -98.00     0.00    90.00
  12 	 -292.00   355.00     0.00     0.00     0.00     0.00
  12 	 -292.00   355.00     0.00     0.00     0.00     0.00
   	   25.00   -98.00     0.00    90.00
   	   25.00   -98.00     0.00    90.00
  13 	    0.00     0.00     0.00     0.00     0.00     0.00
  13 	    0.00     0.00     0.00     0.00     0.00     0.00
   	   25.00   -98.00     0.00    90.00
   	   25.00   -98.00     0.00    90.00
  14 	   73.00     0.00     0.00     0.00     0.00     0.00
  14 	   73.00     0.00     0.00     0.00     0.00     0.00
   	   25.00   -98.00     0.00    90.00
   	   25.00   -98.00     0.00    90.00
  15 	  146.00     0.00     0.00     0.00     0.00     0.00
  15 	  146.00     0.00     0.00     0.00     0.00     0.00
   	   25.00   -98.00     0.00    90.00
   	   25.00   -98.00     0.00    90.00
  16 	  219.00     0.00     0.00     0.00     0.00     0.00
  16 	  219.00     0.00     0.00     0.00     0.00     0.00
   	   25.00   -98.00     0.00    90.00
   	   25.00   -98.00     0.00    90.00
  17 	  292.00     0.00     0.00     0.00     0.00     0.00
  17 	  292.00     0.00     0.00     0.00     0.00     0.00
   	   25.00   -98.00     0.00    90.00
   	   25.00   -98.00     0.00    90.00
  18 	  365.00     0.00     0.00     0.00     0.00     0.00
  18 	  365.00     0.00     0.00     0.00     0.00     0.00
   	   25.00   -98.00     0.00    90.00
   	   25.00   -98.00     0.00    90.00
  19 	  438.00     0.00     0.00     0.00     0.00     0.00
  19 	  438.00     0.00     0.00     0.00     0.00     0.00
   	   25.00   -98.00     0.00    90.00
   	   25.00   -98.00     0.00    90.00
  20 	  511.00     0.00     0.00     0.00     0.00     0.00
  20 	  511.00     0.00     0.00     0.00     0.00     0.00
   	   25.00   -98.00     0.00    90.00
   	   25.00   -98.00     0.00    90.00
  21 	  584.00     0.00     0.00     0.00     0.00     0.00
  21 	  584.00     0.00     0.00     0.00     0.00     0.00
   	   25.00   -98.00     0.00    90.00
   	   25.00   -98.00     0.00    90.00
  22 	   -0.00    71.00     0.00     0.00     0.00     0.00
  22 	   -0.00    71.00     0.00     0.00     0.00     0.00
   	   25.00   -98.00     0.00    90.00
   	   25.00   -98.00     0.00    90.00
  23 	   73.00    71.00     0.00     0.00     0.00     0.00
  23 	   73.00    71.00     0.00     0.00     0.00     0.00
   	   25.00   -98.00     0.00    90.00
   	   25.00   -98.00     0.00    90.00
  24 	  146.00    71.00     0.00     0.00     0.00     0.00
  24 	  146.00    71.00     0.00     0.00     0.00     0.00
   	   25.00   -98.00     0.00    90.00
   	   25.00   -98.00     0.00    90.00
  25 	  219.00    71.00     0.00     0.00     0.00     0.00
  25 	  219.00    71.00     0.00     0.00     0.00     0.00
   	   25.00   -98.00     0.00    90.00
   	   25.00   -98.00     0.00    90.00
  26 	  292.00    71.00     0.00     0.00     0.00     0.00
  26 	  292.00    71.00     0.00     0.00     0.00     0.00
   	   25.00   -98.00     0.00    90.00
   	   25.00   -98.00     0.00    90.00
  27 	  365.00    71.00     0.00     0.00     0.00     0.00
  27 	  365.00    71.00     0.00     0.00     0.00     0.00
   	   25.00   -98.00     0.00    90.00
   	   25.00   -98.00     0.00    90.00
  28 	  438.00    71.00     0.00     0.00     0.00     0.00
  28 	  438.00    71.00     0.00     0.00     0.00     0.00
   	   25.00   -98.00     0.00    90.00
   	   25.00   -98.00     0.00    90.00
  29 	  511.00    71.00     0.00     0.00     0.00     0.00
  29 	  511.00    71.00     0.00     0.00     0.00     0.00
   	   25.00   -98.00     0.00    90.00
   	   25.00   -98.00     0.00    90.00
  30 	  584.00    71.00     0.00     0.00     0.00     0.00
  30 	  584.00    71.00     0.00     0.00     0.00     0.00
   	   25.00   -98.00     0.00    90.00
   	   25.00   -98.00     0.00    90.00
  31 	   -0.00   142.00     0.00     0.00     0.00     0.00
  31 	   -0.00   142.00     0.00     0.00     0.00     0.00
   	   25.00   -98.00     0.00    90.00
   	   25.00   -98.00     0.00    90.00
  32 	   73.00   142.00     0.00     0.00     0.00     0.00
  32 	   73.00   142.00     0.00     0.00     0.00     0.00
   	   25.00   -98.00     0.00    90.00
   	   25.00   -98.00     0.00    90.00
  33 	  146.00   142.00     0.00     0.00     0.00     0.00
  33 	  146.00   142.00     0.00     0.00     0.00     0.00
   	   25.00   -98.00     0.00    90.00
   	   25.00   -98.00     0.00    90.00
  34 	  219.00   142.00     0.00     0.00     0.00     0.00
  34 	  219.00   142.00     0.00     0.00     0.00     0.00
   	   25.00   -98.00     0.00    90.00
   	   25.00   -98.00     0.00    90.00
  35 	  292.00   142.00     0.00     0.00     0.00     0.00
  35 	  292.00   142.00     0.00     0.00     0.00     0.00
   	   25.00   -98.00     0.00    90.00
   	   25.00   -98.00     0.00    90.00
  36 	  365.00   142.00     0.00     0.00     0.00     0.00
  36 	  365.00   142.00     0.00     0.00     0.00     0.00
   	   25.00   -98.00     0.00    90.00
   	   25.00   -98.00     0.00    90.00
  37 	  438.00   142.00     0.00     0.00     0.00     0.00
  37 	  438.00   142.00     0.00     0.00     0.00     0.00
   	   25.00   -98.00     0.00    90.00
   	   25.00   -98.00     0.00    90.00
  38 	  511.00   142.00     0.00     0.00     0.00     0.00
  38 	  511.00   142.00     0.00     0.00     0.00     0.00
   	   25.00   -98.00     0.00    90.00
   	   25.00   -98.00     0.00    90.00
  39 	  584.00   142.00     0.00     0.00     0.00     0.00
  39 	  584.00   142.00     0.00     0.00     0.00     0.00
   	   25.00   -98.00     0.00    90.00
   	   25.00   -98.00     0.00    90.00
  40 	   -0.00   213.00     0.00     0.00     0.00     0.00
  40 	   -0.00   213.00     0.00     0.00     0.00     0.00
   	   25.00   -98.00     0.00    90.00
   	   25.00   -98.00     0.00    90.00
  41 	   73.00   213.00     0.00     0.00     0.00     0.00
  41 	   73.00   213.00     0.00     0.00     0.00     0.00
   	   25.00   -98.00     0.00    90.00
   	   25.00   -98.00     0.00    90.00
  42 	  146.00   213.00     0.00     0.00     0.00     0.00
  42 	  146.00   213.00     0.00     0.00     0.00     0.00
   	   25.00   -98.00     0.00    90.00
   	   25.00   -98.00     0.00    90.00
  43 	  219.00   213.00     0.00     0.00     0.00     0.00
  43 	  219.00   213.00     0.00     0.00     0.00     0.00
   	   25.00   -98.00     0.00    90.00
   	   25.00   -98.00     0.00    90.00
  44 	  292.00   213.00     0.00     0.00     0.00     0.00
  44 	  292.00   213.00     0.00     0.00     0.00     0.00
   	   25.00   -98.00     0.00    90.00
   	   25.00   -98.00     0.00    90.00
  45 	  365.00   213.00     0.00     0.00     0.00     0.00
  45 	  365.00   213.00     0.00     0.00     0.00     0.00
   	   25.00   -98.00     0.00    90.00
   	   25.00   -98.00     0.00    90.00
  46 	  438.00   213.00     0.00     0.00     0.00     0.00
  46 	  438.00   213.00     0.00     0.00     0.00     0.00
   	   25.00   -98.00     0.00    90.00
   	   25.00   -98.00     0.00    90.00
  47 	  511.00   213.00     0.00     0.00     0.00     0.00
  47 	  511.00   213.00     0.00     0.00     0.00     0.00
   	   25.00   -98.00     0.00    90.00
   	   25.00   -98.00     0.00    90.00
  48 	  584.00   213.00     0.00     0.00     0.00     0.00
  48 	  584.00   213.00     0.00     0.00     0.00     0.00
   	   25.00   -98.00     0.00    90.00
   	   25.00   -98.00     0.00    90.00
  49 	   -0.00   284.00     0.00     0.00     0.00     0.00
  49 	   -0.00   284.00     0.00     0.00     0.00     0.00
   	   25.00   -98.00     0.00    90.00
   	   25.00   -98.00     0.00    90.00
  50 	   73.00   284.00     0.00     0.00     0.00     0.00
  50 	   73.00   284.00     0.00     0.00     0.00     0.00
   	   25.00   -98.00     0.00    90.00
   	   25.00   -98.00     0.00    90.00
  51 	  146.00   284.00     0.00     0.00     0.00     0.00
  51 	  146.00   284.00     0.00     0.00     0.00     0.00
   	   25.00   -98.00     0.00    90.00
   	   25.00   -98.00     0.00    90.00
  52 	  219.00   284.00     0.00     0.00     0.00     0.00
  52 	  219.00   284.00     0.00     0.00     0.00     0.00
   	   25.00   -98.00     0.00    90.00
   	   25.00   -98.00     0.00    90.00
  53 	  292.00   284.00     0.00     0.00     0.00     0.00
  53 	  292.00   284.00     0.00     0.00     0.00     0.00
   	   25.00   -98.00     0.00    90.00
   	   25.00   -98.00     0.00    90.00
  54 	  365.00   284.00     0.00     0.00     0.00     0.00
  54 	  365.00   284.00     0.00     0.00     0.00     0.00
   	   25.00   -98.00     0.00    90.00
   	   25.00   -98.00     0.00    90.00
  55 	  438.00   284.00     0.00     0.00     0.00     0.00
  55 	  438.00   284.00     0.00     0.00     0.00     0.00
   	   25.00   -98.00     0.00    90.00
   	   25.00   -98.00     0.00    90.00
  56 	  511.00   284.00     0.00     0.00     0.00     0.00
  56 	  511.00   284.00     0.00     0.00     0.00     0.00
   	   25.00   -98.00     0.00    90.00
   	   25.00   -98.00     0.00    90.00
  57 	  584.00   284.00     0.00     0.00     0.00     0.00
  57 	  584.00   284.00     0.00     0.00     0.00     0.00
   	   25.00   -98.00     0.00    90.00
   	   25.00   -98.00     0.00    90.00
  58 	   -0.00   355.00     0.00     0.00     0.00     0.00
  58 	   -0.00   355.00     0.00     0.00     0.00     0.00
   	   25.00   -98.00     0.00    90.00
   	   25.00   -98.00     0.00    90.00
  59 	   73.00   355.00     0.00     0.00     0.00     0.00
  59 	   73.00   355.00     0.00     0.00     0.00     0.00
   	   25.00   -98.00     0.00    90.00
   	   25.00   -98.00     0.00    90.00
  60 	  146.00   355.00     0.00     0.00     0.00     0.00
  60 	  146.00   355.00     0.00     0.00     0.00     0.00
   	   25.00   -98.00     0.00    90.00
   	   25.00   -98.00     0.00    90.00
  61 	  219.00   355.00     0.00     0.00     0.00     0.00
  61 	  219.00   355.00     0.00     0.00     0.00     0.00
   	   25.00   -98.00     0.00    90.00
   	   25.00   -98.00     0.00    90.00
  62 	  292.00   355.00     0.00     0.00     0.00     0.00
  62 	  292.00   355.00     0.00     0.00     0.00     0.00
   	   25.00   -98.00     0.00    90.00
   	   25.00   -98.00     0.00    90.00
  63 	  365.00   355.00     0.00     0.00     0.00     0.00
  63 	  365.00   355.00     0.00     0.00     0.00     0.00
   	   25.00   -98.00     0.00    90.00
   	   25.00   -98.00     0.00    90.00
  64 	  438.00   355.00     0.00     0.00     0.00     0.00
  64 	  438.00   355.00     0.00     0.00     0.00     0.00
   	   25.00   -98.00     0.00    90.00
   	   25.00   -98.00     0.00    90.00
  65 	  511.00   355.00     0.00     0.00     0.00     0.00
  65 	  511.00   355.00     0.00     0.00     0.00     0.00
   	   25.00   -98.00     0.00    90.00
   	   25.00   -98.00     0.00    90.00
  66 	  584.00   355.00     0.00     0.00     0.00     0.00
  66 	  584.00   355.00     0.00     0.00     0.00     0.00
   	   25.00   -98.00     0.00    90.00
   	   25.00   -98.00     0.00    90.00
  67 	 -365.00   -71.00     0.00     0.00     0.00     0.00
  67 	 -365.00   -71.00     0.00     0.00     0.00     0.00
   	   25.00   -98.00     0.00    90.00
   	   25.00   -98.00     0.00    90.00
  68 	 -292.00   -71.00     0.00     0.00     0.00     0.00
  68 	 -292.00   -71.00     0.00     0.00     0.00     0.00
   	   25.00   -98.00     0.00    90.00
   	   25.00   -98.00     0.00    90.00
  69 	 -219.00   -71.00     0.00     0.00     0.00     0.00
  69 	 -219.00   -71.00     0.00     0.00     0.00     0.00
   	   25.00   -98.00     0.00    90.00
   	   25.00   -98.00     0.00    90.00
  70 	 -146.00   -71.00     0.00     0.00     0.00     0.00
  70 	 -146.00   -71.00     0.00     0.00     0.00     0.00
   	   25.00   -98.00     0.00    90.00
   	   25.00   -98.00     0.00    90.00
  71 	  -73.00   -71.00     0.00     0.00     0.00     0.00
  71 	  -73.00   -71.00     0.00     0.00     0.00     0.00
   	   25.00   -98.00     0.00    90.00
   	   25.00   -98.00     0.00    90.00
  72 	    0.00   -71.00     0.00     0.00     0.00     0.00
  72 	    0.00   -71.00     0.00     0.00     0.00     0.00
   	   25.00   -98.00     0.00    90.00
   	   25.00   -98.00     0.00    90.00
  73 	   73.00   -71.00     0.00     0.00     0.00     0.00
  73 	   73.00   -71.00     0.00     0.00     0.00     0.00
   	   25.00   -98.00     0.00    90.00
   	   25.00   -98.00     0.00    90.00
  74 	 -365.00     0.00     0.00     0.00     0.00     0.00
  74 	 -365.00     0.00     0.00     0.00     0.00     0.00
   	   25.00   -98.00     0.00    90.00
   	   25.00   -98.00     0.00    90.00
  75 	 -292.00     0.00     0.00     0.00     0.00     0.00
  75 	 -292.00     0.00     0.00     0.00     0.00     0.00
   	   25.00   -98.00     0.00    90.00
   	   25.00   -98.00     0.00    90.00
  76 	 -219.00     0.00     0.00     0.00     0.00     0.00
  76 	 -219.00     0.00     0.00     0.00     0.00     0.00
   	   25.00   -98.00     0.00    90.00
   	   25.00   -98.00     0.00    90.00
  77 	 -146.00     0.00     0.00     0.00     0.00     0.00
  77 	 -146.00     0.00     0.00     0.00     0.00     0.00
   	   25.00   -98.00     0.00    90.00
   	   25.00   -98.00     0.00    90.00
  78 	  -73.00     0.00     0.00     0.00     0.00     0.00
  78 	  -73.00     0.00     0.00     0.00     0.00     0.00
   	   25.00   -98.00     0.00    90.00
   	   25.00   -98.00     0.00    90.00
  79 	    0.00     0.00     0.00     0.00     0.00     0.00
  79 	    0.00     0.00     0.00     0.00     0.00     0.00
   	   25.00   -98.00     0.00    90.00
   	   25.00   -98.00     0.00    90.00
  80 	   73.00     0.00     0.00     0.00     0.00     0.00
  80 	   73.00     0.00     0.00     0.00     0.00     0.00
   	   25.00   -98.00     0.00    90.00
   	   25.00   -98.00     0.00    90.00
  81 	 -365.00    71.00     0.00     0.00     0.00     0.00
  81 	 -365.00    71.00     0.00     0.00     0.00     0.00
   	   25.00   -98.00     0.00    90.00
   	   25.00   -98.00     0.00    90.00
  82 	 -292.00    71.00     0.00     0.00     0.00     0.00
  82 	 -292.00    71.00     0.00     0.00     0.00     0.00
   	   25.00   -98.00     0.00    90.00
   	   25.00   -98.00     0.00    90.00
  83 	 -219.00    71.00     0.00     0.00     0.00     0.00
  83 	 -219.00    71.00     0.00     0.00     0.00     0.00
   	   25.00   -98.00     0.00    90.00
   	   25.00   -98.00     0.00    90.00
  84 	 -146.00    71.00     0.00     0.00     0.00     0.00
  84 	 -146.00    71.00     0.00     0.00     0.00     0.00
   	   25.00   -98.00     0.00    90.00
   	   25.00   -98.00     0.00    90.00
  85 	  -73.00    71.00     0.00     0.00     0.00     0.00
  85 	  -73.00    71.00     0.00     0.00     0.00     0.00
   	   25.00   -98.00     0.00    90.00
   	   25.00   -98.00     0.00    90.00
  86 	   -0.00    71.00     0.00     0.00     0.00     0.00
  86 	   -0.00    71.00     0.00     0.00     0.00     0.00
   	   25.00   -98.00     0.00    90.00
   	   25.00   -98.00     0.00    90.00
  87 	   73.00    71.00     0.00     0.00     0.00     0.00
  87 	   73.00    71.00     0.00     0.00     0.00     0.00
   	   25.00   -98.00     0.00    90.00
   	   25.00   -98.00     0.00    90.00
  88 	 -365.00   142.00     0.00     0.00     0.00     0.00
  88 	 -365.00   142.00     0.00     0.00     0.00     0.00
   	   25.00   -98.00     0.00    90.00
   	   25.00   -98.00     0.00    90.00
  89 	 -292.00   142.00     0.00     0.00     0.00     0.00
  89 	 -292.00   142.00     0.00     0.00     0.00     0.00
   	   25.00   -98.00     0.00    90.00
   	   25.00   -98.00     0.00    90.00
  90 	 -219.00   142.00     0.00     0.00     0.00     0.00
  90 	 -219.00   142.00     0.00     0.00     0.00     0.00
   	   25.00   -98.00     0.00    90.00
   	   25.00   -98.00     0.00    90.00
  91 	 -146.00   142.00     0.00     0.00     0.00     0.00
  91 	 -146.00   142.00     0.00     0.00     0.00     0.00
   	   25.00   -98.00     0.00    90.00
   	   25.00   -98.00     0.00    90.00
  92 	  -73.00   142.00     0.00     0.00     0.00     0.00
  92 	  -73.00   142.00     0.00     0.00     0.00     0.00
   	   25.00   -98.00     0.00    90.00
   	   25.00   -98.00     0.00    90.00
  93 	   -0.00   142.00     0.00     0.00     0.00     0.00
  93 	   -0.00   142.00     0.00     0.00     0.00     0.00
   	   25.00   -98.00     0.00    90.00
   	   25.00   -98.00     0.00    90.00
  94 	   73.00   142.00     0.00     0.00     0.00     0.00
  94 	   73.00   142.00     0.00     0.00     0.00     0.00
   	   25.00   -98.00     0.00    90.00
   	   25.00   -98.00     0.00    90.00
  95 	 -365.00   213.00     0.00     0.00     0.00     0.00
  95 	 -365.00   213.00     0.00     0.00     0.00     0.00
   	   25.00   -98.00     0.00    90.00
   	   25.00   -98.00     0.00    90.00
  96 	 -292.00   213.00     0.00     0.00     0.00     0.00
  96 	 -292.00   213.00     0.00     0.00     0.00     0.00
   	   25.00   -98.00     0.00    90.00
   	   25.00   -98.00     0.00    90.00
  97 	 -219.00   213.00     0.00     0.00     0.00     0.00
  97 	 -219.00   213.00     0.00     0.00     0.00     0.00
   	   25.00   -98.00     0.00    90.00
   	   25.00   -98.00     0.00    90.00
  98 	 -146.00   213.00     0.00     0.00     0.00     0.00
  98 	 -146.00   213.00     0.00     0.00     0.00     0.00
   	   25.00   -98.00     0.00    90.00
   	   25.00   -98.00     0.00    90.00
  99 	  -73.00   213.00     0.00     0.00     0.00     0.00
  99 	  -73.00   213.00     0.00     0.00     0.00     0.00
   	   25.00   -98.00     0.00    90.00
   	   25.00   -98.00     0.00    90.00
 100 	   -0.00   213.00     0.00     0.00     0.00     0.00
 100 	   -0.00   213.00     0.00     0.00     0.00     0.00
   	   25.00   -98.00     0.00    90.00
   	   25.00   -98.00     0.00    90.00
 101 	   73.00   213.00     0.00     0.00     0.00     0.00
 101 	   73.00   213.00     0.00     0.00     0.00     0.00
   	   25.00   -98.00     0.00    90.00
   	   25.00   -98.00     0.00    90.00
 102 	  -73.00  -497.00     0.00     0.00     0.00     0.00
 102 	  -73.00  -497.00     0.00     0.00     0.00     0.00
   	   25.00   -98.00     0.00    90.00
   	   25.00   -98.00     0.00    90.00
 103 	    0.00  -497.00     0.00     0.00     0.00     0.00
 103 	    0.00  -497.00     0.00     0.00     0.00     0.00
   	   25.00   -98.00     0.00    90.00
   	   25.00   -98.00     0.00    90.00
 104 	   73.00  -497.00     0.00     0.00     0.00     0.00
 104 	   73.00  -497.00     0.00     0.00     0.00     0.00
   	   25.00   -98.00     0.00    90.00
   	   25.00   -98.00     0.00    90.00
 105 	  146.00  -497.00     0.00     0.00     0.00     0.00
 105 	  146.00  -497.00     0.00     0.00     0.00     0.00
   	   25.00   -98.00     0.00    90.00
   	   25.00   -98.00     0.00    90.00
 106 	  219.00  -497.00     0.00     0.00     0.00     0.00
 106 	  219.00  -497.00     0.00     0.00     0.00     0.00
   	   25.00   -98.00     0.00    90.00
   	   25.00   -98.00     0.00    90.00
 107 	  -73.00  -426.00     0.00     0.00     0.00     0.00
 107 	  -73.00  -426.00     0.00     0.00     0.00     0.00
   	   25.00   -98.00     0.00    90.00
   	   25.00   -98.00     0.00    90.00
 108 	    0.00  -426.00     0.00     0.00     0.00     0.00
 108 	    0.00  -426.00     0.00     0.00     0.00     0.00
   	   25.00   -98.00     0.00    90.00
   	   25.00   -98.00     0.00    90.00
 109 	   73.00  -426.00     0.00     0.00     0.00     0.00
 109 	   73.00  -426.00     0.00     0.00     0.00     0.00
   	   25.00   -98.00     0.00    90.00
   	   25.00   -98.00     0.00    90.00
 110 	  146.00  -426.00     0.00     0.00     0.00     0.00
 110 	  146.00  -426.00     0.00     0.00     0.00     0.00
   	   25.00   -98.00     0.00    90.00
   	   25.00   -98.00     0.00    90.00
 111 	  219.00  -426.00     0.00     0.00     0.00     0.00
 111 	  219.00  -426.00     0.00     0.00     0.00     0.00
   	   25.00   -98.00     0.00    90.00
   	   25.00   -98.00     0.00    90.00

** End writing output file: ../inputs/gr282.dat 
