*******************************************************************************
                         ARRAY PREPROCESSOR ver. 1.0
*******************************************************************************



   1	GROUP testgroup
   3	 GRID HEXAGONAL
   4	 ELEMENT
   5	 GEOMETRY CIRCULAR RADIUS 61
   7	 ADD HEXAGON 4 9
   8	 ADD HEXAGON 3 -6
   9	 ADD BLOCK -7 -2 -2 2
  10	 ADD BLOCK 8 -6 -2 1
  12	 GROUP_EXCITATION
  13	 AMPLITUDE UNIFORM 21
  14	 PHASE UNIFORM 17
  15	 END

** Generating GROUP: testgroup.
** PSTEP,QSTEP set to:122.000000,122.000000
** Grid ANGLE set to:60.000000 
** Group ROT_ANGLE set to: 0.000000 

** Writing output file: ../inputs/gr288.dat

NEL 
NPORTS
IDUM      REXA     REYA     REZA     THEA     PHEA     PSEA 
          AMP      PSH      PSC      PHEPOL
 132
 132
   1
   1
   1 	  976.00  1056.55     0.00     0.00     0.00     0.00
   1 	  976.00  1056.55     0.00     0.00     0.00     0.00
   	   21.00    17.00     0.00    90.00
   	   21.00    17.00     0.00    90.00
   2 	 1098.00  1056.55     0.00     0.00     0.00     0.00
   2 	 1098.00  1056.55     0.00     0.00     0.00     0.00
   	   21.00    17.00     0.00    90.00
   	   21.00    17.00     0.00    90.00
   3 	 1159.00   950.90     0.00     0.00     0.00     0.00
   3 	 1159.00   950.90     0.00     0.00     0.00     0.00
   	   21.00    17.00     0.00    90.00
   	   21.00    17.00     0.00    90.00
   4 	 1098.00   845.24     0.00     0.00     0.00     0.00
   4 	 1098.00   845.24     0.00     0.00     0.00     0.00
   	   21.00    17.00     0.00    90.00
   	   21.00    17.00     0.00    90.00
   5 	  976.00   845.24     0.00     0.00     0.00     0.00
   5 	  976.00   845.24     0.00     0.00     0.00     0.00
   	   21.00    17.00     0.00    90.00
   	   21.00    17.00     0.00    90.00
   6 	  915.00   950.90     0.00     0.00     0.00     0.00
   6 	  915.00   950.90     0.00     0.00     0.00     0.00
   	   21.00    17.00     0.00    90.00
   	   21.00    17.00     0.00    90.00
   7 	 1037.00   950.90     0.00     0.00     0.00     0.00
   7 	 1037.00   950.90     0.00     0.00     0.00     0.00
   	   21.00    17.00     0.00    90.00
   	   21.00    17.00     0.00    90.00
   8 	  -61.00  -528.28     0.00     0.00     0.00     0.00
   8 	  -61.00  -528.28     0.00     0.00     0.00     0.00
   	   21.00    17.00     0.00    90.00
   	   21.00    17.00     0.00    90.00
   9 	   61.00  -528.28     0.00     0.00     0.00     0.00
   9 	   61.00  -528.28     0.00     0.00     0.00     0.00
   	   21.00    17.00     0.00    90.00
   	   21.00    17.00     0.00    90.00
  10 	  122.00  -633.93     0.00     0.00     0.00     0.00
  10 	  122.00  -633.93     0.00     0.00     0.00     0.00
   	   21.00    17.00     0.00    90.00
   	   21.00    17.00     0.00    90.00
  11 	   61.00  -739.59     0.00     0.00     0.00     0.00
  11 	   61.00  -739.59     0.00     0.00     0.00     0.00
   	   21.00    17.00     0.00    90.00
   	   21.00    17.00     0.00    90.00
  12 	  -61.00  -739.59     0.00     0.00     0.00     0.00
  12 	  -61.00  -739.59     0.00     0.00     0.00     0.00
   	   21.00    17.00     0.00    90.00
   	   21.00    17.00     0.00    90.00
  13 	 -122.00  -633.93     0.00     0.00     0.00     0.00
  13 	 -122.00  -633.93     0.00     0.00     0.00     0.00
   	   21.00    17.00     0.00    90.00
   	   21.00    17.00     0.00    90.00
  14 	    0.00  -633.93     0.00     0.00     0.00     0.00
  14 	    0.00  -633.93     0.00     0.00     0.00     0.00
   	   21.00    17.00     0.00    90.00
   	   21.00    17.00     0.00    90.00
  15 	 -976.00  -211.31     0.00     0.00     0.00     0.00
  15 	 -976.00  -211.31     0.00     0.00     0.00     0.00
   	   21.00    17.00     0.00    90.00
   	   21.00    17.00     0.00    90.00
  16 	 -854.00  -211.31     0.00     0.00     0.00     0.00
  16 	 -854.00  -211.31     0.00     0.00     0.00     0.00
   	   21.00    17.00     0.00    90.00
   	   21.00    17.00     0.00    90.00
  17 	 -732.00  -211.31     0.00     0.00     0.00     0.00
  17 	 -732.00  -211.31     0.00     0.00     0.00     0.00
   	   21.00    17.00     0.00    90.00
   	   21.00    17.00     0.00    90.00
  18 	 -610.00  -211.31     0.00     0.00     0.00     0.00
  18 	 -610.00  -211.31     0.00     0.00     0.00     0.00
   	   21.00    17.00     0.00    90.00
   	   21.00    17.00     0.00    90.00
  19 	 -488.00  -211.31     0.00     0.00     0.00     0.00
  19 	 -488.00  -211.31     0.00     0.00     0.00     0.00
   	   21.00    17.00     0.00    90.00
   	   21.00    17.00     0.00    90.00
  20 	 -366.00  -211.31     0.00     0.00     0.00     0.00
  20 	 -366.00  -211.31     0.00     0.00     0.00     0.00
   	   21.00    17.00     0.00    90.00
   	   21.00    17.00     0.00    90.00
  21 	 -915.00  -105.66     0.00     0.00     0.00     0.00
  21 	 -915.00  -105.66     0.00     0.00     0.00     0.00
   	   21.00    17.00     0.00    90.00
   	   21.00    17.00     0.00    90.00
  22 	 -793.00  -105.66     0.00     0.00     0.00     0.00
  22 	 -793.00  -105.66     0.00     0.00     0.00     0.00
   	   21.00    17.00     0.00    90.00
   	   21.00    17.00     0.00    90.00
  23 	 -671.00  -105.66     0.00     0.00     0.00     0.00
  23 	 -671.00  -105.66     0.00     0.00     0.00     0.00
   	   21.00    17.00     0.00    90.00
   	   21.00    17.00     0.00    90.00
  24 	 -549.00  -105.66     0.00     0.00     0.00     0.00
  24 	 -549.00  -105.66     0.00     0.00     0.00     0.00
   	   21.00    17.00     0.00    90.00
   	   21.00    17.00     0.00    90.00
  25 	 -427.00  -105.66     0.00     0.00     0.00     0.00
  25 	 -427.00  -105.66     0.00     0.00     0.00     0.00
   	   21.00    17.00     0.00    90.00
   	   21.00    17.00     0.00    90.00
  26 	 -305.00  -105.66     0.00     0.00     0.00     0.00
  26 	 -305.00  -105.66     0.00     0.00     0.00     0.00
   	   21.00    17.00     0.00    90.00
   	   21.00    17.00     0.00    90.00
  27 	 -854.00     0.00     0.00     0.00     0.00     0.00
  27 	 -854.00     0.00     0.00     0.00     0.00     0.00
   	   21.00    17.00     0.00    90.00
   	   21.00    17.00     0.00    90.00
  28 	 -732.00     0.00     0.00     0.00     0.00     0.00
  28 	 -732.00     0.00     0.00     0.00     0.00     0.00
   	   21.00    17.00     0.00    90.00
   	   21.00    17.00     0.00    90.00
  29 	 -610.00     0.00     0.00     0.00     0.00     0.00
  29 	 -610.00     0.00     0.00     0.00     0.00     0.00
   	   21.00    17.00     0.00    90.00
   	   21.00    17.00     0.00    90.00
  30 	 -488.00     0.00     0.00     0.00     0.00     0.00
  30 	 -488.00     0.00     0.00     0.00     0.00     0.00
   	   21.00    17.00     0.00    90.00
   	   21.00    17.00     0.00    90.00
  31 	 -366.00     0.00     0.00     0.00     0.00     0.00
  31 	 -366.00     0.00     0.00     0.00     0.00     0.00
   	   21.00    17.00     0.00    90.00
   	   21.00    17.00     0.00    90.00
  32 	 -244.00     0.00     0.00     0.00     0.00     0.00
  32 	 -244.00     0.00     0.00     0.00     0.00     0.00
   	   21.00    17.00     0.00    90.00
   	   21.00    17.00     0.00    90.00
  33 	 -793.00   105.66     0.00     0.00     0.00     0.00
  33 	 -793.00   105.66     0.00     0.00     0.00     0.00
   	   21.00    17.00     0.00    90.00
   	   21.00    17.00     0.00    90.00
  34 	 -671.00   105.66     0.00     0.00     0.00     0.00
  34 	 -671.00   105.66     0.00     0.00     0.00     0.00
   	   21.00    17.00     0.00    90.00
   	   21.00    17.00     0.00    90.00
  35 	 -549.00   105.66     0.00     0.00     0.00     0.00
  35 	 -549.00   105.66     0.00     0.00     0.00     0.00
   	   21.00    17.00     0.00    90.00
   	   21.00    17.00     0.00    90.00
  36 	 -427.00   105.66     0.00     0.00     0.00     0.00
  36 	 -427.00   105.66     0.00     0.00     0.00     0.00
   	   21.00    17.00     0.00    90.00
   	   21.00    17.00     0.00    90.00
  37 	 -305.00   105.66     0.00     0.00     0.00     0.00
  37 	 -305.00   105.66     0.00     0.00     0.00     0.00
   	   21.00    17.00     0.00    90.00
   	   21.00    17.00     0.00    90.00
  38 	 -183.00   105.66     0.00     0.00     0.00     0.00
  38 	 -183.00   105.66     0.00     0.00     0.00     0.00
   	   21.00    17.00     0.00    90.00
   	   21.00    17.00     0.00    90.00
  39 	 -732.00   211.31     0.00     0.00     0.00     0.00
  39 	 -732.00   211.31     0.00     0.00     0.00     0.00
   	   21.00    17.00     0.00    90.00
   	   21.00    17.00     0.00    90.00
  40 	 -610.00   211.31     0.00     0.00     0.00     0.00
  40 	 -610.00   211.31     0.00     0.00     0.00     0.00
   	   21.00    17.00     0.00    90.00
   	   21.00    17.00     0.00    90.00
  41 	 -488.00   211.31     0.00     0.00     0.00     0.00
  41 	 -488.00   211.31     0.00     0.00     0.00     0.00
   	   21.00    17.00     0.00    90.00
   	   21.00    17.00     0.00    90.00
  42 	 -366.00   211.31     0.00     0.00     0.00     0.00
  42 	 -366.00   211.31     0.00     0.00     0.00     0.00
   	   21.00    17.00     0.00    90.00
   	   21.00    17.00     0.00    90.00
  43 	 -244.00   211.31     0.00     0.00     0.00     0.00
  43 	 -244.00   211.31     0.00     0.00     0.00     0.00
   	   21.00    17.00     0.00    90.00
   	   21.00    17.00     0.00    90.00
  44 	 -122.00   211.31     0.00     0.00     0.00     0.00
  44 	 -122.00   211.31     0.00     0.00     0.00     0.00
   	   21.00    17.00     0.00    90.00
   	   21.00    17.00     0.00    90.00
  45 	 -610.00  -633.93     0.00     0.00     0.00     0.00
  45 	 -610.00  -633.93     0.00     0.00     0.00     0.00
   	   21.00    17.00     0.00    90.00
   	   21.00    17.00     0.00    90.00
  46 	 -488.00  -633.93     0.00     0.00     0.00     0.00
  46 	 -488.00  -633.93     0.00     0.00     0.00     0.00
   	   21.00    17.00     0.00    90.00
   	   21.00    17.00     0.00    90.00
  47 	 -366.00  -633.93     0.00     0.00     0.00     0.00
  47 	 -366.00  -633.93     0.00     0.00     0.00     0.00
   	   21.00    17.00     0.00    90.00
   	   21.00    17.00     0.00    90.00
  48 	 -244.00  -633.93     0.00     0.00     0.00     0.00
  48 	 -244.00  -633.93     0.00     0.00     0.00     0.00
   	   21.00    17.00     0.00    90.00
   	   21.00    17.00     0.00    90.00
  49 	 -122.00  -633.93     0.00     0.00     0.00     0.00
  49 	 -122.00  -633.93     0.00     0.00     0.00     0.00
   	   21.00    17.00     0.00    90.00
   	   21.00    17.00     0.00    90.00
  50 	    0.00  -633.93     0.00     0.00     0.00     0.00
  50 	    0.00  -633.93     0.00     0.00     0.00     0.00
   	   21.00    17.00     0.00    90.00
   	   21.00    17.00     0.00    90.00
  51 	  122.00  -633.93     0.00     0.00     0.00     0.00
  51 	  122.00  -633.93     0.00     0.00     0.00     0.00
   	   21.00    17.00     0.00    90.00
   	   21.00    17.00     0.00    90.00
  52 	  244.00  -633.93     0.00     0.00     0.00     0.00
  52 	  244.00  -633.93     0.00     0.00     0.00     0.00
   	   21.00    17.00     0.00    90.00
   	   21.00    17.00     0.00    90.00
  53 	  366.00  -633.93     0.00     0.00     0.00     0.00
  53 	  366.00  -633.93     0.00     0.00     0.00     0.00
   	   21.00    17.00     0.00    90.00
   	   21.00    17.00     0.00    90.00
  54 	  488.00  -633.93     0.00     0.00     0.00     0.00
  54 	  488.00  -633.93     0.00     0.00     0.00     0.00
   	   21.00    17.00     0.00    90.00
   	   21.00    17.00     0.00    90.00
  55 	  610.00  -633.93     0.00     0.00     0.00     0.00
  55 	  610.00  -633.93     0.00     0.00     0.00     0.00
   	   21.00    17.00     0.00    90.00
   	   21.00    17.00     0.00    90.00
  56 	 -549.00  -528.28     0.00     0.00     0.00     0.00
  56 	 -549.00  -528.28     0.00     0.00     0.00     0.00
   	   21.00    17.00     0.00    90.00
   	   21.00    17.00     0.00    90.00
  57 	 -427.00  -528.28     0.00     0.00     0.00     0.00
  57 	 -427.00  -528.28     0.00     0.00     0.00     0.00
   	   21.00    17.00     0.00    90.00
   	   21.00    17.00     0.00    90.00
  58 	 -305.00  -528.28     0.00     0.00     0.00     0.00
  58 	 -305.00  -528.28     0.00     0.00     0.00     0.00
   	   21.00    17.00     0.00    90.00
   	   21.00    17.00     0.00    90.00
  59 	 -183.00  -528.28     0.00     0.00     0.00     0.00
  59 	 -183.00  -528.28     0.00     0.00     0.00     0.00
   	   21.00    17.00     0.00    90.00
   	   21.00    17.00     0.00    90.00
  60 	  -61.00  -528.28     0.00     0.00     0.00     0.00
  60 	  -61.00  -528.28     0.00     0.00     0.00     0.00
   	   21.00    17.00     0.00    90.00
   	   21.00    17.00     0.00    90.00
  61 	   61.00  -528.28     0.00     0.00     0.00     0.00
  61 	   61.00  -528.28     0.00     0.00     0.00     0.00
   	   21.00    17.00     0.00    90.00
   	   21.00    17.00     0.00    90.00
  62 	  183.00  -528.28     0.00     0.00     0.00     0.00
  62 	  183.00  -528.28     0.00     0.00     0.00     0.00
   	   21.00    17.00     0.00    90.00
   	   21.00    17.00     0.00    90.00
  63 	  305.00  -528.28     0.00     0.00     0.00     0.00
  63 	  305.00  -528.28     0.00     0.00     0.00     0.00
   	   21.00    17.00     0.00    90.00
   	   21.00    17.00     0.00    90.00
  64 	  427.00  -528.28     0.00     0.00     0.00     0.00
  64 	  427.00  -528.28     0.00     0.00     0.00     0.00
   	   21.00    17.00     0.00    90.00
   	   21.00    17.00     0.00    90.00
  65 	  549.00  -528.28     0.00     0.00     0.00     0.00
  65 	  549.00  -528.28     0.00     0.00     0.00     0.00
   	   21.00    17.00     0.00    90.00
   	   21.00    17.00     0.00    90.00
  66 	  671.00  -528.28     0.00     0.00     0.00     0.00
  66 	  671.00  -528.28     0.00     0.00     0.00     0.00
   	   21.00    17.00     0.00    90.00
   	   21.00    17.00     0.00    90.00
  67 	 -488.00  -422.62     0.00     0.00     0.00     0.00
  67 	 -488.00  -422.62     0.00     0.00     0.00     0.00
   	   21.00    17.00     0.00    90.00
   	   21.00    17.00     0.00    90.00
  68 	 -366.00  -422.62     0.00     0.00     0.00     0.00
  68 	 -366.00  -422.62     0.00     0.00     0.00     0.00
   	   21.00    17.00     0.00    90.00
   	   21.00    17.00     0.00    90.00
  69 	 -244.00  -422.62     0.00     0.00     0.00     0.00
  69 	 -244.00  -422.62     0.00     0.00     0.00     0.00
   	   21.00    17.00     0.00    90.00
   	   21.00    17.00     0.00    90.00
  70 	 -122.00  -422.62     0.00     0.00     0.00     0.00
  70 	 -122.00  -422.62     0.00     0.00     0.00     0.00
   	   21.00    17.00     0.00    90.00
   	   21.00    17.00     0.00    90.00
  71 	    0.00  -422.62     0.00     0.00     0.00     0.00
  71 	    0.00  -422.62     0.00     0.00     0.00     0.00
   	   21.00    17.00     0.00    90.00
   	   21.00    17.00     0.00    90.00
  72 	  122.00  -422.62     0.00     0.00     0.00     0.00
  72 	  122.00  -422.62     0.00     0.00     0.00     0.00
   	   21.00    17.00     0.00    90.00
   	   21.00    17.00     0.00    90.00
  73 	  244.00  -422.62     0.00     0.00     0.00     0.00
  73 	  244.00  -422.62     0.00     0.00     0.00     0.00
   	   21.00    17.00     0.00    90.00
   	   21.00    17.00     0.00    90.00
  74 	  366.00  -422.62     0.00     0.00     0.00     0.00
  74 	  366.00  -422.62     0.00     0.00     0.00     0.00
   	   21.00    17.00     0.00    90.00
   	   21.00    17.00     0.00    90.00
  75 	  488.00  -422.62     0.00     0.00     0.00     0.00
  75 	  488.00  -422.62     0.00     0.00     0.00     0.00
   	   21.00    17.00     0.00    90.00
   	   21.00    17.00     0.00    90.00
  76 	  610.00  -422.62     0.00     0.00     0.00     0.00
  76 	  610.00  -422.62     0.00     0.00     0.00     0.00
   	   21.00    17.00     0.00    90.00
   	   21.00    17.00     0.00    90.00
  77 	  732.00  -422.62     0.00     0.00     0.00     0.00
  77 	  732.00  -422.62     0.00     0.00     0.00     0.00
   	   21.00    17.00     0.00    90.00
   	   21.00    17.00     0.00    90.00
  78 	 -427.00  -316.97     0.00     0.00     0.00     0.00
  78 	 -427.00  -316.97     0.00     0.00     0.00     0.00
   	   21.00    17.00     0.00    90.00
   	   21.00    17.00     0.00    90.00
  79 	 -305.00  -316.97     0.00     0.00     0.00     0.00
  79 	 -305.00  -316.97     0.00     0.00     0.00     0.00
   	   21.00    17.00     0.00    90.00
   	   21.00    17.00     0.00    90.00
  80 	 -183.00  -316.97     0.00     0.00     0.00     0.00
  80 	 -183.00  -316.97     0.00     0.00     0.00     0.00
   	   21.00    17.00     0.00    90.00
   	   21.00    17.00     0.00    90.00
  81 	  -61.00  -316.97     0.00     0.00     0.00     0.00
  81 	  -61.00  -316.97     0.00     0.00     0.00     0.00
   	   21.00    17.00     0.00    90.00
   	   21.00    17.00     0.00    90.00
  82 	   61.00  -316.97     0.00     0.00     0.00     0.00
  82 	   61.00  -316.97     0.00     0.00     0.00     0.00
   	   21.00    17.00     0.00    90.00
   	   21.00    17.00     0.00    90.00
  83 	  183.00  -316.97     0.00     0.00     0.00     0.00
  83 	  183.00  -316.97     0.00     0.00     0.00     0.00
   	   21.00    17.00     0.00    90.00
   	   21.00    17.00     0.00    90.00
  84 	  305.00  -316.97     0.00     0.00     0.00     0.00
  84 	  305.00  -316.97     0.00     0.00     0.00     0.00
   	   21.00    17.00     0.00    90.00
   	   21.00    17.00     0.00    90.00
  85 	  427.00  -316.97     0.00     0.00     0.00     0.00
  85 	  427.00  -316.97     0.00     0.00     0.00     0.00
   	   21.00    17.00     0.00    90.00
   	   21.00    17.00     0.00    90.00
  86 	  549.00  -316.97     0.00     0.00     0.00     0.00
  86 	  549.00  -316.97     0.00     0.00     0.00     0.00
   	   21.00    17.00     0.00    90.00
   	   21.00    17.00     0.00    90.00
  87 	  671.00  -316.97     0.00     0.00     0.00     0.00
  87 	  671.00  -316.97     0.00     0.00     0.00     0.00
   	   21.00    17.00     0.00    90.00
   	   21.00    17.00     0.00    90.00
  88 	  793.00  -316.97     0.00     0.00     0.00     0.00
  88 	  793.00  -316.97     0.00     0.00     0.00     0.00
   	   21.00    17.00     0.00    90.00
   	   21.00    17.00     0.00    90.00
  89 	 -366.00  -211.31     0.00     0.00     0.00     0.00
  89 	 -366.00  -211.31     0.00     0.00     0.00     0.00
   	   21.00    17.00     0.00    90.00
   	   21.00    17.00     0.00    90.00
  90 	 -244.00  -211.31     0.00     0.00     0.00     0.00
  90 	 -244.00  -211.31     0.00     0.00     0.00     0.00
   	   21.00    17.00     0.00    90.00
   	   21.00    17.00     0.00    90.00
  91 	 -122.00  -211.31     0.00     0.00     0.00     0.00
  91 	 -122.00  -211.31     0.00     0.00     0.00     0.00
   	   21.00    17.00     0.00    90.00
   	   21.00    17.00     0.00    90.00
  92 	    0.00  -211.31     0.00     0.00     0.00     0.00
  92 	    0.00  -211.31     0.00     0.00     0.00     0.00
   	   21.00    17.00     0.00    90.00
   	   21.00    17.00     0.00    90.00
  93 	  122.00  -211.31     0.00     0.00     0.00     0.00
  93 	  122.00  -211.31     0.00     0.00     0.00     0.00
   	   21.00    17.00     0.00    90.00
   	   21.00    17.00     0.00    90.00
  94 	  244.00  -211.31     0.00     0.00     0.00     0.00
  94 	  244.00  -211.31     0.00     0.00     0.00     0.00
   	   21.00    17.00     0.00    90.00
   	   21.00    17.00     0.00    90.00
  95 	  366.00  -211.31     0.00     0.00     0.00     0.00
  95 	  366.00  -211.31     0.00     0.00     0.00     0.00
   	   21.00    17.00     0.00    90.00
   	   21.00    17.00     0.00    90.00
  96 	  488.00  -211.31     0.00     0.00     0.00     0.00
  96 	  488.00  -211.31     0.00     0.00     0.00     0.00
   	   21.00    17.00     0.00    90.00
   	   21.00    17.00     0.00    90.00
  97 	  610.00  -211.31     0.00     0.00     0.00     0.00
  97 	  610.00  -211.31     0.00     0.00     0.00     0.00
   	   21.00    17.00     0.00    90.00
   	   21.00    17.00     0.00    90.00
  98 	  732.00  -211.31     0.00     0.00     0.00     0.00
  98 	  732.00  -211.31     0.00     0.00     0.00     0.00
   	   21.00    17.00     0.00    90.00
   	   21.00    17.00     0.00    90.00
  99 	  854.00  -211.31     0.00     0.00     0.00     0.00
  99 	  854.00  -211.31     0.00     0.00     0.00     0.00
   	   21.00    17.00     0.00    90.00
   	   21.00    17.00     0.00    90.00
 100 	 -305.00  -105.66     0.00     0.00     0.00     0.00
 100 	 -305.00  -105.66     0.00     0.00     0.00     0.00
   	   21.00    17.00     0.00    90.00
   	   21.00    17.00     0.00    90.00
 101 	 -183.00  -105.66     0.00     0.00     0.00     0.00
 101 	 -183.00  -105.66     0.00     0.00     0.00     0.00
   	   21.00    17.00     0.00    90.00
   	   21.00    17.00     0.00    90.00
 102 	  -61.00  -105.66     0.00     0.00     0.00     0.00
 102 	  -61.00  -105.66     0.00     0.00     0.00     0.00
   	   21.00    17.00     0.00    90.00
   	   21.00    17.00     0.00    90.00
 103 	   61.00  -105.66     0.00     0.00     0.00     0.00
 103 	   61.00  -105.66     0.00     0.00     0.00     0.00
   	   21.00    17.00     0.00    90.00
   	   21.00    17.00     0.00    90.00
 104 	  183.00  -105.66     0.00     0.00     0.00     0.00
 104 	  183.00  -105.66     0.00     0.00     0.00     0.00
   	   21.00    17.00     0.00    90.00
   	   21.00    17.00     0.00    90.00
 105 	  305.00  -105.66     0.00     0.00     0.00     0.00
 105 	  305.00  -105.66     0.00     0.00     0.00     0.00
   	   21.00    17.00     0.00    90.00
   	   21.00    17.00     0.00    90.00
 106 	  427.00  -105.66     0.00     0.00     0.00     0.00
 106 	  427.00  -105.66     0.00     0.00     0.00     0.00
   	   21.00    17.00     0.00    90.00
   	   21.00    17.00     0.00    90.00
 107 	  549.00  -105.66     0.00     0.00     0.00     0.00
 107 	  549.00  -105.66     0.00     0.00     0.00     0.00
   	   21.00    17.00     0.00    90.00
   	   21.00    17.00     0.00    90.00
 108 	  671.00  -105.66     0.00     0.00     0.00     0.00
 108 	  671.00  -105.66     0.00     0.00     0.00     0.00
   	   21.00    17.00     0.00    90.00
   	   21.00    17.00     0.00    90.00
 109 	  793.00  -105.66     0.00     0.00     0.00     0.00
 109 	  793.00  -105.66     0.00     0.00     0.00     0.00
   	   21.00    17.00     0.00    90.00
   	   21.00    17.00     0.00    90.00
 110 	  915.00  -105.66     0.00     0.00     0.00     0.00
 110 	  915.00  -105.66     0.00     0.00     0.00     0.00
   	   21.00    17.00     0.00    90.00
   	   21.00    17.00     0.00    90.00
 111 	 -244.00     0.00     0.00     0.00     0.00     0.00
 111 	 -244.00     0.00     0.00     0.00     0.00     0.00
   	   21.00    17.00     0.00    90.00
   	   21.00    17.00     0.00    90.00
 112 	 -122.00     0.00     0.00     0.00     0.00     0.00
 112 	 -122.00     0.00     0.00     0.00     0.00     0.00
   	   21.00    17.00     0.00    90.00
   	   21.00    17.00     0.00    90.00
 113 	    0.00     0.00     0.00     0.00     0.00     0.00
 113 	    0.00     0.00     0.00     0.00     0.00     0.00
   	   21.00    17.00     0.00    90.00
   	   21.00    17.00     0.00    90.00
 114 	  122.00     0.00     0.00     0.00     0.00     0.00
 114 	  122.00     0.00     0.00     0.00     0.00     0.00
   	   21.00    17.00     0.00    90.00
   	   21.00    17.00     0.00    90.00
 115 	  244.00     0.00     0.00     0.00     0.00     0.00
 115 	  244.00     0.00     0.00     0.00     0.00     0.00
   	   21.00    17.00     0.00    90.00
   	   21.00    17.00     0.00    90.00
 116 	  366.00     0.00     0.00     0.00     0.00     0.00
 116 	  366.00     0.00     0.00     0.00     0.00     0.00
   	   21.00    17.00     0.00    90.00
   	   21.00    17.00     0.00    90.00
 117 	  488.00     0.00     0.00     0.00     0.00     0.00
 117 	  488.00     0.00     0.00     0.00     0.00     0.00
   	   21.00    17.00     0.00    90.00
   	   21.00    17.00     0.00    90.00
 118 	  610.00     0.00     0.00     0.00     0.00     0.00
 118 	  610.00     0.00     0.00     0.00     0.00     0.00
   	   21.00    17.00     0.00    90.00
   	   21.00    17.00     0.00    90.00
 119 	  732.00     0.00     0.00     0.00     0.00     0.00
 119 	  732.00     0.00     0.00     0.00     0.00     0.00
   	   21.00    17.00     0.00    90.00
   	   21.00    17.00     0.00    90.00
 120 	  854.00     0.00     0.00     0.00     0.00     0.00
 120 	  854.00     0.00     0.00     0.00     0.00     0.00
   	   21.00    17.00     0.00    90.00
   	   21.00    17.00     0.00    90.00
 121 	  976.00     0.00     0.00     0.00     0.00     0.00
 121 	  976.00     0.00     0.00     0.00     0.00     0.00
   	   21.00    17.00     0.00    90.00
   	   21.00    17.00     0.00    90.00
 122 	 -183.00   105.66     0.00     0.00     0.00     0.00
 122 	 -183.00   105.66     0.00     0.00     0.00     0.00
   	   21.00    17.00     0.00    90.00
   	   21.00    17.00     0.00    90.00
 123 	  -61.00   105.66     0.00     0.00     0.00     0.00
 123 	  -61.00   105.66     0.00     0.00     0.00     0.00
   	   21.00    17.00     0.00    90.00
   	   21.00    17.00     0.00    90.00
 124 	   61.00   105.66     0.00     0.00     0.00     0.00
 124 	   61.00   105.66     0.00     0.00     0.00     0.00
   	   21.00    17.00     0.00    90.00
   	   21.00    17.00     0.00    90.00
 125 	  183.00   105.66     0.00     0.00     0.00     0.00
 125 	  183.00   105.66     0.00     0.00     0.00     0.00
   	   21.00    17.00     0.00    90.00
   	   21.00    17.00     0.00    90.00
 126 	  305.00   105.66     0.00     0.00     0.00     0.00
 126 	  305.00   105.66     0.00     0.00     0.00     0.00
   	   21.00    17.00     0.00    90.00
   	   21.00    17.00     0.00    90.00
 127 	  427.00   105.66     0.00     0.00     0.00     0.00
 127 	  427.00   105.66     0.00     0.00     0.00     0.00
   	   21.00    17.00     0.00    90.00
   	   21.00    17.00     0.00    90.00
 128 	  549.00   105.66     0.00     0.00     0.00     0.00
 128 	  549.00   105.66     0.00     0.00     0.00     0.00
   	   21.00    17.00     0.00    90.00
   	   21.00    17.00     0.00    90.00
 129 	  671.00   105.66     0.00     0.00     0.00     0.00
 129 	  671.00   105.66     0.00     0.00     0.00     0.00
   	   21.00    17.00     0.00    90.00
   	   21.00    17.00     0.00    90.00
 130 	  793.00   105.66     0.00     0.00     0.00     0.00
 130 	  793.00   105.66     0.00     0.00     0.00     0.00
   	   21.00    17.00     0.00    90.00
   	   21.00    17.00     0.00    90.00
 131 	  915.00   105.66     0.00     0.00     0.00     0.00
 131 	  915.00   105.66     0.00     0.00     0.00     0.00
   	   21.00    17.00     0.00    90.00
   	   21.00    17.00     0.00    90.00
 132 	 1037.00   105.66     0.00     0.00     0.00     0.00
 132 	 1037.00   105.66     0.00     0.00     0.00     0.00
   	   21.00    17.00     0.00    90.00
   	   21.00    17.00     0.00    90.00

** End writing output file: ../inputs/gr288.dat 
