*******************************************************************************
                         ARRAY PREPROCESSOR ver. 1.0
*******************************************************************************



   1	GROUP testgroup
   3	 GRID HEXAGONAL
   4	 ELEMENT
   5	 GEOMETRY CIRCULAR 34
   6	 POLARIZATION CIRCULAR RH
   8	 ADD HEXAGON -6 12
  10	 GROUP_EXCITATION
  11	 AMPLITUDE UNIFORM 33
  12	 PHASE SECOND ORDER 23 17 22 32 25
  13	 END

** Generating GROUP: testgroup.
** PSTEP,QSTEP set to:68.000000,68.000000
** Grid ANGLE set to:60.000000 
** Group ROT_ANGLE set to: 0.000000 

** Writing output file: ../inputs/gr294.dat

NEL 
NPORTS
IDUM      REXA     REYA     REZA     THEA     PHEA     PSEA 
          AMP      PSH      PSC      PHEPOL
   7
   7
   1
   1
   1 	  -34.00   765.57     0.00     0.00     0.00     0.00
   1 	  -34.00   765.57     0.00     0.00     0.00     0.00
   	   33.00    23.00     0.00    90.00
   	   33.00    23.00     0.00    90.00
   2 	   34.00   765.57     0.00     0.00     0.00     0.00
   2 	   34.00   765.57     0.00     0.00     0.00     0.00
   	   33.00    22.00     0.00    90.00
   	   33.00    22.00     0.00    90.00
   3 	   68.00   706.68     0.00     0.00     0.00     0.00
   3 	   68.00   706.68     0.00     0.00     0.00     0.00
   	   33.00    18.50     0.00    90.00
   	   33.00    18.50     0.00    90.00
   4 	   34.00   647.79     0.00     0.00     0.00     0.00
   4 	   34.00   647.79     0.00     0.00     0.00     0.00
   	   33.00    24.00     0.00    90.00
   	   33.00    24.00     0.00    90.00
   5 	  -34.00   647.79     0.00     0.00     0.00     0.00
   5 	  -34.00   647.79     0.00     0.00     0.00     0.00
   	   33.00    25.00     0.00    90.00
   	   33.00    25.00     0.00    90.00
   6 	  -68.00   706.68     0.00     0.00     0.00     0.00
   6 	  -68.00   706.68     0.00     0.00     0.00     0.00
   	   33.00    20.50     0.00    90.00
   	   33.00    20.50     0.00    90.00
   7 	   -0.00   706.68     0.00     0.00     0.00     0.00
   7 	   -0.00   706.68     0.00     0.00     0.00     0.00
   	   33.00    23.00     0.00    90.00
   	   33.00    23.00     0.00    90.00

** End writing output file: ../inputs/gr294.dat 
