*******************************************************************************
                         ARRAY PREPROCESSOR ver. 1.0
*******************************************************************************



   1	GROUP testgroup
   3	 GRID HEXAGONAL STEP 46
   4	 ELEMENT
   5	 GEOMETRY CIRCULAR 53
   7	 ADD BLOCK -2 -8 -10 -8
   9	 GROUP_EXCITATION
  10	 AMPLITUDE UNIFORM 33
  11	 PHASE UNIFORM -121
  12	 END

** WARNING B2: GRID step(s) too small for specified element in GROUP: testgroup
** Generating GROUP: testgroup.
** PSTEP,QSTEP set to:46.000000,46.000000
** Grid ANGLE set to:60.000000 
** Group ROT_ANGLE set to: 0.000000 

** Writing output file: ../inputs/gr296.dat

NEL 
NPORTS
IDUM      REXA     REYA     REZA     THEA     PHEA     PSEA 
          AMP      PSH      PSC      PHEPOL
   9
   9
   1
   1
   1 	 -644.00  -318.70     0.00     0.00     0.00     0.00
   1 	 -644.00  -318.70     0.00     0.00     0.00     0.00
   	   33.00  -121.00     0.00    90.00
   	   33.00  -121.00     0.00    90.00
   2 	 -598.00  -318.70     0.00     0.00     0.00     0.00
   2 	 -598.00  -318.70     0.00     0.00     0.00     0.00
   	   33.00  -121.00     0.00    90.00
   	   33.00  -121.00     0.00    90.00
   3 	 -552.00  -318.70     0.00     0.00     0.00     0.00
   3 	 -552.00  -318.70     0.00     0.00     0.00     0.00
   	   33.00  -121.00     0.00    90.00
   	   33.00  -121.00     0.00    90.00
   4 	 -506.00  -318.70     0.00     0.00     0.00     0.00
   4 	 -506.00  -318.70     0.00     0.00     0.00     0.00
   	   33.00  -121.00     0.00    90.00
   	   33.00  -121.00     0.00    90.00
   5 	 -460.00  -318.70     0.00     0.00     0.00     0.00
   5 	 -460.00  -318.70     0.00     0.00     0.00     0.00
   	   33.00  -121.00     0.00    90.00
   	   33.00  -121.00     0.00    90.00
   6 	 -414.00  -318.70     0.00     0.00     0.00     0.00
   6 	 -414.00  -318.70     0.00     0.00     0.00     0.00
   	   33.00  -121.00     0.00    90.00
   	   33.00  -121.00     0.00    90.00
   7 	 -368.00  -318.70     0.00     0.00     0.00     0.00
   7 	 -368.00  -318.70     0.00     0.00     0.00     0.00
   	   33.00  -121.00     0.00    90.00
   	   33.00  -121.00     0.00    90.00
   8 	 -322.00  -318.70     0.00     0.00     0.00     0.00
   8 	 -322.00  -318.70     0.00     0.00     0.00     0.00
   	   33.00  -121.00     0.00    90.00
   	   33.00  -121.00     0.00    90.00
   9 	 -276.00  -318.70     0.00     0.00     0.00     0.00
   9 	 -276.00  -318.70     0.00     0.00     0.00     0.00
   	   33.00  -121.00     0.00    90.00
   	   33.00  -121.00     0.00    90.00

** End writing output file: ../inputs/gr296.dat 
