*******************************************************************************
                         ARRAY PREPROCESSOR ver. 1.0
*******************************************************************************



   1	GROUP testgroup
   3	 GRID RECTANGULAR
   4	 ELEMENT
   5	 GEOMETRY CIRCULAR 54
   6	 POLARIZATION CIRCULAR LH
   8	 ADD BLOCK 0 0 2 -3
   9	 ADD BLOCK -3 9 12 -5
  10	 ADD BLOCK -2 -5 8 4
  11	 ADD BLOCK -2 -8 -1 -4
  13	 GROUP_EXCITATION
  14	 AMPLITUDE UNIFORM 29
  15	 PHASE UNIFORM 262
  16	 END

** Generating GROUP: testgroup.
** PSTEP,QSTEP set to:108.000000,108.000000
** Grid ANGLE set to:90.000000 
** Group ROT_ANGLE set to: 0.000000 

** Writing output file: ../inputs/gr3.dat

NEL 
NPORTS
IDUM      REXA     REYA     REZA     THEA     PHEA     PSEA 
          AMP      PSH      PSC      PHEPOL
 372
 372
   1
   1
   1 	    0.00  -324.00     0.00     0.00     0.00     0.00
   1 	    0.00  -324.00     0.00     0.00     0.00     0.00
   	   29.00   262.00     0.00    90.00
   	   29.00   262.00     0.00    90.00
   2 	  108.00  -324.00     0.00     0.00     0.00     0.00
   2 	  108.00  -324.00     0.00     0.00     0.00     0.00
   	   29.00   262.00     0.00    90.00
   	   29.00   262.00     0.00    90.00
   3 	  216.00  -324.00     0.00     0.00     0.00     0.00
   3 	  216.00  -324.00     0.00     0.00     0.00     0.00
   	   29.00   262.00     0.00    90.00
   	   29.00   262.00     0.00    90.00
   4 	    0.00  -216.00     0.00     0.00     0.00     0.00
   4 	    0.00  -216.00     0.00     0.00     0.00     0.00
   	   29.00   262.00     0.00    90.00
   	   29.00   262.00     0.00    90.00
   5 	  108.00  -216.00     0.00     0.00     0.00     0.00
   5 	  108.00  -216.00     0.00     0.00     0.00     0.00
   	   29.00   262.00     0.00    90.00
   	   29.00   262.00     0.00    90.00
   6 	  216.00  -216.00     0.00     0.00     0.00     0.00
   6 	  216.00  -216.00     0.00     0.00     0.00     0.00
   	   29.00   262.00     0.00    90.00
   	   29.00   262.00     0.00    90.00
   7 	    0.00  -108.00     0.00     0.00     0.00     0.00
   7 	    0.00  -108.00     0.00     0.00     0.00     0.00
   	   29.00   262.00     0.00    90.00
   	   29.00   262.00     0.00    90.00
   8 	  108.00  -108.00     0.00     0.00     0.00     0.00
   8 	  108.00  -108.00     0.00     0.00     0.00     0.00
   	   29.00   262.00     0.00    90.00
   	   29.00   262.00     0.00    90.00
   9 	  216.00  -108.00     0.00     0.00     0.00     0.00
   9 	  216.00  -108.00     0.00     0.00     0.00     0.00
   	   29.00   262.00     0.00    90.00
   	   29.00   262.00     0.00    90.00
  10 	    0.00     0.00     0.00     0.00     0.00     0.00
  10 	    0.00     0.00     0.00     0.00     0.00     0.00
   	   29.00   262.00     0.00    90.00
   	   29.00   262.00     0.00    90.00
  11 	  108.00     0.00     0.00     0.00     0.00     0.00
  11 	  108.00     0.00     0.00     0.00     0.00     0.00
   	   29.00   262.00     0.00    90.00
   	   29.00   262.00     0.00    90.00
  12 	  216.00     0.00     0.00     0.00     0.00     0.00
  12 	  216.00     0.00     0.00     0.00     0.00     0.00
   	   29.00   262.00     0.00    90.00
   	   29.00   262.00     0.00    90.00
  13 	 -324.00  -540.00     0.00     0.00     0.00     0.00
  13 	 -324.00  -540.00     0.00     0.00     0.00     0.00
   	   29.00   262.00     0.00    90.00
   	   29.00   262.00     0.00    90.00
  14 	 -216.00  -540.00     0.00     0.00     0.00     0.00
  14 	 -216.00  -540.00     0.00     0.00     0.00     0.00
   	   29.00   262.00     0.00    90.00
   	   29.00   262.00     0.00    90.00
  15 	 -108.00  -540.00     0.00     0.00     0.00     0.00
  15 	 -108.00  -540.00     0.00     0.00     0.00     0.00
   	   29.00   262.00     0.00    90.00
   	   29.00   262.00     0.00    90.00
  16 	    0.00  -540.00     0.00     0.00     0.00     0.00
  16 	    0.00  -540.00     0.00     0.00     0.00     0.00
   	   29.00   262.00     0.00    90.00
   	   29.00   262.00     0.00    90.00
  17 	  108.00  -540.00     0.00     0.00     0.00     0.00
  17 	  108.00  -540.00     0.00     0.00     0.00     0.00
   	   29.00   262.00     0.00    90.00
   	   29.00   262.00     0.00    90.00
  18 	  216.00  -540.00     0.00     0.00     0.00     0.00
  18 	  216.00  -540.00     0.00     0.00     0.00     0.00
   	   29.00   262.00     0.00    90.00
   	   29.00   262.00     0.00    90.00
  19 	  324.00  -540.00     0.00     0.00     0.00     0.00
  19 	  324.00  -540.00     0.00     0.00     0.00     0.00
   	   29.00   262.00     0.00    90.00
   	   29.00   262.00     0.00    90.00
  20 	  432.00  -540.00     0.00     0.00     0.00     0.00
  20 	  432.00  -540.00     0.00     0.00     0.00     0.00
   	   29.00   262.00     0.00    90.00
   	   29.00   262.00     0.00    90.00
  21 	  540.00  -540.00     0.00     0.00     0.00     0.00
  21 	  540.00  -540.00     0.00     0.00     0.00     0.00
   	   29.00   262.00     0.00    90.00
   	   29.00   262.00     0.00    90.00
  22 	  648.00  -540.00     0.00     0.00     0.00     0.00
  22 	  648.00  -540.00     0.00     0.00     0.00     0.00
   	   29.00   262.00     0.00    90.00
   	   29.00   262.00     0.00    90.00
  23 	  756.00  -540.00     0.00     0.00     0.00     0.00
  23 	  756.00  -540.00     0.00     0.00     0.00     0.00
   	   29.00   262.00     0.00    90.00
   	   29.00   262.00     0.00    90.00
  24 	  864.00  -540.00     0.00     0.00     0.00     0.00
  24 	  864.00  -540.00     0.00     0.00     0.00     0.00
   	   29.00   262.00     0.00    90.00
   	   29.00   262.00     0.00    90.00
  25 	  972.00  -540.00     0.00     0.00     0.00     0.00
  25 	  972.00  -540.00     0.00     0.00     0.00     0.00
   	   29.00   262.00     0.00    90.00
   	   29.00   262.00     0.00    90.00
  26 	 1080.00  -540.00     0.00     0.00     0.00     0.00
  26 	 1080.00  -540.00     0.00     0.00     0.00     0.00
   	   29.00   262.00     0.00    90.00
   	   29.00   262.00     0.00    90.00
  27 	 1188.00  -540.00     0.00     0.00     0.00     0.00
  27 	 1188.00  -540.00     0.00     0.00     0.00     0.00
   	   29.00   262.00     0.00    90.00
   	   29.00   262.00     0.00    90.00
  28 	 1296.00  -540.00     0.00     0.00     0.00     0.00
  28 	 1296.00  -540.00     0.00     0.00     0.00     0.00
   	   29.00   262.00     0.00    90.00
   	   29.00   262.00     0.00    90.00
  29 	 -324.00  -432.00     0.00     0.00     0.00     0.00
  29 	 -324.00  -432.00     0.00     0.00     0.00     0.00
   	   29.00   262.00     0.00    90.00
   	   29.00   262.00     0.00    90.00
  30 	 -216.00  -432.00     0.00     0.00     0.00     0.00
  30 	 -216.00  -432.00     0.00     0.00     0.00     0.00
   	   29.00   262.00     0.00    90.00
   	   29.00   262.00     0.00    90.00
  31 	 -108.00  -432.00     0.00     0.00     0.00     0.00
  31 	 -108.00  -432.00     0.00     0.00     0.00     0.00
   	   29.00   262.00     0.00    90.00
   	   29.00   262.00     0.00    90.00
  32 	    0.00  -432.00     0.00     0.00     0.00     0.00
  32 	    0.00  -432.00     0.00     0.00     0.00     0.00
   	   29.00   262.00     0.00    90.00
   	   29.00   262.00     0.00    90.00
  33 	  108.00  -432.00     0.00     0.00     0.00     0.00
  33 	  108.00  -432.00     0.00     0.00     0.00     0.00
   	   29.00   262.00     0.00    90.00
   	   29.00   262.00     0.00    90.00
  34 	  216.00  -432.00     0.00     0.00     0.00     0.00
  34 	  216.00  -432.00     0.00     0.00     0.00     0.00
   	   29.00   262.00     0.00    90.00
   	   29.00   262.00     0.00    90.00
  35 	  324.00  -432.00     0.00     0.00     0.00     0.00
  35 	  324.00  -432.00     0.00     0.00     0.00     0.00
   	   29.00   262.00     0.00    90.00
   	   29.00   262.00     0.00    90.00
  36 	  432.00  -432.00     0.00     0.00     0.00     0.00
  36 	  432.00  -432.00     0.00     0.00     0.00     0.00
   	   29.00   262.00     0.00    90.00
   	   29.00   262.00     0.00    90.00
  37 	  540.00  -432.00     0.00     0.00     0.00     0.00
  37 	  540.00  -432.00     0.00     0.00     0.00     0.00
   	   29.00   262.00     0.00    90.00
   	   29.00   262.00     0.00    90.00
  38 	  648.00  -432.00     0.00     0.00     0.00     0.00
  38 	  648.00  -432.00     0.00     0.00     0.00     0.00
   	   29.00   262.00     0.00    90.00
   	   29.00   262.00     0.00    90.00
  39 	  756.00  -432.00     0.00     0.00     0.00     0.00
  39 	  756.00  -432.00     0.00     0.00     0.00     0.00
   	   29.00   262.00     0.00    90.00
   	   29.00   262.00     0.00    90.00
  40 	  864.00  -432.00     0.00     0.00     0.00     0.00
  40 	  864.00  -432.00     0.00     0.00     0.00     0.00
   	   29.00   262.00     0.00    90.00
   	   29.00   262.00     0.00    90.00
  41 	  972.00  -432.00     0.00     0.00     0.00     0.00
  41 	  972.00  -432.00     0.00     0.00     0.00     0.00
   	   29.00   262.00     0.00    90.00
   	   29.00   262.00     0.00    90.00
  42 	 1080.00  -432.00     0.00     0.00     0.00     0.00
  42 	 1080.00  -432.00     0.00     0.00     0.00     0.00
   	   29.00   262.00     0.00    90.00
   	   29.00   262.00     0.00    90.00
  43 	 1188.00  -432.00     0.00     0.00     0.00     0.00
  43 	 1188.00  -432.00     0.00     0.00     0.00     0.00
   	   29.00   262.00     0.00    90.00
   	   29.00   262.00     0.00    90.00
  44 	 1296.00  -432.00     0.00     0.00     0.00     0.00
  44 	 1296.00  -432.00     0.00     0.00     0.00     0.00
   	   29.00   262.00     0.00    90.00
   	   29.00   262.00     0.00    90.00
  45 	 -324.00  -324.00     0.00     0.00     0.00     0.00
  45 	 -324.00  -324.00     0.00     0.00     0.00     0.00
   	   29.00   262.00     0.00    90.00
   	   29.00   262.00     0.00    90.00
  46 	 -216.00  -324.00     0.00     0.00     0.00     0.00
  46 	 -216.00  -324.00     0.00     0.00     0.00     0.00
   	   29.00   262.00     0.00    90.00
   	   29.00   262.00     0.00    90.00
  47 	 -108.00  -324.00     0.00     0.00     0.00     0.00
  47 	 -108.00  -324.00     0.00     0.00     0.00     0.00
   	   29.00   262.00     0.00    90.00
   	   29.00   262.00     0.00    90.00
  48 	    0.00  -324.00     0.00     0.00     0.00     0.00
  48 	    0.00  -324.00     0.00     0.00     0.00     0.00
   	   29.00   262.00     0.00    90.00
   	   29.00   262.00     0.00    90.00
  49 	  108.00  -324.00     0.00     0.00     0.00     0.00
  49 	  108.00  -324.00     0.00     0.00     0.00     0.00
   	   29.00   262.00     0.00    90.00
   	   29.00   262.00     0.00    90.00
  50 	  216.00  -324.00     0.00     0.00     0.00     0.00
  50 	  216.00  -324.00     0.00     0.00     0.00     0.00
   	   29.00   262.00     0.00    90.00
   	   29.00   262.00     0.00    90.00
  51 	  324.00  -324.00     0.00     0.00     0.00     0.00
  51 	  324.00  -324.00     0.00     0.00     0.00     0.00
   	   29.00   262.00     0.00    90.00
   	   29.00   262.00     0.00    90.00
  52 	  432.00  -324.00     0.00     0.00     0.00     0.00
  52 	  432.00  -324.00     0.00     0.00     0.00     0.00
   	   29.00   262.00     0.00    90.00
   	   29.00   262.00     0.00    90.00
  53 	  540.00  -324.00     0.00     0.00     0.00     0.00
  53 	  540.00  -324.00     0.00     0.00     0.00     0.00
   	   29.00   262.00     0.00    90.00
   	   29.00   262.00     0.00    90.00
  54 	  648.00  -324.00     0.00     0.00     0.00     0.00
  54 	  648.00  -324.00     0.00     0.00     0.00     0.00
   	   29.00   262.00     0.00    90.00
   	   29.00   262.00     0.00    90.00
  55 	  756.00  -324.00     0.00     0.00     0.00     0.00
  55 	  756.00  -324.00     0.00     0.00     0.00     0.00
   	   29.00   262.00     0.00    90.00
   	   29.00   262.00     0.00    90.00
  56 	  864.00  -324.00     0.00     0.00     0.00     0.00
  56 	  864.00  -324.00     0.00     0.00     0.00     0.00
   	   29.00   262.00     0.00    90.00
   	   29.00   262.00     0.00    90.00
  57 	  972.00  -324.00     0.00     0.00     0.00     0.00
  57 	  972.00  -324.00     0.00     0.00     0.00     0.00
   	   29.00   262.00     0.00    90.00
   	   29.00   262.00     0.00    90.00
  58 	 1080.00  -324.00     0.00     0.00     0.00     0.00
  58 	 1080.00  -324.00     0.00     0.00     0.00     0.00
   	   29.00   262.00     0.00    90.00
   	   29.00   262.00     0.00    90.00
  59 	 1188.00  -324.00     0.00     0.00     0.00     0.00
  59 	 1188.00  -324.00     0.00     0.00     0.00     0.00
   	   29.00   262.00     0.00    90.00
   	   29.00   262.00     0.00    90.00
  60 	 1296.00  -324.00     0.00     0.00     0.00     0.00
  60 	 1296.00  -324.00     0.00     0.00     0.00     0.00
   	   29.00   262.00     0.00    90.00
   	   29.00   262.00     0.00    90.00
  61 	 -324.00  -216.00     0.00     0.00     0.00     0.00
  61 	 -324.00  -216.00     0.00     0.00     0.00     0.00
   	   29.00   262.00     0.00    90.00
   	   29.00   262.00     0.00    90.00
  62 	 -216.00  -216.00     0.00     0.00     0.00     0.00
  62 	 -216.00  -216.00     0.00     0.00     0.00     0.00
   	   29.00   262.00     0.00    90.00
   	   29.00   262.00     0.00    90.00
  63 	 -108.00  -216.00     0.00     0.00     0.00     0.00
  63 	 -108.00  -216.00     0.00     0.00     0.00     0.00
   	   29.00   262.00     0.00    90.00
   	   29.00   262.00     0.00    90.00
  64 	    0.00  -216.00     0.00     0.00     0.00     0.00
  64 	    0.00  -216.00     0.00     0.00     0.00     0.00
   	   29.00   262.00     0.00    90.00
   	   29.00   262.00     0.00    90.00
  65 	  108.00  -216.00     0.00     0.00     0.00     0.00
  65 	  108.00  -216.00     0.00     0.00     0.00     0.00
   	   29.00   262.00     0.00    90.00
   	   29.00   262.00     0.00    90.00
  66 	  216.00  -216.00     0.00     0.00     0.00     0.00
  66 	  216.00  -216.00     0.00     0.00     0.00     0.00
   	   29.00   262.00     0.00    90.00
   	   29.00   262.00     0.00    90.00
  67 	  324.00  -216.00     0.00     0.00     0.00     0.00
  67 	  324.00  -216.00     0.00     0.00     0.00     0.00
   	   29.00   262.00     0.00    90.00
   	   29.00   262.00     0.00    90.00
  68 	  432.00  -216.00     0.00     0.00     0.00     0.00
  68 	  432.00  -216.00     0.00     0.00     0.00     0.00
   	   29.00   262.00     0.00    90.00
   	   29.00   262.00     0.00    90.00
  69 	  540.00  -216.00     0.00     0.00     0.00     0.00
  69 	  540.00  -216.00     0.00     0.00     0.00     0.00
   	   29.00   262.00     0.00    90.00
   	   29.00   262.00     0.00    90.00
  70 	  648.00  -216.00     0.00     0.00     0.00     0.00
  70 	  648.00  -216.00     0.00     0.00     0.00     0.00
   	   29.00   262.00     0.00    90.00
   	   29.00   262.00     0.00    90.00
  71 	  756.00  -216.00     0.00     0.00     0.00     0.00
  71 	  756.00  -216.00     0.00     0.00     0.00     0.00
   	   29.00   262.00     0.00    90.00
   	   29.00   262.00     0.00    90.00
  72 	  864.00  -216.00     0.00     0.00     0.00     0.00
  72 	  864.00  -216.00     0.00     0.00     0.00     0.00
   	   29.00   262.00     0.00    90.00
   	   29.00   262.00     0.00    90.00
  73 	  972.00  -216.00     0.00     0.00     0.00     0.00
  73 	  972.00  -216.00     0.00     0.00     0.00     0.00
   	   29.00   262.00     0.00    90.00
   	   29.00   262.00     0.00    90.00
  74 	 1080.00  -216.00     0.00     0.00     0.00     0.00
  74 	 1080.00  -216.00     0.00     0.00     0.00     0.00
   	   29.00   262.00     0.00    90.00
   	   29.00   262.00     0.00    90.00
  75 	 1188.00  -216.00     0.00     0.00     0.00     0.00
  75 	 1188.00  -216.00     0.00     0.00     0.00     0.00
   	   29.00   262.00     0.00    90.00
   	   29.00   262.00     0.00    90.00
  76 	 1296.00  -216.00     0.00     0.00     0.00     0.00
  76 	 1296.00  -216.00     0.00     0.00     0.00     0.00
   	   29.00   262.00     0.00    90.00
   	   29.00   262.00     0.00    90.00
  77 	 -324.00  -108.00     0.00     0.00     0.00     0.00
  77 	 -324.00  -108.00     0.00     0.00     0.00     0.00
   	   29.00   262.00     0.00    90.00
   	   29.00   262.00     0.00    90.00
  78 	 -216.00  -108.00     0.00     0.00     0.00     0.00
  78 	 -216.00  -108.00     0.00     0.00     0.00     0.00
   	   29.00   262.00     0.00    90.00
   	   29.00   262.00     0.00    90.00
  79 	 -108.00  -108.00     0.00     0.00     0.00     0.00
  79 	 -108.00  -108.00     0.00     0.00     0.00     0.00
   	   29.00   262.00     0.00    90.00
   	   29.00   262.00     0.00    90.00
  80 	    0.00  -108.00     0.00     0.00     0.00     0.00
  80 	    0.00  -108.00     0.00     0.00     0.00     0.00
   	   29.00   262.00     0.00    90.00
   	   29.00   262.00     0.00    90.00
  81 	  108.00  -108.00     0.00     0.00     0.00     0.00
  81 	  108.00  -108.00     0.00     0.00     0.00     0.00
   	   29.00   262.00     0.00    90.00
   	   29.00   262.00     0.00    90.00
  82 	  216.00  -108.00     0.00     0.00     0.00     0.00
  82 	  216.00  -108.00     0.00     0.00     0.00     0.00
   	   29.00   262.00     0.00    90.00
   	   29.00   262.00     0.00    90.00
  83 	  324.00  -108.00     0.00     0.00     0.00     0.00
  83 	  324.00  -108.00     0.00     0.00     0.00     0.00
   	   29.00   262.00     0.00    90.00
   	   29.00   262.00     0.00    90.00
  84 	  432.00  -108.00     0.00     0.00     0.00     0.00
  84 	  432.00  -108.00     0.00     0.00     0.00     0.00
   	   29.00   262.00     0.00    90.00
   	   29.00   262.00     0.00    90.00
  85 	  540.00  -108.00     0.00     0.00     0.00     0.00
  85 	  540.00  -108.00     0.00     0.00     0.00     0.00
   	   29.00   262.00     0.00    90.00
   	   29.00   262.00     0.00    90.00
  86 	  648.00  -108.00     0.00     0.00     0.00     0.00
  86 	  648.00  -108.00     0.00     0.00     0.00     0.00
   	   29.00   262.00     0.00    90.00
   	   29.00   262.00     0.00    90.00
  87 	  756.00  -108.00     0.00     0.00     0.00     0.00
  87 	  756.00  -108.00     0.00     0.00     0.00     0.00
   	   29.00   262.00     0.00    90.00
   	   29.00   262.00     0.00    90.00
  88 	  864.00  -108.00     0.00     0.00     0.00     0.00
  88 	  864.00  -108.00     0.00     0.00     0.00     0.00
   	   29.00   262.00     0.00    90.00
   	   29.00   262.00     0.00    90.00
  89 	  972.00  -108.00     0.00     0.00     0.00     0.00
  89 	  972.00  -108.00     0.00     0.00     0.00     0.00
   	   29.00   262.00     0.00    90.00
   	   29.00   262.00     0.00    90.00
  90 	 1080.00  -108.00     0.00     0.00     0.00     0.00
  90 	 1080.00  -108.00     0.00     0.00     0.00     0.00
   	   29.00   262.00     0.00    90.00
   	   29.00   262.00     0.00    90.00
  91 	 1188.00  -108.00     0.00     0.00     0.00     0.00
  91 	 1188.00  -108.00     0.00     0.00     0.00     0.00
   	   29.00   262.00     0.00    90.00
   	   29.00   262.00     0.00    90.00
  92 	 1296.00  -108.00     0.00     0.00     0.00     0.00
  92 	 1296.00  -108.00     0.00     0.00     0.00     0.00
   	   29.00   262.00     0.00    90.00
   	   29.00   262.00     0.00    90.00
  93 	 -324.00     0.00     0.00     0.00     0.00     0.00
  93 	 -324.00     0.00     0.00     0.00     0.00     0.00
   	   29.00   262.00     0.00    90.00
   	   29.00   262.00     0.00    90.00
  94 	 -216.00     0.00     0.00     0.00     0.00     0.00
  94 	 -216.00     0.00     0.00     0.00     0.00     0.00
   	   29.00   262.00     0.00    90.00
   	   29.00   262.00     0.00    90.00
  95 	 -108.00     0.00     0.00     0.00     0.00     0.00
  95 	 -108.00     0.00     0.00     0.00     0.00     0.00
   	   29.00   262.00     0.00    90.00
   	   29.00   262.00     0.00    90.00
  96 	    0.00     0.00     0.00     0.00     0.00     0.00
  96 	    0.00     0.00     0.00     0.00     0.00     0.00
   	   29.00   262.00     0.00    90.00
   	   29.00   262.00     0.00    90.00
  97 	  108.00     0.00     0.00     0.00     0.00     0.00
  97 	  108.00     0.00     0.00     0.00     0.00     0.00
   	   29.00   262.00     0.00    90.00
   	   29.00   262.00     0.00    90.00
  98 	  216.00     0.00     0.00     0.00     0.00     0.00
  98 	  216.00     0.00     0.00     0.00     0.00     0.00
   	   29.00   262.00     0.00    90.00
   	   29.00   262.00     0.00    90.00
  99 	  324.00     0.00     0.00     0.00     0.00     0.00
  99 	  324.00     0.00     0.00     0.00     0.00     0.00
   	   29.00   262.00     0.00    90.00
   	   29.00   262.00     0.00    90.00
 100 	  432.00     0.00     0.00     0.00     0.00     0.00
 100 	  432.00     0.00     0.00     0.00     0.00     0.00
   	   29.00   262.00     0.00    90.00
   	   29.00   262.00     0.00    90.00
 101 	  540.00     0.00     0.00     0.00     0.00     0.00
 101 	  540.00     0.00     0.00     0.00     0.00     0.00
   	   29.00   262.00     0.00    90.00
   	   29.00   262.00     0.00    90.00
 102 	  648.00     0.00     0.00     0.00     0.00     0.00
 102 	  648.00     0.00     0.00     0.00     0.00     0.00
   	   29.00   262.00     0.00    90.00
   	   29.00   262.00     0.00    90.00
 103 	  756.00     0.00     0.00     0.00     0.00     0.00
 103 	  756.00     0.00     0.00     0.00     0.00     0.00
   	   29.00   262.00     0.00    90.00
   	   29.00   262.00     0.00    90.00
 104 	  864.00     0.00     0.00     0.00     0.00     0.00
 104 	  864.00     0.00     0.00     0.00     0.00     0.00
   	   29.00   262.00     0.00    90.00
   	   29.00   262.00     0.00    90.00
 105 	  972.00     0.00     0.00     0.00     0.00     0.00
 105 	  972.00     0.00     0.00     0.00     0.00     0.00
   	   29.00   262.00     0.00    90.00
   	   29.00   262.00     0.00    90.00
 106 	 1080.00     0.00     0.00     0.00     0.00     0.00
 106 	 1080.00     0.00     0.00     0.00     0.00     0.00
   	   29.00   262.00     0.00    90.00
   	   29.00   262.00     0.00    90.00
 107 	 1188.00     0.00     0.00     0.00     0.00     0.00
 107 	 1188.00     0.00     0.00     0.00     0.00     0.00
   	   29.00   262.00     0.00    90.00
   	   29.00   262.00     0.00    90.00
 108 	 1296.00     0.00     0.00     0.00     0.00     0.00
 108 	 1296.00     0.00     0.00     0.00     0.00     0.00
   	   29.00   262.00     0.00    90.00
   	   29.00   262.00     0.00    90.00
 109 	 -324.00   108.00     0.00     0.00     0.00     0.00
 109 	 -324.00   108.00     0.00     0.00     0.00     0.00
   	   29.00   262.00     0.00    90.00
   	   29.00   262.00     0.00    90.00
 110 	 -216.00   108.00     0.00     0.00     0.00     0.00
 110 	 -216.00   108.00     0.00     0.00     0.00     0.00
   	   29.00   262.00     0.00    90.00
   	   29.00   262.00     0.00    90.00
 111 	 -108.00   108.00     0.00     0.00     0.00     0.00
 111 	 -108.00   108.00     0.00     0.00     0.00     0.00
   	   29.00   262.00     0.00    90.00
   	   29.00   262.00     0.00    90.00
 112 	   -0.00   108.00     0.00     0.00     0.00     0.00
 112 	   -0.00   108.00     0.00     0.00     0.00     0.00
   	   29.00   262.00     0.00    90.00
   	   29.00   262.00     0.00    90.00
 113 	  108.00   108.00     0.00     0.00     0.00     0.00
 113 	  108.00   108.00     0.00     0.00     0.00     0.00
   	   29.00   262.00     0.00    90.00
   	   29.00   262.00     0.00    90.00
 114 	  216.00   108.00     0.00     0.00     0.00     0.00
 114 	  216.00   108.00     0.00     0.00     0.00     0.00
   	   29.00   262.00     0.00    90.00
   	   29.00   262.00     0.00    90.00
 115 	  324.00   108.00     0.00     0.00     0.00     0.00
 115 	  324.00   108.00     0.00     0.00     0.00     0.00
   	   29.00   262.00     0.00    90.00
   	   29.00   262.00     0.00    90.00
 116 	  432.00   108.00     0.00     0.00     0.00     0.00
 116 	  432.00   108.00     0.00     0.00     0.00     0.00
   	   29.00   262.00     0.00    90.00
   	   29.00   262.00     0.00    90.00
 117 	  540.00   108.00     0.00     0.00     0.00     0.00
 117 	  540.00   108.00     0.00     0.00     0.00     0.00
   	   29.00   262.00     0.00    90.00
   	   29.00   262.00     0.00    90.00
 118 	  648.00   108.00     0.00     0.00     0.00     0.00
 118 	  648.00   108.00     0.00     0.00     0.00     0.00
   	   29.00   262.00     0.00    90.00
   	   29.00   262.00     0.00    90.00
 119 	  756.00   108.00     0.00     0.00     0.00     0.00
 119 	  756.00   108.00     0.00     0.00     0.00     0.00
   	   29.00   262.00     0.00    90.00
   	   29.00   262.00     0.00    90.00
 120 	  864.00   108.00     0.00     0.00     0.00     0.00
 120 	  864.00   108.00     0.00     0.00     0.00     0.00
   	   29.00   262.00     0.00    90.00
   	   29.00   262.00     0.00    90.00
 121 	  972.00   108.00     0.00     0.00     0.00     0.00
 121 	  972.00   108.00     0.00     0.00     0.00     0.00
   	   29.00   262.00     0.00    90.00
   	   29.00   262.00     0.00    90.00
 122 	 1080.00   108.00     0.00     0.00     0.00     0.00
 122 	 1080.00   108.00     0.00     0.00     0.00     0.00
   	   29.00   262.00     0.00    90.00
   	   29.00   262.00     0.00    90.00
 123 	 1188.00   108.00     0.00     0.00     0.00     0.00
 123 	 1188.00   108.00     0.00     0.00     0.00     0.00
   	   29.00   262.00     0.00    90.00
   	   29.00   262.00     0.00    90.00
 124 	 1296.00   108.00     0.00     0.00     0.00     0.00
 124 	 1296.00   108.00     0.00     0.00     0.00     0.00
   	   29.00   262.00     0.00    90.00
   	   29.00   262.00     0.00    90.00
 125 	 -324.00   216.00     0.00     0.00     0.00     0.00
 125 	 -324.00   216.00     0.00     0.00     0.00     0.00
   	   29.00   262.00     0.00    90.00
   	   29.00   262.00     0.00    90.00
 126 	 -216.00   216.00     0.00     0.00     0.00     0.00
 126 	 -216.00   216.00     0.00     0.00     0.00     0.00
   	   29.00   262.00     0.00    90.00
   	   29.00   262.00     0.00    90.00
 127 	 -108.00   216.00     0.00     0.00     0.00     0.00
 127 	 -108.00   216.00     0.00     0.00     0.00     0.00
   	   29.00   262.00     0.00    90.00
   	   29.00   262.00     0.00    90.00
 128 	   -0.00   216.00     0.00     0.00     0.00     0.00
 128 	   -0.00   216.00     0.00     0.00     0.00     0.00
   	   29.00   262.00     0.00    90.00
   	   29.00   262.00     0.00    90.00
 129 	  108.00   216.00     0.00     0.00     0.00     0.00
 129 	  108.00   216.00     0.00     0.00     0.00     0.00
   	   29.00   262.00     0.00    90.00
   	   29.00   262.00     0.00    90.00
 130 	  216.00   216.00     0.00     0.00     0.00     0.00
 130 	  216.00   216.00     0.00     0.00     0.00     0.00
   	   29.00   262.00     0.00    90.00
   	   29.00   262.00     0.00    90.00
 131 	  324.00   216.00     0.00     0.00     0.00     0.00
 131 	  324.00   216.00     0.00     0.00     0.00     0.00
   	   29.00   262.00     0.00    90.00
   	   29.00   262.00     0.00    90.00
 132 	  432.00   216.00     0.00     0.00     0.00     0.00
 132 	  432.00   216.00     0.00     0.00     0.00     0.00
   	   29.00   262.00     0.00    90.00
   	   29.00   262.00     0.00    90.00
 133 	  540.00   216.00     0.00     0.00     0.00     0.00
 133 	  540.00   216.00     0.00     0.00     0.00     0.00
   	   29.00   262.00     0.00    90.00
   	   29.00   262.00     0.00    90.00
 134 	  648.00   216.00     0.00     0.00     0.00     0.00
 134 	  648.00   216.00     0.00     0.00     0.00     0.00
   	   29.00   262.00     0.00    90.00
   	   29.00   262.00     0.00    90.00
 135 	  756.00   216.00     0.00     0.00     0.00     0.00
 135 	  756.00   216.00     0.00     0.00     0.00     0.00
   	   29.00   262.00     0.00    90.00
   	   29.00   262.00     0.00    90.00
 136 	  864.00   216.00     0.00     0.00     0.00     0.00
 136 	  864.00   216.00     0.00     0.00     0.00     0.00
   	   29.00   262.00     0.00    90.00
   	   29.00   262.00     0.00    90.00
 137 	  972.00   216.00     0.00     0.00     0.00     0.00
 137 	  972.00   216.00     0.00     0.00     0.00     0.00
   	   29.00   262.00     0.00    90.00
   	   29.00   262.00     0.00    90.00
 138 	 1080.00   216.00     0.00     0.00     0.00     0.00
 138 	 1080.00   216.00     0.00     0.00     0.00     0.00
   	   29.00   262.00     0.00    90.00
   	   29.00   262.00     0.00    90.00
 139 	 1188.00   216.00     0.00     0.00     0.00     0.00
 139 	 1188.00   216.00     0.00     0.00     0.00     0.00
   	   29.00   262.00     0.00    90.00
   	   29.00   262.00     0.00    90.00
 140 	 1296.00   216.00     0.00     0.00     0.00     0.00
 140 	 1296.00   216.00     0.00     0.00     0.00     0.00
   	   29.00   262.00     0.00    90.00
   	   29.00   262.00     0.00    90.00
 141 	 -324.00   324.00     0.00     0.00     0.00     0.00
 141 	 -324.00   324.00     0.00     0.00     0.00     0.00
   	   29.00   262.00     0.00    90.00
   	   29.00   262.00     0.00    90.00
 142 	 -216.00   324.00     0.00     0.00     0.00     0.00
 142 	 -216.00   324.00     0.00     0.00     0.00     0.00
   	   29.00   262.00     0.00    90.00
   	   29.00   262.00     0.00    90.00
 143 	 -108.00   324.00     0.00     0.00     0.00     0.00
 143 	 -108.00   324.00     0.00     0.00     0.00     0.00
   	   29.00   262.00     0.00    90.00
   	   29.00   262.00     0.00    90.00
 144 	   -0.00   324.00     0.00     0.00     0.00     0.00
 144 	   -0.00   324.00     0.00     0.00     0.00     0.00
   	   29.00   262.00     0.00    90.00
   	   29.00   262.00     0.00    90.00
 145 	  108.00   324.00     0.00     0.00     0.00     0.00
 145 	  108.00   324.00     0.00     0.00     0.00     0.00
   	   29.00   262.00     0.00    90.00
   	   29.00   262.00     0.00    90.00
 146 	  216.00   324.00     0.00     0.00     0.00     0.00
 146 	  216.00   324.00     0.00     0.00     0.00     0.00
   	   29.00   262.00     0.00    90.00
   	   29.00   262.00     0.00    90.00
 147 	  324.00   324.00     0.00     0.00     0.00     0.00
 147 	  324.00   324.00     0.00     0.00     0.00     0.00
   	   29.00   262.00     0.00    90.00
   	   29.00   262.00     0.00    90.00
 148 	  432.00   324.00     0.00     0.00     0.00     0.00
 148 	  432.00   324.00     0.00     0.00     0.00     0.00
   	   29.00   262.00     0.00    90.00
   	   29.00   262.00     0.00    90.00
 149 	  540.00   324.00     0.00     0.00     0.00     0.00
 149 	  540.00   324.00     0.00     0.00     0.00     0.00
   	   29.00   262.00     0.00    90.00
   	   29.00   262.00     0.00    90.00
 150 	  648.00   324.00     0.00     0.00     0.00     0.00
 150 	  648.00   324.00     0.00     0.00     0.00     0.00
   	   29.00   262.00     0.00    90.00
   	   29.00   262.00     0.00    90.00
 151 	  756.00   324.00     0.00     0.00     0.00     0.00
 151 	  756.00   324.00     0.00     0.00     0.00     0.00
   	   29.00   262.00     0.00    90.00
   	   29.00   262.00     0.00    90.00
 152 	  864.00   324.00     0.00     0.00     0.00     0.00
 152 	  864.00   324.00     0.00     0.00     0.00     0.00
   	   29.00   262.00     0.00    90.00
   	   29.00   262.00     0.00    90.00
 153 	  972.00   324.00     0.00     0.00     0.00     0.00
 153 	  972.00   324.00     0.00     0.00     0.00     0.00
   	   29.00   262.00     0.00    90.00
   	   29.00   262.00     0.00    90.00
 154 	 1080.00   324.00     0.00     0.00     0.00     0.00
 154 	 1080.00   324.00     0.00     0.00     0.00     0.00
   	   29.00   262.00     0.00    90.00
   	   29.00   262.00     0.00    90.00
 155 	 1188.00   324.00     0.00     0.00     0.00     0.00
 155 	 1188.00   324.00     0.00     0.00     0.00     0.00
   	   29.00   262.00     0.00    90.00
   	   29.00   262.00     0.00    90.00
 156 	 1296.00   324.00     0.00     0.00     0.00     0.00
 156 	 1296.00   324.00     0.00     0.00     0.00     0.00
   	   29.00   262.00     0.00    90.00
   	   29.00   262.00     0.00    90.00
 157 	 -324.00   432.00     0.00     0.00     0.00     0.00
 157 	 -324.00   432.00     0.00     0.00     0.00     0.00
   	   29.00   262.00     0.00    90.00
   	   29.00   262.00     0.00    90.00
 158 	 -216.00   432.00     0.00     0.00     0.00     0.00
 158 	 -216.00   432.00     0.00     0.00     0.00     0.00
   	   29.00   262.00     0.00    90.00
   	   29.00   262.00     0.00    90.00
 159 	 -108.00   432.00     0.00     0.00     0.00     0.00
 159 	 -108.00   432.00     0.00     0.00     0.00     0.00
   	   29.00   262.00     0.00    90.00
   	   29.00   262.00     0.00    90.00
 160 	   -0.00   432.00     0.00     0.00     0.00     0.00
 160 	   -0.00   432.00     0.00     0.00     0.00     0.00
   	   29.00   262.00     0.00    90.00
   	   29.00   262.00     0.00    90.00
 161 	  108.00   432.00     0.00     0.00     0.00     0.00
 161 	  108.00   432.00     0.00     0.00     0.00     0.00
   	   29.00   262.00     0.00    90.00
   	   29.00   262.00     0.00    90.00
 162 	  216.00   432.00     0.00     0.00     0.00     0.00
 162 	  216.00   432.00     0.00     0.00     0.00     0.00
   	   29.00   262.00     0.00    90.00
   	   29.00   262.00     0.00    90.00
 163 	  324.00   432.00     0.00     0.00     0.00     0.00
 163 	  324.00   432.00     0.00     0.00     0.00     0.00
   	   29.00   262.00     0.00    90.00
   	   29.00   262.00     0.00    90.00
 164 	  432.00   432.00     0.00     0.00     0.00     0.00
 164 	  432.00   432.00     0.00     0.00     0.00     0.00
   	   29.00   262.00     0.00    90.00
   	   29.00   262.00     0.00    90.00
 165 	  540.00   432.00     0.00     0.00     0.00     0.00
 165 	  540.00   432.00     0.00     0.00     0.00     0.00
   	   29.00   262.00     0.00    90.00
   	   29.00   262.00     0.00    90.00
 166 	  648.00   432.00     0.00     0.00     0.00     0.00
 166 	  648.00   432.00     0.00     0.00     0.00     0.00
   	   29.00   262.00     0.00    90.00
   	   29.00   262.00     0.00    90.00
 167 	  756.00   432.00     0.00     0.00     0.00     0.00
 167 	  756.00   432.00     0.00     0.00     0.00     0.00
   	   29.00   262.00     0.00    90.00
   	   29.00   262.00     0.00    90.00
 168 	  864.00   432.00     0.00     0.00     0.00     0.00
 168 	  864.00   432.00     0.00     0.00     0.00     0.00
   	   29.00   262.00     0.00    90.00
   	   29.00   262.00     0.00    90.00
 169 	  972.00   432.00     0.00     0.00     0.00     0.00
 169 	  972.00   432.00     0.00     0.00     0.00     0.00
   	   29.00   262.00     0.00    90.00
   	   29.00   262.00     0.00    90.00
 170 	 1080.00   432.00     0.00     0.00     0.00     0.00
 170 	 1080.00   432.00     0.00     0.00     0.00     0.00
   	   29.00   262.00     0.00    90.00
   	   29.00   262.00     0.00    90.00
 171 	 1188.00   432.00     0.00     0.00     0.00     0.00
 171 	 1188.00   432.00     0.00     0.00     0.00     0.00
   	   29.00   262.00     0.00    90.00
   	   29.00   262.00     0.00    90.00
 172 	 1296.00   432.00     0.00     0.00     0.00     0.00
 172 	 1296.00   432.00     0.00     0.00     0.00     0.00
   	   29.00   262.00     0.00    90.00
   	   29.00   262.00     0.00    90.00
 173 	 -324.00   540.00     0.00     0.00     0.00     0.00
 173 	 -324.00   540.00     0.00     0.00     0.00     0.00
   	   29.00   262.00     0.00    90.00
   	   29.00   262.00     0.00    90.00
 174 	 -216.00   540.00     0.00     0.00     0.00     0.00
 174 	 -216.00   540.00     0.00     0.00     0.00     0.00
   	   29.00   262.00     0.00    90.00
   	   29.00   262.00     0.00    90.00
 175 	 -108.00   540.00     0.00     0.00     0.00     0.00
 175 	 -108.00   540.00     0.00     0.00     0.00     0.00
   	   29.00   262.00     0.00    90.00
   	   29.00   262.00     0.00    90.00
 176 	   -0.00   540.00     0.00     0.00     0.00     0.00
 176 	   -0.00   540.00     0.00     0.00     0.00     0.00
   	   29.00   262.00     0.00    90.00
   	   29.00   262.00     0.00    90.00
 177 	  108.00   540.00     0.00     0.00     0.00     0.00
 177 	  108.00   540.00     0.00     0.00     0.00     0.00
   	   29.00   262.00     0.00    90.00
   	   29.00   262.00     0.00    90.00
 178 	  216.00   540.00     0.00     0.00     0.00     0.00
 178 	  216.00   540.00     0.00     0.00     0.00     0.00
   	   29.00   262.00     0.00    90.00
   	   29.00   262.00     0.00    90.00
 179 	  324.00   540.00     0.00     0.00     0.00     0.00
 179 	  324.00   540.00     0.00     0.00     0.00     0.00
   	   29.00   262.00     0.00    90.00
   	   29.00   262.00     0.00    90.00
 180 	  432.00   540.00     0.00     0.00     0.00     0.00
 180 	  432.00   540.00     0.00     0.00     0.00     0.00
   	   29.00   262.00     0.00    90.00
   	   29.00   262.00     0.00    90.00
 181 	  540.00   540.00     0.00     0.00     0.00     0.00
 181 	  540.00   540.00     0.00     0.00     0.00     0.00
   	   29.00   262.00     0.00    90.00
   	   29.00   262.00     0.00    90.00
 182 	  648.00   540.00     0.00     0.00     0.00     0.00
 182 	  648.00   540.00     0.00     0.00     0.00     0.00
   	   29.00   262.00     0.00    90.00
   	   29.00   262.00     0.00    90.00
 183 	  756.00   540.00     0.00     0.00     0.00     0.00
 183 	  756.00   540.00     0.00     0.00     0.00     0.00
   	   29.00   262.00     0.00    90.00
   	   29.00   262.00     0.00    90.00
 184 	  864.00   540.00     0.00     0.00     0.00     0.00
 184 	  864.00   540.00     0.00     0.00     0.00     0.00
   	   29.00   262.00     0.00    90.00
   	   29.00   262.00     0.00    90.00
 185 	  972.00   540.00     0.00     0.00     0.00     0.00
 185 	  972.00   540.00     0.00     0.00     0.00     0.00
   	   29.00   262.00     0.00    90.00
   	   29.00   262.00     0.00    90.00
 186 	 1080.00   540.00     0.00     0.00     0.00     0.00
 186 	 1080.00   540.00     0.00     0.00     0.00     0.00
   	   29.00   262.00     0.00    90.00
   	   29.00   262.00     0.00    90.00
 187 	 1188.00   540.00     0.00     0.00     0.00     0.00
 187 	 1188.00   540.00     0.00     0.00     0.00     0.00
   	   29.00   262.00     0.00    90.00
   	   29.00   262.00     0.00    90.00
 188 	 1296.00   540.00     0.00     0.00     0.00     0.00
 188 	 1296.00   540.00     0.00     0.00     0.00     0.00
   	   29.00   262.00     0.00    90.00
   	   29.00   262.00     0.00    90.00
 189 	 -324.00   648.00     0.00     0.00     0.00     0.00
 189 	 -324.00   648.00     0.00     0.00     0.00     0.00
   	   29.00   262.00     0.00    90.00
   	   29.00   262.00     0.00    90.00
 190 	 -216.00   648.00     0.00     0.00     0.00     0.00
 190 	 -216.00   648.00     0.00     0.00     0.00     0.00
   	   29.00   262.00     0.00    90.00
   	   29.00   262.00     0.00    90.00
 191 	 -108.00   648.00     0.00     0.00     0.00     0.00
 191 	 -108.00   648.00     0.00     0.00     0.00     0.00
   	   29.00   262.00     0.00    90.00
   	   29.00   262.00     0.00    90.00
 192 	   -0.00   648.00     0.00     0.00     0.00     0.00
 192 	   -0.00   648.00     0.00     0.00     0.00     0.00
   	   29.00   262.00     0.00    90.00
   	   29.00   262.00     0.00    90.00
 193 	  108.00   648.00     0.00     0.00     0.00     0.00
 193 	  108.00   648.00     0.00     0.00     0.00     0.00
   	   29.00   262.00     0.00    90.00
   	   29.00   262.00     0.00    90.00
 194 	  216.00   648.00     0.00     0.00     0.00     0.00
 194 	  216.00   648.00     0.00     0.00     0.00     0.00
   	   29.00   262.00     0.00    90.00
   	   29.00   262.00     0.00    90.00
 195 	  324.00   648.00     0.00     0.00     0.00     0.00
 195 	  324.00   648.00     0.00     0.00     0.00     0.00
   	   29.00   262.00     0.00    90.00
   	   29.00   262.00     0.00    90.00
 196 	  432.00   648.00     0.00     0.00     0.00     0.00
 196 	  432.00   648.00     0.00     0.00     0.00     0.00
   	   29.00   262.00     0.00    90.00
   	   29.00   262.00     0.00    90.00
 197 	  540.00   648.00     0.00     0.00     0.00     0.00
 197 	  540.00   648.00     0.00     0.00     0.00     0.00
   	   29.00   262.00     0.00    90.00
   	   29.00   262.00     0.00    90.00
 198 	  648.00   648.00     0.00     0.00     0.00     0.00
 198 	  648.00   648.00     0.00     0.00     0.00     0.00
   	   29.00   262.00     0.00    90.00
   	   29.00   262.00     0.00    90.00
 199 	  756.00   648.00     0.00     0.00     0.00     0.00
 199 	  756.00   648.00     0.00     0.00     0.00     0.00
   	   29.00   262.00     0.00    90.00
   	   29.00   262.00     0.00    90.00
 200 	  864.00   648.00     0.00     0.00     0.00     0.00
 200 	  864.00   648.00     0.00     0.00     0.00     0.00
   	   29.00   262.00     0.00    90.00
   	   29.00   262.00     0.00    90.00
 201 	  972.00   648.00     0.00     0.00     0.00     0.00
 201 	  972.00   648.00     0.00     0.00     0.00     0.00
   	   29.00   262.00     0.00    90.00
   	   29.00   262.00     0.00    90.00
 202 	 1080.00   648.00     0.00     0.00     0.00     0.00
 202 	 1080.00   648.00     0.00     0.00     0.00     0.00
   	   29.00   262.00     0.00    90.00
   	   29.00   262.00     0.00    90.00
 203 	 1188.00   648.00     0.00     0.00     0.00     0.00
 203 	 1188.00   648.00     0.00     0.00     0.00     0.00
   	   29.00   262.00     0.00    90.00
   	   29.00   262.00     0.00    90.00
 204 	 1296.00   648.00     0.00     0.00     0.00     0.00
 204 	 1296.00   648.00     0.00     0.00     0.00     0.00
   	   29.00   262.00     0.00    90.00
   	   29.00   262.00     0.00    90.00
 205 	 -324.00   756.00     0.00     0.00     0.00     0.00
 205 	 -324.00   756.00     0.00     0.00     0.00     0.00
   	   29.00   262.00     0.00    90.00
   	   29.00   262.00     0.00    90.00
 206 	 -216.00   756.00     0.00     0.00     0.00     0.00
 206 	 -216.00   756.00     0.00     0.00     0.00     0.00
   	   29.00   262.00     0.00    90.00
   	   29.00   262.00     0.00    90.00
 207 	 -108.00   756.00     0.00     0.00     0.00     0.00
 207 	 -108.00   756.00     0.00     0.00     0.00     0.00
   	   29.00   262.00     0.00    90.00
   	   29.00   262.00     0.00    90.00
 208 	   -0.00   756.00     0.00     0.00     0.00     0.00
 208 	   -0.00   756.00     0.00     0.00     0.00     0.00
   	   29.00   262.00     0.00    90.00
   	   29.00   262.00     0.00    90.00
 209 	  108.00   756.00     0.00     0.00     0.00     0.00
 209 	  108.00   756.00     0.00     0.00     0.00     0.00
   	   29.00   262.00     0.00    90.00
   	   29.00   262.00     0.00    90.00
 210 	  216.00   756.00     0.00     0.00     0.00     0.00
 210 	  216.00   756.00     0.00     0.00     0.00     0.00
   	   29.00   262.00     0.00    90.00
   	   29.00   262.00     0.00    90.00
 211 	  324.00   756.00     0.00     0.00     0.00     0.00
 211 	  324.00   756.00     0.00     0.00     0.00     0.00
   	   29.00   262.00     0.00    90.00
   	   29.00   262.00     0.00    90.00
 212 	  432.00   756.00     0.00     0.00     0.00     0.00
 212 	  432.00   756.00     0.00     0.00     0.00     0.00
   	   29.00   262.00     0.00    90.00
   	   29.00   262.00     0.00    90.00
 213 	  540.00   756.00     0.00     0.00     0.00     0.00
 213 	  540.00   756.00     0.00     0.00     0.00     0.00
   	   29.00   262.00     0.00    90.00
   	   29.00   262.00     0.00    90.00
 214 	  648.00   756.00     0.00     0.00     0.00     0.00
 214 	  648.00   756.00     0.00     0.00     0.00     0.00
   	   29.00   262.00     0.00    90.00
   	   29.00   262.00     0.00    90.00
 215 	  756.00   756.00     0.00     0.00     0.00     0.00
 215 	  756.00   756.00     0.00     0.00     0.00     0.00
   	   29.00   262.00     0.00    90.00
   	   29.00   262.00     0.00    90.00
 216 	  864.00   756.00     0.00     0.00     0.00     0.00
 216 	  864.00   756.00     0.00     0.00     0.00     0.00
   	   29.00   262.00     0.00    90.00
   	   29.00   262.00     0.00    90.00
 217 	  972.00   756.00     0.00     0.00     0.00     0.00
 217 	  972.00   756.00     0.00     0.00     0.00     0.00
   	   29.00   262.00     0.00    90.00
   	   29.00   262.00     0.00    90.00
 218 	 1080.00   756.00     0.00     0.00     0.00     0.00
 218 	 1080.00   756.00     0.00     0.00     0.00     0.00
   	   29.00   262.00     0.00    90.00
   	   29.00   262.00     0.00    90.00
 219 	 1188.00   756.00     0.00     0.00     0.00     0.00
 219 	 1188.00   756.00     0.00     0.00     0.00     0.00
   	   29.00   262.00     0.00    90.00
   	   29.00   262.00     0.00    90.00
 220 	 1296.00   756.00     0.00     0.00     0.00     0.00
 220 	 1296.00   756.00     0.00     0.00     0.00     0.00
   	   29.00   262.00     0.00    90.00
   	   29.00   262.00     0.00    90.00
 221 	 -324.00   864.00     0.00     0.00     0.00     0.00
 221 	 -324.00   864.00     0.00     0.00     0.00     0.00
   	   29.00   262.00     0.00    90.00
   	   29.00   262.00     0.00    90.00
 222 	 -216.00   864.00     0.00     0.00     0.00     0.00
 222 	 -216.00   864.00     0.00     0.00     0.00     0.00
   	   29.00   262.00     0.00    90.00
   	   29.00   262.00     0.00    90.00
 223 	 -108.00   864.00     0.00     0.00     0.00     0.00
 223 	 -108.00   864.00     0.00     0.00     0.00     0.00
   	   29.00   262.00     0.00    90.00
   	   29.00   262.00     0.00    90.00
 224 	   -0.00   864.00     0.00     0.00     0.00     0.00
 224 	   -0.00   864.00     0.00     0.00     0.00     0.00
   	   29.00   262.00     0.00    90.00
   	   29.00   262.00     0.00    90.00
 225 	  108.00   864.00     0.00     0.00     0.00     0.00
 225 	  108.00   864.00     0.00     0.00     0.00     0.00
   	   29.00   262.00     0.00    90.00
   	   29.00   262.00     0.00    90.00
 226 	  216.00   864.00     0.00     0.00     0.00     0.00
 226 	  216.00   864.00     0.00     0.00     0.00     0.00
   	   29.00   262.00     0.00    90.00
   	   29.00   262.00     0.00    90.00
 227 	  324.00   864.00     0.00     0.00     0.00     0.00
 227 	  324.00   864.00     0.00     0.00     0.00     0.00
   	   29.00   262.00     0.00    90.00
   	   29.00   262.00     0.00    90.00
 228 	  432.00   864.00     0.00     0.00     0.00     0.00
 228 	  432.00   864.00     0.00     0.00     0.00     0.00
   	   29.00   262.00     0.00    90.00
   	   29.00   262.00     0.00    90.00
 229 	  540.00   864.00     0.00     0.00     0.00     0.00
 229 	  540.00   864.00     0.00     0.00     0.00     0.00
   	   29.00   262.00     0.00    90.00
   	   29.00   262.00     0.00    90.00
 230 	  648.00   864.00     0.00     0.00     0.00     0.00
 230 	  648.00   864.00     0.00     0.00     0.00     0.00
   	   29.00   262.00     0.00    90.00
   	   29.00   262.00     0.00    90.00
 231 	  756.00   864.00     0.00     0.00     0.00     0.00
 231 	  756.00   864.00     0.00     0.00     0.00     0.00
   	   29.00   262.00     0.00    90.00
   	   29.00   262.00     0.00    90.00
 232 	  864.00   864.00     0.00     0.00     0.00     0.00
 232 	  864.00   864.00     0.00     0.00     0.00     0.00
   	   29.00   262.00     0.00    90.00
   	   29.00   262.00     0.00    90.00
 233 	  972.00   864.00     0.00     0.00     0.00     0.00
 233 	  972.00   864.00     0.00     0.00     0.00     0.00
   	   29.00   262.00     0.00    90.00
   	   29.00   262.00     0.00    90.00
 234 	 1080.00   864.00     0.00     0.00     0.00     0.00
 234 	 1080.00   864.00     0.00     0.00     0.00     0.00
   	   29.00   262.00     0.00    90.00
   	   29.00   262.00     0.00    90.00
 235 	 1188.00   864.00     0.00     0.00     0.00     0.00
 235 	 1188.00   864.00     0.00     0.00     0.00     0.00
   	   29.00   262.00     0.00    90.00
   	   29.00   262.00     0.00    90.00
 236 	 1296.00   864.00     0.00     0.00     0.00     0.00
 236 	 1296.00   864.00     0.00     0.00     0.00     0.00
   	   29.00   262.00     0.00    90.00
   	   29.00   262.00     0.00    90.00
 237 	 -324.00   972.00     0.00     0.00     0.00     0.00
 237 	 -324.00   972.00     0.00     0.00     0.00     0.00
   	   29.00   262.00     0.00    90.00
   	   29.00   262.00     0.00    90.00
 238 	 -216.00   972.00     0.00     0.00     0.00     0.00
 238 	 -216.00   972.00     0.00     0.00     0.00     0.00
   	   29.00   262.00     0.00    90.00
   	   29.00   262.00     0.00    90.00
 239 	 -108.00   972.00     0.00     0.00     0.00     0.00
 239 	 -108.00   972.00     0.00     0.00     0.00     0.00
   	   29.00   262.00     0.00    90.00
   	   29.00   262.00     0.00    90.00
 240 	   -0.00   972.00     0.00     0.00     0.00     0.00
 240 	   -0.00   972.00     0.00     0.00     0.00     0.00
   	   29.00   262.00     0.00    90.00
   	   29.00   262.00     0.00    90.00
 241 	  108.00   972.00     0.00     0.00     0.00     0.00
 241 	  108.00   972.00     0.00     0.00     0.00     0.00
   	   29.00   262.00     0.00    90.00
   	   29.00   262.00     0.00    90.00
 242 	  216.00   972.00     0.00     0.00     0.00     0.00
 242 	  216.00   972.00     0.00     0.00     0.00     0.00
   	   29.00   262.00     0.00    90.00
   	   29.00   262.00     0.00    90.00
 243 	  324.00   972.00     0.00     0.00     0.00     0.00
 243 	  324.00   972.00     0.00     0.00     0.00     0.00
   	   29.00   262.00     0.00    90.00
   	   29.00   262.00     0.00    90.00
 244 	  432.00   972.00     0.00     0.00     0.00     0.00
 244 	  432.00   972.00     0.00     0.00     0.00     0.00
   	   29.00   262.00     0.00    90.00
   	   29.00   262.00     0.00    90.00
 245 	  540.00   972.00     0.00     0.00     0.00     0.00
 245 	  540.00   972.00     0.00     0.00     0.00     0.00
   	   29.00   262.00     0.00    90.00
   	   29.00   262.00     0.00    90.00
 246 	  648.00   972.00     0.00     0.00     0.00     0.00
 246 	  648.00   972.00     0.00     0.00     0.00     0.00
   	   29.00   262.00     0.00    90.00
   	   29.00   262.00     0.00    90.00
 247 	  756.00   972.00     0.00     0.00     0.00     0.00
 247 	  756.00   972.00     0.00     0.00     0.00     0.00
   	   29.00   262.00     0.00    90.00
   	   29.00   262.00     0.00    90.00
 248 	  864.00   972.00     0.00     0.00     0.00     0.00
 248 	  864.00   972.00     0.00     0.00     0.00     0.00
   	   29.00   262.00     0.00    90.00
   	   29.00   262.00     0.00    90.00
 249 	  972.00   972.00     0.00     0.00     0.00     0.00
 249 	  972.00   972.00     0.00     0.00     0.00     0.00
   	   29.00   262.00     0.00    90.00
   	   29.00   262.00     0.00    90.00
 250 	 1080.00   972.00     0.00     0.00     0.00     0.00
 250 	 1080.00   972.00     0.00     0.00     0.00     0.00
   	   29.00   262.00     0.00    90.00
   	   29.00   262.00     0.00    90.00
 251 	 1188.00   972.00     0.00     0.00     0.00     0.00
 251 	 1188.00   972.00     0.00     0.00     0.00     0.00
   	   29.00   262.00     0.00    90.00
   	   29.00   262.00     0.00    90.00
 252 	 1296.00   972.00     0.00     0.00     0.00     0.00
 252 	 1296.00   972.00     0.00     0.00     0.00     0.00
   	   29.00   262.00     0.00    90.00
   	   29.00   262.00     0.00    90.00
 253 	 -216.00  -540.00     0.00     0.00     0.00     0.00
 253 	 -216.00  -540.00     0.00     0.00     0.00     0.00
   	   29.00   262.00     0.00    90.00
   	   29.00   262.00     0.00    90.00
 254 	 -108.00  -540.00     0.00     0.00     0.00     0.00
 254 	 -108.00  -540.00     0.00     0.00     0.00     0.00
   	   29.00   262.00     0.00    90.00
   	   29.00   262.00     0.00    90.00
 255 	    0.00  -540.00     0.00     0.00     0.00     0.00
 255 	    0.00  -540.00     0.00     0.00     0.00     0.00
   	   29.00   262.00     0.00    90.00
   	   29.00   262.00     0.00    90.00
 256 	  108.00  -540.00     0.00     0.00     0.00     0.00
 256 	  108.00  -540.00     0.00     0.00     0.00     0.00
   	   29.00   262.00     0.00    90.00
   	   29.00   262.00     0.00    90.00
 257 	  216.00  -540.00     0.00     0.00     0.00     0.00
 257 	  216.00  -540.00     0.00     0.00     0.00     0.00
   	   29.00   262.00     0.00    90.00
   	   29.00   262.00     0.00    90.00
 258 	  324.00  -540.00     0.00     0.00     0.00     0.00
 258 	  324.00  -540.00     0.00     0.00     0.00     0.00
   	   29.00   262.00     0.00    90.00
   	   29.00   262.00     0.00    90.00
 259 	  432.00  -540.00     0.00     0.00     0.00     0.00
 259 	  432.00  -540.00     0.00     0.00     0.00     0.00
   	   29.00   262.00     0.00    90.00
   	   29.00   262.00     0.00    90.00
 260 	  540.00  -540.00     0.00     0.00     0.00     0.00
 260 	  540.00  -540.00     0.00     0.00     0.00     0.00
   	   29.00   262.00     0.00    90.00
   	   29.00   262.00     0.00    90.00
 261 	  648.00  -540.00     0.00     0.00     0.00     0.00
 261 	  648.00  -540.00     0.00     0.00     0.00     0.00
   	   29.00   262.00     0.00    90.00
   	   29.00   262.00     0.00    90.00
 262 	  756.00  -540.00     0.00     0.00     0.00     0.00
 262 	  756.00  -540.00     0.00     0.00     0.00     0.00
   	   29.00   262.00     0.00    90.00
   	   29.00   262.00     0.00    90.00
 263 	  864.00  -540.00     0.00     0.00     0.00     0.00
 263 	  864.00  -540.00     0.00     0.00     0.00     0.00
   	   29.00   262.00     0.00    90.00
   	   29.00   262.00     0.00    90.00
 264 	 -216.00  -432.00     0.00     0.00     0.00     0.00
 264 	 -216.00  -432.00     0.00     0.00     0.00     0.00
   	   29.00   262.00     0.00    90.00
   	   29.00   262.00     0.00    90.00
 265 	 -108.00  -432.00     0.00     0.00     0.00     0.00
 265 	 -108.00  -432.00     0.00     0.00     0.00     0.00
   	   29.00   262.00     0.00    90.00
   	   29.00   262.00     0.00    90.00
 266 	    0.00  -432.00     0.00     0.00     0.00     0.00
 266 	    0.00  -432.00     0.00     0.00     0.00     0.00
   	   29.00   262.00     0.00    90.00
   	   29.00   262.00     0.00    90.00
 267 	  108.00  -432.00     0.00     0.00     0.00     0.00
 267 	  108.00  -432.00     0.00     0.00     0.00     0.00
   	   29.00   262.00     0.00    90.00
   	   29.00   262.00     0.00    90.00
 268 	  216.00  -432.00     0.00     0.00     0.00     0.00
 268 	  216.00  -432.00     0.00     0.00     0.00     0.00
   	   29.00   262.00     0.00    90.00
   	   29.00   262.00     0.00    90.00
 269 	  324.00  -432.00     0.00     0.00     0.00     0.00
 269 	  324.00  -432.00     0.00     0.00     0.00     0.00
   	   29.00   262.00     0.00    90.00
   	   29.00   262.00     0.00    90.00
 270 	  432.00  -432.00     0.00     0.00     0.00     0.00
 270 	  432.00  -432.00     0.00     0.00     0.00     0.00
   	   29.00   262.00     0.00    90.00
   	   29.00   262.00     0.00    90.00
 271 	  540.00  -432.00     0.00     0.00     0.00     0.00
 271 	  540.00  -432.00     0.00     0.00     0.00     0.00
   	   29.00   262.00     0.00    90.00
   	   29.00   262.00     0.00    90.00
 272 	  648.00  -432.00     0.00     0.00     0.00     0.00
 272 	  648.00  -432.00     0.00     0.00     0.00     0.00
   	   29.00   262.00     0.00    90.00
   	   29.00   262.00     0.00    90.00
 273 	  756.00  -432.00     0.00     0.00     0.00     0.00
 273 	  756.00  -432.00     0.00     0.00     0.00     0.00
   	   29.00   262.00     0.00    90.00
   	   29.00   262.00     0.00    90.00
 274 	  864.00  -432.00     0.00     0.00     0.00     0.00
 274 	  864.00  -432.00     0.00     0.00     0.00     0.00
   	   29.00   262.00     0.00    90.00
   	   29.00   262.00     0.00    90.00
 275 	 -216.00  -324.00     0.00     0.00     0.00     0.00
 275 	 -216.00  -324.00     0.00     0.00     0.00     0.00
   	   29.00   262.00     0.00    90.00
   	   29.00   262.00     0.00    90.00
 276 	 -108.00  -324.00     0.00     0.00     0.00     0.00
 276 	 -108.00  -324.00     0.00     0.00     0.00     0.00
   	   29.00   262.00     0.00    90.00
   	   29.00   262.00     0.00    90.00
 277 	    0.00  -324.00     0.00     0.00     0.00     0.00
 277 	    0.00  -324.00     0.00     0.00     0.00     0.00
   	   29.00   262.00     0.00    90.00
   	   29.00   262.00     0.00    90.00
 278 	  108.00  -324.00     0.00     0.00     0.00     0.00
 278 	  108.00  -324.00     0.00     0.00     0.00     0.00
   	   29.00   262.00     0.00    90.00
   	   29.00   262.00     0.00    90.00
 279 	  216.00  -324.00     0.00     0.00     0.00     0.00
 279 	  216.00  -324.00     0.00     0.00     0.00     0.00
   	   29.00   262.00     0.00    90.00
   	   29.00   262.00     0.00    90.00
 280 	  324.00  -324.00     0.00     0.00     0.00     0.00
 280 	  324.00  -324.00     0.00     0.00     0.00     0.00
   	   29.00   262.00     0.00    90.00
   	   29.00   262.00     0.00    90.00
 281 	  432.00  -324.00     0.00     0.00     0.00     0.00
 281 	  432.00  -324.00     0.00     0.00     0.00     0.00
   	   29.00   262.00     0.00    90.00
   	   29.00   262.00     0.00    90.00
 282 	  540.00  -324.00     0.00     0.00     0.00     0.00
 282 	  540.00  -324.00     0.00     0.00     0.00     0.00
   	   29.00   262.00     0.00    90.00
   	   29.00   262.00     0.00    90.00
 283 	  648.00  -324.00     0.00     0.00     0.00     0.00
 283 	  648.00  -324.00     0.00     0.00     0.00     0.00
   	   29.00   262.00     0.00    90.00
   	   29.00   262.00     0.00    90.00
 284 	  756.00  -324.00     0.00     0.00     0.00     0.00
 284 	  756.00  -324.00     0.00     0.00     0.00     0.00
   	   29.00   262.00     0.00    90.00
   	   29.00   262.00     0.00    90.00
 285 	  864.00  -324.00     0.00     0.00     0.00     0.00
 285 	  864.00  -324.00     0.00     0.00     0.00     0.00
   	   29.00   262.00     0.00    90.00
   	   29.00   262.00     0.00    90.00
 286 	 -216.00  -216.00     0.00     0.00     0.00     0.00
 286 	 -216.00  -216.00     0.00     0.00     0.00     0.00
   	   29.00   262.00     0.00    90.00
   	   29.00   262.00     0.00    90.00
 287 	 -108.00  -216.00     0.00     0.00     0.00     0.00
 287 	 -108.00  -216.00     0.00     0.00     0.00     0.00
   	   29.00   262.00     0.00    90.00
   	   29.00   262.00     0.00    90.00
 288 	    0.00  -216.00     0.00     0.00     0.00     0.00
 288 	    0.00  -216.00     0.00     0.00     0.00     0.00
   	   29.00   262.00     0.00    90.00
   	   29.00   262.00     0.00    90.00
 289 	  108.00  -216.00     0.00     0.00     0.00     0.00
 289 	  108.00  -216.00     0.00     0.00     0.00     0.00
   	   29.00   262.00     0.00    90.00
   	   29.00   262.00     0.00    90.00
 290 	  216.00  -216.00     0.00     0.00     0.00     0.00
 290 	  216.00  -216.00     0.00     0.00     0.00     0.00
   	   29.00   262.00     0.00    90.00
   	   29.00   262.00     0.00    90.00
 291 	  324.00  -216.00     0.00     0.00     0.00     0.00
 291 	  324.00  -216.00     0.00     0.00     0.00     0.00
   	   29.00   262.00     0.00    90.00
   	   29.00   262.00     0.00    90.00
 292 	  432.00  -216.00     0.00     0.00     0.00     0.00
 292 	  432.00  -216.00     0.00     0.00     0.00     0.00
   	   29.00   262.00     0.00    90.00
   	   29.00   262.00     0.00    90.00
 293 	  540.00  -216.00     0.00     0.00     0.00     0.00
 293 	  540.00  -216.00     0.00     0.00     0.00     0.00
   	   29.00   262.00     0.00    90.00
   	   29.00   262.00     0.00    90.00
 294 	  648.00  -216.00     0.00     0.00     0.00     0.00
 294 	  648.00  -216.00     0.00     0.00     0.00     0.00
   	   29.00   262.00     0.00    90.00
   	   29.00   262.00     0.00    90.00
 295 	  756.00  -216.00     0.00     0.00     0.00     0.00
 295 	  756.00  -216.00     0.00     0.00     0.00     0.00
   	   29.00   262.00     0.00    90.00
   	   29.00   262.00     0.00    90.00
 296 	  864.00  -216.00     0.00     0.00     0.00     0.00
 296 	  864.00  -216.00     0.00     0.00     0.00     0.00
   	   29.00   262.00     0.00    90.00
   	   29.00   262.00     0.00    90.00
 297 	 -216.00  -108.00     0.00     0.00     0.00     0.00
 297 	 -216.00  -108.00     0.00     0.00     0.00     0.00
   	   29.00   262.00     0.00    90.00
   	   29.00   262.00     0.00    90.00
 298 	 -108.00  -108.00     0.00     0.00     0.00     0.00
 298 	 -108.00  -108.00     0.00     0.00     0.00     0.00
   	   29.00   262.00     0.00    90.00
   	   29.00   262.00     0.00    90.00
 299 	    0.00  -108.00     0.00     0.00     0.00     0.00
 299 	    0.00  -108.00     0.00     0.00     0.00     0.00
   	   29.00   262.00     0.00    90.00
   	   29.00   262.00     0.00    90.00
 300 	  108.00  -108.00     0.00     0.00     0.00     0.00
 300 	  108.00  -108.00     0.00     0.00     0.00     0.00
   	   29.00   262.00     0.00    90.00
   	   29.00   262.00     0.00    90.00
 301 	  216.00  -108.00     0.00     0.00     0.00     0.00
 301 	  216.00  -108.00     0.00     0.00     0.00     0.00
   	   29.00   262.00     0.00    90.00
   	   29.00   262.00     0.00    90.00
 302 	  324.00  -108.00     0.00     0.00     0.00     0.00
 302 	  324.00  -108.00     0.00     0.00     0.00     0.00
   	   29.00   262.00     0.00    90.00
   	   29.00   262.00     0.00    90.00
 303 	  432.00  -108.00     0.00     0.00     0.00     0.00
 303 	  432.00  -108.00     0.00     0.00     0.00     0.00
   	   29.00   262.00     0.00    90.00
   	   29.00   262.00     0.00    90.00
 304 	  540.00  -108.00     0.00     0.00     0.00     0.00
 304 	  540.00  -108.00     0.00     0.00     0.00     0.00
   	   29.00   262.00     0.00    90.00
   	   29.00   262.00     0.00    90.00
 305 	  648.00  -108.00     0.00     0.00     0.00     0.00
 305 	  648.00  -108.00     0.00     0.00     0.00     0.00
   	   29.00   262.00     0.00    90.00
   	   29.00   262.00     0.00    90.00
 306 	  756.00  -108.00     0.00     0.00     0.00     0.00
 306 	  756.00  -108.00     0.00     0.00     0.00     0.00
   	   29.00   262.00     0.00    90.00
   	   29.00   262.00     0.00    90.00
 307 	  864.00  -108.00     0.00     0.00     0.00     0.00
 307 	  864.00  -108.00     0.00     0.00     0.00     0.00
   	   29.00   262.00     0.00    90.00
   	   29.00   262.00     0.00    90.00
 308 	 -216.00     0.00     0.00     0.00     0.00     0.00
 308 	 -216.00     0.00     0.00     0.00     0.00     0.00
   	   29.00   262.00     0.00    90.00
   	   29.00   262.00     0.00    90.00
 309 	 -108.00     0.00     0.00     0.00     0.00     0.00
 309 	 -108.00     0.00     0.00     0.00     0.00     0.00
   	   29.00   262.00     0.00    90.00
   	   29.00   262.00     0.00    90.00
 310 	    0.00     0.00     0.00     0.00     0.00     0.00
 310 	    0.00     0.00     0.00     0.00     0.00     0.00
   	   29.00   262.00     0.00    90.00
   	   29.00   262.00     0.00    90.00
 311 	  108.00     0.00     0.00     0.00     0.00     0.00
 311 	  108.00     0.00     0.00     0.00     0.00     0.00
   	   29.00   262.00     0.00    90.00
   	   29.00   262.00     0.00    90.00
 312 	  216.00     0.00     0.00     0.00     0.00     0.00
 312 	  216.00     0.00     0.00     0.00     0.00     0.00
   	   29.00   262.00     0.00    90.00
   	   29.00   262.00     0.00    90.00
 313 	  324.00     0.00     0.00     0.00     0.00     0.00
 313 	  324.00     0.00     0.00     0.00     0.00     0.00
   	   29.00   262.00     0.00    90.00
   	   29.00   262.00     0.00    90.00
 314 	  432.00     0.00     0.00     0.00     0.00     0.00
 314 	  432.00     0.00     0.00     0.00     0.00     0.00
   	   29.00   262.00     0.00    90.00
   	   29.00   262.00     0.00    90.00
 315 	  540.00     0.00     0.00     0.00     0.00     0.00
 315 	  540.00     0.00     0.00     0.00     0.00     0.00
   	   29.00   262.00     0.00    90.00
   	   29.00   262.00     0.00    90.00
 316 	  648.00     0.00     0.00     0.00     0.00     0.00
 316 	  648.00     0.00     0.00     0.00     0.00     0.00
   	   29.00   262.00     0.00    90.00
   	   29.00   262.00     0.00    90.00
 317 	  756.00     0.00     0.00     0.00     0.00     0.00
 317 	  756.00     0.00     0.00     0.00     0.00     0.00
   	   29.00   262.00     0.00    90.00
   	   29.00   262.00     0.00    90.00
 318 	  864.00     0.00     0.00     0.00     0.00     0.00
 318 	  864.00     0.00     0.00     0.00     0.00     0.00
   	   29.00   262.00     0.00    90.00
   	   29.00   262.00     0.00    90.00
 319 	 -216.00   108.00     0.00     0.00     0.00     0.00
 319 	 -216.00   108.00     0.00     0.00     0.00     0.00
   	   29.00   262.00     0.00    90.00
   	   29.00   262.00     0.00    90.00
 320 	 -108.00   108.00     0.00     0.00     0.00     0.00
 320 	 -108.00   108.00     0.00     0.00     0.00     0.00
   	   29.00   262.00     0.00    90.00
   	   29.00   262.00     0.00    90.00
 321 	   -0.00   108.00     0.00     0.00     0.00     0.00
 321 	   -0.00   108.00     0.00     0.00     0.00     0.00
   	   29.00   262.00     0.00    90.00
   	   29.00   262.00     0.00    90.00
 322 	  108.00   108.00     0.00     0.00     0.00     0.00
 322 	  108.00   108.00     0.00     0.00     0.00     0.00
   	   29.00   262.00     0.00    90.00
   	   29.00   262.00     0.00    90.00
 323 	  216.00   108.00     0.00     0.00     0.00     0.00
 323 	  216.00   108.00     0.00     0.00     0.00     0.00
   	   29.00   262.00     0.00    90.00
   	   29.00   262.00     0.00    90.00
 324 	  324.00   108.00     0.00     0.00     0.00     0.00
 324 	  324.00   108.00     0.00     0.00     0.00     0.00
   	   29.00   262.00     0.00    90.00
   	   29.00   262.00     0.00    90.00
 325 	  432.00   108.00     0.00     0.00     0.00     0.00
 325 	  432.00   108.00     0.00     0.00     0.00     0.00
   	   29.00   262.00     0.00    90.00
   	   29.00   262.00     0.00    90.00
 326 	  540.00   108.00     0.00     0.00     0.00     0.00
 326 	  540.00   108.00     0.00     0.00     0.00     0.00
   	   29.00   262.00     0.00    90.00
   	   29.00   262.00     0.00    90.00
 327 	  648.00   108.00     0.00     0.00     0.00     0.00
 327 	  648.00   108.00     0.00     0.00     0.00     0.00
   	   29.00   262.00     0.00    90.00
   	   29.00   262.00     0.00    90.00
 328 	  756.00   108.00     0.00     0.00     0.00     0.00
 328 	  756.00   108.00     0.00     0.00     0.00     0.00
   	   29.00   262.00     0.00    90.00
   	   29.00   262.00     0.00    90.00
 329 	  864.00   108.00     0.00     0.00     0.00     0.00
 329 	  864.00   108.00     0.00     0.00     0.00     0.00
   	   29.00   262.00     0.00    90.00
   	   29.00   262.00     0.00    90.00
 330 	 -216.00   216.00     0.00     0.00     0.00     0.00
 330 	 -216.00   216.00     0.00     0.00     0.00     0.00
   	   29.00   262.00     0.00    90.00
   	   29.00   262.00     0.00    90.00
 331 	 -108.00   216.00     0.00     0.00     0.00     0.00
 331 	 -108.00   216.00     0.00     0.00     0.00     0.00
   	   29.00   262.00     0.00    90.00
   	   29.00   262.00     0.00    90.00
 332 	   -0.00   216.00     0.00     0.00     0.00     0.00
 332 	   -0.00   216.00     0.00     0.00     0.00     0.00
   	   29.00   262.00     0.00    90.00
   	   29.00   262.00     0.00    90.00
 333 	  108.00   216.00     0.00     0.00     0.00     0.00
 333 	  108.00   216.00     0.00     0.00     0.00     0.00
   	   29.00   262.00     0.00    90.00
   	   29.00   262.00     0.00    90.00
 334 	  216.00   216.00     0.00     0.00     0.00     0.00
 334 	  216.00   216.00     0.00     0.00     0.00     0.00
   	   29.00   262.00     0.00    90.00
   	   29.00   262.00     0.00    90.00
 335 	  324.00   216.00     0.00     0.00     0.00     0.00
 335 	  324.00   216.00     0.00     0.00     0.00     0.00
   	   29.00   262.00     0.00    90.00
   	   29.00   262.00     0.00    90.00
 336 	  432.00   216.00     0.00     0.00     0.00     0.00
 336 	  432.00   216.00     0.00     0.00     0.00     0.00
   	   29.00   262.00     0.00    90.00
   	   29.00   262.00     0.00    90.00
 337 	  540.00   216.00     0.00     0.00     0.00     0.00
 337 	  540.00   216.00     0.00     0.00     0.00     0.00
   	   29.00   262.00     0.00    90.00
   	   29.00   262.00     0.00    90.00
 338 	  648.00   216.00     0.00     0.00     0.00     0.00
 338 	  648.00   216.00     0.00     0.00     0.00     0.00
   	   29.00   262.00     0.00    90.00
   	   29.00   262.00     0.00    90.00
 339 	  756.00   216.00     0.00     0.00     0.00     0.00
 339 	  756.00   216.00     0.00     0.00     0.00     0.00
   	   29.00   262.00     0.00    90.00
   	   29.00   262.00     0.00    90.00
 340 	  864.00   216.00     0.00     0.00     0.00     0.00
 340 	  864.00   216.00     0.00     0.00     0.00     0.00
   	   29.00   262.00     0.00    90.00
   	   29.00   262.00     0.00    90.00
 341 	 -216.00   324.00     0.00     0.00     0.00     0.00
 341 	 -216.00   324.00     0.00     0.00     0.00     0.00
   	   29.00   262.00     0.00    90.00
   	   29.00   262.00     0.00    90.00
 342 	 -108.00   324.00     0.00     0.00     0.00     0.00
 342 	 -108.00   324.00     0.00     0.00     0.00     0.00
   	   29.00   262.00     0.00    90.00
   	   29.00   262.00     0.00    90.00
 343 	   -0.00   324.00     0.00     0.00     0.00     0.00
 343 	   -0.00   324.00     0.00     0.00     0.00     0.00
   	   29.00   262.00     0.00    90.00
   	   29.00   262.00     0.00    90.00
 344 	  108.00   324.00     0.00     0.00     0.00     0.00
 344 	  108.00   324.00     0.00     0.00     0.00     0.00
   	   29.00   262.00     0.00    90.00
   	   29.00   262.00     0.00    90.00
 345 	  216.00   324.00     0.00     0.00     0.00     0.00
 345 	  216.00   324.00     0.00     0.00     0.00     0.00
   	   29.00   262.00     0.00    90.00
   	   29.00   262.00     0.00    90.00
 346 	  324.00   324.00     0.00     0.00     0.00     0.00
 346 	  324.00   324.00     0.00     0.00     0.00     0.00
   	   29.00   262.00     0.00    90.00
   	   29.00   262.00     0.00    90.00
 347 	  432.00   324.00     0.00     0.00     0.00     0.00
 347 	  432.00   324.00     0.00     0.00     0.00     0.00
   	   29.00   262.00     0.00    90.00
   	   29.00   262.00     0.00    90.00
 348 	  540.00   324.00     0.00     0.00     0.00     0.00
 348 	  540.00   324.00     0.00     0.00     0.00     0.00
   	   29.00   262.00     0.00    90.00
   	   29.00   262.00     0.00    90.00
 349 	  648.00   324.00     0.00     0.00     0.00     0.00
 349 	  648.00   324.00     0.00     0.00     0.00     0.00
   	   29.00   262.00     0.00    90.00
   	   29.00   262.00     0.00    90.00
 350 	  756.00   324.00     0.00     0.00     0.00     0.00
 350 	  756.00   324.00     0.00     0.00     0.00     0.00
   	   29.00   262.00     0.00    90.00
   	   29.00   262.00     0.00    90.00
 351 	  864.00   324.00     0.00     0.00     0.00     0.00
 351 	  864.00   324.00     0.00     0.00     0.00     0.00
   	   29.00   262.00     0.00    90.00
   	   29.00   262.00     0.00    90.00
 352 	 -216.00   432.00     0.00     0.00     0.00     0.00
 352 	 -216.00   432.00     0.00     0.00     0.00     0.00
   	   29.00   262.00     0.00    90.00
   	   29.00   262.00     0.00    90.00
 353 	 -108.00   432.00     0.00     0.00     0.00     0.00
 353 	 -108.00   432.00     0.00     0.00     0.00     0.00
   	   29.00   262.00     0.00    90.00
   	   29.00   262.00     0.00    90.00
 354 	   -0.00   432.00     0.00     0.00     0.00     0.00
 354 	   -0.00   432.00     0.00     0.00     0.00     0.00
   	   29.00   262.00     0.00    90.00
   	   29.00   262.00     0.00    90.00
 355 	  108.00   432.00     0.00     0.00     0.00     0.00
 355 	  108.00   432.00     0.00     0.00     0.00     0.00
   	   29.00   262.00     0.00    90.00
   	   29.00   262.00     0.00    90.00
 356 	  216.00   432.00     0.00     0.00     0.00     0.00
 356 	  216.00   432.00     0.00     0.00     0.00     0.00
   	   29.00   262.00     0.00    90.00
   	   29.00   262.00     0.00    90.00
 357 	  324.00   432.00     0.00     0.00     0.00     0.00
 357 	  324.00   432.00     0.00     0.00     0.00     0.00
   	   29.00   262.00     0.00    90.00
   	   29.00   262.00     0.00    90.00
 358 	  432.00   432.00     0.00     0.00     0.00     0.00
 358 	  432.00   432.00     0.00     0.00     0.00     0.00
   	   29.00   262.00     0.00    90.00
   	   29.00   262.00     0.00    90.00
 359 	  540.00   432.00     0.00     0.00     0.00     0.00
 359 	  540.00   432.00     0.00     0.00     0.00     0.00
   	   29.00   262.00     0.00    90.00
   	   29.00   262.00     0.00    90.00
 360 	  648.00   432.00     0.00     0.00     0.00     0.00
 360 	  648.00   432.00     0.00     0.00     0.00     0.00
   	   29.00   262.00     0.00    90.00
   	   29.00   262.00     0.00    90.00
 361 	  756.00   432.00     0.00     0.00     0.00     0.00
 361 	  756.00   432.00     0.00     0.00     0.00     0.00
   	   29.00   262.00     0.00    90.00
   	   29.00   262.00     0.00    90.00
 362 	  864.00   432.00     0.00     0.00     0.00     0.00
 362 	  864.00   432.00     0.00     0.00     0.00     0.00
   	   29.00   262.00     0.00    90.00
   	   29.00   262.00     0.00    90.00
 363 	 -216.00  -864.00     0.00     0.00     0.00     0.00
 363 	 -216.00  -864.00     0.00     0.00     0.00     0.00
   	   29.00   262.00     0.00    90.00
   	   29.00   262.00     0.00    90.00
 364 	 -108.00  -864.00     0.00     0.00     0.00     0.00
 364 	 -108.00  -864.00     0.00     0.00     0.00     0.00
   	   29.00   262.00     0.00    90.00
   	   29.00   262.00     0.00    90.00
 365 	 -216.00  -756.00     0.00     0.00     0.00     0.00
 365 	 -216.00  -756.00     0.00     0.00     0.00     0.00
   	   29.00   262.00     0.00    90.00
   	   29.00   262.00     0.00    90.00
 366 	 -108.00  -756.00     0.00     0.00     0.00     0.00
 366 	 -108.00  -756.00     0.00     0.00     0.00     0.00
   	   29.00   262.00     0.00    90.00
   	   29.00   262.00     0.00    90.00
 367 	 -216.00  -648.00     0.00     0.00     0.00     0.00
 367 	 -216.00  -648.00     0.00     0.00     0.00     0.00
   	   29.00   262.00     0.00    90.00
   	   29.00   262.00     0.00    90.00
 368 	 -108.00  -648.00     0.00     0.00     0.00     0.00
 368 	 -108.00  -648.00     0.00     0.00     0.00     0.00
   	   29.00   262.00     0.00    90.00
   	   29.00   262.00     0.00    90.00
 369 	 -216.00  -540.00     0.00     0.00     0.00     0.00
 369 	 -216.00  -540.00     0.00     0.00     0.00     0.00
   	   29.00   262.00     0.00    90.00
   	   29.00   262.00     0.00    90.00
 370 	 -108.00  -540.00     0.00     0.00     0.00     0.00
 370 	 -108.00  -540.00     0.00     0.00     0.00     0.00
   	   29.00   262.00     0.00    90.00
   	   29.00   262.00     0.00    90.00
 371 	 -216.00  -432.00     0.00     0.00     0.00     0.00
 371 	 -216.00  -432.00     0.00     0.00     0.00     0.00
   	   29.00   262.00     0.00    90.00
   	   29.00   262.00     0.00    90.00
 372 	 -108.00  -432.00     0.00     0.00     0.00     0.00
 372 	 -108.00  -432.00     0.00     0.00     0.00     0.00
   	   29.00   262.00     0.00    90.00
   	   29.00   262.00     0.00    90.00

** End writing output file: ../inputs/gr3.dat 
