*******************************************************************************
                         ARRAY PREPROCESSOR ver. 1.0
*******************************************************************************



   1	GROUP testgroup
   3	 GRID TRIANGULAR
   4	 ELEMENT
   5	 GEOMETRY CIRCULAR 67
   7	 ADD HEXAGON 2 -4
   8	 ADD BLOCK 10 9 0 -1
   9	 ADD BLOCK -3 -6 4 4
  11	 GROUP_EXCITATION
  12	 AMPLITUDE UNIFORM 21
  13	 PHASE UNIFORM 123
  14	 END

** WARNING B2: GRID step(s) too small for specified element in GROUP: testgroup
** Generating GROUP: testgroup.
** PSTEP,QSTEP set to:134.000000,134.000000
** Grid ANGLE set to:60.000000 
** Group ROT_ANGLE set to: 0.000000 

** Writing output file: ../inputs/gr301.dat

NEL 
NPORTS
IDUM      REXA     REYA     REZA     THEA     PHEA     PSEA 
          AMP      PSH      PSC      PHEPOL
 216
 216
   1
   1
   1 	  -67.00  -348.14     0.00     0.00     0.00     0.00
   1 	  -67.00  -348.14     0.00     0.00     0.00     0.00
   	   21.00   123.00     0.00    90.00
   	   21.00   123.00     0.00    90.00
   2 	   67.00  -348.14     0.00     0.00     0.00     0.00
   2 	   67.00  -348.14     0.00     0.00     0.00     0.00
   	   21.00   123.00     0.00    90.00
   	   21.00   123.00     0.00    90.00
   3 	  134.00  -464.19     0.00     0.00     0.00     0.00
   3 	  134.00  -464.19     0.00     0.00     0.00     0.00
   	   21.00   123.00     0.00    90.00
   	   21.00   123.00     0.00    90.00
   4 	   67.00  -580.24     0.00     0.00     0.00     0.00
   4 	   67.00  -580.24     0.00     0.00     0.00     0.00
   	   21.00   123.00     0.00    90.00
   	   21.00   123.00     0.00    90.00
   5 	  -67.00  -580.24     0.00     0.00     0.00     0.00
   5 	  -67.00  -580.24     0.00     0.00     0.00     0.00
   	   21.00   123.00     0.00    90.00
   	   21.00   123.00     0.00    90.00
   6 	 -134.00  -464.19     0.00     0.00     0.00     0.00
   6 	 -134.00  -464.19     0.00     0.00     0.00     0.00
   	   21.00   123.00     0.00    90.00
   	   21.00   123.00     0.00    90.00
   7 	    0.00  -464.19     0.00     0.00     0.00     0.00
   7 	    0.00  -464.19     0.00     0.00     0.00     0.00
   	   21.00   123.00     0.00    90.00
   	   21.00   123.00     0.00    90.00
   8 	  -67.00  -116.05     0.00     0.00     0.00     0.00
   8 	  -67.00  -116.05     0.00     0.00     0.00     0.00
   	   21.00   123.00     0.00    90.00
   	   21.00   123.00     0.00    90.00
   9 	   67.00  -116.05     0.00     0.00     0.00     0.00
   9 	   67.00  -116.05     0.00     0.00     0.00     0.00
   	   21.00   123.00     0.00    90.00
   	   21.00   123.00     0.00    90.00
  10 	  201.00  -116.05     0.00     0.00     0.00     0.00
  10 	  201.00  -116.05     0.00     0.00     0.00     0.00
   	   21.00   123.00     0.00    90.00
   	   21.00   123.00     0.00    90.00
  11 	  335.00  -116.05     0.00     0.00     0.00     0.00
  11 	  335.00  -116.05     0.00     0.00     0.00     0.00
   	   21.00   123.00     0.00    90.00
   	   21.00   123.00     0.00    90.00
  12 	  469.00  -116.05     0.00     0.00     0.00     0.00
  12 	  469.00  -116.05     0.00     0.00     0.00     0.00
   	   21.00   123.00     0.00    90.00
   	   21.00   123.00     0.00    90.00
  13 	  603.00  -116.05     0.00     0.00     0.00     0.00
  13 	  603.00  -116.05     0.00     0.00     0.00     0.00
   	   21.00   123.00     0.00    90.00
   	   21.00   123.00     0.00    90.00
  14 	  737.00  -116.05     0.00     0.00     0.00     0.00
  14 	  737.00  -116.05     0.00     0.00     0.00     0.00
   	   21.00   123.00     0.00    90.00
   	   21.00   123.00     0.00    90.00
  15 	  871.00  -116.05     0.00     0.00     0.00     0.00
  15 	  871.00  -116.05     0.00     0.00     0.00     0.00
   	   21.00   123.00     0.00    90.00
   	   21.00   123.00     0.00    90.00
  16 	 1005.00  -116.05     0.00     0.00     0.00     0.00
  16 	 1005.00  -116.05     0.00     0.00     0.00     0.00
   	   21.00   123.00     0.00    90.00
   	   21.00   123.00     0.00    90.00
  17 	 1139.00  -116.05     0.00     0.00     0.00     0.00
  17 	 1139.00  -116.05     0.00     0.00     0.00     0.00
   	   21.00   123.00     0.00    90.00
   	   21.00   123.00     0.00    90.00
  18 	 1273.00  -116.05     0.00     0.00     0.00     0.00
  18 	 1273.00  -116.05     0.00     0.00     0.00     0.00
   	   21.00   123.00     0.00    90.00
   	   21.00   123.00     0.00    90.00
  19 	    0.00     0.00     0.00     0.00     0.00     0.00
  19 	    0.00     0.00     0.00     0.00     0.00     0.00
   	   21.00   123.00     0.00    90.00
   	   21.00   123.00     0.00    90.00
  20 	  134.00     0.00     0.00     0.00     0.00     0.00
  20 	  134.00     0.00     0.00     0.00     0.00     0.00
   	   21.00   123.00     0.00    90.00
   	   21.00   123.00     0.00    90.00
  21 	  268.00     0.00     0.00     0.00     0.00     0.00
  21 	  268.00     0.00     0.00     0.00     0.00     0.00
   	   21.00   123.00     0.00    90.00
   	   21.00   123.00     0.00    90.00
  22 	  402.00     0.00     0.00     0.00     0.00     0.00
  22 	  402.00     0.00     0.00     0.00     0.00     0.00
   	   21.00   123.00     0.00    90.00
   	   21.00   123.00     0.00    90.00
  23 	  536.00     0.00     0.00     0.00     0.00     0.00
  23 	  536.00     0.00     0.00     0.00     0.00     0.00
   	   21.00   123.00     0.00    90.00
   	   21.00   123.00     0.00    90.00
  24 	  670.00     0.00     0.00     0.00     0.00     0.00
  24 	  670.00     0.00     0.00     0.00     0.00     0.00
   	   21.00   123.00     0.00    90.00
   	   21.00   123.00     0.00    90.00
  25 	  804.00     0.00     0.00     0.00     0.00     0.00
  25 	  804.00     0.00     0.00     0.00     0.00     0.00
   	   21.00   123.00     0.00    90.00
   	   21.00   123.00     0.00    90.00
  26 	  938.00     0.00     0.00     0.00     0.00     0.00
  26 	  938.00     0.00     0.00     0.00     0.00     0.00
   	   21.00   123.00     0.00    90.00
   	   21.00   123.00     0.00    90.00
  27 	 1072.00     0.00     0.00     0.00     0.00     0.00
  27 	 1072.00     0.00     0.00     0.00     0.00     0.00
   	   21.00   123.00     0.00    90.00
   	   21.00   123.00     0.00    90.00
  28 	 1206.00     0.00     0.00     0.00     0.00     0.00
  28 	 1206.00     0.00     0.00     0.00     0.00     0.00
   	   21.00   123.00     0.00    90.00
   	   21.00   123.00     0.00    90.00
  29 	 1340.00     0.00     0.00     0.00     0.00     0.00
  29 	 1340.00     0.00     0.00     0.00     0.00     0.00
   	   21.00   123.00     0.00    90.00
   	   21.00   123.00     0.00    90.00
  30 	   67.00   116.05     0.00     0.00     0.00     0.00
  30 	   67.00   116.05     0.00     0.00     0.00     0.00
   	   21.00   123.00     0.00    90.00
   	   21.00   123.00     0.00    90.00
  31 	  201.00   116.05     0.00     0.00     0.00     0.00
  31 	  201.00   116.05     0.00     0.00     0.00     0.00
   	   21.00   123.00     0.00    90.00
   	   21.00   123.00     0.00    90.00
  32 	  335.00   116.05     0.00     0.00     0.00     0.00
  32 	  335.00   116.05     0.00     0.00     0.00     0.00
   	   21.00   123.00     0.00    90.00
   	   21.00   123.00     0.00    90.00
  33 	  469.00   116.05     0.00     0.00     0.00     0.00
  33 	  469.00   116.05     0.00     0.00     0.00     0.00
   	   21.00   123.00     0.00    90.00
   	   21.00   123.00     0.00    90.00
  34 	  603.00   116.05     0.00     0.00     0.00     0.00
  34 	  603.00   116.05     0.00     0.00     0.00     0.00
   	   21.00   123.00     0.00    90.00
   	   21.00   123.00     0.00    90.00
  35 	  737.00   116.05     0.00     0.00     0.00     0.00
  35 	  737.00   116.05     0.00     0.00     0.00     0.00
   	   21.00   123.00     0.00    90.00
   	   21.00   123.00     0.00    90.00
  36 	  871.00   116.05     0.00     0.00     0.00     0.00
  36 	  871.00   116.05     0.00     0.00     0.00     0.00
   	   21.00   123.00     0.00    90.00
   	   21.00   123.00     0.00    90.00
  37 	 1005.00   116.05     0.00     0.00     0.00     0.00
  37 	 1005.00   116.05     0.00     0.00     0.00     0.00
   	   21.00   123.00     0.00    90.00
   	   21.00   123.00     0.00    90.00
  38 	 1139.00   116.05     0.00     0.00     0.00     0.00
  38 	 1139.00   116.05     0.00     0.00     0.00     0.00
   	   21.00   123.00     0.00    90.00
   	   21.00   123.00     0.00    90.00
  39 	 1273.00   116.05     0.00     0.00     0.00     0.00
  39 	 1273.00   116.05     0.00     0.00     0.00     0.00
   	   21.00   123.00     0.00    90.00
   	   21.00   123.00     0.00    90.00
  40 	 1407.00   116.05     0.00     0.00     0.00     0.00
  40 	 1407.00   116.05     0.00     0.00     0.00     0.00
   	   21.00   123.00     0.00    90.00
   	   21.00   123.00     0.00    90.00
  41 	  134.00   232.09     0.00     0.00     0.00     0.00
  41 	  134.00   232.09     0.00     0.00     0.00     0.00
   	   21.00   123.00     0.00    90.00
   	   21.00   123.00     0.00    90.00
  42 	  268.00   232.09     0.00     0.00     0.00     0.00
  42 	  268.00   232.09     0.00     0.00     0.00     0.00
   	   21.00   123.00     0.00    90.00
   	   21.00   123.00     0.00    90.00
  43 	  402.00   232.09     0.00     0.00     0.00     0.00
  43 	  402.00   232.09     0.00     0.00     0.00     0.00
   	   21.00   123.00     0.00    90.00
   	   21.00   123.00     0.00    90.00
  44 	  536.00   232.09     0.00     0.00     0.00     0.00
  44 	  536.00   232.09     0.00     0.00     0.00     0.00
   	   21.00   123.00     0.00    90.00
   	   21.00   123.00     0.00    90.00
  45 	  670.00   232.09     0.00     0.00     0.00     0.00
  45 	  670.00   232.09     0.00     0.00     0.00     0.00
   	   21.00   123.00     0.00    90.00
   	   21.00   123.00     0.00    90.00
  46 	  804.00   232.09     0.00     0.00     0.00     0.00
  46 	  804.00   232.09     0.00     0.00     0.00     0.00
   	   21.00   123.00     0.00    90.00
   	   21.00   123.00     0.00    90.00
  47 	  938.00   232.09     0.00     0.00     0.00     0.00
  47 	  938.00   232.09     0.00     0.00     0.00     0.00
   	   21.00   123.00     0.00    90.00
   	   21.00   123.00     0.00    90.00
  48 	 1072.00   232.09     0.00     0.00     0.00     0.00
  48 	 1072.00   232.09     0.00     0.00     0.00     0.00
   	   21.00   123.00     0.00    90.00
   	   21.00   123.00     0.00    90.00
  49 	 1206.00   232.09     0.00     0.00     0.00     0.00
  49 	 1206.00   232.09     0.00     0.00     0.00     0.00
   	   21.00   123.00     0.00    90.00
   	   21.00   123.00     0.00    90.00
  50 	 1340.00   232.09     0.00     0.00     0.00     0.00
  50 	 1340.00   232.09     0.00     0.00     0.00     0.00
   	   21.00   123.00     0.00    90.00
   	   21.00   123.00     0.00    90.00
  51 	 1474.00   232.09     0.00     0.00     0.00     0.00
  51 	 1474.00   232.09     0.00     0.00     0.00     0.00
   	   21.00   123.00     0.00    90.00
   	   21.00   123.00     0.00    90.00
  52 	  201.00   348.14     0.00     0.00     0.00     0.00
  52 	  201.00   348.14     0.00     0.00     0.00     0.00
   	   21.00   123.00     0.00    90.00
   	   21.00   123.00     0.00    90.00
  53 	  335.00   348.14     0.00     0.00     0.00     0.00
  53 	  335.00   348.14     0.00     0.00     0.00     0.00
   	   21.00   123.00     0.00    90.00
   	   21.00   123.00     0.00    90.00
  54 	  469.00   348.14     0.00     0.00     0.00     0.00
  54 	  469.00   348.14     0.00     0.00     0.00     0.00
   	   21.00   123.00     0.00    90.00
   	   21.00   123.00     0.00    90.00
  55 	  603.00   348.14     0.00     0.00     0.00     0.00
  55 	  603.00   348.14     0.00     0.00     0.00     0.00
   	   21.00   123.00     0.00    90.00
   	   21.00   123.00     0.00    90.00
  56 	  737.00   348.14     0.00     0.00     0.00     0.00
  56 	  737.00   348.14     0.00     0.00     0.00     0.00
   	   21.00   123.00     0.00    90.00
   	   21.00   123.00     0.00    90.00
  57 	  871.00   348.14     0.00     0.00     0.00     0.00
  57 	  871.00   348.14     0.00     0.00     0.00     0.00
   	   21.00   123.00     0.00    90.00
   	   21.00   123.00     0.00    90.00
  58 	 1005.00   348.14     0.00     0.00     0.00     0.00
  58 	 1005.00   348.14     0.00     0.00     0.00     0.00
   	   21.00   123.00     0.00    90.00
   	   21.00   123.00     0.00    90.00
  59 	 1139.00   348.14     0.00     0.00     0.00     0.00
  59 	 1139.00   348.14     0.00     0.00     0.00     0.00
   	   21.00   123.00     0.00    90.00
   	   21.00   123.00     0.00    90.00
  60 	 1273.00   348.14     0.00     0.00     0.00     0.00
  60 	 1273.00   348.14     0.00     0.00     0.00     0.00
   	   21.00   123.00     0.00    90.00
   	   21.00   123.00     0.00    90.00
  61 	 1407.00   348.14     0.00     0.00     0.00     0.00
  61 	 1407.00   348.14     0.00     0.00     0.00     0.00
   	   21.00   123.00     0.00    90.00
   	   21.00   123.00     0.00    90.00
  62 	 1541.00   348.14     0.00     0.00     0.00     0.00
  62 	 1541.00   348.14     0.00     0.00     0.00     0.00
   	   21.00   123.00     0.00    90.00
   	   21.00   123.00     0.00    90.00
  63 	  268.00   464.19     0.00     0.00     0.00     0.00
  63 	  268.00   464.19     0.00     0.00     0.00     0.00
   	   21.00   123.00     0.00    90.00
   	   21.00   123.00     0.00    90.00
  64 	  402.00   464.19     0.00     0.00     0.00     0.00
  64 	  402.00   464.19     0.00     0.00     0.00     0.00
   	   21.00   123.00     0.00    90.00
   	   21.00   123.00     0.00    90.00
  65 	  536.00   464.19     0.00     0.00     0.00     0.00
  65 	  536.00   464.19     0.00     0.00     0.00     0.00
   	   21.00   123.00     0.00    90.00
   	   21.00   123.00     0.00    90.00
  66 	  670.00   464.19     0.00     0.00     0.00     0.00
  66 	  670.00   464.19     0.00     0.00     0.00     0.00
   	   21.00   123.00     0.00    90.00
   	   21.00   123.00     0.00    90.00
  67 	  804.00   464.19     0.00     0.00     0.00     0.00
  67 	  804.00   464.19     0.00     0.00     0.00     0.00
   	   21.00   123.00     0.00    90.00
   	   21.00   123.00     0.00    90.00
  68 	  938.00   464.19     0.00     0.00     0.00     0.00
  68 	  938.00   464.19     0.00     0.00     0.00     0.00
   	   21.00   123.00     0.00    90.00
   	   21.00   123.00     0.00    90.00
  69 	 1072.00   464.19     0.00     0.00     0.00     0.00
  69 	 1072.00   464.19     0.00     0.00     0.00     0.00
   	   21.00   123.00     0.00    90.00
   	   21.00   123.00     0.00    90.00
  70 	 1206.00   464.19     0.00     0.00     0.00     0.00
  70 	 1206.00   464.19     0.00     0.00     0.00     0.00
   	   21.00   123.00     0.00    90.00
   	   21.00   123.00     0.00    90.00
  71 	 1340.00   464.19     0.00     0.00     0.00     0.00
  71 	 1340.00   464.19     0.00     0.00     0.00     0.00
   	   21.00   123.00     0.00    90.00
   	   21.00   123.00     0.00    90.00
  72 	 1474.00   464.19     0.00     0.00     0.00     0.00
  72 	 1474.00   464.19     0.00     0.00     0.00     0.00
   	   21.00   123.00     0.00    90.00
   	   21.00   123.00     0.00    90.00
  73 	 1608.00   464.19     0.00     0.00     0.00     0.00
  73 	 1608.00   464.19     0.00     0.00     0.00     0.00
   	   21.00   123.00     0.00    90.00
   	   21.00   123.00     0.00    90.00
  74 	  335.00   580.24     0.00     0.00     0.00     0.00
  74 	  335.00   580.24     0.00     0.00     0.00     0.00
   	   21.00   123.00     0.00    90.00
   	   21.00   123.00     0.00    90.00
  75 	  469.00   580.24     0.00     0.00     0.00     0.00
  75 	  469.00   580.24     0.00     0.00     0.00     0.00
   	   21.00   123.00     0.00    90.00
   	   21.00   123.00     0.00    90.00
  76 	  603.00   580.24     0.00     0.00     0.00     0.00
  76 	  603.00   580.24     0.00     0.00     0.00     0.00
   	   21.00   123.00     0.00    90.00
   	   21.00   123.00     0.00    90.00
  77 	  737.00   580.24     0.00     0.00     0.00     0.00
  77 	  737.00   580.24     0.00     0.00     0.00     0.00
   	   21.00   123.00     0.00    90.00
   	   21.00   123.00     0.00    90.00
  78 	  871.00   580.24     0.00     0.00     0.00     0.00
  78 	  871.00   580.24     0.00     0.00     0.00     0.00
   	   21.00   123.00     0.00    90.00
   	   21.00   123.00     0.00    90.00
  79 	 1005.00   580.24     0.00     0.00     0.00     0.00
  79 	 1005.00   580.24     0.00     0.00     0.00     0.00
   	   21.00   123.00     0.00    90.00
   	   21.00   123.00     0.00    90.00
  80 	 1139.00   580.24     0.00     0.00     0.00     0.00
  80 	 1139.00   580.24     0.00     0.00     0.00     0.00
   	   21.00   123.00     0.00    90.00
   	   21.00   123.00     0.00    90.00
  81 	 1273.00   580.24     0.00     0.00     0.00     0.00
  81 	 1273.00   580.24     0.00     0.00     0.00     0.00
   	   21.00   123.00     0.00    90.00
   	   21.00   123.00     0.00    90.00
  82 	 1407.00   580.24     0.00     0.00     0.00     0.00
  82 	 1407.00   580.24     0.00     0.00     0.00     0.00
   	   21.00   123.00     0.00    90.00
   	   21.00   123.00     0.00    90.00
  83 	 1541.00   580.24     0.00     0.00     0.00     0.00
  83 	 1541.00   580.24     0.00     0.00     0.00     0.00
   	   21.00   123.00     0.00    90.00
   	   21.00   123.00     0.00    90.00
  84 	 1675.00   580.24     0.00     0.00     0.00     0.00
  84 	 1675.00   580.24     0.00     0.00     0.00     0.00
   	   21.00   123.00     0.00    90.00
   	   21.00   123.00     0.00    90.00
  85 	  402.00   696.28     0.00     0.00     0.00     0.00
  85 	  402.00   696.28     0.00     0.00     0.00     0.00
   	   21.00   123.00     0.00    90.00
   	   21.00   123.00     0.00    90.00
  86 	  536.00   696.28     0.00     0.00     0.00     0.00
  86 	  536.00   696.28     0.00     0.00     0.00     0.00
   	   21.00   123.00     0.00    90.00
   	   21.00   123.00     0.00    90.00
  87 	  670.00   696.28     0.00     0.00     0.00     0.00
  87 	  670.00   696.28     0.00     0.00     0.00     0.00
   	   21.00   123.00     0.00    90.00
   	   21.00   123.00     0.00    90.00
  88 	  804.00   696.28     0.00     0.00     0.00     0.00
  88 	  804.00   696.28     0.00     0.00     0.00     0.00
   	   21.00   123.00     0.00    90.00
   	   21.00   123.00     0.00    90.00
  89 	  938.00   696.28     0.00     0.00     0.00     0.00
  89 	  938.00   696.28     0.00     0.00     0.00     0.00
   	   21.00   123.00     0.00    90.00
   	   21.00   123.00     0.00    90.00
  90 	 1072.00   696.28     0.00     0.00     0.00     0.00
  90 	 1072.00   696.28     0.00     0.00     0.00     0.00
   	   21.00   123.00     0.00    90.00
   	   21.00   123.00     0.00    90.00
  91 	 1206.00   696.28     0.00     0.00     0.00     0.00
  91 	 1206.00   696.28     0.00     0.00     0.00     0.00
   	   21.00   123.00     0.00    90.00
   	   21.00   123.00     0.00    90.00
  92 	 1340.00   696.28     0.00     0.00     0.00     0.00
  92 	 1340.00   696.28     0.00     0.00     0.00     0.00
   	   21.00   123.00     0.00    90.00
   	   21.00   123.00     0.00    90.00
  93 	 1474.00   696.28     0.00     0.00     0.00     0.00
  93 	 1474.00   696.28     0.00     0.00     0.00     0.00
   	   21.00   123.00     0.00    90.00
   	   21.00   123.00     0.00    90.00
  94 	 1608.00   696.28     0.00     0.00     0.00     0.00
  94 	 1608.00   696.28     0.00     0.00     0.00     0.00
   	   21.00   123.00     0.00    90.00
   	   21.00   123.00     0.00    90.00
  95 	 1742.00   696.28     0.00     0.00     0.00     0.00
  95 	 1742.00   696.28     0.00     0.00     0.00     0.00
   	   21.00   123.00     0.00    90.00
   	   21.00   123.00     0.00    90.00
  96 	  469.00   812.33     0.00     0.00     0.00     0.00
  96 	  469.00   812.33     0.00     0.00     0.00     0.00
   	   21.00   123.00     0.00    90.00
   	   21.00   123.00     0.00    90.00
  97 	  603.00   812.33     0.00     0.00     0.00     0.00
  97 	  603.00   812.33     0.00     0.00     0.00     0.00
   	   21.00   123.00     0.00    90.00
   	   21.00   123.00     0.00    90.00
  98 	  737.00   812.33     0.00     0.00     0.00     0.00
  98 	  737.00   812.33     0.00     0.00     0.00     0.00
   	   21.00   123.00     0.00    90.00
   	   21.00   123.00     0.00    90.00
  99 	  871.00   812.33     0.00     0.00     0.00     0.00
  99 	  871.00   812.33     0.00     0.00     0.00     0.00
   	   21.00   123.00     0.00    90.00
   	   21.00   123.00     0.00    90.00
 100 	 1005.00   812.33     0.00     0.00     0.00     0.00
 100 	 1005.00   812.33     0.00     0.00     0.00     0.00
   	   21.00   123.00     0.00    90.00
   	   21.00   123.00     0.00    90.00
 101 	 1139.00   812.33     0.00     0.00     0.00     0.00
 101 	 1139.00   812.33     0.00     0.00     0.00     0.00
   	   21.00   123.00     0.00    90.00
   	   21.00   123.00     0.00    90.00
 102 	 1273.00   812.33     0.00     0.00     0.00     0.00
 102 	 1273.00   812.33     0.00     0.00     0.00     0.00
   	   21.00   123.00     0.00    90.00
   	   21.00   123.00     0.00    90.00
 103 	 1407.00   812.33     0.00     0.00     0.00     0.00
 103 	 1407.00   812.33     0.00     0.00     0.00     0.00
   	   21.00   123.00     0.00    90.00
   	   21.00   123.00     0.00    90.00
 104 	 1541.00   812.33     0.00     0.00     0.00     0.00
 104 	 1541.00   812.33     0.00     0.00     0.00     0.00
   	   21.00   123.00     0.00    90.00
   	   21.00   123.00     0.00    90.00
 105 	 1675.00   812.33     0.00     0.00     0.00     0.00
 105 	 1675.00   812.33     0.00     0.00     0.00     0.00
   	   21.00   123.00     0.00    90.00
   	   21.00   123.00     0.00    90.00
 106 	 1809.00   812.33     0.00     0.00     0.00     0.00
 106 	 1809.00   812.33     0.00     0.00     0.00     0.00
   	   21.00   123.00     0.00    90.00
   	   21.00   123.00     0.00    90.00
 107 	  536.00   928.38     0.00     0.00     0.00     0.00
 107 	  536.00   928.38     0.00     0.00     0.00     0.00
   	   21.00   123.00     0.00    90.00
   	   21.00   123.00     0.00    90.00
 108 	  670.00   928.38     0.00     0.00     0.00     0.00
 108 	  670.00   928.38     0.00     0.00     0.00     0.00
   	   21.00   123.00     0.00    90.00
   	   21.00   123.00     0.00    90.00
 109 	  804.00   928.38     0.00     0.00     0.00     0.00
 109 	  804.00   928.38     0.00     0.00     0.00     0.00
   	   21.00   123.00     0.00    90.00
   	   21.00   123.00     0.00    90.00
 110 	  938.00   928.38     0.00     0.00     0.00     0.00
 110 	  938.00   928.38     0.00     0.00     0.00     0.00
   	   21.00   123.00     0.00    90.00
   	   21.00   123.00     0.00    90.00
 111 	 1072.00   928.38     0.00     0.00     0.00     0.00
 111 	 1072.00   928.38     0.00     0.00     0.00     0.00
   	   21.00   123.00     0.00    90.00
   	   21.00   123.00     0.00    90.00
 112 	 1206.00   928.38     0.00     0.00     0.00     0.00
 112 	 1206.00   928.38     0.00     0.00     0.00     0.00
   	   21.00   123.00     0.00    90.00
   	   21.00   123.00     0.00    90.00
 113 	 1340.00   928.38     0.00     0.00     0.00     0.00
 113 	 1340.00   928.38     0.00     0.00     0.00     0.00
   	   21.00   123.00     0.00    90.00
   	   21.00   123.00     0.00    90.00
 114 	 1474.00   928.38     0.00     0.00     0.00     0.00
 114 	 1474.00   928.38     0.00     0.00     0.00     0.00
   	   21.00   123.00     0.00    90.00
   	   21.00   123.00     0.00    90.00
 115 	 1608.00   928.38     0.00     0.00     0.00     0.00
 115 	 1608.00   928.38     0.00     0.00     0.00     0.00
   	   21.00   123.00     0.00    90.00
   	   21.00   123.00     0.00    90.00
 116 	 1742.00   928.38     0.00     0.00     0.00     0.00
 116 	 1742.00   928.38     0.00     0.00     0.00     0.00
   	   21.00   123.00     0.00    90.00
   	   21.00   123.00     0.00    90.00
 117 	 1876.00   928.38     0.00     0.00     0.00     0.00
 117 	 1876.00   928.38     0.00     0.00     0.00     0.00
   	   21.00   123.00     0.00    90.00
   	   21.00   123.00     0.00    90.00
 118 	  603.00  1044.43     0.00     0.00     0.00     0.00
 118 	  603.00  1044.43     0.00     0.00     0.00     0.00
   	   21.00   123.00     0.00    90.00
   	   21.00   123.00     0.00    90.00
 119 	  737.00  1044.43     0.00     0.00     0.00     0.00
 119 	  737.00  1044.43     0.00     0.00     0.00     0.00
   	   21.00   123.00     0.00    90.00
   	   21.00   123.00     0.00    90.00
 120 	  871.00  1044.43     0.00     0.00     0.00     0.00
 120 	  871.00  1044.43     0.00     0.00     0.00     0.00
   	   21.00   123.00     0.00    90.00
   	   21.00   123.00     0.00    90.00
 121 	 1005.00  1044.43     0.00     0.00     0.00     0.00
 121 	 1005.00  1044.43     0.00     0.00     0.00     0.00
   	   21.00   123.00     0.00    90.00
   	   21.00   123.00     0.00    90.00
 122 	 1139.00  1044.43     0.00     0.00     0.00     0.00
 122 	 1139.00  1044.43     0.00     0.00     0.00     0.00
   	   21.00   123.00     0.00    90.00
   	   21.00   123.00     0.00    90.00
 123 	 1273.00  1044.43     0.00     0.00     0.00     0.00
 123 	 1273.00  1044.43     0.00     0.00     0.00     0.00
   	   21.00   123.00     0.00    90.00
   	   21.00   123.00     0.00    90.00
 124 	 1407.00  1044.43     0.00     0.00     0.00     0.00
 124 	 1407.00  1044.43     0.00     0.00     0.00     0.00
   	   21.00   123.00     0.00    90.00
   	   21.00   123.00     0.00    90.00
 125 	 1541.00  1044.43     0.00     0.00     0.00     0.00
 125 	 1541.00  1044.43     0.00     0.00     0.00     0.00
   	   21.00   123.00     0.00    90.00
   	   21.00   123.00     0.00    90.00
 126 	 1675.00  1044.43     0.00     0.00     0.00     0.00
 126 	 1675.00  1044.43     0.00     0.00     0.00     0.00
   	   21.00   123.00     0.00    90.00
   	   21.00   123.00     0.00    90.00
 127 	 1809.00  1044.43     0.00     0.00     0.00     0.00
 127 	 1809.00  1044.43     0.00     0.00     0.00     0.00
   	   21.00   123.00     0.00    90.00
   	   21.00   123.00     0.00    90.00
 128 	 1943.00  1044.43     0.00     0.00     0.00     0.00
 128 	 1943.00  1044.43     0.00     0.00     0.00     0.00
   	   21.00   123.00     0.00    90.00
   	   21.00   123.00     0.00    90.00
 129 	 -804.00  -696.28     0.00     0.00     0.00     0.00
 129 	 -804.00  -696.28     0.00     0.00     0.00     0.00
   	   21.00   123.00     0.00    90.00
   	   21.00   123.00     0.00    90.00
 130 	 -670.00  -696.28     0.00     0.00     0.00     0.00
 130 	 -670.00  -696.28     0.00     0.00     0.00     0.00
   	   21.00   123.00     0.00    90.00
   	   21.00   123.00     0.00    90.00
 131 	 -536.00  -696.28     0.00     0.00     0.00     0.00
 131 	 -536.00  -696.28     0.00     0.00     0.00     0.00
   	   21.00   123.00     0.00    90.00
   	   21.00   123.00     0.00    90.00
 132 	 -402.00  -696.28     0.00     0.00     0.00     0.00
 132 	 -402.00  -696.28     0.00     0.00     0.00     0.00
   	   21.00   123.00     0.00    90.00
   	   21.00   123.00     0.00    90.00
 133 	 -268.00  -696.28     0.00     0.00     0.00     0.00
 133 	 -268.00  -696.28     0.00     0.00     0.00     0.00
   	   21.00   123.00     0.00    90.00
   	   21.00   123.00     0.00    90.00
 134 	 -134.00  -696.28     0.00     0.00     0.00     0.00
 134 	 -134.00  -696.28     0.00     0.00     0.00     0.00
   	   21.00   123.00     0.00    90.00
   	   21.00   123.00     0.00    90.00
 135 	    0.00  -696.28     0.00     0.00     0.00     0.00
 135 	    0.00  -696.28     0.00     0.00     0.00     0.00
   	   21.00   123.00     0.00    90.00
   	   21.00   123.00     0.00    90.00
 136 	  134.00  -696.28     0.00     0.00     0.00     0.00
 136 	  134.00  -696.28     0.00     0.00     0.00     0.00
   	   21.00   123.00     0.00    90.00
   	   21.00   123.00     0.00    90.00
 137 	 -737.00  -580.24     0.00     0.00     0.00     0.00
 137 	 -737.00  -580.24     0.00     0.00     0.00     0.00
   	   21.00   123.00     0.00    90.00
   	   21.00   123.00     0.00    90.00
 138 	 -603.00  -580.24     0.00     0.00     0.00     0.00
 138 	 -603.00  -580.24     0.00     0.00     0.00     0.00
   	   21.00   123.00     0.00    90.00
   	   21.00   123.00     0.00    90.00
 139 	 -469.00  -580.24     0.00     0.00     0.00     0.00
 139 	 -469.00  -580.24     0.00     0.00     0.00     0.00
   	   21.00   123.00     0.00    90.00
   	   21.00   123.00     0.00    90.00
 140 	 -335.00  -580.24     0.00     0.00     0.00     0.00
 140 	 -335.00  -580.24     0.00     0.00     0.00     0.00
   	   21.00   123.00     0.00    90.00
   	   21.00   123.00     0.00    90.00
 141 	 -201.00  -580.24     0.00     0.00     0.00     0.00
 141 	 -201.00  -580.24     0.00     0.00     0.00     0.00
   	   21.00   123.00     0.00    90.00
   	   21.00   123.00     0.00    90.00
 142 	  -67.00  -580.24     0.00     0.00     0.00     0.00
 142 	  -67.00  -580.24     0.00     0.00     0.00     0.00
   	   21.00   123.00     0.00    90.00
   	   21.00   123.00     0.00    90.00
 143 	   67.00  -580.24     0.00     0.00     0.00     0.00
 143 	   67.00  -580.24     0.00     0.00     0.00     0.00
   	   21.00   123.00     0.00    90.00
   	   21.00   123.00     0.00    90.00
 144 	  201.00  -580.24     0.00     0.00     0.00     0.00
 144 	  201.00  -580.24     0.00     0.00     0.00     0.00
   	   21.00   123.00     0.00    90.00
   	   21.00   123.00     0.00    90.00
 145 	 -670.00  -464.19     0.00     0.00     0.00     0.00
 145 	 -670.00  -464.19     0.00     0.00     0.00     0.00
   	   21.00   123.00     0.00    90.00
   	   21.00   123.00     0.00    90.00
 146 	 -536.00  -464.19     0.00     0.00     0.00     0.00
 146 	 -536.00  -464.19     0.00     0.00     0.00     0.00
   	   21.00   123.00     0.00    90.00
   	   21.00   123.00     0.00    90.00
 147 	 -402.00  -464.19     0.00     0.00     0.00     0.00
 147 	 -402.00  -464.19     0.00     0.00     0.00     0.00
   	   21.00   123.00     0.00    90.00
   	   21.00   123.00     0.00    90.00
 148 	 -268.00  -464.19     0.00     0.00     0.00     0.00
 148 	 -268.00  -464.19     0.00     0.00     0.00     0.00
   	   21.00   123.00     0.00    90.00
   	   21.00   123.00     0.00    90.00
 149 	 -134.00  -464.19     0.00     0.00     0.00     0.00
 149 	 -134.00  -464.19     0.00     0.00     0.00     0.00
   	   21.00   123.00     0.00    90.00
   	   21.00   123.00     0.00    90.00
 150 	    0.00  -464.19     0.00     0.00     0.00     0.00
 150 	    0.00  -464.19     0.00     0.00     0.00     0.00
   	   21.00   123.00     0.00    90.00
   	   21.00   123.00     0.00    90.00
 151 	  134.00  -464.19     0.00     0.00     0.00     0.00
 151 	  134.00  -464.19     0.00     0.00     0.00     0.00
   	   21.00   123.00     0.00    90.00
   	   21.00   123.00     0.00    90.00
 152 	  268.00  -464.19     0.00     0.00     0.00     0.00
 152 	  268.00  -464.19     0.00     0.00     0.00     0.00
   	   21.00   123.00     0.00    90.00
   	   21.00   123.00     0.00    90.00
 153 	 -603.00  -348.14     0.00     0.00     0.00     0.00
 153 	 -603.00  -348.14     0.00     0.00     0.00     0.00
   	   21.00   123.00     0.00    90.00
   	   21.00   123.00     0.00    90.00
 154 	 -469.00  -348.14     0.00     0.00     0.00     0.00
 154 	 -469.00  -348.14     0.00     0.00     0.00     0.00
   	   21.00   123.00     0.00    90.00
   	   21.00   123.00     0.00    90.00
 155 	 -335.00  -348.14     0.00     0.00     0.00     0.00
 155 	 -335.00  -348.14     0.00     0.00     0.00     0.00
   	   21.00   123.00     0.00    90.00
   	   21.00   123.00     0.00    90.00
 156 	 -201.00  -348.14     0.00     0.00     0.00     0.00
 156 	 -201.00  -348.14     0.00     0.00     0.00     0.00
   	   21.00   123.00     0.00    90.00
   	   21.00   123.00     0.00    90.00
 157 	  -67.00  -348.14     0.00     0.00     0.00     0.00
 157 	  -67.00  -348.14     0.00     0.00     0.00     0.00
   	   21.00   123.00     0.00    90.00
   	   21.00   123.00     0.00    90.00
 158 	   67.00  -348.14     0.00     0.00     0.00     0.00
 158 	   67.00  -348.14     0.00     0.00     0.00     0.00
   	   21.00   123.00     0.00    90.00
   	   21.00   123.00     0.00    90.00
 159 	  201.00  -348.14     0.00     0.00     0.00     0.00
 159 	  201.00  -348.14     0.00     0.00     0.00     0.00
   	   21.00   123.00     0.00    90.00
   	   21.00   123.00     0.00    90.00
 160 	  335.00  -348.14     0.00     0.00     0.00     0.00
 160 	  335.00  -348.14     0.00     0.00     0.00     0.00
   	   21.00   123.00     0.00    90.00
   	   21.00   123.00     0.00    90.00
 161 	 -536.00  -232.09     0.00     0.00     0.00     0.00
 161 	 -536.00  -232.09     0.00     0.00     0.00     0.00
   	   21.00   123.00     0.00    90.00
   	   21.00   123.00     0.00    90.00
 162 	 -402.00  -232.09     0.00     0.00     0.00     0.00
 162 	 -402.00  -232.09     0.00     0.00     0.00     0.00
   	   21.00   123.00     0.00    90.00
   	   21.00   123.00     0.00    90.00
 163 	 -268.00  -232.09     0.00     0.00     0.00     0.00
 163 	 -268.00  -232.09     0.00     0.00     0.00     0.00
   	   21.00   123.00     0.00    90.00
   	   21.00   123.00     0.00    90.00
 164 	 -134.00  -232.09     0.00     0.00     0.00     0.00
 164 	 -134.00  -232.09     0.00     0.00     0.00     0.00
   	   21.00   123.00     0.00    90.00
   	   21.00   123.00     0.00    90.00
 165 	    0.00  -232.09     0.00     0.00     0.00     0.00
 165 	    0.00  -232.09     0.00     0.00     0.00     0.00
   	   21.00   123.00     0.00    90.00
   	   21.00   123.00     0.00    90.00
 166 	  134.00  -232.09     0.00     0.00     0.00     0.00
 166 	  134.00  -232.09     0.00     0.00     0.00     0.00
   	   21.00   123.00     0.00    90.00
   	   21.00   123.00     0.00    90.00
 167 	  268.00  -232.09     0.00     0.00     0.00     0.00
 167 	  268.00  -232.09     0.00     0.00     0.00     0.00
   	   21.00   123.00     0.00    90.00
   	   21.00   123.00     0.00    90.00
 168 	  402.00  -232.09     0.00     0.00     0.00     0.00
 168 	  402.00  -232.09     0.00     0.00     0.00     0.00
   	   21.00   123.00     0.00    90.00
   	   21.00   123.00     0.00    90.00
 169 	 -469.00  -116.05     0.00     0.00     0.00     0.00
 169 	 -469.00  -116.05     0.00     0.00     0.00     0.00
   	   21.00   123.00     0.00    90.00
   	   21.00   123.00     0.00    90.00
 170 	 -335.00  -116.05     0.00     0.00     0.00     0.00
 170 	 -335.00  -116.05     0.00     0.00     0.00     0.00
   	   21.00   123.00     0.00    90.00
   	   21.00   123.00     0.00    90.00
 171 	 -201.00  -116.05     0.00     0.00     0.00     0.00
 171 	 -201.00  -116.05     0.00     0.00     0.00     0.00
   	   21.00   123.00     0.00    90.00
   	   21.00   123.00     0.00    90.00
 172 	  -67.00  -116.05     0.00     0.00     0.00     0.00
 172 	  -67.00  -116.05     0.00     0.00     0.00     0.00
   	   21.00   123.00     0.00    90.00
   	   21.00   123.00     0.00    90.00
 173 	   67.00  -116.05     0.00     0.00     0.00     0.00
 173 	   67.00  -116.05     0.00     0.00     0.00     0.00
   	   21.00   123.00     0.00    90.00
   	   21.00   123.00     0.00    90.00
 174 	  201.00  -116.05     0.00     0.00     0.00     0.00
 174 	  201.00  -116.05     0.00     0.00     0.00     0.00
   	   21.00   123.00     0.00    90.00
   	   21.00   123.00     0.00    90.00
 175 	  335.00  -116.05     0.00     0.00     0.00     0.00
 175 	  335.00  -116.05     0.00     0.00     0.00     0.00
   	   21.00   123.00     0.00    90.00
   	   21.00   123.00     0.00    90.00
 176 	  469.00  -116.05     0.00     0.00     0.00     0.00
 176 	  469.00  -116.05     0.00     0.00     0.00     0.00
   	   21.00   123.00     0.00    90.00
   	   21.00   123.00     0.00    90.00
 177 	 -402.00     0.00     0.00     0.00     0.00     0.00
 177 	 -402.00     0.00     0.00     0.00     0.00     0.00
   	   21.00   123.00     0.00    90.00
   	   21.00   123.00     0.00    90.00
 178 	 -268.00     0.00     0.00     0.00     0.00     0.00
 178 	 -268.00     0.00     0.00     0.00     0.00     0.00
   	   21.00   123.00     0.00    90.00
   	   21.00   123.00     0.00    90.00
 179 	 -134.00     0.00     0.00     0.00     0.00     0.00
 179 	 -134.00     0.00     0.00     0.00     0.00     0.00
   	   21.00   123.00     0.00    90.00
   	   21.00   123.00     0.00    90.00
 180 	    0.00     0.00     0.00     0.00     0.00     0.00
 180 	    0.00     0.00     0.00     0.00     0.00     0.00
   	   21.00   123.00     0.00    90.00
   	   21.00   123.00     0.00    90.00
 181 	  134.00     0.00     0.00     0.00     0.00     0.00
 181 	  134.00     0.00     0.00     0.00     0.00     0.00
   	   21.00   123.00     0.00    90.00
   	   21.00   123.00     0.00    90.00
 182 	  268.00     0.00     0.00     0.00     0.00     0.00
 182 	  268.00     0.00     0.00     0.00     0.00     0.00
   	   21.00   123.00     0.00    90.00
   	   21.00   123.00     0.00    90.00
 183 	  402.00     0.00     0.00     0.00     0.00     0.00
 183 	  402.00     0.00     0.00     0.00     0.00     0.00
   	   21.00   123.00     0.00    90.00
   	   21.00   123.00     0.00    90.00
 184 	  536.00     0.00     0.00     0.00     0.00     0.00
 184 	  536.00     0.00     0.00     0.00     0.00     0.00
   	   21.00   123.00     0.00    90.00
   	   21.00   123.00     0.00    90.00
 185 	 -335.00   116.05     0.00     0.00     0.00     0.00
 185 	 -335.00   116.05     0.00     0.00     0.00     0.00
   	   21.00   123.00     0.00    90.00
   	   21.00   123.00     0.00    90.00
 186 	 -201.00   116.05     0.00     0.00     0.00     0.00
 186 	 -201.00   116.05     0.00     0.00     0.00     0.00
   	   21.00   123.00     0.00    90.00
   	   21.00   123.00     0.00    90.00
 187 	  -67.00   116.05     0.00     0.00     0.00     0.00
 187 	  -67.00   116.05     0.00     0.00     0.00     0.00
   	   21.00   123.00     0.00    90.00
   	   21.00   123.00     0.00    90.00
 188 	   67.00   116.05     0.00     0.00     0.00     0.00
 188 	   67.00   116.05     0.00     0.00     0.00     0.00
   	   21.00   123.00     0.00    90.00
   	   21.00   123.00     0.00    90.00
 189 	  201.00   116.05     0.00     0.00     0.00     0.00
 189 	  201.00   116.05     0.00     0.00     0.00     0.00
   	   21.00   123.00     0.00    90.00
   	   21.00   123.00     0.00    90.00
 190 	  335.00   116.05     0.00     0.00     0.00     0.00
 190 	  335.00   116.05     0.00     0.00     0.00     0.00
   	   21.00   123.00     0.00    90.00
   	   21.00   123.00     0.00    90.00
 191 	  469.00   116.05     0.00     0.00     0.00     0.00
 191 	  469.00   116.05     0.00     0.00     0.00     0.00
   	   21.00   123.00     0.00    90.00
   	   21.00   123.00     0.00    90.00
 192 	  603.00   116.05     0.00     0.00     0.00     0.00
 192 	  603.00   116.05     0.00     0.00     0.00     0.00
   	   21.00   123.00     0.00    90.00
   	   21.00   123.00     0.00    90.00
 193 	 -268.00   232.09     0.00     0.00     0.00     0.00
 193 	 -268.00   232.09     0.00     0.00     0.00     0.00
   	   21.00   123.00     0.00    90.00
   	   21.00   123.00     0.00    90.00
 194 	 -134.00   232.09     0.00     0.00     0.00     0.00
 194 	 -134.00   232.09     0.00     0.00     0.00     0.00
   	   21.00   123.00     0.00    90.00
   	   21.00   123.00     0.00    90.00
 195 	   -0.00   232.09     0.00     0.00     0.00     0.00
 195 	   -0.00   232.09     0.00     0.00     0.00     0.00
   	   21.00   123.00     0.00    90.00
   	   21.00   123.00     0.00    90.00
 196 	  134.00   232.09     0.00     0.00     0.00     0.00
 196 	  134.00   232.09     0.00     0.00     0.00     0.00
   	   21.00   123.00     0.00    90.00
   	   21.00   123.00     0.00    90.00
 197 	  268.00   232.09     0.00     0.00     0.00     0.00
 197 	  268.00   232.09     0.00     0.00     0.00     0.00
   	   21.00   123.00     0.00    90.00
   	   21.00   123.00     0.00    90.00
 198 	  402.00   232.09     0.00     0.00     0.00     0.00
 198 	  402.00   232.09     0.00     0.00     0.00     0.00
   	   21.00   123.00     0.00    90.00
   	   21.00   123.00     0.00    90.00
 199 	  536.00   232.09     0.00     0.00     0.00     0.00
 199 	  536.00   232.09     0.00     0.00     0.00     0.00
   	   21.00   123.00     0.00    90.00
   	   21.00   123.00     0.00    90.00
 200 	  670.00   232.09     0.00     0.00     0.00     0.00
 200 	  670.00   232.09     0.00     0.00     0.00     0.00
   	   21.00   123.00     0.00    90.00
   	   21.00   123.00     0.00    90.00
 201 	 -201.00   348.14     0.00     0.00     0.00     0.00
 201 	 -201.00   348.14     0.00     0.00     0.00     0.00
   	   21.00   123.00     0.00    90.00
   	   21.00   123.00     0.00    90.00
 202 	  -67.00   348.14     0.00     0.00     0.00     0.00
 202 	  -67.00   348.14     0.00     0.00     0.00     0.00
   	   21.00   123.00     0.00    90.00
   	   21.00   123.00     0.00    90.00
 203 	   67.00   348.14     0.00     0.00     0.00     0.00
 203 	   67.00   348.14     0.00     0.00     0.00     0.00
   	   21.00   123.00     0.00    90.00
   	   21.00   123.00     0.00    90.00
 204 	  201.00   348.14     0.00     0.00     0.00     0.00
 204 	  201.00   348.14     0.00     0.00     0.00     0.00
   	   21.00   123.00     0.00    90.00
   	   21.00   123.00     0.00    90.00
 205 	  335.00   348.14     0.00     0.00     0.00     0.00
 205 	  335.00   348.14     0.00     0.00     0.00     0.00
   	   21.00   123.00     0.00    90.00
   	   21.00   123.00     0.00    90.00
 206 	  469.00   348.14     0.00     0.00     0.00     0.00
 206 	  469.00   348.14     0.00     0.00     0.00     0.00
   	   21.00   123.00     0.00    90.00
   	   21.00   123.00     0.00    90.00
 207 	  603.00   348.14     0.00     0.00     0.00     0.00
 207 	  603.00   348.14     0.00     0.00     0.00     0.00
   	   21.00   123.00     0.00    90.00
   	   21.00   123.00     0.00    90.00
 208 	  737.00   348.14     0.00     0.00     0.00     0.00
 208 	  737.00   348.14     0.00     0.00     0.00     0.00
   	   21.00   123.00     0.00    90.00
   	   21.00   123.00     0.00    90.00
 209 	 -134.00   464.19     0.00     0.00     0.00     0.00
 209 	 -134.00   464.19     0.00     0.00     0.00     0.00
   	   21.00   123.00     0.00    90.00
   	   21.00   123.00     0.00    90.00
 210 	   -0.00   464.19     0.00     0.00     0.00     0.00
 210 	   -0.00   464.19     0.00     0.00     0.00     0.00
   	   21.00   123.00     0.00    90.00
   	   21.00   123.00     0.00    90.00
 211 	  134.00   464.19     0.00     0.00     0.00     0.00
 211 	  134.00   464.19     0.00     0.00     0.00     0.00
   	   21.00   123.00     0.00    90.00
   	   21.00   123.00     0.00    90.00
 212 	  268.00   464.19     0.00     0.00     0.00     0.00
 212 	  268.00   464.19     0.00     0.00     0.00     0.00
   	   21.00   123.00     0.00    90.00
   	   21.00   123.00     0.00    90.00
 213 	  402.00   464.19     0.00     0.00     0.00     0.00
 213 	  402.00   464.19     0.00     0.00     0.00     0.00
   	   21.00   123.00     0.00    90.00
   	   21.00   123.00     0.00    90.00
 214 	  536.00   464.19     0.00     0.00     0.00     0.00
 214 	  536.00   464.19     0.00     0.00     0.00     0.00
   	   21.00   123.00     0.00    90.00
   	   21.00   123.00     0.00    90.00
 215 	  670.00   464.19     0.00     0.00     0.00     0.00
 215 	  670.00   464.19     0.00     0.00     0.00     0.00
   	   21.00   123.00     0.00    90.00
   	   21.00   123.00     0.00    90.00
 216 	  804.00   464.19     0.00     0.00     0.00     0.00
 216 	  804.00   464.19     0.00     0.00     0.00     0.00
   	   21.00   123.00     0.00    90.00
   	   21.00   123.00     0.00    90.00

** End writing output file: ../inputs/gr301.dat 
