*******************************************************************************
                         ARRAY PREPROCESSOR ver. 1.0
*******************************************************************************



   1	GROUP testgroup
   3	 GRID TRIANGULAR
   4	 ELEMENT
   5	 GEOMETRY CIRCULAR 40
   7	 ADD BLOCK -3 1 -3 -7
   9	 GROUP_EXCITATION
  10	 AMPLITUDE UNIFORM 17
  11	 PHASE UNIFORM 87
  12	 END

** WARNING B2: GRID step(s) too small for specified element in GROUP: testgroup
** Generating GROUP: testgroup.
** PSTEP,QSTEP set to:80.000000,80.000000
** Grid ANGLE set to:60.000000 
** Group ROT_ANGLE set to: 0.000000 

** Writing output file: ../inputs/gr306.dat

NEL 
NPORTS
IDUM      REXA     REYA     REZA     THEA     PHEA     PSEA 
          AMP      PSH      PSC      PHEPOL
   9
   9
   1
   1
   1 	 -520.00  -484.97     0.00     0.00     0.00     0.00
   1 	 -520.00  -484.97     0.00     0.00     0.00     0.00
   	   17.00    87.00     0.00    90.00
   	   17.00    87.00     0.00    90.00
   2 	 -480.00  -415.69     0.00     0.00     0.00     0.00
   2 	 -480.00  -415.69     0.00     0.00     0.00     0.00
   	   17.00    87.00     0.00    90.00
   	   17.00    87.00     0.00    90.00
   3 	 -440.00  -346.41     0.00     0.00     0.00     0.00
   3 	 -440.00  -346.41     0.00     0.00     0.00     0.00
   	   17.00    87.00     0.00    90.00
   	   17.00    87.00     0.00    90.00
   4 	 -400.00  -277.13     0.00     0.00     0.00     0.00
   4 	 -400.00  -277.13     0.00     0.00     0.00     0.00
   	   17.00    87.00     0.00    90.00
   	   17.00    87.00     0.00    90.00
   5 	 -360.00  -207.85     0.00     0.00     0.00     0.00
   5 	 -360.00  -207.85     0.00     0.00     0.00     0.00
   	   17.00    87.00     0.00    90.00
   	   17.00    87.00     0.00    90.00
   6 	 -320.00  -138.56     0.00     0.00     0.00     0.00
   6 	 -320.00  -138.56     0.00     0.00     0.00     0.00
   	   17.00    87.00     0.00    90.00
   	   17.00    87.00     0.00    90.00
   7 	 -280.00   -69.28     0.00     0.00     0.00     0.00
   7 	 -280.00   -69.28     0.00     0.00     0.00     0.00
   	   17.00    87.00     0.00    90.00
   	   17.00    87.00     0.00    90.00
   8 	 -240.00     0.00     0.00     0.00     0.00     0.00
   8 	 -240.00     0.00     0.00     0.00     0.00     0.00
   	   17.00    87.00     0.00    90.00
   	   17.00    87.00     0.00    90.00
   9 	 -200.00    69.28     0.00     0.00     0.00     0.00
   9 	 -200.00    69.28     0.00     0.00     0.00     0.00
   	   17.00    87.00     0.00    90.00
   	   17.00    87.00     0.00    90.00

** End writing output file: ../inputs/gr306.dat 
