*******************************************************************************
                         ARRAY PREPROCESSOR ver. 1.0
*******************************************************************************



   1	GROUP testgroup
   3	 GRID SQUARE
   4	 ELEMENT
   5	 GEOMETRY CIRCULAR 64
   7	 PORTS 2
   8	 PORT 1
   9	 AMPLITUDE 22
  10	 PHASE_SHAPING 375
  11	 PHASE_POL_ARRANG 667
  12	 PORT 2
  13	 AMPLITUDE 34
  14	 PHASE_POL_ARRANG 546
  15	 ADD HEXAGON -9 -1
  16	 ADD HEXAGON 0 0
  17	 ADD BLOCK 0 5 -4 -1
  19	 GROUP_EXCITATION
  20	 AMPLITUDE UNIFORM 21
  21	 PHASE UNIFORM 53
  22	 END

** Generating GROUP: testgroup.
** PSTEP,QSTEP set to:128.000000,128.000000
** Grid ANGLE set to:90.000000 
** Group ROT_ANGLE set to: 0.000000 

** Writing output file: ../inputs/gr315.dat

NEL 
NPORTS
IDUM      REXA     REYA     REZA     THEA     PHEA     PSEA 
          AMP      PSH      PSC      PHEPOL
  49
  49
   2
   2
   1 	-1280.00     0.00     0.00     0.00     0.00     0.00
   1 	-1280.00     0.00     0.00     0.00     0.00     0.00
   	  462.00  1095.00     0.00    90.00
   	  462.00  1095.00     0.00    90.00
   	  714.00   599.00     0.00    90.00
   	  714.00   599.00     0.00    90.00
   2 	-1152.00     0.00     0.00     0.00     0.00     0.00
   2 	-1152.00     0.00     0.00     0.00     0.00     0.00
   	  462.00  1095.00     0.00    90.00
   	  462.00  1095.00     0.00    90.00
   	  714.00   599.00     0.00    90.00
   	  714.00   599.00     0.00    90.00
   3 	-1024.00  -128.00     0.00     0.00     0.00     0.00
   3 	-1024.00  -128.00     0.00     0.00     0.00     0.00
   	  462.00  1095.00     0.00    90.00
   	  462.00  1095.00     0.00    90.00
   	  714.00   599.00     0.00    90.00
   	  714.00   599.00     0.00    90.00
   4 	-1024.00  -256.00     0.00     0.00     0.00     0.00
   4 	-1024.00  -256.00     0.00     0.00     0.00     0.00
   	  462.00  1095.00     0.00    90.00
   	  462.00  1095.00     0.00    90.00
   	  714.00   599.00     0.00    90.00
   	  714.00   599.00     0.00    90.00
   5 	-1152.00  -256.00     0.00     0.00     0.00     0.00
   5 	-1152.00  -256.00     0.00     0.00     0.00     0.00
   	  462.00  1095.00     0.00    90.00
   	  462.00  1095.00     0.00    90.00
   	  714.00   599.00     0.00    90.00
   	  714.00   599.00     0.00    90.00
   6 	-1280.00  -128.00     0.00     0.00     0.00     0.00
   6 	-1280.00  -128.00     0.00     0.00     0.00     0.00
   	  462.00  1095.00     0.00    90.00
   	  462.00  1095.00     0.00    90.00
   	  714.00   599.00     0.00    90.00
   	  714.00   599.00     0.00    90.00
   7 	-1152.00  -128.00     0.00     0.00     0.00     0.00
   7 	-1152.00  -128.00     0.00     0.00     0.00     0.00
   	  462.00  1095.00     0.00    90.00
   	  462.00  1095.00     0.00    90.00
   	  714.00   599.00     0.00    90.00
   	  714.00   599.00     0.00    90.00
   8 	 -128.00   128.00     0.00     0.00     0.00     0.00
   8 	 -128.00   128.00     0.00     0.00     0.00     0.00
   	  462.00  1095.00     0.00    90.00
   	  462.00  1095.00     0.00    90.00
   	  714.00   599.00     0.00    90.00
   	  714.00   599.00     0.00    90.00
   9 	   -0.00   128.00     0.00     0.00     0.00     0.00
   9 	   -0.00   128.00     0.00     0.00     0.00     0.00
   	  462.00  1095.00     0.00    90.00
   	  462.00  1095.00     0.00    90.00
   	  714.00   599.00     0.00    90.00
   	  714.00   599.00     0.00    90.00
  10 	  128.00     0.00     0.00     0.00     0.00     0.00
  10 	  128.00     0.00     0.00     0.00     0.00     0.00
   	  462.00  1095.00     0.00    90.00
   	  462.00  1095.00     0.00    90.00
   	  714.00   599.00     0.00    90.00
   	  714.00   599.00     0.00    90.00
  11 	  128.00  -128.00     0.00     0.00     0.00     0.00
  11 	  128.00  -128.00     0.00     0.00     0.00     0.00
   	  462.00  1095.00     0.00    90.00
   	  462.00  1095.00     0.00    90.00
   	  714.00   599.00     0.00    90.00
   	  714.00   599.00     0.00    90.00
  12 	    0.00  -128.00     0.00     0.00     0.00     0.00
  12 	    0.00  -128.00     0.00     0.00     0.00     0.00
   	  462.00  1095.00     0.00    90.00
   	  462.00  1095.00     0.00    90.00
   	  714.00   599.00     0.00    90.00
   	  714.00   599.00     0.00    90.00
  13 	 -128.00     0.00     0.00     0.00     0.00     0.00
  13 	 -128.00     0.00     0.00     0.00     0.00     0.00
   	  462.00  1095.00     0.00    90.00
   	  462.00  1095.00     0.00    90.00
   	  714.00   599.00     0.00    90.00
   	  714.00   599.00     0.00    90.00
  14 	    0.00     0.00     0.00     0.00     0.00     0.00
  14 	    0.00     0.00     0.00     0.00     0.00     0.00
   	  462.00  1095.00     0.00    90.00
   	  462.00  1095.00     0.00    90.00
   	  714.00   599.00     0.00    90.00
   	  714.00   599.00     0.00    90.00
  15 	 -512.00  -128.00     0.00     0.00     0.00     0.00
  15 	 -512.00  -128.00     0.00     0.00     0.00     0.00
   	  462.00  1095.00     0.00    90.00
   	  462.00  1095.00     0.00    90.00
   	  714.00   599.00     0.00    90.00
   	  714.00   599.00     0.00    90.00
  16 	 -384.00  -128.00     0.00     0.00     0.00     0.00
  16 	 -384.00  -128.00     0.00     0.00     0.00     0.00
   	  462.00  1095.00     0.00    90.00
   	  462.00  1095.00     0.00    90.00
   	  714.00   599.00     0.00    90.00
   	  714.00   599.00     0.00    90.00
  17 	 -256.00  -128.00     0.00     0.00     0.00     0.00
  17 	 -256.00  -128.00     0.00     0.00     0.00     0.00
   	  462.00  1095.00     0.00    90.00
   	  462.00  1095.00     0.00    90.00
   	  714.00   599.00     0.00    90.00
   	  714.00   599.00     0.00    90.00
  18 	 -128.00  -128.00     0.00     0.00     0.00     0.00
  18 	 -128.00  -128.00     0.00     0.00     0.00     0.00
   	  462.00  1095.00     0.00    90.00
   	  462.00  1095.00     0.00    90.00
   	  714.00   599.00     0.00    90.00
   	  714.00   599.00     0.00    90.00
  19 	    0.00  -128.00     0.00     0.00     0.00     0.00
  19 	    0.00  -128.00     0.00     0.00     0.00     0.00
   	  462.00  1095.00     0.00    90.00
   	  462.00  1095.00     0.00    90.00
   	  714.00   599.00     0.00    90.00
   	  714.00   599.00     0.00    90.00
  20 	 -512.00     0.00     0.00     0.00     0.00     0.00
  20 	 -512.00     0.00     0.00     0.00     0.00     0.00
   	  462.00  1095.00     0.00    90.00
   	  462.00  1095.00     0.00    90.00
   	  714.00   599.00     0.00    90.00
   	  714.00   599.00     0.00    90.00
  21 	 -384.00     0.00     0.00     0.00     0.00     0.00
  21 	 -384.00     0.00     0.00     0.00     0.00     0.00
   	  462.00  1095.00     0.00    90.00
   	  462.00  1095.00     0.00    90.00
   	  714.00   599.00     0.00    90.00
   	  714.00   599.00     0.00    90.00
  22 	 -256.00     0.00     0.00     0.00     0.00     0.00
  22 	 -256.00     0.00     0.00     0.00     0.00     0.00
   	  462.00  1095.00     0.00    90.00
   	  462.00  1095.00     0.00    90.00
   	  714.00   599.00     0.00    90.00
   	  714.00   599.00     0.00    90.00
  23 	 -128.00     0.00     0.00     0.00     0.00     0.00
  23 	 -128.00     0.00     0.00     0.00     0.00     0.00
   	  462.00  1095.00     0.00    90.00
   	  462.00  1095.00     0.00    90.00
   	  714.00   599.00     0.00    90.00
   	  714.00   599.00     0.00    90.00
  24 	    0.00     0.00     0.00     0.00     0.00     0.00
  24 	    0.00     0.00     0.00     0.00     0.00     0.00
   	  462.00  1095.00     0.00    90.00
   	  462.00  1095.00     0.00    90.00
   	  714.00   599.00     0.00    90.00
   	  714.00   599.00     0.00    90.00
  25 	 -512.00   128.00     0.00     0.00     0.00     0.00
  25 	 -512.00   128.00     0.00     0.00     0.00     0.00
   	  462.00  1095.00     0.00    90.00
   	  462.00  1095.00     0.00    90.00
   	  714.00   599.00     0.00    90.00
   	  714.00   599.00     0.00    90.00
  26 	 -384.00   128.00     0.00     0.00     0.00     0.00
  26 	 -384.00   128.00     0.00     0.00     0.00     0.00
   	  462.00  1095.00     0.00    90.00
   	  462.00  1095.00     0.00    90.00
   	  714.00   599.00     0.00    90.00
   	  714.00   599.00     0.00    90.00
  27 	 -256.00   128.00     0.00     0.00     0.00     0.00
  27 	 -256.00   128.00     0.00     0.00     0.00     0.00
   	  462.00  1095.00     0.00    90.00
   	  462.00  1095.00     0.00    90.00
   	  714.00   599.00     0.00    90.00
   	  714.00   599.00     0.00    90.00
  28 	 -128.00   128.00     0.00     0.00     0.00     0.00
  28 	 -128.00   128.00     0.00     0.00     0.00     0.00
   	  462.00  1095.00     0.00    90.00
   	  462.00  1095.00     0.00    90.00
   	  714.00   599.00     0.00    90.00
   	  714.00   599.00     0.00    90.00
  29 	   -0.00   128.00     0.00     0.00     0.00     0.00
  29 	   -0.00   128.00     0.00     0.00     0.00     0.00
   	  462.00  1095.00     0.00    90.00
   	  462.00  1095.00     0.00    90.00
   	  714.00   599.00     0.00    90.00
   	  714.00   599.00     0.00    90.00
  30 	 -512.00   256.00     0.00     0.00     0.00     0.00
  30 	 -512.00   256.00     0.00     0.00     0.00     0.00
   	  462.00  1095.00     0.00    90.00
   	  462.00  1095.00     0.00    90.00
   	  714.00   599.00     0.00    90.00
   	  714.00   599.00     0.00    90.00
  31 	 -384.00   256.00     0.00     0.00     0.00     0.00
  31 	 -384.00   256.00     0.00     0.00     0.00     0.00
   	  462.00  1095.00     0.00    90.00
   	  462.00  1095.00     0.00    90.00
   	  714.00   599.00     0.00    90.00
   	  714.00   599.00     0.00    90.00
  32 	 -256.00   256.00     0.00     0.00     0.00     0.00
  32 	 -256.00   256.00     0.00     0.00     0.00     0.00
   	  462.00  1095.00     0.00    90.00
   	  462.00  1095.00     0.00    90.00
   	  714.00   599.00     0.00    90.00
   	  714.00   599.00     0.00    90.00
  33 	 -128.00   256.00     0.00     0.00     0.00     0.00
  33 	 -128.00   256.00     0.00     0.00     0.00     0.00
   	  462.00  1095.00     0.00    90.00
   	  462.00  1095.00     0.00    90.00
   	  714.00   599.00     0.00    90.00
   	  714.00   599.00     0.00    90.00
  34 	   -0.00   256.00     0.00     0.00     0.00     0.00
  34 	   -0.00   256.00     0.00     0.00     0.00     0.00
   	  462.00  1095.00     0.00    90.00
   	  462.00  1095.00     0.00    90.00
   	  714.00   599.00     0.00    90.00
   	  714.00   599.00     0.00    90.00
  35 	 -512.00   384.00     0.00     0.00     0.00     0.00
  35 	 -512.00   384.00     0.00     0.00     0.00     0.00
   	  462.00  1095.00     0.00    90.00
   	  462.00  1095.00     0.00    90.00
   	  714.00   599.00     0.00    90.00
   	  714.00   599.00     0.00    90.00
  36 	 -384.00   384.00     0.00     0.00     0.00     0.00
  36 	 -384.00   384.00     0.00     0.00     0.00     0.00
   	  462.00  1095.00     0.00    90.00
   	  462.00  1095.00     0.00    90.00
   	  714.00   599.00     0.00    90.00
   	  714.00   599.00     0.00    90.00
  37 	 -256.00   384.00     0.00     0.00     0.00     0.00
  37 	 -256.00   384.00     0.00     0.00     0.00     0.00
   	  462.00  1095.00     0.00    90.00
   	  462.00  1095.00     0.00    90.00
   	  714.00   599.00     0.00    90.00
   	  714.00   599.00     0.00    90.00
  38 	 -128.00   384.00     0.00     0.00     0.00     0.00
  38 	 -128.00   384.00     0.00     0.00     0.00     0.00
   	  462.00  1095.00     0.00    90.00
   	  462.00  1095.00     0.00    90.00
   	  714.00   599.00     0.00    90.00
   	  714.00   599.00     0.00    90.00
  39 	   -0.00   384.00     0.00     0.00     0.00     0.00
  39 	   -0.00   384.00     0.00     0.00     0.00     0.00
   	  462.00  1095.00     0.00    90.00
   	  462.00  1095.00     0.00    90.00
   	  714.00   599.00     0.00    90.00
   	  714.00   599.00     0.00    90.00
  40 	 -512.00   512.00     0.00     0.00     0.00     0.00
  40 	 -512.00   512.00     0.00     0.00     0.00     0.00
   	  462.00  1095.00     0.00    90.00
   	  462.00  1095.00     0.00    90.00
   	  714.00   599.00     0.00    90.00
   	  714.00   599.00     0.00    90.00
  41 	 -384.00   512.00     0.00     0.00     0.00     0.00
  41 	 -384.00   512.00     0.00     0.00     0.00     0.00
   	  462.00  1095.00     0.00    90.00
   	  462.00  1095.00     0.00    90.00
   	  714.00   599.00     0.00    90.00
   	  714.00   599.00     0.00    90.00
  42 	 -256.00   512.00     0.00     0.00     0.00     0.00
  42 	 -256.00   512.00     0.00     0.00     0.00     0.00
   	  462.00  1095.00     0.00    90.00
   	  462.00  1095.00     0.00    90.00
   	  714.00   599.00     0.00    90.00
   	  714.00   599.00     0.00    90.00
  43 	 -128.00   512.00     0.00     0.00     0.00     0.00
  43 	 -128.00   512.00     0.00     0.00     0.00     0.00
   	  462.00  1095.00     0.00    90.00
   	  462.00  1095.00     0.00    90.00
   	  714.00   599.00     0.00    90.00
   	  714.00   599.00     0.00    90.00
  44 	   -0.00   512.00     0.00     0.00     0.00     0.00
  44 	   -0.00   512.00     0.00     0.00     0.00     0.00
   	  462.00  1095.00     0.00    90.00
   	  462.00  1095.00     0.00    90.00
   	  714.00   599.00     0.00    90.00
   	  714.00   599.00     0.00    90.00
  45 	 -512.00   640.00     0.00     0.00     0.00     0.00
  45 	 -512.00   640.00     0.00     0.00     0.00     0.00
   	  462.00  1095.00     0.00    90.00
   	  462.00  1095.00     0.00    90.00
   	  714.00   599.00     0.00    90.00
   	  714.00   599.00     0.00    90.00
  46 	 -384.00   640.00     0.00     0.00     0.00     0.00
  46 	 -384.00   640.00     0.00     0.00     0.00     0.00
   	  462.00  1095.00     0.00    90.00
   	  462.00  1095.00     0.00    90.00
   	  714.00   599.00     0.00    90.00
   	  714.00   599.00     0.00    90.00
  47 	 -256.00   640.00     0.00     0.00     0.00     0.00
  47 	 -256.00   640.00     0.00     0.00     0.00     0.00
   	  462.00  1095.00     0.00    90.00
   	  462.00  1095.00     0.00    90.00
   	  714.00   599.00     0.00    90.00
   	  714.00   599.00     0.00    90.00
  48 	 -128.00   640.00     0.00     0.00     0.00     0.00
  48 	 -128.00   640.00     0.00     0.00     0.00     0.00
   	  462.00  1095.00     0.00    90.00
   	  462.00  1095.00     0.00    90.00
   	  714.00   599.00     0.00    90.00
   	  714.00   599.00     0.00    90.00
  49 	   -0.00   640.00     0.00     0.00     0.00     0.00
  49 	   -0.00   640.00     0.00     0.00     0.00     0.00
   	  462.00  1095.00     0.00    90.00
   	  462.00  1095.00     0.00    90.00
   	  714.00   599.00     0.00    90.00
   	  714.00   599.00     0.00    90.00

** End writing output file: ../inputs/gr315.dat 
