*******************************************************************************
                         ARRAY PREPROCESSOR ver. 1.0
*******************************************************************************



   1	GROUP testgroup
   3	 GRID HEXAGONAL
   4	 ELEMENT
   5	 GEOMETRY CIRCULAR 36 dm
   6	 POLARIZATION CIRCULAR
   7	 ADD HEXAGON 4 -1
   9	 GROUP_EXCITATION
  10	 AMPLITUDE UNIFORM 20
  11	 PHASE UNIFORM -22
  12	 END

** Generating GROUP: testgroup.
** PSTEP,QSTEP set to:7200.000000,7200.000000
** Grid ANGLE set to:60.000000 
** Group ROT_ANGLE set to: 0.000000 

** Writing output file: ../inputs/gr316.dat

NEL 
NPORTS
IDUM      REXA     REYA     REZA     THEA     PHEA     PSEA 
          AMP      PSH      PSC      PHEPOL
   7
   7
   1
   1
   1 	21600.00     0.00     0.00     0.00     0.00     0.00
   1 	21600.00     0.00     0.00     0.00     0.00     0.00
   	   20.00   -22.00     0.00    90.00
   	   20.00   -22.00     0.00    90.00
   2 	28800.00     0.00     0.00     0.00     0.00     0.00
   2 	28800.00     0.00     0.00     0.00     0.00     0.00
   	   20.00   -22.00     0.00    90.00
   	   20.00   -22.00     0.00    90.00
   3 	32400.00 -6235.38     0.00     0.00     0.00     0.00
   3 	32400.00 -6235.38     0.00     0.00     0.00     0.00
   	   20.00   -22.00     0.00    90.00
   	   20.00   -22.00     0.00    90.00
   4 	28800.00 -12470.77     0.00     0.00     0.00     0.00
   4 	28800.00 -12470.77     0.00     0.00     0.00     0.00
   	   20.00   -22.00     0.00    90.00
   	   20.00   -22.00     0.00    90.00
   5 	21600.00 -12470.77     0.00     0.00     0.00     0.00
   5 	21600.00 -12470.77     0.00     0.00     0.00     0.00
   	   20.00   -22.00     0.00    90.00
   	   20.00   -22.00     0.00    90.00
   6 	18000.00 -6235.38     0.00     0.00     0.00     0.00
   6 	18000.00 -6235.38     0.00     0.00     0.00     0.00
   	   20.00   -22.00     0.00    90.00
   	   20.00   -22.00     0.00    90.00
   7 	25200.00 -6235.38     0.00     0.00     0.00     0.00
   7 	25200.00 -6235.38     0.00     0.00     0.00     0.00
   	   20.00   -22.00     0.00    90.00
   	   20.00   -22.00     0.00    90.00

** End writing output file: ../inputs/gr316.dat 
