*******************************************************************************
                         ARRAY PREPROCESSOR ver. 1.0
*******************************************************************************



   1	GROUP testgroup
   3	 GRID HEXAGONAL STEP 53 mm
   4	 ELEMENT
   5	 GEOMETRY CIRCULAR 71 mm
   7	 PORTS 2
   8	 PORT 1
   9	 AMPLITUDE 34
  10	 PHASE_SHAPING 474
  11	 PHASE_POL_ARRANG 546
  12	 PORT 2
  13	 AMPLITUDE 37
  14	 PHASE_POL_ARRANG 677
  15	 ADD BLOCK -2 1 5 -8
  17	 GROUP_EXCITATION
  18	 AMPLITUDE UNIFORM 21
  19	 PHASE UNIFORM 140
  20	 END

** WARNING B2: GRID step(s) too small for specified element in GROUP: testgroup
** Generating GROUP: testgroup.
** PSTEP,QSTEP set to:53.000000,53.000000
** Grid ANGLE set to:60.000000 
** Group ROT_ANGLE set to: 0.000000 

** Writing output file: ../inputs/gr318.dat

NEL 
NPORTS
IDUM      REXA     REYA     REZA     THEA     PHEA     PSEA 
          AMP      PSH      PSC      PHEPOL
  80
  80
   2
   2
   1 	 -318.00  -367.19     0.00     0.00     0.00     0.00
   1 	 -318.00  -367.19     0.00     0.00     0.00     0.00
   	  714.00  1160.00     0.00    90.00
   	  714.00  1160.00     0.00    90.00
   	  777.00   817.00     0.00    90.00
   	  777.00   817.00     0.00    90.00
   2 	 -265.00  -367.19     0.00     0.00     0.00     0.00
   2 	 -265.00  -367.19     0.00     0.00     0.00     0.00
   	  714.00  1160.00     0.00    90.00
   	  714.00  1160.00     0.00    90.00
   	  777.00   817.00     0.00    90.00
   	  777.00   817.00     0.00    90.00
   3 	 -212.00  -367.19     0.00     0.00     0.00     0.00
   3 	 -212.00  -367.19     0.00     0.00     0.00     0.00
   	  714.00  1160.00     0.00    90.00
   	  714.00  1160.00     0.00    90.00
   	  777.00   817.00     0.00    90.00
   	  777.00   817.00     0.00    90.00
   4 	 -159.00  -367.19     0.00     0.00     0.00     0.00
   4 	 -159.00  -367.19     0.00     0.00     0.00     0.00
   	  714.00  1160.00     0.00    90.00
   	  714.00  1160.00     0.00    90.00
   	  777.00   817.00     0.00    90.00
   	  777.00   817.00     0.00    90.00
   5 	 -106.00  -367.19     0.00     0.00     0.00     0.00
   5 	 -106.00  -367.19     0.00     0.00     0.00     0.00
   	  714.00  1160.00     0.00    90.00
   	  714.00  1160.00     0.00    90.00
   	  777.00   817.00     0.00    90.00
   	  777.00   817.00     0.00    90.00
   6 	  -53.00  -367.19     0.00     0.00     0.00     0.00
   6 	  -53.00  -367.19     0.00     0.00     0.00     0.00
   	  714.00  1160.00     0.00    90.00
   	  714.00  1160.00     0.00    90.00
   	  777.00   817.00     0.00    90.00
   	  777.00   817.00     0.00    90.00
   7 	    0.00  -367.19     0.00     0.00     0.00     0.00
   7 	    0.00  -367.19     0.00     0.00     0.00     0.00
   	  714.00  1160.00     0.00    90.00
   	  714.00  1160.00     0.00    90.00
   	  777.00   817.00     0.00    90.00
   	  777.00   817.00     0.00    90.00
   8 	   53.00  -367.19     0.00     0.00     0.00     0.00
   8 	   53.00  -367.19     0.00     0.00     0.00     0.00
   	  714.00  1160.00     0.00    90.00
   	  714.00  1160.00     0.00    90.00
   	  777.00   817.00     0.00    90.00
   	  777.00   817.00     0.00    90.00
   9 	 -291.50  -321.30     0.00     0.00     0.00     0.00
   9 	 -291.50  -321.30     0.00     0.00     0.00     0.00
   	  714.00  1160.00     0.00    90.00
   	  714.00  1160.00     0.00    90.00
   	  777.00   817.00     0.00    90.00
   	  777.00   817.00     0.00    90.00
  10 	 -238.50  -321.30     0.00     0.00     0.00     0.00
  10 	 -238.50  -321.30     0.00     0.00     0.00     0.00
   	  714.00  1160.00     0.00    90.00
   	  714.00  1160.00     0.00    90.00
   	  777.00   817.00     0.00    90.00
   	  777.00   817.00     0.00    90.00
  11 	 -185.50  -321.30     0.00     0.00     0.00     0.00
  11 	 -185.50  -321.30     0.00     0.00     0.00     0.00
   	  714.00  1160.00     0.00    90.00
   	  714.00  1160.00     0.00    90.00
   	  777.00   817.00     0.00    90.00
   	  777.00   817.00     0.00    90.00
  12 	 -132.50  -321.30     0.00     0.00     0.00     0.00
  12 	 -132.50  -321.30     0.00     0.00     0.00     0.00
   	  714.00  1160.00     0.00    90.00
   	  714.00  1160.00     0.00    90.00
   	  777.00   817.00     0.00    90.00
   	  777.00   817.00     0.00    90.00
  13 	  -79.50  -321.30     0.00     0.00     0.00     0.00
  13 	  -79.50  -321.30     0.00     0.00     0.00     0.00
   	  714.00  1160.00     0.00    90.00
   	  714.00  1160.00     0.00    90.00
   	  777.00   817.00     0.00    90.00
   	  777.00   817.00     0.00    90.00
  14 	  -26.50  -321.30     0.00     0.00     0.00     0.00
  14 	  -26.50  -321.30     0.00     0.00     0.00     0.00
   	  714.00  1160.00     0.00    90.00
   	  714.00  1160.00     0.00    90.00
   	  777.00   817.00     0.00    90.00
   	  777.00   817.00     0.00    90.00
  15 	   26.50  -321.30     0.00     0.00     0.00     0.00
  15 	   26.50  -321.30     0.00     0.00     0.00     0.00
   	  714.00  1160.00     0.00    90.00
   	  714.00  1160.00     0.00    90.00
   	  777.00   817.00     0.00    90.00
   	  777.00   817.00     0.00    90.00
  16 	   79.50  -321.30     0.00     0.00     0.00     0.00
  16 	   79.50  -321.30     0.00     0.00     0.00     0.00
   	  714.00  1160.00     0.00    90.00
   	  714.00  1160.00     0.00    90.00
   	  777.00   817.00     0.00    90.00
   	  777.00   817.00     0.00    90.00
  17 	 -265.00  -275.40     0.00     0.00     0.00     0.00
  17 	 -265.00  -275.40     0.00     0.00     0.00     0.00
   	  714.00  1160.00     0.00    90.00
   	  714.00  1160.00     0.00    90.00
   	  777.00   817.00     0.00    90.00
   	  777.00   817.00     0.00    90.00
  18 	 -212.00  -275.40     0.00     0.00     0.00     0.00
  18 	 -212.00  -275.40     0.00     0.00     0.00     0.00
   	  714.00  1160.00     0.00    90.00
   	  714.00  1160.00     0.00    90.00
   	  777.00   817.00     0.00    90.00
   	  777.00   817.00     0.00    90.00
  19 	 -159.00  -275.40     0.00     0.00     0.00     0.00
  19 	 -159.00  -275.40     0.00     0.00     0.00     0.00
   	  714.00  1160.00     0.00    90.00
   	  714.00  1160.00     0.00    90.00
   	  777.00   817.00     0.00    90.00
   	  777.00   817.00     0.00    90.00
  20 	 -106.00  -275.40     0.00     0.00     0.00     0.00
  20 	 -106.00  -275.40     0.00     0.00     0.00     0.00
   	  714.00  1160.00     0.00    90.00
   	  714.00  1160.00     0.00    90.00
   	  777.00   817.00     0.00    90.00
   	  777.00   817.00     0.00    90.00
  21 	  -53.00  -275.40     0.00     0.00     0.00     0.00
  21 	  -53.00  -275.40     0.00     0.00     0.00     0.00
   	  714.00  1160.00     0.00    90.00
   	  714.00  1160.00     0.00    90.00
   	  777.00   817.00     0.00    90.00
   	  777.00   817.00     0.00    90.00
  22 	    0.00  -275.40     0.00     0.00     0.00     0.00
  22 	    0.00  -275.40     0.00     0.00     0.00     0.00
   	  714.00  1160.00     0.00    90.00
   	  714.00  1160.00     0.00    90.00
   	  777.00   817.00     0.00    90.00
   	  777.00   817.00     0.00    90.00
  23 	   53.00  -275.40     0.00     0.00     0.00     0.00
  23 	   53.00  -275.40     0.00     0.00     0.00     0.00
   	  714.00  1160.00     0.00    90.00
   	  714.00  1160.00     0.00    90.00
   	  777.00   817.00     0.00    90.00
   	  777.00   817.00     0.00    90.00
  24 	  106.00  -275.40     0.00     0.00     0.00     0.00
  24 	  106.00  -275.40     0.00     0.00     0.00     0.00
   	  714.00  1160.00     0.00    90.00
   	  714.00  1160.00     0.00    90.00
   	  777.00   817.00     0.00    90.00
   	  777.00   817.00     0.00    90.00
  25 	 -238.50  -229.50     0.00     0.00     0.00     0.00
  25 	 -238.50  -229.50     0.00     0.00     0.00     0.00
   	  714.00  1160.00     0.00    90.00
   	  714.00  1160.00     0.00    90.00
   	  777.00   817.00     0.00    90.00
   	  777.00   817.00     0.00    90.00
  26 	 -185.50  -229.50     0.00     0.00     0.00     0.00
  26 	 -185.50  -229.50     0.00     0.00     0.00     0.00
   	  714.00  1160.00     0.00    90.00
   	  714.00  1160.00     0.00    90.00
   	  777.00   817.00     0.00    90.00
   	  777.00   817.00     0.00    90.00
  27 	 -132.50  -229.50     0.00     0.00     0.00     0.00
  27 	 -132.50  -229.50     0.00     0.00     0.00     0.00
   	  714.00  1160.00     0.00    90.00
   	  714.00  1160.00     0.00    90.00
   	  777.00   817.00     0.00    90.00
   	  777.00   817.00     0.00    90.00
  28 	  -79.50  -229.50     0.00     0.00     0.00     0.00
  28 	  -79.50  -229.50     0.00     0.00     0.00     0.00
   	  714.00  1160.00     0.00    90.00
   	  714.00  1160.00     0.00    90.00
   	  777.00   817.00     0.00    90.00
   	  777.00   817.00     0.00    90.00
  29 	  -26.50  -229.50     0.00     0.00     0.00     0.00
  29 	  -26.50  -229.50     0.00     0.00     0.00     0.00
   	  714.00  1160.00     0.00    90.00
   	  714.00  1160.00     0.00    90.00
   	  777.00   817.00     0.00    90.00
   	  777.00   817.00     0.00    90.00
  30 	   26.50  -229.50     0.00     0.00     0.00     0.00
  30 	   26.50  -229.50     0.00     0.00     0.00     0.00
   	  714.00  1160.00     0.00    90.00
   	  714.00  1160.00     0.00    90.00
   	  777.00   817.00     0.00    90.00
   	  777.00   817.00     0.00    90.00
  31 	   79.50  -229.50     0.00     0.00     0.00     0.00
  31 	   79.50  -229.50     0.00     0.00     0.00     0.00
   	  714.00  1160.00     0.00    90.00
   	  714.00  1160.00     0.00    90.00
   	  777.00   817.00     0.00    90.00
   	  777.00   817.00     0.00    90.00
  32 	  132.50  -229.50     0.00     0.00     0.00     0.00
  32 	  132.50  -229.50     0.00     0.00     0.00     0.00
   	  714.00  1160.00     0.00    90.00
   	  714.00  1160.00     0.00    90.00
   	  777.00   817.00     0.00    90.00
   	  777.00   817.00     0.00    90.00
  33 	 -212.00  -183.60     0.00     0.00     0.00     0.00
  33 	 -212.00  -183.60     0.00     0.00     0.00     0.00
   	  714.00  1160.00     0.00    90.00
   	  714.00  1160.00     0.00    90.00
   	  777.00   817.00     0.00    90.00
   	  777.00   817.00     0.00    90.00
  34 	 -159.00  -183.60     0.00     0.00     0.00     0.00
  34 	 -159.00  -183.60     0.00     0.00     0.00     0.00
   	  714.00  1160.00     0.00    90.00
   	  714.00  1160.00     0.00    90.00
   	  777.00   817.00     0.00    90.00
   	  777.00   817.00     0.00    90.00
  35 	 -106.00  -183.60     0.00     0.00     0.00     0.00
  35 	 -106.00  -183.60     0.00     0.00     0.00     0.00
   	  714.00  1160.00     0.00    90.00
   	  714.00  1160.00     0.00    90.00
   	  777.00   817.00     0.00    90.00
   	  777.00   817.00     0.00    90.00
  36 	  -53.00  -183.60     0.00     0.00     0.00     0.00
  36 	  -53.00  -183.60     0.00     0.00     0.00     0.00
   	  714.00  1160.00     0.00    90.00
   	  714.00  1160.00     0.00    90.00
   	  777.00   817.00     0.00    90.00
   	  777.00   817.00     0.00    90.00
  37 	    0.00  -183.60     0.00     0.00     0.00     0.00
  37 	    0.00  -183.60     0.00     0.00     0.00     0.00
   	  714.00  1160.00     0.00    90.00
   	  714.00  1160.00     0.00    90.00
   	  777.00   817.00     0.00    90.00
   	  777.00   817.00     0.00    90.00
  38 	   53.00  -183.60     0.00     0.00     0.00     0.00
  38 	   53.00  -183.60     0.00     0.00     0.00     0.00
   	  714.00  1160.00     0.00    90.00
   	  714.00  1160.00     0.00    90.00
   	  777.00   817.00     0.00    90.00
   	  777.00   817.00     0.00    90.00
  39 	  106.00  -183.60     0.00     0.00     0.00     0.00
  39 	  106.00  -183.60     0.00     0.00     0.00     0.00
   	  714.00  1160.00     0.00    90.00
   	  714.00  1160.00     0.00    90.00
   	  777.00   817.00     0.00    90.00
   	  777.00   817.00     0.00    90.00
  40 	  159.00  -183.60     0.00     0.00     0.00     0.00
  40 	  159.00  -183.60     0.00     0.00     0.00     0.00
   	  714.00  1160.00     0.00    90.00
   	  714.00  1160.00     0.00    90.00
   	  777.00   817.00     0.00    90.00
   	  777.00   817.00     0.00    90.00
  41 	 -185.50  -137.70     0.00     0.00     0.00     0.00
  41 	 -185.50  -137.70     0.00     0.00     0.00     0.00
   	  714.00  1160.00     0.00    90.00
   	  714.00  1160.00     0.00    90.00
   	  777.00   817.00     0.00    90.00
   	  777.00   817.00     0.00    90.00
  42 	 -132.50  -137.70     0.00     0.00     0.00     0.00
  42 	 -132.50  -137.70     0.00     0.00     0.00     0.00
   	  714.00  1160.00     0.00    90.00
   	  714.00  1160.00     0.00    90.00
   	  777.00   817.00     0.00    90.00
   	  777.00   817.00     0.00    90.00
  43 	  -79.50  -137.70     0.00     0.00     0.00     0.00
  43 	  -79.50  -137.70     0.00     0.00     0.00     0.00
   	  714.00  1160.00     0.00    90.00
   	  714.00  1160.00     0.00    90.00
   	  777.00   817.00     0.00    90.00
   	  777.00   817.00     0.00    90.00
  44 	  -26.50  -137.70     0.00     0.00     0.00     0.00
  44 	  -26.50  -137.70     0.00     0.00     0.00     0.00
   	  714.00  1160.00     0.00    90.00
   	  714.00  1160.00     0.00    90.00
   	  777.00   817.00     0.00    90.00
   	  777.00   817.00     0.00    90.00
  45 	   26.50  -137.70     0.00     0.00     0.00     0.00
  45 	   26.50  -137.70     0.00     0.00     0.00     0.00
   	  714.00  1160.00     0.00    90.00
   	  714.00  1160.00     0.00    90.00
   	  777.00   817.00     0.00    90.00
   	  777.00   817.00     0.00    90.00
  46 	   79.50  -137.70     0.00     0.00     0.00     0.00
  46 	   79.50  -137.70     0.00     0.00     0.00     0.00
   	  714.00  1160.00     0.00    90.00
   	  714.00  1160.00     0.00    90.00
   	  777.00   817.00     0.00    90.00
   	  777.00   817.00     0.00    90.00
  47 	  132.50  -137.70     0.00     0.00     0.00     0.00
  47 	  132.50  -137.70     0.00     0.00     0.00     0.00
   	  714.00  1160.00     0.00    90.00
   	  714.00  1160.00     0.00    90.00
   	  777.00   817.00     0.00    90.00
   	  777.00   817.00     0.00    90.00
  48 	  185.50  -137.70     0.00     0.00     0.00     0.00
  48 	  185.50  -137.70     0.00     0.00     0.00     0.00
   	  714.00  1160.00     0.00    90.00
   	  714.00  1160.00     0.00    90.00
   	  777.00   817.00     0.00    90.00
   	  777.00   817.00     0.00    90.00
  49 	 -159.00   -91.80     0.00     0.00     0.00     0.00
  49 	 -159.00   -91.80     0.00     0.00     0.00     0.00
   	  714.00  1160.00     0.00    90.00
   	  714.00  1160.00     0.00    90.00
   	  777.00   817.00     0.00    90.00
   	  777.00   817.00     0.00    90.00
  50 	 -106.00   -91.80     0.00     0.00     0.00     0.00
  50 	 -106.00   -91.80     0.00     0.00     0.00     0.00
   	  714.00  1160.00     0.00    90.00
   	  714.00  1160.00     0.00    90.00
   	  777.00   817.00     0.00    90.00
   	  777.00   817.00     0.00    90.00
  51 	  -53.00   -91.80     0.00     0.00     0.00     0.00
  51 	  -53.00   -91.80     0.00     0.00     0.00     0.00
   	  714.00  1160.00     0.00    90.00
   	  714.00  1160.00     0.00    90.00
   	  777.00   817.00     0.00    90.00
   	  777.00   817.00     0.00    90.00
  52 	    0.00   -91.80     0.00     0.00     0.00     0.00
  52 	    0.00   -91.80     0.00     0.00     0.00     0.00
   	  714.00  1160.00     0.00    90.00
   	  714.00  1160.00     0.00    90.00
   	  777.00   817.00     0.00    90.00
   	  777.00   817.00     0.00    90.00
  53 	   53.00   -91.80     0.00     0.00     0.00     0.00
  53 	   53.00   -91.80     0.00     0.00     0.00     0.00
   	  714.00  1160.00     0.00    90.00
   	  714.00  1160.00     0.00    90.00
   	  777.00   817.00     0.00    90.00
   	  777.00   817.00     0.00    90.00
  54 	  106.00   -91.80     0.00     0.00     0.00     0.00
  54 	  106.00   -91.80     0.00     0.00     0.00     0.00
   	  714.00  1160.00     0.00    90.00
   	  714.00  1160.00     0.00    90.00
   	  777.00   817.00     0.00    90.00
   	  777.00   817.00     0.00    90.00
  55 	  159.00   -91.80     0.00     0.00     0.00     0.00
  55 	  159.00   -91.80     0.00     0.00     0.00     0.00
   	  714.00  1160.00     0.00    90.00
   	  714.00  1160.00     0.00    90.00
   	  777.00   817.00     0.00    90.00
   	  777.00   817.00     0.00    90.00
  56 	  212.00   -91.80     0.00     0.00     0.00     0.00
  56 	  212.00   -91.80     0.00     0.00     0.00     0.00
   	  714.00  1160.00     0.00    90.00
   	  714.00  1160.00     0.00    90.00
   	  777.00   817.00     0.00    90.00
   	  777.00   817.00     0.00    90.00
  57 	 -132.50   -45.90     0.00     0.00     0.00     0.00
  57 	 -132.50   -45.90     0.00     0.00     0.00     0.00
   	  714.00  1160.00     0.00    90.00
   	  714.00  1160.00     0.00    90.00
   	  777.00   817.00     0.00    90.00
   	  777.00   817.00     0.00    90.00
  58 	  -79.50   -45.90     0.00     0.00     0.00     0.00
  58 	  -79.50   -45.90     0.00     0.00     0.00     0.00
   	  714.00  1160.00     0.00    90.00
   	  714.00  1160.00     0.00    90.00
   	  777.00   817.00     0.00    90.00
   	  777.00   817.00     0.00    90.00
  59 	  -26.50   -45.90     0.00     0.00     0.00     0.00
  59 	  -26.50   -45.90     0.00     0.00     0.00     0.00
   	  714.00  1160.00     0.00    90.00
   	  714.00  1160.00     0.00    90.00
   	  777.00   817.00     0.00    90.00
   	  777.00   817.00     0.00    90.00
  60 	   26.50   -45.90     0.00     0.00     0.00     0.00
  60 	   26.50   -45.90     0.00     0.00     0.00     0.00
   	  714.00  1160.00     0.00    90.00
   	  714.00  1160.00     0.00    90.00
   	  777.00   817.00     0.00    90.00
   	  777.00   817.00     0.00    90.00
  61 	   79.50   -45.90     0.00     0.00     0.00     0.00
  61 	   79.50   -45.90     0.00     0.00     0.00     0.00
   	  714.00  1160.00     0.00    90.00
   	  714.00  1160.00     0.00    90.00
   	  777.00   817.00     0.00    90.00
   	  777.00   817.00     0.00    90.00
  62 	  132.50   -45.90     0.00     0.00     0.00     0.00
  62 	  132.50   -45.90     0.00     0.00     0.00     0.00
   	  714.00  1160.00     0.00    90.00
   	  714.00  1160.00     0.00    90.00
   	  777.00   817.00     0.00    90.00
   	  777.00   817.00     0.00    90.00
  63 	  185.50   -45.90     0.00     0.00     0.00     0.00
  63 	  185.50   -45.90     0.00     0.00     0.00     0.00
   	  714.00  1160.00     0.00    90.00
   	  714.00  1160.00     0.00    90.00
   	  777.00   817.00     0.00    90.00
   	  777.00   817.00     0.00    90.00
  64 	  238.50   -45.90     0.00     0.00     0.00     0.00
  64 	  238.50   -45.90     0.00     0.00     0.00     0.00
   	  714.00  1160.00     0.00    90.00
   	  714.00  1160.00     0.00    90.00
   	  777.00   817.00     0.00    90.00
   	  777.00   817.00     0.00    90.00
  65 	 -106.00     0.00     0.00     0.00     0.00     0.00
  65 	 -106.00     0.00     0.00     0.00     0.00     0.00
   	  714.00  1160.00     0.00    90.00
   	  714.00  1160.00     0.00    90.00
   	  777.00   817.00     0.00    90.00
   	  777.00   817.00     0.00    90.00
  66 	  -53.00     0.00     0.00     0.00     0.00     0.00
  66 	  -53.00     0.00     0.00     0.00     0.00     0.00
   	  714.00  1160.00     0.00    90.00
   	  714.00  1160.00     0.00    90.00
   	  777.00   817.00     0.00    90.00
   	  777.00   817.00     0.00    90.00
  67 	    0.00     0.00     0.00     0.00     0.00     0.00
  67 	    0.00     0.00     0.00     0.00     0.00     0.00
   	  714.00  1160.00     0.00    90.00
   	  714.00  1160.00     0.00    90.00
   	  777.00   817.00     0.00    90.00
   	  777.00   817.00     0.00    90.00
  68 	   53.00     0.00     0.00     0.00     0.00     0.00
  68 	   53.00     0.00     0.00     0.00     0.00     0.00
   	  714.00  1160.00     0.00    90.00
   	  714.00  1160.00     0.00    90.00
   	  777.00   817.00     0.00    90.00
   	  777.00   817.00     0.00    90.00
  69 	  106.00     0.00     0.00     0.00     0.00     0.00
  69 	  106.00     0.00     0.00     0.00     0.00     0.00
   	  714.00  1160.00     0.00    90.00
   	  714.00  1160.00     0.00    90.00
   	  777.00   817.00     0.00    90.00
   	  777.00   817.00     0.00    90.00
  70 	  159.00     0.00     0.00     0.00     0.00     0.00
  70 	  159.00     0.00     0.00     0.00     0.00     0.00
   	  714.00  1160.00     0.00    90.00
   	  714.00  1160.00     0.00    90.00
   	  777.00   817.00     0.00    90.00
   	  777.00   817.00     0.00    90.00
  71 	  212.00     0.00     0.00     0.00     0.00     0.00
  71 	  212.00     0.00     0.00     0.00     0.00     0.00
   	  714.00  1160.00     0.00    90.00
   	  714.00  1160.00     0.00    90.00
   	  777.00   817.00     0.00    90.00
   	  777.00   817.00     0.00    90.00
  72 	  265.00     0.00     0.00     0.00     0.00     0.00
  72 	  265.00     0.00     0.00     0.00     0.00     0.00
   	  714.00  1160.00     0.00    90.00
   	  714.00  1160.00     0.00    90.00
   	  777.00   817.00     0.00    90.00
   	  777.00   817.00     0.00    90.00
  73 	  -79.50    45.90     0.00     0.00     0.00     0.00
  73 	  -79.50    45.90     0.00     0.00     0.00     0.00
   	  714.00  1160.00     0.00    90.00
   	  714.00  1160.00     0.00    90.00
   	  777.00   817.00     0.00    90.00
   	  777.00   817.00     0.00    90.00
  74 	  -26.50    45.90     0.00     0.00     0.00     0.00
  74 	  -26.50    45.90     0.00     0.00     0.00     0.00
   	  714.00  1160.00     0.00    90.00
   	  714.00  1160.00     0.00    90.00
   	  777.00   817.00     0.00    90.00
   	  777.00   817.00     0.00    90.00
  75 	   26.50    45.90     0.00     0.00     0.00     0.00
  75 	   26.50    45.90     0.00     0.00     0.00     0.00
   	  714.00  1160.00     0.00    90.00
   	  714.00  1160.00     0.00    90.00
   	  777.00   817.00     0.00    90.00
   	  777.00   817.00     0.00    90.00
  76 	   79.50    45.90     0.00     0.00     0.00     0.00
  76 	   79.50    45.90     0.00     0.00     0.00     0.00
   	  714.00  1160.00     0.00    90.00
   	  714.00  1160.00     0.00    90.00
   	  777.00   817.00     0.00    90.00
   	  777.00   817.00     0.00    90.00
  77 	  132.50    45.90     0.00     0.00     0.00     0.00
  77 	  132.50    45.90     0.00     0.00     0.00     0.00
   	  714.00  1160.00     0.00    90.00
   	  714.00  1160.00     0.00    90.00
   	  777.00   817.00     0.00    90.00
   	  777.00   817.00     0.00    90.00
  78 	  185.50    45.90     0.00     0.00     0.00     0.00
  78 	  185.50    45.90     0.00     0.00     0.00     0.00
   	  714.00  1160.00     0.00    90.00
   	  714.00  1160.00     0.00    90.00
   	  777.00   817.00     0.00    90.00
   	  777.00   817.00     0.00    90.00
  79 	  238.50    45.90     0.00     0.00     0.00     0.00
  79 	  238.50    45.90     0.00     0.00     0.00     0.00
   	  714.00  1160.00     0.00    90.00
   	  714.00  1160.00     0.00    90.00
   	  777.00   817.00     0.00    90.00
   	  777.00   817.00     0.00    90.00
  80 	  291.50    45.90     0.00     0.00     0.00     0.00
  80 	  291.50    45.90     0.00     0.00     0.00     0.00
   	  714.00  1160.00     0.00    90.00
   	  714.00  1160.00     0.00    90.00
   	  777.00   817.00     0.00    90.00
   	  777.00   817.00     0.00    90.00

** End writing output file: ../inputs/gr318.dat 
