*******************************************************************************
                         ARRAY PREPROCESSOR ver. 1.0
*******************************************************************************



   1	GROUP testgroup
   3	 GRID TRIANGULAR
   4	 ELEMENT
   5	 GEOMETRY CIRCULAR 42 mm
   6	 POLARIZATION CIRCULAR
   7	 ADD NODE 1 1
   8	 ADD HEXAGON -2 4
   9	 ADD BLOCK 2 0 1 -6
  10	 ADD BLOCK 0 -1 3 -5
  12	 GROUP_EXCITATION
  13	 AMPLITUDE UNIFORM 32
  14	 PHASE UNIFORM -44
  15	 END

** WARNING B2: GRID step(s) too small for specified element in GROUP: testgroup
** Generating GROUP: testgroup.
** PSTEP,QSTEP set to:84.000000,84.000000
** Grid ANGLE set to:60.000000 
** Group ROT_ANGLE set to: 0.000000 

** Writing output file: ../inputs/gr319.dat

NEL 
NPORTS
IDUM      REXA     REYA     REZA     THEA     PHEA     PSEA 
          AMP      PSH      PSC      PHEPOL
  42
  42
   1
   1
   1 	  126.00    72.75     0.00     0.00     0.00     0.00
   1 	  126.00    72.75     0.00     0.00     0.00     0.00
   	   32.00   -44.00     0.00    90.00
   	   32.00   -44.00     0.00    90.00
   2 	  -42.00   363.73     0.00     0.00     0.00     0.00
   2 	  -42.00   363.73     0.00     0.00     0.00     0.00
   	   32.00   -44.00     0.00    90.00
   	   32.00   -44.00     0.00    90.00
   3 	   42.00   363.73     0.00     0.00     0.00     0.00
   3 	   42.00   363.73     0.00     0.00     0.00     0.00
   	   32.00   -44.00     0.00    90.00
   	   32.00   -44.00     0.00    90.00
   4 	   84.00   290.98     0.00     0.00     0.00     0.00
   4 	   84.00   290.98     0.00     0.00     0.00     0.00
   	   32.00   -44.00     0.00    90.00
   	   32.00   -44.00     0.00    90.00
   5 	   42.00   218.24     0.00     0.00     0.00     0.00
   5 	   42.00   218.24     0.00     0.00     0.00     0.00
   	   32.00   -44.00     0.00    90.00
   	   32.00   -44.00     0.00    90.00
   6 	  -42.00   218.24     0.00     0.00     0.00     0.00
   6 	  -42.00   218.24     0.00     0.00     0.00     0.00
   	   32.00   -44.00     0.00    90.00
   	   32.00   -44.00     0.00    90.00
   7 	  -84.00   290.98     0.00     0.00     0.00     0.00
   7 	  -84.00   290.98     0.00     0.00     0.00     0.00
   	   32.00   -44.00     0.00    90.00
   	   32.00   -44.00     0.00    90.00
   8 	   -0.00   290.98     0.00     0.00     0.00     0.00
   8 	   -0.00   290.98     0.00     0.00     0.00     0.00
   	   32.00   -44.00     0.00    90.00
   	   32.00   -44.00     0.00    90.00
   9 	 -168.00  -436.48     0.00     0.00     0.00     0.00
   9 	 -168.00  -436.48     0.00     0.00     0.00     0.00
   	   32.00   -44.00     0.00    90.00
   	   32.00   -44.00     0.00    90.00
  10 	  -84.00  -436.48     0.00     0.00     0.00     0.00
  10 	  -84.00  -436.48     0.00     0.00     0.00     0.00
   	   32.00   -44.00     0.00    90.00
   	   32.00   -44.00     0.00    90.00
  11 	 -126.00  -363.73     0.00     0.00     0.00     0.00
  11 	 -126.00  -363.73     0.00     0.00     0.00     0.00
   	   32.00   -44.00     0.00    90.00
   	   32.00   -44.00     0.00    90.00
  12 	  -42.00  -363.73     0.00     0.00     0.00     0.00
  12 	  -42.00  -363.73     0.00     0.00     0.00     0.00
   	   32.00   -44.00     0.00    90.00
   	   32.00   -44.00     0.00    90.00
  13 	  -84.00  -290.98     0.00     0.00     0.00     0.00
  13 	  -84.00  -290.98     0.00     0.00     0.00     0.00
   	   32.00   -44.00     0.00    90.00
   	   32.00   -44.00     0.00    90.00
  14 	    0.00  -290.98     0.00     0.00     0.00     0.00
  14 	    0.00  -290.98     0.00     0.00     0.00     0.00
   	   32.00   -44.00     0.00    90.00
   	   32.00   -44.00     0.00    90.00
  15 	  -42.00  -218.24     0.00     0.00     0.00     0.00
  15 	  -42.00  -218.24     0.00     0.00     0.00     0.00
   	   32.00   -44.00     0.00    90.00
   	   32.00   -44.00     0.00    90.00
  16 	   42.00  -218.24     0.00     0.00     0.00     0.00
  16 	   42.00  -218.24     0.00     0.00     0.00     0.00
   	   32.00   -44.00     0.00    90.00
   	   32.00   -44.00     0.00    90.00
  17 	    0.00  -145.49     0.00     0.00     0.00     0.00
  17 	    0.00  -145.49     0.00     0.00     0.00     0.00
   	   32.00   -44.00     0.00    90.00
   	   32.00   -44.00     0.00    90.00
  18 	   84.00  -145.49     0.00     0.00     0.00     0.00
  18 	   84.00  -145.49     0.00     0.00     0.00     0.00
   	   32.00   -44.00     0.00    90.00
   	   32.00   -44.00     0.00    90.00
  19 	   42.00   -72.75     0.00     0.00     0.00     0.00
  19 	   42.00   -72.75     0.00     0.00     0.00     0.00
   	   32.00   -44.00     0.00    90.00
   	   32.00   -44.00     0.00    90.00
  20 	  126.00   -72.75     0.00     0.00     0.00     0.00
  20 	  126.00   -72.75     0.00     0.00     0.00     0.00
   	   32.00   -44.00     0.00    90.00
   	   32.00   -44.00     0.00    90.00
  21 	   84.00     0.00     0.00     0.00     0.00     0.00
  21 	   84.00     0.00     0.00     0.00     0.00     0.00
   	   32.00   -44.00     0.00    90.00
   	   32.00   -44.00     0.00    90.00
  22 	  168.00     0.00     0.00     0.00     0.00     0.00
  22 	  168.00     0.00     0.00     0.00     0.00     0.00
   	   32.00   -44.00     0.00    90.00
   	   32.00   -44.00     0.00    90.00
  23 	 -210.00  -363.73     0.00     0.00     0.00     0.00
  23 	 -210.00  -363.73     0.00     0.00     0.00     0.00
   	   32.00   -44.00     0.00    90.00
   	   32.00   -44.00     0.00    90.00
  24 	 -126.00  -363.73     0.00     0.00     0.00     0.00
  24 	 -126.00  -363.73     0.00     0.00     0.00     0.00
   	   32.00   -44.00     0.00    90.00
   	   32.00   -44.00     0.00    90.00
  25 	  -42.00  -363.73     0.00     0.00     0.00     0.00
  25 	  -42.00  -363.73     0.00     0.00     0.00     0.00
   	   32.00   -44.00     0.00    90.00
   	   32.00   -44.00     0.00    90.00
  26 	   42.00  -363.73     0.00     0.00     0.00     0.00
  26 	   42.00  -363.73     0.00     0.00     0.00     0.00
   	   32.00   -44.00     0.00    90.00
   	   32.00   -44.00     0.00    90.00
  27 	 -168.00  -290.98     0.00     0.00     0.00     0.00
  27 	 -168.00  -290.98     0.00     0.00     0.00     0.00
   	   32.00   -44.00     0.00    90.00
   	   32.00   -44.00     0.00    90.00
  28 	  -84.00  -290.98     0.00     0.00     0.00     0.00
  28 	  -84.00  -290.98     0.00     0.00     0.00     0.00
   	   32.00   -44.00     0.00    90.00
   	   32.00   -44.00     0.00    90.00
  29 	    0.00  -290.98     0.00     0.00     0.00     0.00
  29 	    0.00  -290.98     0.00     0.00     0.00     0.00
   	   32.00   -44.00     0.00    90.00
   	   32.00   -44.00     0.00    90.00
  30 	   84.00  -290.98     0.00     0.00     0.00     0.00
  30 	   84.00  -290.98     0.00     0.00     0.00     0.00
   	   32.00   -44.00     0.00    90.00
   	   32.00   -44.00     0.00    90.00
  31 	 -126.00  -218.24     0.00     0.00     0.00     0.00
  31 	 -126.00  -218.24     0.00     0.00     0.00     0.00
   	   32.00   -44.00     0.00    90.00
   	   32.00   -44.00     0.00    90.00
  32 	  -42.00  -218.24     0.00     0.00     0.00     0.00
  32 	  -42.00  -218.24     0.00     0.00     0.00     0.00
   	   32.00   -44.00     0.00    90.00
   	   32.00   -44.00     0.00    90.00
  33 	   42.00  -218.24     0.00     0.00     0.00     0.00
  33 	   42.00  -218.24     0.00     0.00     0.00     0.00
   	   32.00   -44.00     0.00    90.00
   	   32.00   -44.00     0.00    90.00
  34 	  126.00  -218.24     0.00     0.00     0.00     0.00
  34 	  126.00  -218.24     0.00     0.00     0.00     0.00
   	   32.00   -44.00     0.00    90.00
   	   32.00   -44.00     0.00    90.00
  35 	  -84.00  -145.49     0.00     0.00     0.00     0.00
  35 	  -84.00  -145.49     0.00     0.00     0.00     0.00
   	   32.00   -44.00     0.00    90.00
   	   32.00   -44.00     0.00    90.00
  36 	    0.00  -145.49     0.00     0.00     0.00     0.00
  36 	    0.00  -145.49     0.00     0.00     0.00     0.00
   	   32.00   -44.00     0.00    90.00
   	   32.00   -44.00     0.00    90.00
  37 	   84.00  -145.49     0.00     0.00     0.00     0.00
  37 	   84.00  -145.49     0.00     0.00     0.00     0.00
   	   32.00   -44.00     0.00    90.00
   	   32.00   -44.00     0.00    90.00
  38 	  168.00  -145.49     0.00     0.00     0.00     0.00
  38 	  168.00  -145.49     0.00     0.00     0.00     0.00
   	   32.00   -44.00     0.00    90.00
   	   32.00   -44.00     0.00    90.00
  39 	  -42.00   -72.75     0.00     0.00     0.00     0.00
  39 	  -42.00   -72.75     0.00     0.00     0.00     0.00
   	   32.00   -44.00     0.00    90.00
   	   32.00   -44.00     0.00    90.00
  40 	   42.00   -72.75     0.00     0.00     0.00     0.00
  40 	   42.00   -72.75     0.00     0.00     0.00     0.00
   	   32.00   -44.00     0.00    90.00
   	   32.00   -44.00     0.00    90.00
  41 	  126.00   -72.75     0.00     0.00     0.00     0.00
  41 	  126.00   -72.75     0.00     0.00     0.00     0.00
   	   32.00   -44.00     0.00    90.00
   	   32.00   -44.00     0.00    90.00
  42 	  210.00   -72.75     0.00     0.00     0.00     0.00
  42 	  210.00   -72.75     0.00     0.00     0.00     0.00
   	   32.00   -44.00     0.00    90.00
   	   32.00   -44.00     0.00    90.00

** End writing output file: ../inputs/gr319.dat 
