*******************************************************************************
                         ARRAY PREPROCESSOR ver. 1.0
*******************************************************************************



   1	GROUP testgroup
   3	 GRID RECTANGULAR PSTEP 69 QSTEP 80
   4	 ELEMENT
   5	 GEOMETRY RECTANGULAR PDIM 43 QDIM 46
   8	 ADD BLOCK -1 -8 -1 4
  10	 GROUP_EXCITATION
  11	 AMPLITUDE SECOND ORDER 26 21 22 21 24
  12	 PHASE UNIFORM -66
  13	 END

** Generating GROUP: testgroup.
** PSTEP,QSTEP set to:69.000000,80.000000
** Grid ANGLE set to:90.000000 
** Group ROT_ANGLE set to: 0.000000 

** Writing output file: ../inputs/gr321.dat

NEL 
NPORTS
IDUM      REXA     REYA     REZA     THEA     PHEA     PSEA 
          AMP      PSH      PSC      PHEPOL
  13
  13
   1
   1
   1 	  -69.00  -640.00     0.00     0.00     0.00     0.00
   1 	  -69.00  -640.00     0.00     0.00     0.00     0.00
   	   21.00   -66.00     0.00    90.00
   	   21.00   -66.00     0.00    90.00
   2 	  -69.00  -560.00     0.00     0.00     0.00     0.00
   2 	  -69.00  -560.00     0.00     0.00     0.00     0.00
   	   22.32   -66.00     0.00    90.00
   	   22.32   -66.00     0.00    90.00
   3 	  -69.00  -480.00     0.00     0.00     0.00     0.00
   3 	  -69.00  -480.00     0.00     0.00     0.00     0.00
   	   23.44   -66.00     0.00    90.00
   	   23.44   -66.00     0.00    90.00
   4 	  -69.00  -400.00     0.00     0.00     0.00     0.00
   4 	  -69.00  -400.00     0.00     0.00     0.00     0.00
   	   24.38   -66.00     0.00    90.00
   	   24.38   -66.00     0.00    90.00
   5 	  -69.00  -320.00     0.00     0.00     0.00     0.00
   5 	  -69.00  -320.00     0.00     0.00     0.00     0.00
   	   25.11   -66.00     0.00    90.00
   	   25.11   -66.00     0.00    90.00
   6 	  -69.00  -240.00     0.00     0.00     0.00     0.00
   6 	  -69.00  -240.00     0.00     0.00     0.00     0.00
   	   25.65   -66.00     0.00    90.00
   	   25.65   -66.00     0.00    90.00
   7 	  -69.00  -160.00     0.00     0.00     0.00     0.00
   7 	  -69.00  -160.00     0.00     0.00     0.00     0.00
   	   26.00   -66.00     0.00    90.00
   	   26.00   -66.00     0.00    90.00
   8 	  -69.00   -80.00     0.00     0.00     0.00     0.00
   8 	  -69.00   -80.00     0.00     0.00     0.00     0.00
   	   26.15   -66.00     0.00    90.00
   	   26.15   -66.00     0.00    90.00
   9 	  -69.00     0.00     0.00     0.00     0.00     0.00
   9 	  -69.00     0.00     0.00     0.00     0.00     0.00
   	   26.11   -66.00     0.00    90.00
   	   26.11   -66.00     0.00    90.00
  10 	  -69.00    80.00     0.00     0.00     0.00     0.00
  10 	  -69.00    80.00     0.00     0.00     0.00     0.00
   	   25.88   -66.00     0.00    90.00
   	   25.88   -66.00     0.00    90.00
  11 	  -69.00   160.00     0.00     0.00     0.00     0.00
  11 	  -69.00   160.00     0.00     0.00     0.00     0.00
   	   25.44   -66.00     0.00    90.00
   	   25.44   -66.00     0.00    90.00
  12 	  -69.00   240.00     0.00     0.00     0.00     0.00
  12 	  -69.00   240.00     0.00     0.00     0.00     0.00
   	   24.82   -66.00     0.00    90.00
   	   24.82   -66.00     0.00    90.00
  13 	  -69.00   320.00     0.00     0.00     0.00     0.00
  13 	  -69.00   320.00     0.00     0.00     0.00     0.00
   	   24.00   -66.00     0.00    90.00
   	   24.00   -66.00     0.00    90.00

** End writing output file: ../inputs/gr321.dat 
