*******************************************************************************
                         ARRAY PREPROCESSOR ver. 1.0
*******************************************************************************



   1	GROUP testgroup
   3	 GRID HEXAGONAL
   4	 ELEMENT
   5	 GEOMETRY CIRCULAR RADIUS 56
   7	 ADD NODE -2 -7
   8	 ADD NODE -4 -5
   9	 ADD BLOCK 4 4 0 6
  10	 ADD HEXAGON 4 0
  12	 GROUP_EXCITATION
  13	 AMPLITUDE UNIFORM 29
  14	 PHASE UNIFORM 111
  15	 END

** Generating GROUP: testgroup.
** PSTEP,QSTEP set to:112.000000,112.000000
** Grid ANGLE set to:60.000000 
** Group ROT_ANGLE set to: 0.000000 

** Writing output file: ../inputs/gr323.dat

NEL 
NPORTS
IDUM      REXA     REYA     REZA     THEA     PHEA     PSEA 
          AMP      PSH      PSC      PHEPOL
  24
  24
   1
   1
   1 	 -616.00  -678.96     0.00     0.00     0.00     0.00
   1 	 -616.00  -678.96     0.00     0.00     0.00     0.00
   	   29.00   111.00     0.00    90.00
   	   29.00   111.00     0.00    90.00
   2 	 -728.00  -484.97     0.00     0.00     0.00     0.00
   2 	 -728.00  -484.97     0.00     0.00     0.00     0.00
   	   29.00   111.00     0.00    90.00
   	   29.00   111.00     0.00    90.00
   3 	  224.00   387.98     0.00     0.00     0.00     0.00
   3 	  224.00   387.98     0.00     0.00     0.00     0.00
   	   29.00   111.00     0.00    90.00
   	   29.00   111.00     0.00    90.00
   4 	  336.00   387.98     0.00     0.00     0.00     0.00
   4 	  336.00   387.98     0.00     0.00     0.00     0.00
   	   29.00   111.00     0.00    90.00
   	   29.00   111.00     0.00    90.00
   5 	  448.00   387.98     0.00     0.00     0.00     0.00
   5 	  448.00   387.98     0.00     0.00     0.00     0.00
   	   29.00   111.00     0.00    90.00
   	   29.00   111.00     0.00    90.00
   6 	  560.00   387.98     0.00     0.00     0.00     0.00
   6 	  560.00   387.98     0.00     0.00     0.00     0.00
   	   29.00   111.00     0.00    90.00
   	   29.00   111.00     0.00    90.00
   7 	  672.00   387.98     0.00     0.00     0.00     0.00
   7 	  672.00   387.98     0.00     0.00     0.00     0.00
   	   29.00   111.00     0.00    90.00
   	   29.00   111.00     0.00    90.00
   8 	  280.00   484.97     0.00     0.00     0.00     0.00
   8 	  280.00   484.97     0.00     0.00     0.00     0.00
   	   29.00   111.00     0.00    90.00
   	   29.00   111.00     0.00    90.00
   9 	  392.00   484.97     0.00     0.00     0.00     0.00
   9 	  392.00   484.97     0.00     0.00     0.00     0.00
   	   29.00   111.00     0.00    90.00
   	   29.00   111.00     0.00    90.00
  10 	  504.00   484.97     0.00     0.00     0.00     0.00
  10 	  504.00   484.97     0.00     0.00     0.00     0.00
   	   29.00   111.00     0.00    90.00
   	   29.00   111.00     0.00    90.00
  11 	  616.00   484.97     0.00     0.00     0.00     0.00
  11 	  616.00   484.97     0.00     0.00     0.00     0.00
   	   29.00   111.00     0.00    90.00
   	   29.00   111.00     0.00    90.00
  12 	  728.00   484.97     0.00     0.00     0.00     0.00
  12 	  728.00   484.97     0.00     0.00     0.00     0.00
   	   29.00   111.00     0.00    90.00
   	   29.00   111.00     0.00    90.00
  13 	  336.00   581.97     0.00     0.00     0.00     0.00
  13 	  336.00   581.97     0.00     0.00     0.00     0.00
   	   29.00   111.00     0.00    90.00
   	   29.00   111.00     0.00    90.00
  14 	  448.00   581.97     0.00     0.00     0.00     0.00
  14 	  448.00   581.97     0.00     0.00     0.00     0.00
   	   29.00   111.00     0.00    90.00
   	   29.00   111.00     0.00    90.00
  15 	  560.00   581.97     0.00     0.00     0.00     0.00
  15 	  560.00   581.97     0.00     0.00     0.00     0.00
   	   29.00   111.00     0.00    90.00
   	   29.00   111.00     0.00    90.00
  16 	  672.00   581.97     0.00     0.00     0.00     0.00
  16 	  672.00   581.97     0.00     0.00     0.00     0.00
   	   29.00   111.00     0.00    90.00
   	   29.00   111.00     0.00    90.00
  17 	  784.00   581.97     0.00     0.00     0.00     0.00
  17 	  784.00   581.97     0.00     0.00     0.00     0.00
   	   29.00   111.00     0.00    90.00
   	   29.00   111.00     0.00    90.00
  18 	  392.00    96.99     0.00     0.00     0.00     0.00
  18 	  392.00    96.99     0.00     0.00     0.00     0.00
   	   29.00   111.00     0.00    90.00
   	   29.00   111.00     0.00    90.00
  19 	  504.00    96.99     0.00     0.00     0.00     0.00
  19 	  504.00    96.99     0.00     0.00     0.00     0.00
   	   29.00   111.00     0.00    90.00
   	   29.00   111.00     0.00    90.00
  20 	  560.00     0.00     0.00     0.00     0.00     0.00
  20 	  560.00     0.00     0.00     0.00     0.00     0.00
   	   29.00   111.00     0.00    90.00
   	   29.00   111.00     0.00    90.00
  21 	  504.00   -96.99     0.00     0.00     0.00     0.00
  21 	  504.00   -96.99     0.00     0.00     0.00     0.00
   	   29.00   111.00     0.00    90.00
   	   29.00   111.00     0.00    90.00
  22 	  392.00   -96.99     0.00     0.00     0.00     0.00
  22 	  392.00   -96.99     0.00     0.00     0.00     0.00
   	   29.00   111.00     0.00    90.00
   	   29.00   111.00     0.00    90.00
  23 	  336.00     0.00     0.00     0.00     0.00     0.00
  23 	  336.00     0.00     0.00     0.00     0.00     0.00
   	   29.00   111.00     0.00    90.00
   	   29.00   111.00     0.00    90.00
  24 	  448.00     0.00     0.00     0.00     0.00     0.00
  24 	  448.00     0.00     0.00     0.00     0.00     0.00
   	   29.00   111.00     0.00    90.00
   	   29.00   111.00     0.00    90.00

** End writing output file: ../inputs/gr323.dat 
