*******************************************************************************
                         ARRAY PREPROCESSOR ver. 1.0
*******************************************************************************



   1	GROUP testgroup
   3	 GRID SQUARE
   4	 ELEMENT
   5	 GEOMETRY RECTANGULAR PDIM 58 QDIM 65
   8	 ADD BLOCK 3 0 -3 8
   9	 ADD BLOCK -1 1 3 -1
  11	 GROUP_EXCITATION
  12	 AMPLITUDE UNIFORM 27
  13	 PHASE UNIFORM -65
  14	 END

** Generating GROUP: testgroup.
** PSTEP,QSTEP set to:65.000000,65.000000
** Grid ANGLE set to:90.000000 
** Group ROT_ANGLE set to: 0.000000 

** Writing output file: ../inputs/gr327.dat

NEL 
NPORTS
IDUM      REXA     REYA     REZA     THEA     PHEA     PSEA 
          AMP      PSH      PSC      PHEPOL
  78
  78
   1
   1
   1 	 -195.00     0.00     0.00     0.00     0.00     0.00
   1 	 -195.00     0.00     0.00     0.00     0.00     0.00
   	   27.00   -65.00     0.00    90.00
   	   27.00   -65.00     0.00    90.00
   2 	 -130.00     0.00     0.00     0.00     0.00     0.00
   2 	 -130.00     0.00     0.00     0.00     0.00     0.00
   	   27.00   -65.00     0.00    90.00
   	   27.00   -65.00     0.00    90.00
   3 	  -65.00     0.00     0.00     0.00     0.00     0.00
   3 	  -65.00     0.00     0.00     0.00     0.00     0.00
   	   27.00   -65.00     0.00    90.00
   	   27.00   -65.00     0.00    90.00
   4 	    0.00     0.00     0.00     0.00     0.00     0.00
   4 	    0.00     0.00     0.00     0.00     0.00     0.00
   	   27.00   -65.00     0.00    90.00
   	   27.00   -65.00     0.00    90.00
   5 	   65.00     0.00     0.00     0.00     0.00     0.00
   5 	   65.00     0.00     0.00     0.00     0.00     0.00
   	   27.00   -65.00     0.00    90.00
   	   27.00   -65.00     0.00    90.00
   6 	  130.00     0.00     0.00     0.00     0.00     0.00
   6 	  130.00     0.00     0.00     0.00     0.00     0.00
   	   27.00   -65.00     0.00    90.00
   	   27.00   -65.00     0.00    90.00
   7 	  195.00     0.00     0.00     0.00     0.00     0.00
   7 	  195.00     0.00     0.00     0.00     0.00     0.00
   	   27.00   -65.00     0.00    90.00
   	   27.00   -65.00     0.00    90.00
   8 	 -195.00    65.00     0.00     0.00     0.00     0.00
   8 	 -195.00    65.00     0.00     0.00     0.00     0.00
   	   27.00   -65.00     0.00    90.00
   	   27.00   -65.00     0.00    90.00
   9 	 -130.00    65.00     0.00     0.00     0.00     0.00
   9 	 -130.00    65.00     0.00     0.00     0.00     0.00
   	   27.00   -65.00     0.00    90.00
   	   27.00   -65.00     0.00    90.00
  10 	  -65.00    65.00     0.00     0.00     0.00     0.00
  10 	  -65.00    65.00     0.00     0.00     0.00     0.00
   	   27.00   -65.00     0.00    90.00
   	   27.00   -65.00     0.00    90.00
  11 	   -0.00    65.00     0.00     0.00     0.00     0.00
  11 	   -0.00    65.00     0.00     0.00     0.00     0.00
   	   27.00   -65.00     0.00    90.00
   	   27.00   -65.00     0.00    90.00
  12 	   65.00    65.00     0.00     0.00     0.00     0.00
  12 	   65.00    65.00     0.00     0.00     0.00     0.00
   	   27.00   -65.00     0.00    90.00
   	   27.00   -65.00     0.00    90.00
  13 	  130.00    65.00     0.00     0.00     0.00     0.00
  13 	  130.00    65.00     0.00     0.00     0.00     0.00
   	   27.00   -65.00     0.00    90.00
   	   27.00   -65.00     0.00    90.00
  14 	  195.00    65.00     0.00     0.00     0.00     0.00
  14 	  195.00    65.00     0.00     0.00     0.00     0.00
   	   27.00   -65.00     0.00    90.00
   	   27.00   -65.00     0.00    90.00
  15 	 -195.00   130.00     0.00     0.00     0.00     0.00
  15 	 -195.00   130.00     0.00     0.00     0.00     0.00
   	   27.00   -65.00     0.00    90.00
   	   27.00   -65.00     0.00    90.00
  16 	 -130.00   130.00     0.00     0.00     0.00     0.00
  16 	 -130.00   130.00     0.00     0.00     0.00     0.00
   	   27.00   -65.00     0.00    90.00
   	   27.00   -65.00     0.00    90.00
  17 	  -65.00   130.00     0.00     0.00     0.00     0.00
  17 	  -65.00   130.00     0.00     0.00     0.00     0.00
   	   27.00   -65.00     0.00    90.00
   	   27.00   -65.00     0.00    90.00
  18 	   -0.00   130.00     0.00     0.00     0.00     0.00
  18 	   -0.00   130.00     0.00     0.00     0.00     0.00
   	   27.00   -65.00     0.00    90.00
   	   27.00   -65.00     0.00    90.00
  19 	   65.00   130.00     0.00     0.00     0.00     0.00
  19 	   65.00   130.00     0.00     0.00     0.00     0.00
   	   27.00   -65.00     0.00    90.00
   	   27.00   -65.00     0.00    90.00
  20 	  130.00   130.00     0.00     0.00     0.00     0.00
  20 	  130.00   130.00     0.00     0.00     0.00     0.00
   	   27.00   -65.00     0.00    90.00
   	   27.00   -65.00     0.00    90.00
  21 	  195.00   130.00     0.00     0.00     0.00     0.00
  21 	  195.00   130.00     0.00     0.00     0.00     0.00
   	   27.00   -65.00     0.00    90.00
   	   27.00   -65.00     0.00    90.00
  22 	 -195.00   195.00     0.00     0.00     0.00     0.00
  22 	 -195.00   195.00     0.00     0.00     0.00     0.00
   	   27.00   -65.00     0.00    90.00
   	   27.00   -65.00     0.00    90.00
  23 	 -130.00   195.00     0.00     0.00     0.00     0.00
  23 	 -130.00   195.00     0.00     0.00     0.00     0.00
   	   27.00   -65.00     0.00    90.00
   	   27.00   -65.00     0.00    90.00
  24 	  -65.00   195.00     0.00     0.00     0.00     0.00
  24 	  -65.00   195.00     0.00     0.00     0.00     0.00
   	   27.00   -65.00     0.00    90.00
   	   27.00   -65.00     0.00    90.00
  25 	   -0.00   195.00     0.00     0.00     0.00     0.00
  25 	   -0.00   195.00     0.00     0.00     0.00     0.00
   	   27.00   -65.00     0.00    90.00
   	   27.00   -65.00     0.00    90.00
  26 	   65.00   195.00     0.00     0.00     0.00     0.00
  26 	   65.00   195.00     0.00     0.00     0.00     0.00
   	   27.00   -65.00     0.00    90.00
   	   27.00   -65.00     0.00    90.00
  27 	  130.00   195.00     0.00     0.00     0.00     0.00
  27 	  130.00   195.00     0.00     0.00     0.00     0.00
   	   27.00   -65.00     0.00    90.00
   	   27.00   -65.00     0.00    90.00
  28 	  195.00   195.00     0.00     0.00     0.00     0.00
  28 	  195.00   195.00     0.00     0.00     0.00     0.00
   	   27.00   -65.00     0.00    90.00
   	   27.00   -65.00     0.00    90.00
  29 	 -195.00   260.00     0.00     0.00     0.00     0.00
  29 	 -195.00   260.00     0.00     0.00     0.00     0.00
   	   27.00   -65.00     0.00    90.00
   	   27.00   -65.00     0.00    90.00
  30 	 -130.00   260.00     0.00     0.00     0.00     0.00
  30 	 -130.00   260.00     0.00     0.00     0.00     0.00
   	   27.00   -65.00     0.00    90.00
   	   27.00   -65.00     0.00    90.00
  31 	  -65.00   260.00     0.00     0.00     0.00     0.00
  31 	  -65.00   260.00     0.00     0.00     0.00     0.00
   	   27.00   -65.00     0.00    90.00
   	   27.00   -65.00     0.00    90.00
  32 	   -0.00   260.00     0.00     0.00     0.00     0.00
  32 	   -0.00   260.00     0.00     0.00     0.00     0.00
   	   27.00   -65.00     0.00    90.00
   	   27.00   -65.00     0.00    90.00
  33 	   65.00   260.00     0.00     0.00     0.00     0.00
  33 	   65.00   260.00     0.00     0.00     0.00     0.00
   	   27.00   -65.00     0.00    90.00
   	   27.00   -65.00     0.00    90.00
  34 	  130.00   260.00     0.00     0.00     0.00     0.00
  34 	  130.00   260.00     0.00     0.00     0.00     0.00
   	   27.00   -65.00     0.00    90.00
   	   27.00   -65.00     0.00    90.00
  35 	  195.00   260.00     0.00     0.00     0.00     0.00
  35 	  195.00   260.00     0.00     0.00     0.00     0.00
   	   27.00   -65.00     0.00    90.00
   	   27.00   -65.00     0.00    90.00
  36 	 -195.00   325.00     0.00     0.00     0.00     0.00
  36 	 -195.00   325.00     0.00     0.00     0.00     0.00
   	   27.00   -65.00     0.00    90.00
   	   27.00   -65.00     0.00    90.00
  37 	 -130.00   325.00     0.00     0.00     0.00     0.00
  37 	 -130.00   325.00     0.00     0.00     0.00     0.00
   	   27.00   -65.00     0.00    90.00
   	   27.00   -65.00     0.00    90.00
  38 	  -65.00   325.00     0.00     0.00     0.00     0.00
  38 	  -65.00   325.00     0.00     0.00     0.00     0.00
   	   27.00   -65.00     0.00    90.00
   	   27.00   -65.00     0.00    90.00
  39 	   -0.00   325.00     0.00     0.00     0.00     0.00
  39 	   -0.00   325.00     0.00     0.00     0.00     0.00
   	   27.00   -65.00     0.00    90.00
   	   27.00   -65.00     0.00    90.00
  40 	   65.00   325.00     0.00     0.00     0.00     0.00
  40 	   65.00   325.00     0.00     0.00     0.00     0.00
   	   27.00   -65.00     0.00    90.00
   	   27.00   -65.00     0.00    90.00
  41 	  130.00   325.00     0.00     0.00     0.00     0.00
  41 	  130.00   325.00     0.00     0.00     0.00     0.00
   	   27.00   -65.00     0.00    90.00
   	   27.00   -65.00     0.00    90.00
  42 	  195.00   325.00     0.00     0.00     0.00     0.00
  42 	  195.00   325.00     0.00     0.00     0.00     0.00
   	   27.00   -65.00     0.00    90.00
   	   27.00   -65.00     0.00    90.00
  43 	 -195.00   390.00     0.00     0.00     0.00     0.00
  43 	 -195.00   390.00     0.00     0.00     0.00     0.00
   	   27.00   -65.00     0.00    90.00
   	   27.00   -65.00     0.00    90.00
  44 	 -130.00   390.00     0.00     0.00     0.00     0.00
  44 	 -130.00   390.00     0.00     0.00     0.00     0.00
   	   27.00   -65.00     0.00    90.00
   	   27.00   -65.00     0.00    90.00
  45 	  -65.00   390.00     0.00     0.00     0.00     0.00
  45 	  -65.00   390.00     0.00     0.00     0.00     0.00
   	   27.00   -65.00     0.00    90.00
   	   27.00   -65.00     0.00    90.00
  46 	   -0.00   390.00     0.00     0.00     0.00     0.00
  46 	   -0.00   390.00     0.00     0.00     0.00     0.00
   	   27.00   -65.00     0.00    90.00
   	   27.00   -65.00     0.00    90.00
  47 	   65.00   390.00     0.00     0.00     0.00     0.00
  47 	   65.00   390.00     0.00     0.00     0.00     0.00
   	   27.00   -65.00     0.00    90.00
   	   27.00   -65.00     0.00    90.00
  48 	  130.00   390.00     0.00     0.00     0.00     0.00
  48 	  130.00   390.00     0.00     0.00     0.00     0.00
   	   27.00   -65.00     0.00    90.00
   	   27.00   -65.00     0.00    90.00
  49 	  195.00   390.00     0.00     0.00     0.00     0.00
  49 	  195.00   390.00     0.00     0.00     0.00     0.00
   	   27.00   -65.00     0.00    90.00
   	   27.00   -65.00     0.00    90.00
  50 	 -195.00   455.00     0.00     0.00     0.00     0.00
  50 	 -195.00   455.00     0.00     0.00     0.00     0.00
   	   27.00   -65.00     0.00    90.00
   	   27.00   -65.00     0.00    90.00
  51 	 -130.00   455.00     0.00     0.00     0.00     0.00
  51 	 -130.00   455.00     0.00     0.00     0.00     0.00
   	   27.00   -65.00     0.00    90.00
   	   27.00   -65.00     0.00    90.00
  52 	  -65.00   455.00     0.00     0.00     0.00     0.00
  52 	  -65.00   455.00     0.00     0.00     0.00     0.00
   	   27.00   -65.00     0.00    90.00
   	   27.00   -65.00     0.00    90.00
  53 	   -0.00   455.00     0.00     0.00     0.00     0.00
  53 	   -0.00   455.00     0.00     0.00     0.00     0.00
   	   27.00   -65.00     0.00    90.00
   	   27.00   -65.00     0.00    90.00
  54 	   65.00   455.00     0.00     0.00     0.00     0.00
  54 	   65.00   455.00     0.00     0.00     0.00     0.00
   	   27.00   -65.00     0.00    90.00
   	   27.00   -65.00     0.00    90.00
  55 	  130.00   455.00     0.00     0.00     0.00     0.00
  55 	  130.00   455.00     0.00     0.00     0.00     0.00
   	   27.00   -65.00     0.00    90.00
   	   27.00   -65.00     0.00    90.00
  56 	  195.00   455.00     0.00     0.00     0.00     0.00
  56 	  195.00   455.00     0.00     0.00     0.00     0.00
   	   27.00   -65.00     0.00    90.00
   	   27.00   -65.00     0.00    90.00
  57 	 -195.00   520.00     0.00     0.00     0.00     0.00
  57 	 -195.00   520.00     0.00     0.00     0.00     0.00
   	   27.00   -65.00     0.00    90.00
   	   27.00   -65.00     0.00    90.00
  58 	 -130.00   520.00     0.00     0.00     0.00     0.00
  58 	 -130.00   520.00     0.00     0.00     0.00     0.00
   	   27.00   -65.00     0.00    90.00
   	   27.00   -65.00     0.00    90.00
  59 	  -65.00   520.00     0.00     0.00     0.00     0.00
  59 	  -65.00   520.00     0.00     0.00     0.00     0.00
   	   27.00   -65.00     0.00    90.00
   	   27.00   -65.00     0.00    90.00
  60 	   -0.00   520.00     0.00     0.00     0.00     0.00
  60 	   -0.00   520.00     0.00     0.00     0.00     0.00
   	   27.00   -65.00     0.00    90.00
   	   27.00   -65.00     0.00    90.00
  61 	   65.00   520.00     0.00     0.00     0.00     0.00
  61 	   65.00   520.00     0.00     0.00     0.00     0.00
   	   27.00   -65.00     0.00    90.00
   	   27.00   -65.00     0.00    90.00
  62 	  130.00   520.00     0.00     0.00     0.00     0.00
  62 	  130.00   520.00     0.00     0.00     0.00     0.00
   	   27.00   -65.00     0.00    90.00
   	   27.00   -65.00     0.00    90.00
  63 	  195.00   520.00     0.00     0.00     0.00     0.00
  63 	  195.00   520.00     0.00     0.00     0.00     0.00
   	   27.00   -65.00     0.00    90.00
   	   27.00   -65.00     0.00    90.00
  64 	  -65.00   -65.00     0.00     0.00     0.00     0.00
  64 	  -65.00   -65.00     0.00     0.00     0.00     0.00
   	   27.00   -65.00     0.00    90.00
   	   27.00   -65.00     0.00    90.00
  65 	    0.00   -65.00     0.00     0.00     0.00     0.00
  65 	    0.00   -65.00     0.00     0.00     0.00     0.00
   	   27.00   -65.00     0.00    90.00
   	   27.00   -65.00     0.00    90.00
  66 	   65.00   -65.00     0.00     0.00     0.00     0.00
  66 	   65.00   -65.00     0.00     0.00     0.00     0.00
   	   27.00   -65.00     0.00    90.00
   	   27.00   -65.00     0.00    90.00
  67 	  130.00   -65.00     0.00     0.00     0.00     0.00
  67 	  130.00   -65.00     0.00     0.00     0.00     0.00
   	   27.00   -65.00     0.00    90.00
   	   27.00   -65.00     0.00    90.00
  68 	  195.00   -65.00     0.00     0.00     0.00     0.00
  68 	  195.00   -65.00     0.00     0.00     0.00     0.00
   	   27.00   -65.00     0.00    90.00
   	   27.00   -65.00     0.00    90.00
  69 	  -65.00     0.00     0.00     0.00     0.00     0.00
  69 	  -65.00     0.00     0.00     0.00     0.00     0.00
   	   27.00   -65.00     0.00    90.00
   	   27.00   -65.00     0.00    90.00
  70 	    0.00     0.00     0.00     0.00     0.00     0.00
  70 	    0.00     0.00     0.00     0.00     0.00     0.00
   	   27.00   -65.00     0.00    90.00
   	   27.00   -65.00     0.00    90.00
  71 	   65.00     0.00     0.00     0.00     0.00     0.00
  71 	   65.00     0.00     0.00     0.00     0.00     0.00
   	   27.00   -65.00     0.00    90.00
   	   27.00   -65.00     0.00    90.00
  72 	  130.00     0.00     0.00     0.00     0.00     0.00
  72 	  130.00     0.00     0.00     0.00     0.00     0.00
   	   27.00   -65.00     0.00    90.00
   	   27.00   -65.00     0.00    90.00
  73 	  195.00     0.00     0.00     0.00     0.00     0.00
  73 	  195.00     0.00     0.00     0.00     0.00     0.00
   	   27.00   -65.00     0.00    90.00
   	   27.00   -65.00     0.00    90.00
  74 	  -65.00    65.00     0.00     0.00     0.00     0.00
  74 	  -65.00    65.00     0.00     0.00     0.00     0.00
   	   27.00   -65.00     0.00    90.00
   	   27.00   -65.00     0.00    90.00
  75 	   -0.00    65.00     0.00     0.00     0.00     0.00
  75 	   -0.00    65.00     0.00     0.00     0.00     0.00
   	   27.00   -65.00     0.00    90.00
   	   27.00   -65.00     0.00    90.00
  76 	   65.00    65.00     0.00     0.00     0.00     0.00
  76 	   65.00    65.00     0.00     0.00     0.00     0.00
   	   27.00   -65.00     0.00    90.00
   	   27.00   -65.00     0.00    90.00
  77 	  130.00    65.00     0.00     0.00     0.00     0.00
  77 	  130.00    65.00     0.00     0.00     0.00     0.00
   	   27.00   -65.00     0.00    90.00
   	   27.00   -65.00     0.00    90.00
  78 	  195.00    65.00     0.00     0.00     0.00     0.00
  78 	  195.00    65.00     0.00     0.00     0.00     0.00
   	   27.00   -65.00     0.00    90.00
   	   27.00   -65.00     0.00    90.00

** End writing output file: ../inputs/gr327.dat 
