*******************************************************************************
                         ARRAY PREPROCESSOR ver. 1.0
*******************************************************************************



   1	GROUP testgroup
   3	 GRID TRIANGULAR
   4	 ELEMENT
   5	 GEOMETRY CIRCULAR RADIUS 15
   6	 POLARIZATION CIRCULAR
   7	 ADD BLOCK 1 -2 -6 -7
   8	 ADD BLOCK -1 -5 4 1
   9	 ADD BLOCK -3 0 0 -1
  11	 GROUP_EXCITATION
  12	 AMPLITUDE UNIFORM 24
  13	 PHASE UNIFORM -181
  14	 END

** WARNING B2: GRID step(s) too small for specified element in GROUP: testgroup
** Generating GROUP: testgroup.
** PSTEP,QSTEP set to:30.000000,30.000000
** Grid ANGLE set to:60.000000 
** Group ROT_ANGLE set to: 0.000000 

** Writing output file: ../inputs/gr328.dat

NEL 
NPORTS
IDUM      REXA     REYA     REZA     THEA     PHEA     PSEA 
          AMP      PSH      PSC      PHEPOL
  98
  98
   1
   1
   1 	 -285.00  -181.87     0.00     0.00     0.00     0.00
   1 	 -285.00  -181.87     0.00     0.00     0.00     0.00
   	   24.00  -181.00     0.00    90.00
   	   24.00  -181.00     0.00    90.00
   2 	 -255.00  -181.87     0.00     0.00     0.00     0.00
   2 	 -255.00  -181.87     0.00     0.00     0.00     0.00
   	   24.00  -181.00     0.00    90.00
   	   24.00  -181.00     0.00    90.00
   3 	 -225.00  -181.87     0.00     0.00     0.00     0.00
   3 	 -225.00  -181.87     0.00     0.00     0.00     0.00
   	   24.00  -181.00     0.00    90.00
   	   24.00  -181.00     0.00    90.00
   4 	 -195.00  -181.87     0.00     0.00     0.00     0.00
   4 	 -195.00  -181.87     0.00     0.00     0.00     0.00
   	   24.00  -181.00     0.00    90.00
   	   24.00  -181.00     0.00    90.00
   5 	 -165.00  -181.87     0.00     0.00     0.00     0.00
   5 	 -165.00  -181.87     0.00     0.00     0.00     0.00
   	   24.00  -181.00     0.00    90.00
   	   24.00  -181.00     0.00    90.00
   6 	 -135.00  -181.87     0.00     0.00     0.00     0.00
   6 	 -135.00  -181.87     0.00     0.00     0.00     0.00
   	   24.00  -181.00     0.00    90.00
   	   24.00  -181.00     0.00    90.00
   7 	 -105.00  -181.87     0.00     0.00     0.00     0.00
   7 	 -105.00  -181.87     0.00     0.00     0.00     0.00
   	   24.00  -181.00     0.00    90.00
   	   24.00  -181.00     0.00    90.00
   8 	  -75.00  -181.87     0.00     0.00     0.00     0.00
   8 	  -75.00  -181.87     0.00     0.00     0.00     0.00
   	   24.00  -181.00     0.00    90.00
   	   24.00  -181.00     0.00    90.00
   9 	 -270.00  -155.88     0.00     0.00     0.00     0.00
   9 	 -270.00  -155.88     0.00     0.00     0.00     0.00
   	   24.00  -181.00     0.00    90.00
   	   24.00  -181.00     0.00    90.00
  10 	 -240.00  -155.88     0.00     0.00     0.00     0.00
  10 	 -240.00  -155.88     0.00     0.00     0.00     0.00
   	   24.00  -181.00     0.00    90.00
   	   24.00  -181.00     0.00    90.00
  11 	 -210.00  -155.88     0.00     0.00     0.00     0.00
  11 	 -210.00  -155.88     0.00     0.00     0.00     0.00
   	   24.00  -181.00     0.00    90.00
   	   24.00  -181.00     0.00    90.00
  12 	 -180.00  -155.88     0.00     0.00     0.00     0.00
  12 	 -180.00  -155.88     0.00     0.00     0.00     0.00
   	   24.00  -181.00     0.00    90.00
   	   24.00  -181.00     0.00    90.00
  13 	 -150.00  -155.88     0.00     0.00     0.00     0.00
  13 	 -150.00  -155.88     0.00     0.00     0.00     0.00
   	   24.00  -181.00     0.00    90.00
   	   24.00  -181.00     0.00    90.00
  14 	 -120.00  -155.88     0.00     0.00     0.00     0.00
  14 	 -120.00  -155.88     0.00     0.00     0.00     0.00
   	   24.00  -181.00     0.00    90.00
   	   24.00  -181.00     0.00    90.00
  15 	  -90.00  -155.88     0.00     0.00     0.00     0.00
  15 	  -90.00  -155.88     0.00     0.00     0.00     0.00
   	   24.00  -181.00     0.00    90.00
   	   24.00  -181.00     0.00    90.00
  16 	  -60.00  -155.88     0.00     0.00     0.00     0.00
  16 	  -60.00  -155.88     0.00     0.00     0.00     0.00
   	   24.00  -181.00     0.00    90.00
   	   24.00  -181.00     0.00    90.00
  17 	 -255.00  -129.90     0.00     0.00     0.00     0.00
  17 	 -255.00  -129.90     0.00     0.00     0.00     0.00
   	   24.00  -181.00     0.00    90.00
   	   24.00  -181.00     0.00    90.00
  18 	 -225.00  -129.90     0.00     0.00     0.00     0.00
  18 	 -225.00  -129.90     0.00     0.00     0.00     0.00
   	   24.00  -181.00     0.00    90.00
   	   24.00  -181.00     0.00    90.00
  19 	 -195.00  -129.90     0.00     0.00     0.00     0.00
  19 	 -195.00  -129.90     0.00     0.00     0.00     0.00
   	   24.00  -181.00     0.00    90.00
   	   24.00  -181.00     0.00    90.00
  20 	 -165.00  -129.90     0.00     0.00     0.00     0.00
  20 	 -165.00  -129.90     0.00     0.00     0.00     0.00
   	   24.00  -181.00     0.00    90.00
   	   24.00  -181.00     0.00    90.00
  21 	 -135.00  -129.90     0.00     0.00     0.00     0.00
  21 	 -135.00  -129.90     0.00     0.00     0.00     0.00
   	   24.00  -181.00     0.00    90.00
   	   24.00  -181.00     0.00    90.00
  22 	 -105.00  -129.90     0.00     0.00     0.00     0.00
  22 	 -105.00  -129.90     0.00     0.00     0.00     0.00
   	   24.00  -181.00     0.00    90.00
   	   24.00  -181.00     0.00    90.00
  23 	  -75.00  -129.90     0.00     0.00     0.00     0.00
  23 	  -75.00  -129.90     0.00     0.00     0.00     0.00
   	   24.00  -181.00     0.00    90.00
   	   24.00  -181.00     0.00    90.00
  24 	  -45.00  -129.90     0.00     0.00     0.00     0.00
  24 	  -45.00  -129.90     0.00     0.00     0.00     0.00
   	   24.00  -181.00     0.00    90.00
   	   24.00  -181.00     0.00    90.00
  25 	 -240.00  -103.92     0.00     0.00     0.00     0.00
  25 	 -240.00  -103.92     0.00     0.00     0.00     0.00
   	   24.00  -181.00     0.00    90.00
   	   24.00  -181.00     0.00    90.00
  26 	 -210.00  -103.92     0.00     0.00     0.00     0.00
  26 	 -210.00  -103.92     0.00     0.00     0.00     0.00
   	   24.00  -181.00     0.00    90.00
   	   24.00  -181.00     0.00    90.00
  27 	 -180.00  -103.92     0.00     0.00     0.00     0.00
  27 	 -180.00  -103.92     0.00     0.00     0.00     0.00
   	   24.00  -181.00     0.00    90.00
   	   24.00  -181.00     0.00    90.00
  28 	 -150.00  -103.92     0.00     0.00     0.00     0.00
  28 	 -150.00  -103.92     0.00     0.00     0.00     0.00
   	   24.00  -181.00     0.00    90.00
   	   24.00  -181.00     0.00    90.00
  29 	 -120.00  -103.92     0.00     0.00     0.00     0.00
  29 	 -120.00  -103.92     0.00     0.00     0.00     0.00
   	   24.00  -181.00     0.00    90.00
   	   24.00  -181.00     0.00    90.00
  30 	  -90.00  -103.92     0.00     0.00     0.00     0.00
  30 	  -90.00  -103.92     0.00     0.00     0.00     0.00
   	   24.00  -181.00     0.00    90.00
   	   24.00  -181.00     0.00    90.00
  31 	  -60.00  -103.92     0.00     0.00     0.00     0.00
  31 	  -60.00  -103.92     0.00     0.00     0.00     0.00
   	   24.00  -181.00     0.00    90.00
   	   24.00  -181.00     0.00    90.00
  32 	  -30.00  -103.92     0.00     0.00     0.00     0.00
  32 	  -30.00  -103.92     0.00     0.00     0.00     0.00
   	   24.00  -181.00     0.00    90.00
   	   24.00  -181.00     0.00    90.00
  33 	 -225.00   -77.94     0.00     0.00     0.00     0.00
  33 	 -225.00   -77.94     0.00     0.00     0.00     0.00
   	   24.00  -181.00     0.00    90.00
   	   24.00  -181.00     0.00    90.00
  34 	 -195.00   -77.94     0.00     0.00     0.00     0.00
  34 	 -195.00   -77.94     0.00     0.00     0.00     0.00
   	   24.00  -181.00     0.00    90.00
   	   24.00  -181.00     0.00    90.00
  35 	 -165.00   -77.94     0.00     0.00     0.00     0.00
  35 	 -165.00   -77.94     0.00     0.00     0.00     0.00
   	   24.00  -181.00     0.00    90.00
   	   24.00  -181.00     0.00    90.00
  36 	 -135.00   -77.94     0.00     0.00     0.00     0.00
  36 	 -135.00   -77.94     0.00     0.00     0.00     0.00
   	   24.00  -181.00     0.00    90.00
   	   24.00  -181.00     0.00    90.00
  37 	 -105.00   -77.94     0.00     0.00     0.00     0.00
  37 	 -105.00   -77.94     0.00     0.00     0.00     0.00
   	   24.00  -181.00     0.00    90.00
   	   24.00  -181.00     0.00    90.00
  38 	  -75.00   -77.94     0.00     0.00     0.00     0.00
  38 	  -75.00   -77.94     0.00     0.00     0.00     0.00
   	   24.00  -181.00     0.00    90.00
   	   24.00  -181.00     0.00    90.00
  39 	  -45.00   -77.94     0.00     0.00     0.00     0.00
  39 	  -45.00   -77.94     0.00     0.00     0.00     0.00
   	   24.00  -181.00     0.00    90.00
   	   24.00  -181.00     0.00    90.00
  40 	  -15.00   -77.94     0.00     0.00     0.00     0.00
  40 	  -15.00   -77.94     0.00     0.00     0.00     0.00
   	   24.00  -181.00     0.00    90.00
   	   24.00  -181.00     0.00    90.00
  41 	 -210.00   -51.96     0.00     0.00     0.00     0.00
  41 	 -210.00   -51.96     0.00     0.00     0.00     0.00
   	   24.00  -181.00     0.00    90.00
   	   24.00  -181.00     0.00    90.00
  42 	 -180.00   -51.96     0.00     0.00     0.00     0.00
  42 	 -180.00   -51.96     0.00     0.00     0.00     0.00
   	   24.00  -181.00     0.00    90.00
   	   24.00  -181.00     0.00    90.00
  43 	 -150.00   -51.96     0.00     0.00     0.00     0.00
  43 	 -150.00   -51.96     0.00     0.00     0.00     0.00
   	   24.00  -181.00     0.00    90.00
   	   24.00  -181.00     0.00    90.00
  44 	 -120.00   -51.96     0.00     0.00     0.00     0.00
  44 	 -120.00   -51.96     0.00     0.00     0.00     0.00
   	   24.00  -181.00     0.00    90.00
   	   24.00  -181.00     0.00    90.00
  45 	  -90.00   -51.96     0.00     0.00     0.00     0.00
  45 	  -90.00   -51.96     0.00     0.00     0.00     0.00
   	   24.00  -181.00     0.00    90.00
   	   24.00  -181.00     0.00    90.00
  46 	  -60.00   -51.96     0.00     0.00     0.00     0.00
  46 	  -60.00   -51.96     0.00     0.00     0.00     0.00
   	   24.00  -181.00     0.00    90.00
   	   24.00  -181.00     0.00    90.00
  47 	  -30.00   -51.96     0.00     0.00     0.00     0.00
  47 	  -30.00   -51.96     0.00     0.00     0.00     0.00
   	   24.00  -181.00     0.00    90.00
   	   24.00  -181.00     0.00    90.00
  48 	    0.00   -51.96     0.00     0.00     0.00     0.00
  48 	    0.00   -51.96     0.00     0.00     0.00     0.00
   	   24.00  -181.00     0.00    90.00
   	   24.00  -181.00     0.00    90.00
  49 	 -105.00  -129.90     0.00     0.00     0.00     0.00
  49 	 -105.00  -129.90     0.00     0.00     0.00     0.00
   	   24.00  -181.00     0.00    90.00
   	   24.00  -181.00     0.00    90.00
  50 	  -75.00  -129.90     0.00     0.00     0.00     0.00
  50 	  -75.00  -129.90     0.00     0.00     0.00     0.00
   	   24.00  -181.00     0.00    90.00
   	   24.00  -181.00     0.00    90.00
  51 	  -45.00  -129.90     0.00     0.00     0.00     0.00
  51 	  -45.00  -129.90     0.00     0.00     0.00     0.00
   	   24.00  -181.00     0.00    90.00
   	   24.00  -181.00     0.00    90.00
  52 	  -15.00  -129.90     0.00     0.00     0.00     0.00
  52 	  -15.00  -129.90     0.00     0.00     0.00     0.00
   	   24.00  -181.00     0.00    90.00
   	   24.00  -181.00     0.00    90.00
  53 	   15.00  -129.90     0.00     0.00     0.00     0.00
  53 	   15.00  -129.90     0.00     0.00     0.00     0.00
   	   24.00  -181.00     0.00    90.00
   	   24.00  -181.00     0.00    90.00
  54 	   45.00  -129.90     0.00     0.00     0.00     0.00
  54 	   45.00  -129.90     0.00     0.00     0.00     0.00
   	   24.00  -181.00     0.00    90.00
   	   24.00  -181.00     0.00    90.00
  55 	  -90.00  -103.92     0.00     0.00     0.00     0.00
  55 	  -90.00  -103.92     0.00     0.00     0.00     0.00
   	   24.00  -181.00     0.00    90.00
   	   24.00  -181.00     0.00    90.00
  56 	  -60.00  -103.92     0.00     0.00     0.00     0.00
  56 	  -60.00  -103.92     0.00     0.00     0.00     0.00
   	   24.00  -181.00     0.00    90.00
   	   24.00  -181.00     0.00    90.00
  57 	  -30.00  -103.92     0.00     0.00     0.00     0.00
  57 	  -30.00  -103.92     0.00     0.00     0.00     0.00
   	   24.00  -181.00     0.00    90.00
   	   24.00  -181.00     0.00    90.00
  58 	    0.00  -103.92     0.00     0.00     0.00     0.00
  58 	    0.00  -103.92     0.00     0.00     0.00     0.00
   	   24.00  -181.00     0.00    90.00
   	   24.00  -181.00     0.00    90.00
  59 	   30.00  -103.92     0.00     0.00     0.00     0.00
  59 	   30.00  -103.92     0.00     0.00     0.00     0.00
   	   24.00  -181.00     0.00    90.00
   	   24.00  -181.00     0.00    90.00
  60 	   60.00  -103.92     0.00     0.00     0.00     0.00
  60 	   60.00  -103.92     0.00     0.00     0.00     0.00
   	   24.00  -181.00     0.00    90.00
   	   24.00  -181.00     0.00    90.00
  61 	  -75.00   -77.94     0.00     0.00     0.00     0.00
  61 	  -75.00   -77.94     0.00     0.00     0.00     0.00
   	   24.00  -181.00     0.00    90.00
   	   24.00  -181.00     0.00    90.00
  62 	  -45.00   -77.94     0.00     0.00     0.00     0.00
  62 	  -45.00   -77.94     0.00     0.00     0.00     0.00
   	   24.00  -181.00     0.00    90.00
   	   24.00  -181.00     0.00    90.00
  63 	  -15.00   -77.94     0.00     0.00     0.00     0.00
  63 	  -15.00   -77.94     0.00     0.00     0.00     0.00
   	   24.00  -181.00     0.00    90.00
   	   24.00  -181.00     0.00    90.00
  64 	   15.00   -77.94     0.00     0.00     0.00     0.00
  64 	   15.00   -77.94     0.00     0.00     0.00     0.00
   	   24.00  -181.00     0.00    90.00
   	   24.00  -181.00     0.00    90.00
  65 	   45.00   -77.94     0.00     0.00     0.00     0.00
  65 	   45.00   -77.94     0.00     0.00     0.00     0.00
   	   24.00  -181.00     0.00    90.00
   	   24.00  -181.00     0.00    90.00
  66 	   75.00   -77.94     0.00     0.00     0.00     0.00
  66 	   75.00   -77.94     0.00     0.00     0.00     0.00
   	   24.00  -181.00     0.00    90.00
   	   24.00  -181.00     0.00    90.00
  67 	  -60.00   -51.96     0.00     0.00     0.00     0.00
  67 	  -60.00   -51.96     0.00     0.00     0.00     0.00
   	   24.00  -181.00     0.00    90.00
   	   24.00  -181.00     0.00    90.00
  68 	  -30.00   -51.96     0.00     0.00     0.00     0.00
  68 	  -30.00   -51.96     0.00     0.00     0.00     0.00
   	   24.00  -181.00     0.00    90.00
   	   24.00  -181.00     0.00    90.00
  69 	    0.00   -51.96     0.00     0.00     0.00     0.00
  69 	    0.00   -51.96     0.00     0.00     0.00     0.00
   	   24.00  -181.00     0.00    90.00
   	   24.00  -181.00     0.00    90.00
  70 	   30.00   -51.96     0.00     0.00     0.00     0.00
  70 	   30.00   -51.96     0.00     0.00     0.00     0.00
   	   24.00  -181.00     0.00    90.00
   	   24.00  -181.00     0.00    90.00
  71 	   60.00   -51.96     0.00     0.00     0.00     0.00
  71 	   60.00   -51.96     0.00     0.00     0.00     0.00
   	   24.00  -181.00     0.00    90.00
   	   24.00  -181.00     0.00    90.00
  72 	   90.00   -51.96     0.00     0.00     0.00     0.00
  72 	   90.00   -51.96     0.00     0.00     0.00     0.00
   	   24.00  -181.00     0.00    90.00
   	   24.00  -181.00     0.00    90.00
  73 	  -45.00   -25.98     0.00     0.00     0.00     0.00
  73 	  -45.00   -25.98     0.00     0.00     0.00     0.00
   	   24.00  -181.00     0.00    90.00
   	   24.00  -181.00     0.00    90.00
  74 	  -15.00   -25.98     0.00     0.00     0.00     0.00
  74 	  -15.00   -25.98     0.00     0.00     0.00     0.00
   	   24.00  -181.00     0.00    90.00
   	   24.00  -181.00     0.00    90.00
  75 	   15.00   -25.98     0.00     0.00     0.00     0.00
  75 	   15.00   -25.98     0.00     0.00     0.00     0.00
   	   24.00  -181.00     0.00    90.00
   	   24.00  -181.00     0.00    90.00
  76 	   45.00   -25.98     0.00     0.00     0.00     0.00
  76 	   45.00   -25.98     0.00     0.00     0.00     0.00
   	   24.00  -181.00     0.00    90.00
   	   24.00  -181.00     0.00    90.00
  77 	   75.00   -25.98     0.00     0.00     0.00     0.00
  77 	   75.00   -25.98     0.00     0.00     0.00     0.00
   	   24.00  -181.00     0.00    90.00
   	   24.00  -181.00     0.00    90.00
  78 	  105.00   -25.98     0.00     0.00     0.00     0.00
  78 	  105.00   -25.98     0.00     0.00     0.00     0.00
   	   24.00  -181.00     0.00    90.00
   	   24.00  -181.00     0.00    90.00
  79 	  -30.00     0.00     0.00     0.00     0.00     0.00
  79 	  -30.00     0.00     0.00     0.00     0.00     0.00
   	   24.00  -181.00     0.00    90.00
   	   24.00  -181.00     0.00    90.00
  80 	    0.00     0.00     0.00     0.00     0.00     0.00
  80 	    0.00     0.00     0.00     0.00     0.00     0.00
   	   24.00  -181.00     0.00    90.00
   	   24.00  -181.00     0.00    90.00
  81 	   30.00     0.00     0.00     0.00     0.00     0.00
  81 	   30.00     0.00     0.00     0.00     0.00     0.00
   	   24.00  -181.00     0.00    90.00
   	   24.00  -181.00     0.00    90.00
  82 	   60.00     0.00     0.00     0.00     0.00     0.00
  82 	   60.00     0.00     0.00     0.00     0.00     0.00
   	   24.00  -181.00     0.00    90.00
   	   24.00  -181.00     0.00    90.00
  83 	   90.00     0.00     0.00     0.00     0.00     0.00
  83 	   90.00     0.00     0.00     0.00     0.00     0.00
   	   24.00  -181.00     0.00    90.00
   	   24.00  -181.00     0.00    90.00
  84 	  120.00     0.00     0.00     0.00     0.00     0.00
  84 	  120.00     0.00     0.00     0.00     0.00     0.00
   	   24.00  -181.00     0.00    90.00
   	   24.00  -181.00     0.00    90.00
  85 	  -15.00    25.98     0.00     0.00     0.00     0.00
  85 	  -15.00    25.98     0.00     0.00     0.00     0.00
   	   24.00  -181.00     0.00    90.00
   	   24.00  -181.00     0.00    90.00
  86 	   15.00    25.98     0.00     0.00     0.00     0.00
  86 	   15.00    25.98     0.00     0.00     0.00     0.00
   	   24.00  -181.00     0.00    90.00
   	   24.00  -181.00     0.00    90.00
  87 	   45.00    25.98     0.00     0.00     0.00     0.00
  87 	   45.00    25.98     0.00     0.00     0.00     0.00
   	   24.00  -181.00     0.00    90.00
   	   24.00  -181.00     0.00    90.00
  88 	   75.00    25.98     0.00     0.00     0.00     0.00
  88 	   75.00    25.98     0.00     0.00     0.00     0.00
   	   24.00  -181.00     0.00    90.00
   	   24.00  -181.00     0.00    90.00
  89 	  105.00    25.98     0.00     0.00     0.00     0.00
  89 	  105.00    25.98     0.00     0.00     0.00     0.00
   	   24.00  -181.00     0.00    90.00
   	   24.00  -181.00     0.00    90.00
  90 	  135.00    25.98     0.00     0.00     0.00     0.00
  90 	  135.00    25.98     0.00     0.00     0.00     0.00
   	   24.00  -181.00     0.00    90.00
   	   24.00  -181.00     0.00    90.00
  91 	 -105.00   -25.98     0.00     0.00     0.00     0.00
  91 	 -105.00   -25.98     0.00     0.00     0.00     0.00
   	   24.00  -181.00     0.00    90.00
   	   24.00  -181.00     0.00    90.00
  92 	  -75.00   -25.98     0.00     0.00     0.00     0.00
  92 	  -75.00   -25.98     0.00     0.00     0.00     0.00
   	   24.00  -181.00     0.00    90.00
   	   24.00  -181.00     0.00    90.00
  93 	  -45.00   -25.98     0.00     0.00     0.00     0.00
  93 	  -45.00   -25.98     0.00     0.00     0.00     0.00
   	   24.00  -181.00     0.00    90.00
   	   24.00  -181.00     0.00    90.00
  94 	  -15.00   -25.98     0.00     0.00     0.00     0.00
  94 	  -15.00   -25.98     0.00     0.00     0.00     0.00
   	   24.00  -181.00     0.00    90.00
   	   24.00  -181.00     0.00    90.00
  95 	  -90.00     0.00     0.00     0.00     0.00     0.00
  95 	  -90.00     0.00     0.00     0.00     0.00     0.00
   	   24.00  -181.00     0.00    90.00
   	   24.00  -181.00     0.00    90.00
  96 	  -60.00     0.00     0.00     0.00     0.00     0.00
  96 	  -60.00     0.00     0.00     0.00     0.00     0.00
   	   24.00  -181.00     0.00    90.00
   	   24.00  -181.00     0.00    90.00
  97 	  -30.00     0.00     0.00     0.00     0.00     0.00
  97 	  -30.00     0.00     0.00     0.00     0.00     0.00
   	   24.00  -181.00     0.00    90.00
   	   24.00  -181.00     0.00    90.00
  98 	    0.00     0.00     0.00     0.00     0.00     0.00
  98 	    0.00     0.00     0.00     0.00     0.00     0.00
   	   24.00  -181.00     0.00    90.00
   	   24.00  -181.00     0.00    90.00

** End writing output file: ../inputs/gr328.dat 
