*******************************************************************************
                         ARRAY PREPROCESSOR ver. 1.0
*******************************************************************************



   1	GROUP testgroup
   3	 GRID RECTANGULAR
   4	 ELEMENT
   5	 GEOMETRY CIRCULAR RADIUS 53 mm
   7	 ADD BLOCK -5 -2 -10 0
   8	 ADD BLOCK -1 6 2 -3
  10	 GROUP_EXCITATION
  11	 AMPLITUDE UNIFORM 20
  12	 PHASE UNIFORM -125
  13	 END

** Generating GROUP: testgroup.
** PSTEP,QSTEP set to:106.000000,106.000000
** Grid ANGLE set to:90.000000 
** Group ROT_ANGLE set to: 0.000000 

** Writing output file: ../inputs/gr329.dat

NEL 
NPORTS
IDUM      REXA     REYA     REZA     THEA     PHEA     PSEA 
          AMP      PSH      PSC      PHEPOL
  58
  58
   1
   1
   1 	-1060.00  -212.00     0.00     0.00     0.00     0.00
   1 	-1060.00  -212.00     0.00     0.00     0.00     0.00
   	   20.00  -125.00     0.00    90.00
   	   20.00  -125.00     0.00    90.00
   2 	 -954.00  -212.00     0.00     0.00     0.00     0.00
   2 	 -954.00  -212.00     0.00     0.00     0.00     0.00
   	   20.00  -125.00     0.00    90.00
   	   20.00  -125.00     0.00    90.00
   3 	 -848.00  -212.00     0.00     0.00     0.00     0.00
   3 	 -848.00  -212.00     0.00     0.00     0.00     0.00
   	   20.00  -125.00     0.00    90.00
   	   20.00  -125.00     0.00    90.00
   4 	 -742.00  -212.00     0.00     0.00     0.00     0.00
   4 	 -742.00  -212.00     0.00     0.00     0.00     0.00
   	   20.00  -125.00     0.00    90.00
   	   20.00  -125.00     0.00    90.00
   5 	 -636.00  -212.00     0.00     0.00     0.00     0.00
   5 	 -636.00  -212.00     0.00     0.00     0.00     0.00
   	   20.00  -125.00     0.00    90.00
   	   20.00  -125.00     0.00    90.00
   6 	 -530.00  -212.00     0.00     0.00     0.00     0.00
   6 	 -530.00  -212.00     0.00     0.00     0.00     0.00
   	   20.00  -125.00     0.00    90.00
   	   20.00  -125.00     0.00    90.00
   7 	-1060.00  -106.00     0.00     0.00     0.00     0.00
   7 	-1060.00  -106.00     0.00     0.00     0.00     0.00
   	   20.00  -125.00     0.00    90.00
   	   20.00  -125.00     0.00    90.00
   8 	 -954.00  -106.00     0.00     0.00     0.00     0.00
   8 	 -954.00  -106.00     0.00     0.00     0.00     0.00
   	   20.00  -125.00     0.00    90.00
   	   20.00  -125.00     0.00    90.00
   9 	 -848.00  -106.00     0.00     0.00     0.00     0.00
   9 	 -848.00  -106.00     0.00     0.00     0.00     0.00
   	   20.00  -125.00     0.00    90.00
   	   20.00  -125.00     0.00    90.00
  10 	 -742.00  -106.00     0.00     0.00     0.00     0.00
  10 	 -742.00  -106.00     0.00     0.00     0.00     0.00
   	   20.00  -125.00     0.00    90.00
   	   20.00  -125.00     0.00    90.00
  11 	 -636.00  -106.00     0.00     0.00     0.00     0.00
  11 	 -636.00  -106.00     0.00     0.00     0.00     0.00
   	   20.00  -125.00     0.00    90.00
   	   20.00  -125.00     0.00    90.00
  12 	 -530.00  -106.00     0.00     0.00     0.00     0.00
  12 	 -530.00  -106.00     0.00     0.00     0.00     0.00
   	   20.00  -125.00     0.00    90.00
   	   20.00  -125.00     0.00    90.00
  13 	-1060.00     0.00     0.00     0.00     0.00     0.00
  13 	-1060.00     0.00     0.00     0.00     0.00     0.00
   	   20.00  -125.00     0.00    90.00
   	   20.00  -125.00     0.00    90.00
  14 	 -954.00     0.00     0.00     0.00     0.00     0.00
  14 	 -954.00     0.00     0.00     0.00     0.00     0.00
   	   20.00  -125.00     0.00    90.00
   	   20.00  -125.00     0.00    90.00
  15 	 -848.00     0.00     0.00     0.00     0.00     0.00
  15 	 -848.00     0.00     0.00     0.00     0.00     0.00
   	   20.00  -125.00     0.00    90.00
   	   20.00  -125.00     0.00    90.00
  16 	 -742.00     0.00     0.00     0.00     0.00     0.00
  16 	 -742.00     0.00     0.00     0.00     0.00     0.00
   	   20.00  -125.00     0.00    90.00
   	   20.00  -125.00     0.00    90.00
  17 	 -636.00     0.00     0.00     0.00     0.00     0.00
  17 	 -636.00     0.00     0.00     0.00     0.00     0.00
   	   20.00  -125.00     0.00    90.00
   	   20.00  -125.00     0.00    90.00
  18 	 -530.00     0.00     0.00     0.00     0.00     0.00
  18 	 -530.00     0.00     0.00     0.00     0.00     0.00
   	   20.00  -125.00     0.00    90.00
   	   20.00  -125.00     0.00    90.00
  19 	 -106.00  -318.00     0.00     0.00     0.00     0.00
  19 	 -106.00  -318.00     0.00     0.00     0.00     0.00
   	   20.00  -125.00     0.00    90.00
   	   20.00  -125.00     0.00    90.00
  20 	    0.00  -318.00     0.00     0.00     0.00     0.00
  20 	    0.00  -318.00     0.00     0.00     0.00     0.00
   	   20.00  -125.00     0.00    90.00
   	   20.00  -125.00     0.00    90.00
  21 	  106.00  -318.00     0.00     0.00     0.00     0.00
  21 	  106.00  -318.00     0.00     0.00     0.00     0.00
   	   20.00  -125.00     0.00    90.00
   	   20.00  -125.00     0.00    90.00
  22 	  212.00  -318.00     0.00     0.00     0.00     0.00
  22 	  212.00  -318.00     0.00     0.00     0.00     0.00
   	   20.00  -125.00     0.00    90.00
   	   20.00  -125.00     0.00    90.00
  23 	 -106.00  -212.00     0.00     0.00     0.00     0.00
  23 	 -106.00  -212.00     0.00     0.00     0.00     0.00
   	   20.00  -125.00     0.00    90.00
   	   20.00  -125.00     0.00    90.00
  24 	    0.00  -212.00     0.00     0.00     0.00     0.00
  24 	    0.00  -212.00     0.00     0.00     0.00     0.00
   	   20.00  -125.00     0.00    90.00
   	   20.00  -125.00     0.00    90.00
  25 	  106.00  -212.00     0.00     0.00     0.00     0.00
  25 	  106.00  -212.00     0.00     0.00     0.00     0.00
   	   20.00  -125.00     0.00    90.00
   	   20.00  -125.00     0.00    90.00
  26 	  212.00  -212.00     0.00     0.00     0.00     0.00
  26 	  212.00  -212.00     0.00     0.00     0.00     0.00
   	   20.00  -125.00     0.00    90.00
   	   20.00  -125.00     0.00    90.00
  27 	 -106.00  -106.00     0.00     0.00     0.00     0.00
  27 	 -106.00  -106.00     0.00     0.00     0.00     0.00
   	   20.00  -125.00     0.00    90.00
   	   20.00  -125.00     0.00    90.00
  28 	    0.00  -106.00     0.00     0.00     0.00     0.00
  28 	    0.00  -106.00     0.00     0.00     0.00     0.00
   	   20.00  -125.00     0.00    90.00
   	   20.00  -125.00     0.00    90.00
  29 	  106.00  -106.00     0.00     0.00     0.00     0.00
  29 	  106.00  -106.00     0.00     0.00     0.00     0.00
   	   20.00  -125.00     0.00    90.00
   	   20.00  -125.00     0.00    90.00
  30 	  212.00  -106.00     0.00     0.00     0.00     0.00
  30 	  212.00  -106.00     0.00     0.00     0.00     0.00
   	   20.00  -125.00     0.00    90.00
   	   20.00  -125.00     0.00    90.00
  31 	 -106.00     0.00     0.00     0.00     0.00     0.00
  31 	 -106.00     0.00     0.00     0.00     0.00     0.00
   	   20.00  -125.00     0.00    90.00
   	   20.00  -125.00     0.00    90.00
  32 	    0.00     0.00     0.00     0.00     0.00     0.00
  32 	    0.00     0.00     0.00     0.00     0.00     0.00
   	   20.00  -125.00     0.00    90.00
   	   20.00  -125.00     0.00    90.00
  33 	  106.00     0.00     0.00     0.00     0.00     0.00
  33 	  106.00     0.00     0.00     0.00     0.00     0.00
   	   20.00  -125.00     0.00    90.00
   	   20.00  -125.00     0.00    90.00
  34 	  212.00     0.00     0.00     0.00     0.00     0.00
  34 	  212.00     0.00     0.00     0.00     0.00     0.00
   	   20.00  -125.00     0.00    90.00
   	   20.00  -125.00     0.00    90.00
  35 	 -106.00   106.00     0.00     0.00     0.00     0.00
  35 	 -106.00   106.00     0.00     0.00     0.00     0.00
   	   20.00  -125.00     0.00    90.00
   	   20.00  -125.00     0.00    90.00
  36 	   -0.00   106.00     0.00     0.00     0.00     0.00
  36 	   -0.00   106.00     0.00     0.00     0.00     0.00
   	   20.00  -125.00     0.00    90.00
   	   20.00  -125.00     0.00    90.00
  37 	  106.00   106.00     0.00     0.00     0.00     0.00
  37 	  106.00   106.00     0.00     0.00     0.00     0.00
   	   20.00  -125.00     0.00    90.00
   	   20.00  -125.00     0.00    90.00
  38 	  212.00   106.00     0.00     0.00     0.00     0.00
  38 	  212.00   106.00     0.00     0.00     0.00     0.00
   	   20.00  -125.00     0.00    90.00
   	   20.00  -125.00     0.00    90.00
  39 	 -106.00   212.00     0.00     0.00     0.00     0.00
  39 	 -106.00   212.00     0.00     0.00     0.00     0.00
   	   20.00  -125.00     0.00    90.00
   	   20.00  -125.00     0.00    90.00
  40 	   -0.00   212.00     0.00     0.00     0.00     0.00
  40 	   -0.00   212.00     0.00     0.00     0.00     0.00
   	   20.00  -125.00     0.00    90.00
   	   20.00  -125.00     0.00    90.00
  41 	  106.00   212.00     0.00     0.00     0.00     0.00
  41 	  106.00   212.00     0.00     0.00     0.00     0.00
   	   20.00  -125.00     0.00    90.00
   	   20.00  -125.00     0.00    90.00
  42 	  212.00   212.00     0.00     0.00     0.00     0.00
  42 	  212.00   212.00     0.00     0.00     0.00     0.00
   	   20.00  -125.00     0.00    90.00
   	   20.00  -125.00     0.00    90.00
  43 	 -106.00   318.00     0.00     0.00     0.00     0.00
  43 	 -106.00   318.00     0.00     0.00     0.00     0.00
   	   20.00  -125.00     0.00    90.00
   	   20.00  -125.00     0.00    90.00
  44 	   -0.00   318.00     0.00     0.00     0.00     0.00
  44 	   -0.00   318.00     0.00     0.00     0.00     0.00
   	   20.00  -125.00     0.00    90.00
   	   20.00  -125.00     0.00    90.00
  45 	  106.00   318.00     0.00     0.00     0.00     0.00
  45 	  106.00   318.00     0.00     0.00     0.00     0.00
   	   20.00  -125.00     0.00    90.00
   	   20.00  -125.00     0.00    90.00
  46 	  212.00   318.00     0.00     0.00     0.00     0.00
  46 	  212.00   318.00     0.00     0.00     0.00     0.00
   	   20.00  -125.00     0.00    90.00
   	   20.00  -125.00     0.00    90.00
  47 	 -106.00   424.00     0.00     0.00     0.00     0.00
  47 	 -106.00   424.00     0.00     0.00     0.00     0.00
   	   20.00  -125.00     0.00    90.00
   	   20.00  -125.00     0.00    90.00
  48 	   -0.00   424.00     0.00     0.00     0.00     0.00
  48 	   -0.00   424.00     0.00     0.00     0.00     0.00
   	   20.00  -125.00     0.00    90.00
   	   20.00  -125.00     0.00    90.00
  49 	  106.00   424.00     0.00     0.00     0.00     0.00
  49 	  106.00   424.00     0.00     0.00     0.00     0.00
   	   20.00  -125.00     0.00    90.00
   	   20.00  -125.00     0.00    90.00
  50 	  212.00   424.00     0.00     0.00     0.00     0.00
  50 	  212.00   424.00     0.00     0.00     0.00     0.00
   	   20.00  -125.00     0.00    90.00
   	   20.00  -125.00     0.00    90.00
  51 	 -106.00   530.00     0.00     0.00     0.00     0.00
  51 	 -106.00   530.00     0.00     0.00     0.00     0.00
   	   20.00  -125.00     0.00    90.00
   	   20.00  -125.00     0.00    90.00
  52 	   -0.00   530.00     0.00     0.00     0.00     0.00
  52 	   -0.00   530.00     0.00     0.00     0.00     0.00
   	   20.00  -125.00     0.00    90.00
   	   20.00  -125.00     0.00    90.00
  53 	  106.00   530.00     0.00     0.00     0.00     0.00
  53 	  106.00   530.00     0.00     0.00     0.00     0.00
   	   20.00  -125.00     0.00    90.00
   	   20.00  -125.00     0.00    90.00
  54 	  212.00   530.00     0.00     0.00     0.00     0.00
  54 	  212.00   530.00     0.00     0.00     0.00     0.00
   	   20.00  -125.00     0.00    90.00
   	   20.00  -125.00     0.00    90.00
  55 	 -106.00   636.00     0.00     0.00     0.00     0.00
  55 	 -106.00   636.00     0.00     0.00     0.00     0.00
   	   20.00  -125.00     0.00    90.00
   	   20.00  -125.00     0.00    90.00
  56 	   -0.00   636.00     0.00     0.00     0.00     0.00
  56 	   -0.00   636.00     0.00     0.00     0.00     0.00
   	   20.00  -125.00     0.00    90.00
   	   20.00  -125.00     0.00    90.00
  57 	  106.00   636.00     0.00     0.00     0.00     0.00
  57 	  106.00   636.00     0.00     0.00     0.00     0.00
   	   20.00  -125.00     0.00    90.00
   	   20.00  -125.00     0.00    90.00
  58 	  212.00   636.00     0.00     0.00     0.00     0.00
  58 	  212.00   636.00     0.00     0.00     0.00     0.00
   	   20.00  -125.00     0.00    90.00
   	   20.00  -125.00     0.00    90.00

** End writing output file: ../inputs/gr329.dat 
