*******************************************************************************
                         ARRAY PREPROCESSOR ver. 1.0
*******************************************************************************



   1	GROUP testgroup
   3	 GRID SQUARE
   4	 ELEMENT
   5	 GEOMETRY RECTANGULAR 75 50
   8	 ADD BLOCK -5 -10 1 -1
  10	 GROUP_EXCITATION
  11	 AMPLITUDE UNIFORM 30
  12	 PHASE ROTATION SEQUENTIAL CCW
  13	 END

** Generating GROUP: testgroup.
** PSTEP,QSTEP set to:90.138782,90.138782
** Grid ANGLE set to:90.000000 
** Group ROT_ANGLE set to: 0.000000 

** Writing output file: ../inputs/gr333.dat

NEL 
NPORTS
IDUM      REXA     REYA     REZA     THEA     PHEA     PSEA 
          AMP      PSH      PSC      PHEPOL
  70
  70
   1
   1
   1 	 -450.69  -901.39     0.00     0.00   108.00     0.00
   1 	 -450.69  -901.39     0.00     0.00   108.00     0.00
   	   30.00   108.00     0.00    90.00
   	   30.00   108.00     0.00    90.00
   2 	 -360.56  -901.39     0.00     0.00   102.86     0.00
   2 	 -360.56  -901.39     0.00     0.00   102.86     0.00
   	   30.00   102.86     0.00    90.00
   	   30.00   102.86     0.00    90.00
   3 	 -270.42  -901.39     0.00     0.00    97.71     0.00
   3 	 -270.42  -901.39     0.00     0.00    97.71     0.00
   	   30.00    97.71     0.00    90.00
   	   30.00    97.71     0.00    90.00
   4 	 -180.28  -901.39     0.00     0.00    92.57     0.00
   4 	 -180.28  -901.39     0.00     0.00    92.57     0.00
   	   30.00    92.57     0.00    90.00
   	   30.00    92.57     0.00    90.00
   5 	  -90.14  -901.39     0.00     0.00    87.43     0.00
   5 	  -90.14  -901.39     0.00     0.00    87.43     0.00
   	   30.00    87.43     0.00    90.00
   	   30.00    87.43     0.00    90.00
   6 	    0.00  -901.39     0.00     0.00    82.29     0.00
   6 	    0.00  -901.39     0.00     0.00    82.29     0.00
   	   30.00    82.29     0.00    90.00
   	   30.00    82.29     0.00    90.00
   7 	   90.14  -901.39     0.00     0.00    77.14     0.00
   7 	   90.14  -901.39     0.00     0.00    77.14     0.00
   	   30.00    77.14     0.00    90.00
   	   30.00    77.14     0.00    90.00
   8 	 -450.69  -811.25     0.00     0.00   113.14     0.00
   8 	 -450.69  -811.25     0.00     0.00   113.14     0.00
   	   30.00   113.14     0.00    90.00
   	   30.00   113.14     0.00    90.00
   9 	 -360.56  -811.25     0.00     0.00   231.43     0.00
   9 	 -360.56  -811.25     0.00     0.00   231.43     0.00
   	   30.00   231.43     0.00    90.00
   	   30.00   231.43     0.00    90.00
  10 	 -270.42  -811.25     0.00     0.00   226.29     0.00
  10 	 -270.42  -811.25     0.00     0.00   226.29     0.00
   	   30.00   226.29     0.00    90.00
   	   30.00   226.29     0.00    90.00
  11 	 -180.28  -811.25     0.00     0.00   221.14     0.00
  11 	 -180.28  -811.25     0.00     0.00   221.14     0.00
   	   30.00   221.14     0.00    90.00
   	   30.00   221.14     0.00    90.00
  12 	  -90.14  -811.25     0.00     0.00   216.00     0.00
  12 	  -90.14  -811.25     0.00     0.00   216.00     0.00
   	   30.00   216.00     0.00    90.00
   	   30.00   216.00     0.00    90.00
  13 	    0.00  -811.25     0.00     0.00   210.86     0.00
  13 	    0.00  -811.25     0.00     0.00   210.86     0.00
   	   30.00   210.86     0.00    90.00
   	   30.00   210.86     0.00    90.00
  14 	   90.14  -811.25     0.00     0.00    72.00     0.00
  14 	   90.14  -811.25     0.00     0.00    72.00     0.00
   	   30.00    72.00     0.00    90.00
   	   30.00    72.00     0.00    90.00
  15 	 -450.69  -721.11     0.00     0.00   118.29     0.00
  15 	 -450.69  -721.11     0.00     0.00   118.29     0.00
   	   30.00   118.29     0.00    90.00
   	   30.00   118.29     0.00    90.00
  16 	 -360.56  -721.11     0.00     0.00   236.57     0.00
  16 	 -360.56  -721.11     0.00     0.00   236.57     0.00
   	   30.00   236.57     0.00    90.00
   	   30.00   236.57     0.00    90.00
  17 	 -270.42  -721.11     0.00     0.00   313.71     0.00
  17 	 -270.42  -721.11     0.00     0.00   313.71     0.00
   	   30.00   313.71     0.00    90.00
   	   30.00   313.71     0.00    90.00
  18 	 -180.28  -721.11     0.00     0.00   308.57     0.00
  18 	 -180.28  -721.11     0.00     0.00   308.57     0.00
   	   30.00   308.57     0.00    90.00
   	   30.00   308.57     0.00    90.00
  19 	  -90.14  -721.11     0.00     0.00   303.43     0.00
  19 	  -90.14  -721.11     0.00     0.00   303.43     0.00
   	   30.00   303.43     0.00    90.00
   	   30.00   303.43     0.00    90.00
  20 	    0.00  -721.11     0.00     0.00   205.71     0.00
  20 	    0.00  -721.11     0.00     0.00   205.71     0.00
   	   30.00   205.71     0.00    90.00
   	   30.00   205.71     0.00    90.00
  21 	   90.14  -721.11     0.00     0.00    66.86     0.00
  21 	   90.14  -721.11     0.00     0.00    66.86     0.00
   	   30.00    66.86     0.00    90.00
   	   30.00    66.86     0.00    90.00
  22 	 -450.69  -630.97     0.00     0.00   123.43     0.00
  22 	 -450.69  -630.97     0.00     0.00   123.43     0.00
   	   30.00   123.43     0.00    90.00
   	   30.00   123.43     0.00    90.00
  23 	 -360.56  -630.97     0.00     0.00   241.71     0.00
  23 	 -360.56  -630.97     0.00     0.00   241.71     0.00
   	   30.00   241.71     0.00    90.00
   	   30.00   241.71     0.00    90.00
  24 	 -270.42  -630.97     0.00     0.00   318.86     0.00
  24 	 -270.42  -630.97     0.00     0.00   318.86     0.00
   	   30.00   318.86     0.00    90.00
   	   30.00   318.86     0.00    90.00
  25 	 -180.28  -630.97     0.00     0.00   354.86     0.00
  25 	 -180.28  -630.97     0.00     0.00   354.86     0.00
   	   30.00   354.86     0.00    90.00
   	   30.00   354.86     0.00    90.00
  26 	  -90.14  -630.97     0.00     0.00   298.29     0.00
  26 	  -90.14  -630.97     0.00     0.00   298.29     0.00
   	   30.00   298.29     0.00    90.00
   	   30.00   298.29     0.00    90.00
  27 	    0.00  -630.97     0.00     0.00   200.57     0.00
  27 	    0.00  -630.97     0.00     0.00   200.57     0.00
   	   30.00   200.57     0.00    90.00
   	   30.00   200.57     0.00    90.00
  28 	   90.14  -630.97     0.00     0.00    61.71     0.00
  28 	   90.14  -630.97     0.00     0.00    61.71     0.00
   	   30.00    61.71     0.00    90.00
   	   30.00    61.71     0.00    90.00
  29 	 -450.69  -540.83     0.00     0.00   128.57     0.00
  29 	 -450.69  -540.83     0.00     0.00   128.57     0.00
   	   30.00   128.57     0.00    90.00
   	   30.00   128.57     0.00    90.00
  30 	 -360.56  -540.83     0.00     0.00   246.86     0.00
  30 	 -360.56  -540.83     0.00     0.00   246.86     0.00
   	   30.00   246.86     0.00    90.00
   	   30.00   246.86     0.00    90.00
  31 	 -270.42  -540.83     0.00     0.00   324.00     0.00
  31 	 -270.42  -540.83     0.00     0.00   324.00     0.00
   	   30.00   324.00     0.00    90.00
   	   30.00   324.00     0.00    90.00
  32 	 -180.28  -540.83     0.00     0.00   349.71     0.00
  32 	 -180.28  -540.83     0.00     0.00   349.71     0.00
   	   30.00   349.71     0.00    90.00
   	   30.00   349.71     0.00    90.00
  33 	  -90.14  -540.83     0.00     0.00   293.14     0.00
  33 	  -90.14  -540.83     0.00     0.00   293.14     0.00
   	   30.00   293.14     0.00    90.00
   	   30.00   293.14     0.00    90.00
  34 	    0.00  -540.83     0.00     0.00   195.43     0.00
  34 	    0.00  -540.83     0.00     0.00   195.43     0.00
   	   30.00   195.43     0.00    90.00
   	   30.00   195.43     0.00    90.00
  35 	   90.14  -540.83     0.00     0.00    56.57     0.00
  35 	   90.14  -540.83     0.00     0.00    56.57     0.00
   	   30.00    56.57     0.00    90.00
   	   30.00    56.57     0.00    90.00
  36 	 -450.69  -450.69     0.00     0.00   133.71     0.00
  36 	 -450.69  -450.69     0.00     0.00   133.71     0.00
   	   30.00   133.71     0.00    90.00
   	   30.00   133.71     0.00    90.00
  37 	 -360.56  -450.69     0.00     0.00   252.00     0.00
  37 	 -360.56  -450.69     0.00     0.00   252.00     0.00
   	   30.00   252.00     0.00    90.00
   	   30.00   252.00     0.00    90.00
  38 	 -270.42  -450.69     0.00     0.00   329.14     0.00
  38 	 -270.42  -450.69     0.00     0.00   329.14     0.00
   	   30.00   329.14     0.00    90.00
   	   30.00   329.14     0.00    90.00
  39 	 -180.28  -450.69     0.00     0.00   344.57     0.00
  39 	 -180.28  -450.69     0.00     0.00   344.57     0.00
   	   30.00   344.57     0.00    90.00
   	   30.00   344.57     0.00    90.00
  40 	  -90.14  -450.69     0.00     0.00   288.00     0.00
  40 	  -90.14  -450.69     0.00     0.00   288.00     0.00
   	   30.00   288.00     0.00    90.00
   	   30.00   288.00     0.00    90.00
  41 	    0.00  -450.69     0.00     0.00   190.29     0.00
  41 	    0.00  -450.69     0.00     0.00   190.29     0.00
   	   30.00   190.29     0.00    90.00
   	   30.00   190.29     0.00    90.00
  42 	   90.14  -450.69     0.00     0.00    51.43     0.00
  42 	   90.14  -450.69     0.00     0.00    51.43     0.00
   	   30.00    51.43     0.00    90.00
   	   30.00    51.43     0.00    90.00
  43 	 -450.69  -360.56     0.00     0.00   138.86     0.00
  43 	 -450.69  -360.56     0.00     0.00   138.86     0.00
   	   30.00   138.86     0.00    90.00
   	   30.00   138.86     0.00    90.00
  44 	 -360.56  -360.56     0.00     0.00   257.14     0.00
  44 	 -360.56  -360.56     0.00     0.00   257.14     0.00
   	   30.00   257.14     0.00    90.00
   	   30.00   257.14     0.00    90.00
  45 	 -270.42  -360.56     0.00     0.00   334.29     0.00
  45 	 -270.42  -360.56     0.00     0.00   334.29     0.00
   	   30.00   334.29     0.00    90.00
   	   30.00   334.29     0.00    90.00
  46 	 -180.28  -360.56     0.00     0.00   339.43     0.00
  46 	 -180.28  -360.56     0.00     0.00   339.43     0.00
   	   30.00   339.43     0.00    90.00
   	   30.00   339.43     0.00    90.00
  47 	  -90.14  -360.56     0.00     0.00   282.86     0.00
  47 	  -90.14  -360.56     0.00     0.00   282.86     0.00
   	   30.00   282.86     0.00    90.00
   	   30.00   282.86     0.00    90.00
  48 	    0.00  -360.56     0.00     0.00   185.14     0.00
  48 	    0.00  -360.56     0.00     0.00   185.14     0.00
   	   30.00   185.14     0.00    90.00
   	   30.00   185.14     0.00    90.00
  49 	   90.14  -360.56     0.00     0.00    46.29     0.00
  49 	   90.14  -360.56     0.00     0.00    46.29     0.00
   	   30.00    46.29     0.00    90.00
   	   30.00    46.29     0.00    90.00
  50 	 -450.69  -270.42     0.00     0.00   144.00     0.00
  50 	 -450.69  -270.42     0.00     0.00   144.00     0.00
   	   30.00   144.00     0.00    90.00
   	   30.00   144.00     0.00    90.00
  51 	 -360.56  -270.42     0.00     0.00   262.29     0.00
  51 	 -360.56  -270.42     0.00     0.00   262.29     0.00
   	   30.00   262.29     0.00    90.00
   	   30.00   262.29     0.00    90.00
  52 	 -270.42  -270.42     0.00     0.00   267.43     0.00
  52 	 -270.42  -270.42     0.00     0.00   267.43     0.00
   	   30.00   267.43     0.00    90.00
   	   30.00   267.43     0.00    90.00
  53 	 -180.28  -270.42     0.00     0.00   272.57     0.00
  53 	 -180.28  -270.42     0.00     0.00   272.57     0.00
   	   30.00   272.57     0.00    90.00
   	   30.00   272.57     0.00    90.00
  54 	  -90.14  -270.42     0.00     0.00   277.71     0.00
  54 	  -90.14  -270.42     0.00     0.00   277.71     0.00
   	   30.00   277.71     0.00    90.00
   	   30.00   277.71     0.00    90.00
  55 	    0.00  -270.42     0.00     0.00   180.00     0.00
  55 	    0.00  -270.42     0.00     0.00   180.00     0.00
   	   30.00   180.00     0.00    90.00
   	   30.00   180.00     0.00    90.00
  56 	   90.14  -270.42     0.00     0.00    41.14     0.00
  56 	   90.14  -270.42     0.00     0.00    41.14     0.00
   	   30.00    41.14     0.00    90.00
   	   30.00    41.14     0.00    90.00
  57 	 -450.69  -180.28     0.00     0.00   149.14     0.00
  57 	 -450.69  -180.28     0.00     0.00   149.14     0.00
   	   30.00   149.14     0.00    90.00
   	   30.00   149.14     0.00    90.00
  58 	 -360.56  -180.28     0.00     0.00   154.29     0.00
  58 	 -360.56  -180.28     0.00     0.00   154.29     0.00
   	   30.00   154.29     0.00    90.00
   	   30.00   154.29     0.00    90.00
  59 	 -270.42  -180.28     0.00     0.00   159.43     0.00
  59 	 -270.42  -180.28     0.00     0.00   159.43     0.00
   	   30.00   159.43     0.00    90.00
   	   30.00   159.43     0.00    90.00
  60 	 -180.28  -180.28     0.00     0.00   164.57     0.00
  60 	 -180.28  -180.28     0.00     0.00   164.57     0.00
   	   30.00   164.57     0.00    90.00
   	   30.00   164.57     0.00    90.00
  61 	  -90.14  -180.28     0.00     0.00   169.71     0.00
  61 	  -90.14  -180.28     0.00     0.00   169.71     0.00
   	   30.00   169.71     0.00    90.00
   	   30.00   169.71     0.00    90.00
  62 	    0.00  -180.28     0.00     0.00   174.86     0.00
  62 	    0.00  -180.28     0.00     0.00   174.86     0.00
   	   30.00   174.86     0.00    90.00
   	   30.00   174.86     0.00    90.00
  63 	   90.14  -180.28     0.00     0.00    36.00     0.00
  63 	   90.14  -180.28     0.00     0.00    36.00     0.00
   	   30.00    36.00     0.00    90.00
   	   30.00    36.00     0.00    90.00
  64 	 -450.69   -90.14     0.00     0.00     0.00     0.00
  64 	 -450.69   -90.14     0.00     0.00     0.00     0.00
   	   30.00     0.00     0.00    90.00
   	   30.00     0.00     0.00    90.00
  65 	 -360.56   -90.14     0.00     0.00     5.14     0.00
  65 	 -360.56   -90.14     0.00     0.00     5.14     0.00
   	   30.00     5.14     0.00    90.00
   	   30.00     5.14     0.00    90.00
  66 	 -270.42   -90.14     0.00     0.00    10.29     0.00
  66 	 -270.42   -90.14     0.00     0.00    10.29     0.00
   	   30.00    10.29     0.00    90.00
   	   30.00    10.29     0.00    90.00
  67 	 -180.28   -90.14     0.00     0.00    15.43     0.00
  67 	 -180.28   -90.14     0.00     0.00    15.43     0.00
   	   30.00    15.43     0.00    90.00
   	   30.00    15.43     0.00    90.00
  68 	  -90.14   -90.14     0.00     0.00    20.57     0.00
  68 	  -90.14   -90.14     0.00     0.00    20.57     0.00
   	   30.00    20.57     0.00    90.00
   	   30.00    20.57     0.00    90.00
  69 	    0.00   -90.14     0.00     0.00    25.71     0.00
  69 	    0.00   -90.14     0.00     0.00    25.71     0.00
   	   30.00    25.71     0.00    90.00
   	   30.00    25.71     0.00    90.00
  70 	   90.14   -90.14     0.00     0.00    30.86     0.00
  70 	   90.14   -90.14     0.00     0.00    30.86     0.00
   	   30.00    30.86     0.00    90.00
   	   30.00    30.86     0.00    90.00

** End writing output file: ../inputs/gr333.dat 
