*******************************************************************************
                         ARRAY PREPROCESSOR ver. 1.0
*******************************************************************************



   1	GROUP testgroup
   3	 GRID RECTANGULAR
   4	 ELEMENT
   5	 GEOMETRY CIRCULAR 43
   6	 POLARIZATION CIRCULAR
   7	 ADD BLOCK -12 2 6 7
   9	 GROUP_EXCITATION
  10	 AMPLITUDE UNIFORM 25
  11	 PHASE SECOND ORDER CENTRE 34 P1_VAL 24 P2_VAL 27 Q1_VAL 21 Q2_VAL 22
  12	 END

** Generating GROUP: testgroup.
** PSTEP,QSTEP set to:86.000000,86.000000
** Grid ANGLE set to:90.000000 
** Group ROT_ANGLE set to: 0.000000 

** Writing output file: ../inputs/gr337.dat

NEL 
NPORTS
IDUM      REXA     REYA     REZA     THEA     PHEA     PSEA 
          AMP      PSH      PSC      PHEPOL
 114
 114
   1
   1
   1 	-1032.00   172.00     0.00     0.00     0.00     0.00
   1 	-1032.00   172.00     0.00     0.00     0.00     0.00
   	   25.00    11.00     0.00    90.00
   	   25.00    11.00     0.00    90.00
   2 	 -946.00   172.00     0.00     0.00     0.00     0.00
   2 	 -946.00   172.00     0.00     0.00     0.00     0.00
   	   25.00    12.95     0.00    90.00
   	   25.00    12.95     0.00    90.00
   3 	 -860.00   172.00     0.00     0.00     0.00     0.00
   3 	 -860.00   172.00     0.00     0.00     0.00     0.00
   	   25.00    14.69     0.00    90.00
   	   25.00    14.69     0.00    90.00
   4 	 -774.00   172.00     0.00     0.00     0.00     0.00
   4 	 -774.00   172.00     0.00     0.00     0.00     0.00
   	   25.00    16.22     0.00    90.00
   	   25.00    16.22     0.00    90.00
   5 	 -688.00   172.00     0.00     0.00     0.00     0.00
   5 	 -688.00   172.00     0.00     0.00     0.00     0.00
   	   25.00    17.54     0.00    90.00
   	   25.00    17.54     0.00    90.00
   6 	 -602.00   172.00     0.00     0.00     0.00     0.00
   6 	 -602.00   172.00     0.00     0.00     0.00     0.00
   	   25.00    18.65     0.00    90.00
   	   25.00    18.65     0.00    90.00
   7 	 -516.00   172.00     0.00     0.00     0.00     0.00
   7 	 -516.00   172.00     0.00     0.00     0.00     0.00
   	   25.00    19.56     0.00    90.00
   	   25.00    19.56     0.00    90.00
   8 	 -430.00   172.00     0.00     0.00     0.00     0.00
   8 	 -430.00   172.00     0.00     0.00     0.00     0.00
   	   25.00    20.25     0.00    90.00
   	   25.00    20.25     0.00    90.00
   9 	 -344.00   172.00     0.00     0.00     0.00     0.00
   9 	 -344.00   172.00     0.00     0.00     0.00     0.00
   	   25.00    20.73     0.00    90.00
   	   25.00    20.73     0.00    90.00
  10 	 -258.00   172.00     0.00     0.00     0.00     0.00
  10 	 -258.00   172.00     0.00     0.00     0.00     0.00
   	   25.00    21.00     0.00    90.00
   	   25.00    21.00     0.00    90.00
  11 	 -172.00   172.00     0.00     0.00     0.00     0.00
  11 	 -172.00   172.00     0.00     0.00     0.00     0.00
   	   25.00    21.06     0.00    90.00
   	   25.00    21.06     0.00    90.00
  12 	  -86.00   172.00     0.00     0.00     0.00     0.00
  12 	  -86.00   172.00     0.00     0.00     0.00     0.00
   	   25.00    20.91     0.00    90.00
   	   25.00    20.91     0.00    90.00
  13 	   -0.00   172.00     0.00     0.00     0.00     0.00
  13 	   -0.00   172.00     0.00     0.00     0.00     0.00
   	   25.00    20.56     0.00    90.00
   	   25.00    20.56     0.00    90.00
  14 	   86.00   172.00     0.00     0.00     0.00     0.00
  14 	   86.00   172.00     0.00     0.00     0.00     0.00
   	   25.00    19.99     0.00    90.00
   	   25.00    19.99     0.00    90.00
  15 	  172.00   172.00     0.00     0.00     0.00     0.00
  15 	  172.00   172.00     0.00     0.00     0.00     0.00
   	   25.00    19.21     0.00    90.00
   	   25.00    19.21     0.00    90.00
  16 	  258.00   172.00     0.00     0.00     0.00     0.00
  16 	  258.00   172.00     0.00     0.00     0.00     0.00
   	   25.00    18.22     0.00    90.00
   	   25.00    18.22     0.00    90.00
  17 	  344.00   172.00     0.00     0.00     0.00     0.00
  17 	  344.00   172.00     0.00     0.00     0.00     0.00
   	   25.00    17.02     0.00    90.00
   	   25.00    17.02     0.00    90.00
  18 	  430.00   172.00     0.00     0.00     0.00     0.00
  18 	  430.00   172.00     0.00     0.00     0.00     0.00
   	   25.00    15.62     0.00    90.00
   	   25.00    15.62     0.00    90.00
  19 	  516.00   172.00     0.00     0.00     0.00     0.00
  19 	  516.00   172.00     0.00     0.00     0.00     0.00
   	   25.00    14.00     0.00    90.00
   	   25.00    14.00     0.00    90.00
  20 	-1032.00   258.00     0.00     0.00     0.00     0.00
  20 	-1032.00   258.00     0.00     0.00     0.00     0.00
   	   25.00    19.20     0.00    90.00
   	   25.00    19.20     0.00    90.00
  21 	 -946.00   258.00     0.00     0.00     0.00     0.00
  21 	 -946.00   258.00     0.00     0.00     0.00     0.00
   	   25.00    21.15     0.00    90.00
   	   25.00    21.15     0.00    90.00
  22 	 -860.00   258.00     0.00     0.00     0.00     0.00
  22 	 -860.00   258.00     0.00     0.00     0.00     0.00
   	   25.00    22.89     0.00    90.00
   	   25.00    22.89     0.00    90.00
  23 	 -774.00   258.00     0.00     0.00     0.00     0.00
  23 	 -774.00   258.00     0.00     0.00     0.00     0.00
   	   25.00    24.42     0.00    90.00
   	   25.00    24.42     0.00    90.00
  24 	 -688.00   258.00     0.00     0.00     0.00     0.00
  24 	 -688.00   258.00     0.00     0.00     0.00     0.00
   	   25.00    25.74     0.00    90.00
   	   25.00    25.74     0.00    90.00
  25 	 -602.00   258.00     0.00     0.00     0.00     0.00
  25 	 -602.00   258.00     0.00     0.00     0.00     0.00
   	   25.00    26.85     0.00    90.00
   	   25.00    26.85     0.00    90.00
  26 	 -516.00   258.00     0.00     0.00     0.00     0.00
  26 	 -516.00   258.00     0.00     0.00     0.00     0.00
   	   25.00    27.76     0.00    90.00
   	   25.00    27.76     0.00    90.00
  27 	 -430.00   258.00     0.00     0.00     0.00     0.00
  27 	 -430.00   258.00     0.00     0.00     0.00     0.00
   	   25.00    28.45     0.00    90.00
   	   25.00    28.45     0.00    90.00
  28 	 -344.00   258.00     0.00     0.00     0.00     0.00
  28 	 -344.00   258.00     0.00     0.00     0.00     0.00
   	   25.00    28.93     0.00    90.00
   	   25.00    28.93     0.00    90.00
  29 	 -258.00   258.00     0.00     0.00     0.00     0.00
  29 	 -258.00   258.00     0.00     0.00     0.00     0.00
   	   25.00    29.20     0.00    90.00
   	   25.00    29.20     0.00    90.00
  30 	 -172.00   258.00     0.00     0.00     0.00     0.00
  30 	 -172.00   258.00     0.00     0.00     0.00     0.00
   	   25.00    29.26     0.00    90.00
   	   25.00    29.26     0.00    90.00
  31 	  -86.00   258.00     0.00     0.00     0.00     0.00
  31 	  -86.00   258.00     0.00     0.00     0.00     0.00
   	   25.00    29.11     0.00    90.00
   	   25.00    29.11     0.00    90.00
  32 	   -0.00   258.00     0.00     0.00     0.00     0.00
  32 	   -0.00   258.00     0.00     0.00     0.00     0.00
   	   25.00    28.76     0.00    90.00
   	   25.00    28.76     0.00    90.00
  33 	   86.00   258.00     0.00     0.00     0.00     0.00
  33 	   86.00   258.00     0.00     0.00     0.00     0.00
   	   25.00    28.19     0.00    90.00
   	   25.00    28.19     0.00    90.00
  34 	  172.00   258.00     0.00     0.00     0.00     0.00
  34 	  172.00   258.00     0.00     0.00     0.00     0.00
   	   25.00    27.41     0.00    90.00
   	   25.00    27.41     0.00    90.00
  35 	  258.00   258.00     0.00     0.00     0.00     0.00
  35 	  258.00   258.00     0.00     0.00     0.00     0.00
   	   25.00    26.42     0.00    90.00
   	   25.00    26.42     0.00    90.00
  36 	  344.00   258.00     0.00     0.00     0.00     0.00
  36 	  344.00   258.00     0.00     0.00     0.00     0.00
   	   25.00    25.22     0.00    90.00
   	   25.00    25.22     0.00    90.00
  37 	  430.00   258.00     0.00     0.00     0.00     0.00
  37 	  430.00   258.00     0.00     0.00     0.00     0.00
   	   25.00    23.82     0.00    90.00
   	   25.00    23.82     0.00    90.00
  38 	  516.00   258.00     0.00     0.00     0.00     0.00
  38 	  516.00   258.00     0.00     0.00     0.00     0.00
   	   25.00    22.20     0.00    90.00
   	   25.00    22.20     0.00    90.00
  39 	-1032.00   344.00     0.00     0.00     0.00     0.00
  39 	-1032.00   344.00     0.00     0.00     0.00     0.00
   	   25.00    23.40     0.00    90.00
   	   25.00    23.40     0.00    90.00
  40 	 -946.00   344.00     0.00     0.00     0.00     0.00
  40 	 -946.00   344.00     0.00     0.00     0.00     0.00
   	   25.00    25.35     0.00    90.00
   	   25.00    25.35     0.00    90.00
  41 	 -860.00   344.00     0.00     0.00     0.00     0.00
  41 	 -860.00   344.00     0.00     0.00     0.00     0.00
   	   25.00    27.09     0.00    90.00
   	   25.00    27.09     0.00    90.00
  42 	 -774.00   344.00     0.00     0.00     0.00     0.00
  42 	 -774.00   344.00     0.00     0.00     0.00     0.00
   	   25.00    28.62     0.00    90.00
   	   25.00    28.62     0.00    90.00
  43 	 -688.00   344.00     0.00     0.00     0.00     0.00
  43 	 -688.00   344.00     0.00     0.00     0.00     0.00
   	   25.00    29.94     0.00    90.00
   	   25.00    29.94     0.00    90.00
  44 	 -602.00   344.00     0.00     0.00     0.00     0.00
  44 	 -602.00   344.00     0.00     0.00     0.00     0.00
   	   25.00    31.05     0.00    90.00
   	   25.00    31.05     0.00    90.00
  45 	 -516.00   344.00     0.00     0.00     0.00     0.00
  45 	 -516.00   344.00     0.00     0.00     0.00     0.00
   	   25.00    31.96     0.00    90.00
   	   25.00    31.96     0.00    90.00
  46 	 -430.00   344.00     0.00     0.00     0.00     0.00
  46 	 -430.00   344.00     0.00     0.00     0.00     0.00
   	   25.00    32.65     0.00    90.00
   	   25.00    32.65     0.00    90.00
  47 	 -344.00   344.00     0.00     0.00     0.00     0.00
  47 	 -344.00   344.00     0.00     0.00     0.00     0.00
   	   25.00    33.13     0.00    90.00
   	   25.00    33.13     0.00    90.00
  48 	 -258.00   344.00     0.00     0.00     0.00     0.00
  48 	 -258.00   344.00     0.00     0.00     0.00     0.00
   	   25.00    33.40     0.00    90.00
   	   25.00    33.40     0.00    90.00
  49 	 -172.00   344.00     0.00     0.00     0.00     0.00
  49 	 -172.00   344.00     0.00     0.00     0.00     0.00
   	   25.00    33.46     0.00    90.00
   	   25.00    33.46     0.00    90.00
  50 	  -86.00   344.00     0.00     0.00     0.00     0.00
  50 	  -86.00   344.00     0.00     0.00     0.00     0.00
   	   25.00    33.31     0.00    90.00
   	   25.00    33.31     0.00    90.00
  51 	   -0.00   344.00     0.00     0.00     0.00     0.00
  51 	   -0.00   344.00     0.00     0.00     0.00     0.00
   	   25.00    32.96     0.00    90.00
   	   25.00    32.96     0.00    90.00
  52 	   86.00   344.00     0.00     0.00     0.00     0.00
  52 	   86.00   344.00     0.00     0.00     0.00     0.00
   	   25.00    32.39     0.00    90.00
   	   25.00    32.39     0.00    90.00
  53 	  172.00   344.00     0.00     0.00     0.00     0.00
  53 	  172.00   344.00     0.00     0.00     0.00     0.00
   	   25.00    31.61     0.00    90.00
   	   25.00    31.61     0.00    90.00
  54 	  258.00   344.00     0.00     0.00     0.00     0.00
  54 	  258.00   344.00     0.00     0.00     0.00     0.00
   	   25.00    30.62     0.00    90.00
   	   25.00    30.62     0.00    90.00
  55 	  344.00   344.00     0.00     0.00     0.00     0.00
  55 	  344.00   344.00     0.00     0.00     0.00     0.00
   	   25.00    29.42     0.00    90.00
   	   25.00    29.42     0.00    90.00
  56 	  430.00   344.00     0.00     0.00     0.00     0.00
  56 	  430.00   344.00     0.00     0.00     0.00     0.00
   	   25.00    28.02     0.00    90.00
   	   25.00    28.02     0.00    90.00
  57 	  516.00   344.00     0.00     0.00     0.00     0.00
  57 	  516.00   344.00     0.00     0.00     0.00     0.00
   	   25.00    26.40     0.00    90.00
   	   25.00    26.40     0.00    90.00
  58 	-1032.00   430.00     0.00     0.00     0.00     0.00
  58 	-1032.00   430.00     0.00     0.00     0.00     0.00
   	   25.00    23.60     0.00    90.00
   	   25.00    23.60     0.00    90.00
  59 	 -946.00   430.00     0.00     0.00     0.00     0.00
  59 	 -946.00   430.00     0.00     0.00     0.00     0.00
   	   25.00    25.55     0.00    90.00
   	   25.00    25.55     0.00    90.00
  60 	 -860.00   430.00     0.00     0.00     0.00     0.00
  60 	 -860.00   430.00     0.00     0.00     0.00     0.00
   	   25.00    27.29     0.00    90.00
   	   25.00    27.29     0.00    90.00
  61 	 -774.00   430.00     0.00     0.00     0.00     0.00
  61 	 -774.00   430.00     0.00     0.00     0.00     0.00
   	   25.00    28.82     0.00    90.00
   	   25.00    28.82     0.00    90.00
  62 	 -688.00   430.00     0.00     0.00     0.00     0.00
  62 	 -688.00   430.00     0.00     0.00     0.00     0.00
   	   25.00    30.14     0.00    90.00
   	   25.00    30.14     0.00    90.00
  63 	 -602.00   430.00     0.00     0.00     0.00     0.00
  63 	 -602.00   430.00     0.00     0.00     0.00     0.00
   	   25.00    31.25     0.00    90.00
   	   25.00    31.25     0.00    90.00
  64 	 -516.00   430.00     0.00     0.00     0.00     0.00
  64 	 -516.00   430.00     0.00     0.00     0.00     0.00
   	   25.00    32.16     0.00    90.00
   	   25.00    32.16     0.00    90.00
  65 	 -430.00   430.00     0.00     0.00     0.00     0.00
  65 	 -430.00   430.00     0.00     0.00     0.00     0.00
   	   25.00    32.85     0.00    90.00
   	   25.00    32.85     0.00    90.00
  66 	 -344.00   430.00     0.00     0.00     0.00     0.00
  66 	 -344.00   430.00     0.00     0.00     0.00     0.00
   	   25.00    33.33     0.00    90.00
   	   25.00    33.33     0.00    90.00
  67 	 -258.00   430.00     0.00     0.00     0.00     0.00
  67 	 -258.00   430.00     0.00     0.00     0.00     0.00
   	   25.00    33.60     0.00    90.00
   	   25.00    33.60     0.00    90.00
  68 	 -172.00   430.00     0.00     0.00     0.00     0.00
  68 	 -172.00   430.00     0.00     0.00     0.00     0.00
   	   25.00    33.66     0.00    90.00
   	   25.00    33.66     0.00    90.00
  69 	  -86.00   430.00     0.00     0.00     0.00     0.00
  69 	  -86.00   430.00     0.00     0.00     0.00     0.00
   	   25.00    33.51     0.00    90.00
   	   25.00    33.51     0.00    90.00
  70 	   -0.00   430.00     0.00     0.00     0.00     0.00
  70 	   -0.00   430.00     0.00     0.00     0.00     0.00
   	   25.00    33.16     0.00    90.00
   	   25.00    33.16     0.00    90.00
  71 	   86.00   430.00     0.00     0.00     0.00     0.00
  71 	   86.00   430.00     0.00     0.00     0.00     0.00
   	   25.00    32.59     0.00    90.00
   	   25.00    32.59     0.00    90.00
  72 	  172.00   430.00     0.00     0.00     0.00     0.00
  72 	  172.00   430.00     0.00     0.00     0.00     0.00
   	   25.00    31.81     0.00    90.00
   	   25.00    31.81     0.00    90.00
  73 	  258.00   430.00     0.00     0.00     0.00     0.00
  73 	  258.00   430.00     0.00     0.00     0.00     0.00
   	   25.00    30.82     0.00    90.00
   	   25.00    30.82     0.00    90.00
  74 	  344.00   430.00     0.00     0.00     0.00     0.00
  74 	  344.00   430.00     0.00     0.00     0.00     0.00
   	   25.00    29.62     0.00    90.00
   	   25.00    29.62     0.00    90.00
  75 	  430.00   430.00     0.00     0.00     0.00     0.00
  75 	  430.00   430.00     0.00     0.00     0.00     0.00
   	   25.00    28.22     0.00    90.00
   	   25.00    28.22     0.00    90.00
  76 	  516.00   430.00     0.00     0.00     0.00     0.00
  76 	  516.00   430.00     0.00     0.00     0.00     0.00
   	   25.00    26.60     0.00    90.00
   	   25.00    26.60     0.00    90.00
  77 	-1032.00   516.00     0.00     0.00     0.00     0.00
  77 	-1032.00   516.00     0.00     0.00     0.00     0.00
   	   25.00    19.80     0.00    90.00
   	   25.00    19.80     0.00    90.00
  78 	 -946.00   516.00     0.00     0.00     0.00     0.00
  78 	 -946.00   516.00     0.00     0.00     0.00     0.00
   	   25.00    21.75     0.00    90.00
   	   25.00    21.75     0.00    90.00
  79 	 -860.00   516.00     0.00     0.00     0.00     0.00
  79 	 -860.00   516.00     0.00     0.00     0.00     0.00
   	   25.00    23.49     0.00    90.00
   	   25.00    23.49     0.00    90.00
  80 	 -774.00   516.00     0.00     0.00     0.00     0.00
  80 	 -774.00   516.00     0.00     0.00     0.00     0.00
   	   25.00    25.02     0.00    90.00
   	   25.00    25.02     0.00    90.00
  81 	 -688.00   516.00     0.00     0.00     0.00     0.00
  81 	 -688.00   516.00     0.00     0.00     0.00     0.00
   	   25.00    26.34     0.00    90.00
   	   25.00    26.34     0.00    90.00
  82 	 -602.00   516.00     0.00     0.00     0.00     0.00
  82 	 -602.00   516.00     0.00     0.00     0.00     0.00
   	   25.00    27.45     0.00    90.00
   	   25.00    27.45     0.00    90.00
  83 	 -516.00   516.00     0.00     0.00     0.00     0.00
  83 	 -516.00   516.00     0.00     0.00     0.00     0.00
   	   25.00    28.36     0.00    90.00
   	   25.00    28.36     0.00    90.00
  84 	 -430.00   516.00     0.00     0.00     0.00     0.00
  84 	 -430.00   516.00     0.00     0.00     0.00     0.00
   	   25.00    29.05     0.00    90.00
   	   25.00    29.05     0.00    90.00
  85 	 -344.00   516.00     0.00     0.00     0.00     0.00
  85 	 -344.00   516.00     0.00     0.00     0.00     0.00
   	   25.00    29.53     0.00    90.00
   	   25.00    29.53     0.00    90.00
  86 	 -258.00   516.00     0.00     0.00     0.00     0.00
  86 	 -258.00   516.00     0.00     0.00     0.00     0.00
   	   25.00    29.80     0.00    90.00
   	   25.00    29.80     0.00    90.00
  87 	 -172.00   516.00     0.00     0.00     0.00     0.00
  87 	 -172.00   516.00     0.00     0.00     0.00     0.00
   	   25.00    29.86     0.00    90.00
   	   25.00    29.86     0.00    90.00
  88 	  -86.00   516.00     0.00     0.00     0.00     0.00
  88 	  -86.00   516.00     0.00     0.00     0.00     0.00
   	   25.00    29.71     0.00    90.00
   	   25.00    29.71     0.00    90.00
  89 	   -0.00   516.00     0.00     0.00     0.00     0.00
  89 	   -0.00   516.00     0.00     0.00     0.00     0.00
   	   25.00    29.36     0.00    90.00
   	   25.00    29.36     0.00    90.00
  90 	   86.00   516.00     0.00     0.00     0.00     0.00
  90 	   86.00   516.00     0.00     0.00     0.00     0.00
   	   25.00    28.79     0.00    90.00
   	   25.00    28.79     0.00    90.00
  91 	  172.00   516.00     0.00     0.00     0.00     0.00
  91 	  172.00   516.00     0.00     0.00     0.00     0.00
   	   25.00    28.01     0.00    90.00
   	   25.00    28.01     0.00    90.00
  92 	  258.00   516.00     0.00     0.00     0.00     0.00
  92 	  258.00   516.00     0.00     0.00     0.00     0.00
   	   25.00    27.02     0.00    90.00
   	   25.00    27.02     0.00    90.00
  93 	  344.00   516.00     0.00     0.00     0.00     0.00
  93 	  344.00   516.00     0.00     0.00     0.00     0.00
   	   25.00    25.82     0.00    90.00
   	   25.00    25.82     0.00    90.00
  94 	  430.00   516.00     0.00     0.00     0.00     0.00
  94 	  430.00   516.00     0.00     0.00     0.00     0.00
   	   25.00    24.42     0.00    90.00
   	   25.00    24.42     0.00    90.00
  95 	  516.00   516.00     0.00     0.00     0.00     0.00
  95 	  516.00   516.00     0.00     0.00     0.00     0.00
   	   25.00    22.80     0.00    90.00
   	   25.00    22.80     0.00    90.00
  96 	-1032.00   602.00     0.00     0.00     0.00     0.00
  96 	-1032.00   602.00     0.00     0.00     0.00     0.00
   	   25.00    12.00     0.00    90.00
   	   25.00    12.00     0.00    90.00
  97 	 -946.00   602.00     0.00     0.00     0.00     0.00
  97 	 -946.00   602.00     0.00     0.00     0.00     0.00
   	   25.00    13.95     0.00    90.00
   	   25.00    13.95     0.00    90.00
  98 	 -860.00   602.00     0.00     0.00     0.00     0.00
  98 	 -860.00   602.00     0.00     0.00     0.00     0.00
   	   25.00    15.69     0.00    90.00
   	   25.00    15.69     0.00    90.00
  99 	 -774.00   602.00     0.00     0.00     0.00     0.00
  99 	 -774.00   602.00     0.00     0.00     0.00     0.00
   	   25.00    17.22     0.00    90.00
   	   25.00    17.22     0.00    90.00
 100 	 -688.00   602.00     0.00     0.00     0.00     0.00
 100 	 -688.00   602.00     0.00     0.00     0.00     0.00
   	   25.00    18.54     0.00    90.00
   	   25.00    18.54     0.00    90.00
 101 	 -602.00   602.00     0.00     0.00     0.00     0.00
 101 	 -602.00   602.00     0.00     0.00     0.00     0.00
   	   25.00    19.65     0.00    90.00
   	   25.00    19.65     0.00    90.00
 102 	 -516.00   602.00     0.00     0.00     0.00     0.00
 102 	 -516.00   602.00     0.00     0.00     0.00     0.00
   	   25.00    20.56     0.00    90.00
   	   25.00    20.56     0.00    90.00
 103 	 -430.00   602.00     0.00     0.00     0.00     0.00
 103 	 -430.00   602.00     0.00     0.00     0.00     0.00
   	   25.00    21.25     0.00    90.00
   	   25.00    21.25     0.00    90.00
 104 	 -344.00   602.00     0.00     0.00     0.00     0.00
 104 	 -344.00   602.00     0.00     0.00     0.00     0.00
   	   25.00    21.73     0.00    90.00
   	   25.00    21.73     0.00    90.00
 105 	 -258.00   602.00     0.00     0.00     0.00     0.00
 105 	 -258.00   602.00     0.00     0.00     0.00     0.00
   	   25.00    22.00     0.00    90.00
   	   25.00    22.00     0.00    90.00
 106 	 -172.00   602.00     0.00     0.00     0.00     0.00
 106 	 -172.00   602.00     0.00     0.00     0.00     0.00
   	   25.00    22.06     0.00    90.00
   	   25.00    22.06     0.00    90.00
 107 	  -86.00   602.00     0.00     0.00     0.00     0.00
 107 	  -86.00   602.00     0.00     0.00     0.00     0.00
   	   25.00    21.91     0.00    90.00
   	   25.00    21.91     0.00    90.00
 108 	   -0.00   602.00     0.00     0.00     0.00     0.00
 108 	   -0.00   602.00     0.00     0.00     0.00     0.00
   	   25.00    21.56     0.00    90.00
   	   25.00    21.56     0.00    90.00
 109 	   86.00   602.00     0.00     0.00     0.00     0.00
 109 	   86.00   602.00     0.00     0.00     0.00     0.00
   	   25.00    20.99     0.00    90.00
   	   25.00    20.99     0.00    90.00
 110 	  172.00   602.00     0.00     0.00     0.00     0.00
 110 	  172.00   602.00     0.00     0.00     0.00     0.00
   	   25.00    20.21     0.00    90.00
   	   25.00    20.21     0.00    90.00
 111 	  258.00   602.00     0.00     0.00     0.00     0.00
 111 	  258.00   602.00     0.00     0.00     0.00     0.00
   	   25.00    19.22     0.00    90.00
   	   25.00    19.22     0.00    90.00
 112 	  344.00   602.00     0.00     0.00     0.00     0.00
 112 	  344.00   602.00     0.00     0.00     0.00     0.00
   	   25.00    18.02     0.00    90.00
   	   25.00    18.02     0.00    90.00
 113 	  430.00   602.00     0.00     0.00     0.00     0.00
 113 	  430.00   602.00     0.00     0.00     0.00     0.00
   	   25.00    16.62     0.00    90.00
   	   25.00    16.62     0.00    90.00
 114 	  516.00   602.00     0.00     0.00     0.00     0.00
 114 	  516.00   602.00     0.00     0.00     0.00     0.00
   	   25.00    15.00     0.00    90.00
   	   25.00    15.00     0.00    90.00

** End writing output file: ../inputs/gr337.dat 
