*******************************************************************************
                         ARRAY PREPROCESSOR ver. 1.0
*******************************************************************************



   1	GROUP testgroup
   3	 GRID RECTANGULAR
   4	 ELEMENT
   5	 GEOMETRY CIRCULAR RADIUS 59
   7	 ADD BLOCK -4 -5 11 -5
   9	 GROUP_EXCITATION
  10	 AMPLITUDE UNIFORM 29
  11	 PHASE UNIFORM -259
  12	 END

** Generating GROUP: testgroup.
** PSTEP,QSTEP set to:118.000000,118.000000
** Grid ANGLE set to:90.000000 
** Group ROT_ANGLE set to: 0.000000 

** Writing output file: ../inputs/gr343.dat

NEL 
NPORTS
IDUM      REXA     REYA     REZA     THEA     PHEA     PSEA 
          AMP      PSH      PSC      PHEPOL
  16
  16
   1
   1
   1 	 -472.00  -590.00     0.00     0.00     0.00     0.00
   1 	 -472.00  -590.00     0.00     0.00     0.00     0.00
   	   29.00  -259.00     0.00    90.00
   	   29.00  -259.00     0.00    90.00
   2 	 -354.00  -590.00     0.00     0.00     0.00     0.00
   2 	 -354.00  -590.00     0.00     0.00     0.00     0.00
   	   29.00  -259.00     0.00    90.00
   	   29.00  -259.00     0.00    90.00
   3 	 -236.00  -590.00     0.00     0.00     0.00     0.00
   3 	 -236.00  -590.00     0.00     0.00     0.00     0.00
   	   29.00  -259.00     0.00    90.00
   	   29.00  -259.00     0.00    90.00
   4 	 -118.00  -590.00     0.00     0.00     0.00     0.00
   4 	 -118.00  -590.00     0.00     0.00     0.00     0.00
   	   29.00  -259.00     0.00    90.00
   	   29.00  -259.00     0.00    90.00
   5 	    0.00  -590.00     0.00     0.00     0.00     0.00
   5 	    0.00  -590.00     0.00     0.00     0.00     0.00
   	   29.00  -259.00     0.00    90.00
   	   29.00  -259.00     0.00    90.00
   6 	  118.00  -590.00     0.00     0.00     0.00     0.00
   6 	  118.00  -590.00     0.00     0.00     0.00     0.00
   	   29.00  -259.00     0.00    90.00
   	   29.00  -259.00     0.00    90.00
   7 	  236.00  -590.00     0.00     0.00     0.00     0.00
   7 	  236.00  -590.00     0.00     0.00     0.00     0.00
   	   29.00  -259.00     0.00    90.00
   	   29.00  -259.00     0.00    90.00
   8 	  354.00  -590.00     0.00     0.00     0.00     0.00
   8 	  354.00  -590.00     0.00     0.00     0.00     0.00
   	   29.00  -259.00     0.00    90.00
   	   29.00  -259.00     0.00    90.00
   9 	  472.00  -590.00     0.00     0.00     0.00     0.00
   9 	  472.00  -590.00     0.00     0.00     0.00     0.00
   	   29.00  -259.00     0.00    90.00
   	   29.00  -259.00     0.00    90.00
  10 	  590.00  -590.00     0.00     0.00     0.00     0.00
  10 	  590.00  -590.00     0.00     0.00     0.00     0.00
   	   29.00  -259.00     0.00    90.00
   	   29.00  -259.00     0.00    90.00
  11 	  708.00  -590.00     0.00     0.00     0.00     0.00
  11 	  708.00  -590.00     0.00     0.00     0.00     0.00
   	   29.00  -259.00     0.00    90.00
   	   29.00  -259.00     0.00    90.00
  12 	  826.00  -590.00     0.00     0.00     0.00     0.00
  12 	  826.00  -590.00     0.00     0.00     0.00     0.00
   	   29.00  -259.00     0.00    90.00
   	   29.00  -259.00     0.00    90.00
  13 	  944.00  -590.00     0.00     0.00     0.00     0.00
  13 	  944.00  -590.00     0.00     0.00     0.00     0.00
   	   29.00  -259.00     0.00    90.00
   	   29.00  -259.00     0.00    90.00
  14 	 1062.00  -590.00     0.00     0.00     0.00     0.00
  14 	 1062.00  -590.00     0.00     0.00     0.00     0.00
   	   29.00  -259.00     0.00    90.00
   	   29.00  -259.00     0.00    90.00
  15 	 1180.00  -590.00     0.00     0.00     0.00     0.00
  15 	 1180.00  -590.00     0.00     0.00     0.00     0.00
   	   29.00  -259.00     0.00    90.00
   	   29.00  -259.00     0.00    90.00
  16 	 1298.00  -590.00     0.00     0.00     0.00     0.00
  16 	 1298.00  -590.00     0.00     0.00     0.00     0.00
   	   29.00  -259.00     0.00    90.00
   	   29.00  -259.00     0.00    90.00

** End writing output file: ../inputs/gr343.dat 
