*******************************************************************************
                         ARRAY PREPROCESSOR ver. 1.0
*******************************************************************************



   1	GROUP testgroup
   3	 GRID HEXAGONAL
   4	 ELEMENT
   5	 GEOMETRY CIRCULAR RADIUS 85
   7	 ADD BLOCK 6 0 1 -9
   9	 GROUP_EXCITATION
  10	 AMPLITUDE UNIFORM 24
  11	 PHASE UNIFORM 49 deg
  12	 END

** Generating GROUP: testgroup.
** PSTEP,QSTEP set to:170.000000,170.000000
** Grid ANGLE set to:60.000000 
** Group ROT_ANGLE set to: 0.000000 

** Writing output file: ../inputs/gr345.dat

NEL 
NPORTS
IDUM      REXA     REYA     REZA     THEA     PHEA     PSEA 
          AMP      PSH      PSC      PHEPOL
  60
  60
   1
   1
   1 	 -595.00 -1325.02     0.00     0.00     0.00     0.00
   1 	 -595.00 -1325.02     0.00     0.00     0.00     0.00
   	   24.00    49.00     0.00    90.00
   	   24.00    49.00     0.00    90.00
   2 	 -425.00 -1325.02     0.00     0.00     0.00     0.00
   2 	 -425.00 -1325.02     0.00     0.00     0.00     0.00
   	   24.00    49.00     0.00    90.00
   	   24.00    49.00     0.00    90.00
   3 	 -255.00 -1325.02     0.00     0.00     0.00     0.00
   3 	 -255.00 -1325.02     0.00     0.00     0.00     0.00
   	   24.00    49.00     0.00    90.00
   	   24.00    49.00     0.00    90.00
   4 	  -85.00 -1325.02     0.00     0.00     0.00     0.00
   4 	  -85.00 -1325.02     0.00     0.00     0.00     0.00
   	   24.00    49.00     0.00    90.00
   	   24.00    49.00     0.00    90.00
   5 	   85.00 -1325.02     0.00     0.00     0.00     0.00
   5 	   85.00 -1325.02     0.00     0.00     0.00     0.00
   	   24.00    49.00     0.00    90.00
   	   24.00    49.00     0.00    90.00
   6 	  255.00 -1325.02     0.00     0.00     0.00     0.00
   6 	  255.00 -1325.02     0.00     0.00     0.00     0.00
   	   24.00    49.00     0.00    90.00
   	   24.00    49.00     0.00    90.00
   7 	 -510.00 -1177.79     0.00     0.00     0.00     0.00
   7 	 -510.00 -1177.79     0.00     0.00     0.00     0.00
   	   24.00    49.00     0.00    90.00
   	   24.00    49.00     0.00    90.00
   8 	 -340.00 -1177.79     0.00     0.00     0.00     0.00
   8 	 -340.00 -1177.79     0.00     0.00     0.00     0.00
   	   24.00    49.00     0.00    90.00
   	   24.00    49.00     0.00    90.00
   9 	 -170.00 -1177.79     0.00     0.00     0.00     0.00
   9 	 -170.00 -1177.79     0.00     0.00     0.00     0.00
   	   24.00    49.00     0.00    90.00
   	   24.00    49.00     0.00    90.00
  10 	    0.00 -1177.79     0.00     0.00     0.00     0.00
  10 	    0.00 -1177.79     0.00     0.00     0.00     0.00
   	   24.00    49.00     0.00    90.00
   	   24.00    49.00     0.00    90.00
  11 	  170.00 -1177.79     0.00     0.00     0.00     0.00
  11 	  170.00 -1177.79     0.00     0.00     0.00     0.00
   	   24.00    49.00     0.00    90.00
   	   24.00    49.00     0.00    90.00
  12 	  340.00 -1177.79     0.00     0.00     0.00     0.00
  12 	  340.00 -1177.79     0.00     0.00     0.00     0.00
   	   24.00    49.00     0.00    90.00
   	   24.00    49.00     0.00    90.00
  13 	 -425.00 -1030.57     0.00     0.00     0.00     0.00
  13 	 -425.00 -1030.57     0.00     0.00     0.00     0.00
   	   24.00    49.00     0.00    90.00
   	   24.00    49.00     0.00    90.00
  14 	 -255.00 -1030.57     0.00     0.00     0.00     0.00
  14 	 -255.00 -1030.57     0.00     0.00     0.00     0.00
   	   24.00    49.00     0.00    90.00
   	   24.00    49.00     0.00    90.00
  15 	  -85.00 -1030.57     0.00     0.00     0.00     0.00
  15 	  -85.00 -1030.57     0.00     0.00     0.00     0.00
   	   24.00    49.00     0.00    90.00
   	   24.00    49.00     0.00    90.00
  16 	   85.00 -1030.57     0.00     0.00     0.00     0.00
  16 	   85.00 -1030.57     0.00     0.00     0.00     0.00
   	   24.00    49.00     0.00    90.00
   	   24.00    49.00     0.00    90.00
  17 	  255.00 -1030.57     0.00     0.00     0.00     0.00
  17 	  255.00 -1030.57     0.00     0.00     0.00     0.00
   	   24.00    49.00     0.00    90.00
   	   24.00    49.00     0.00    90.00
  18 	  425.00 -1030.57     0.00     0.00     0.00     0.00
  18 	  425.00 -1030.57     0.00     0.00     0.00     0.00
   	   24.00    49.00     0.00    90.00
   	   24.00    49.00     0.00    90.00
  19 	 -340.00  -883.35     0.00     0.00     0.00     0.00
  19 	 -340.00  -883.35     0.00     0.00     0.00     0.00
   	   24.00    49.00     0.00    90.00
   	   24.00    49.00     0.00    90.00
  20 	 -170.00  -883.35     0.00     0.00     0.00     0.00
  20 	 -170.00  -883.35     0.00     0.00     0.00     0.00
   	   24.00    49.00     0.00    90.00
   	   24.00    49.00     0.00    90.00
  21 	    0.00  -883.35     0.00     0.00     0.00     0.00
  21 	    0.00  -883.35     0.00     0.00     0.00     0.00
   	   24.00    49.00     0.00    90.00
   	   24.00    49.00     0.00    90.00
  22 	  170.00  -883.35     0.00     0.00     0.00     0.00
  22 	  170.00  -883.35     0.00     0.00     0.00     0.00
   	   24.00    49.00     0.00    90.00
   	   24.00    49.00     0.00    90.00
  23 	  340.00  -883.35     0.00     0.00     0.00     0.00
  23 	  340.00  -883.35     0.00     0.00     0.00     0.00
   	   24.00    49.00     0.00    90.00
   	   24.00    49.00     0.00    90.00
  24 	  510.00  -883.35     0.00     0.00     0.00     0.00
  24 	  510.00  -883.35     0.00     0.00     0.00     0.00
   	   24.00    49.00     0.00    90.00
   	   24.00    49.00     0.00    90.00
  25 	 -255.00  -736.12     0.00     0.00     0.00     0.00
  25 	 -255.00  -736.12     0.00     0.00     0.00     0.00
   	   24.00    49.00     0.00    90.00
   	   24.00    49.00     0.00    90.00
  26 	  -85.00  -736.12     0.00     0.00     0.00     0.00
  26 	  -85.00  -736.12     0.00     0.00     0.00     0.00
   	   24.00    49.00     0.00    90.00
   	   24.00    49.00     0.00    90.00
  27 	   85.00  -736.12     0.00     0.00     0.00     0.00
  27 	   85.00  -736.12     0.00     0.00     0.00     0.00
   	   24.00    49.00     0.00    90.00
   	   24.00    49.00     0.00    90.00
  28 	  255.00  -736.12     0.00     0.00     0.00     0.00
  28 	  255.00  -736.12     0.00     0.00     0.00     0.00
   	   24.00    49.00     0.00    90.00
   	   24.00    49.00     0.00    90.00
  29 	  425.00  -736.12     0.00     0.00     0.00     0.00
  29 	  425.00  -736.12     0.00     0.00     0.00     0.00
   	   24.00    49.00     0.00    90.00
   	   24.00    49.00     0.00    90.00
  30 	  595.00  -736.12     0.00     0.00     0.00     0.00
  30 	  595.00  -736.12     0.00     0.00     0.00     0.00
   	   24.00    49.00     0.00    90.00
   	   24.00    49.00     0.00    90.00
  31 	 -170.00  -588.90     0.00     0.00     0.00     0.00
  31 	 -170.00  -588.90     0.00     0.00     0.00     0.00
   	   24.00    49.00     0.00    90.00
   	   24.00    49.00     0.00    90.00
  32 	    0.00  -588.90     0.00     0.00     0.00     0.00
  32 	    0.00  -588.90     0.00     0.00     0.00     0.00
   	   24.00    49.00     0.00    90.00
   	   24.00    49.00     0.00    90.00
  33 	  170.00  -588.90     0.00     0.00     0.00     0.00
  33 	  170.00  -588.90     0.00     0.00     0.00     0.00
   	   24.00    49.00     0.00    90.00
   	   24.00    49.00     0.00    90.00
  34 	  340.00  -588.90     0.00     0.00     0.00     0.00
  34 	  340.00  -588.90     0.00     0.00     0.00     0.00
   	   24.00    49.00     0.00    90.00
   	   24.00    49.00     0.00    90.00
  35 	  510.00  -588.90     0.00     0.00     0.00     0.00
  35 	  510.00  -588.90     0.00     0.00     0.00     0.00
   	   24.00    49.00     0.00    90.00
   	   24.00    49.00     0.00    90.00
  36 	  680.00  -588.90     0.00     0.00     0.00     0.00
  36 	  680.00  -588.90     0.00     0.00     0.00     0.00
   	   24.00    49.00     0.00    90.00
   	   24.00    49.00     0.00    90.00
  37 	  -85.00  -441.67     0.00     0.00     0.00     0.00
  37 	  -85.00  -441.67     0.00     0.00     0.00     0.00
   	   24.00    49.00     0.00    90.00
   	   24.00    49.00     0.00    90.00
  38 	   85.00  -441.67     0.00     0.00     0.00     0.00
  38 	   85.00  -441.67     0.00     0.00     0.00     0.00
   	   24.00    49.00     0.00    90.00
   	   24.00    49.00     0.00    90.00
  39 	  255.00  -441.67     0.00     0.00     0.00     0.00
  39 	  255.00  -441.67     0.00     0.00     0.00     0.00
   	   24.00    49.00     0.00    90.00
   	   24.00    49.00     0.00    90.00
  40 	  425.00  -441.67     0.00     0.00     0.00     0.00
  40 	  425.00  -441.67     0.00     0.00     0.00     0.00
   	   24.00    49.00     0.00    90.00
   	   24.00    49.00     0.00    90.00
  41 	  595.00  -441.67     0.00     0.00     0.00     0.00
  41 	  595.00  -441.67     0.00     0.00     0.00     0.00
   	   24.00    49.00     0.00    90.00
   	   24.00    49.00     0.00    90.00
  42 	  765.00  -441.67     0.00     0.00     0.00     0.00
  42 	  765.00  -441.67     0.00     0.00     0.00     0.00
   	   24.00    49.00     0.00    90.00
   	   24.00    49.00     0.00    90.00
  43 	    0.00  -294.45     0.00     0.00     0.00     0.00
  43 	    0.00  -294.45     0.00     0.00     0.00     0.00
   	   24.00    49.00     0.00    90.00
   	   24.00    49.00     0.00    90.00
  44 	  170.00  -294.45     0.00     0.00     0.00     0.00
  44 	  170.00  -294.45     0.00     0.00     0.00     0.00
   	   24.00    49.00     0.00    90.00
   	   24.00    49.00     0.00    90.00
  45 	  340.00  -294.45     0.00     0.00     0.00     0.00
  45 	  340.00  -294.45     0.00     0.00     0.00     0.00
   	   24.00    49.00     0.00    90.00
   	   24.00    49.00     0.00    90.00
  46 	  510.00  -294.45     0.00     0.00     0.00     0.00
  46 	  510.00  -294.45     0.00     0.00     0.00     0.00
   	   24.00    49.00     0.00    90.00
   	   24.00    49.00     0.00    90.00
  47 	  680.00  -294.45     0.00     0.00     0.00     0.00
  47 	  680.00  -294.45     0.00     0.00     0.00     0.00
   	   24.00    49.00     0.00    90.00
   	   24.00    49.00     0.00    90.00
  48 	  850.00  -294.45     0.00     0.00     0.00     0.00
  48 	  850.00  -294.45     0.00     0.00     0.00     0.00
   	   24.00    49.00     0.00    90.00
   	   24.00    49.00     0.00    90.00
  49 	   85.00  -147.22     0.00     0.00     0.00     0.00
  49 	   85.00  -147.22     0.00     0.00     0.00     0.00
   	   24.00    49.00     0.00    90.00
   	   24.00    49.00     0.00    90.00
  50 	  255.00  -147.22     0.00     0.00     0.00     0.00
  50 	  255.00  -147.22     0.00     0.00     0.00     0.00
   	   24.00    49.00     0.00    90.00
   	   24.00    49.00     0.00    90.00
  51 	  425.00  -147.22     0.00     0.00     0.00     0.00
  51 	  425.00  -147.22     0.00     0.00     0.00     0.00
   	   24.00    49.00     0.00    90.00
   	   24.00    49.00     0.00    90.00
  52 	  595.00  -147.22     0.00     0.00     0.00     0.00
  52 	  595.00  -147.22     0.00     0.00     0.00     0.00
   	   24.00    49.00     0.00    90.00
   	   24.00    49.00     0.00    90.00
  53 	  765.00  -147.22     0.00     0.00     0.00     0.00
  53 	  765.00  -147.22     0.00     0.00     0.00     0.00
   	   24.00    49.00     0.00    90.00
   	   24.00    49.00     0.00    90.00
  54 	  935.00  -147.22     0.00     0.00     0.00     0.00
  54 	  935.00  -147.22     0.00     0.00     0.00     0.00
   	   24.00    49.00     0.00    90.00
   	   24.00    49.00     0.00    90.00
  55 	  170.00     0.00     0.00     0.00     0.00     0.00
  55 	  170.00     0.00     0.00     0.00     0.00     0.00
   	   24.00    49.00     0.00    90.00
   	   24.00    49.00     0.00    90.00
  56 	  340.00     0.00     0.00     0.00     0.00     0.00
  56 	  340.00     0.00     0.00     0.00     0.00     0.00
   	   24.00    49.00     0.00    90.00
   	   24.00    49.00     0.00    90.00
  57 	  510.00     0.00     0.00     0.00     0.00     0.00
  57 	  510.00     0.00     0.00     0.00     0.00     0.00
   	   24.00    49.00     0.00    90.00
   	   24.00    49.00     0.00    90.00
  58 	  680.00     0.00     0.00     0.00     0.00     0.00
  58 	  680.00     0.00     0.00     0.00     0.00     0.00
   	   24.00    49.00     0.00    90.00
   	   24.00    49.00     0.00    90.00
  59 	  850.00     0.00     0.00     0.00     0.00     0.00
  59 	  850.00     0.00     0.00     0.00     0.00     0.00
   	   24.00    49.00     0.00    90.00
   	   24.00    49.00     0.00    90.00
  60 	 1020.00     0.00     0.00     0.00     0.00     0.00
  60 	 1020.00     0.00     0.00     0.00     0.00     0.00
   	   24.00    49.00     0.00    90.00
   	   24.00    49.00     0.00    90.00

** End writing output file: ../inputs/gr345.dat 
