*******************************************************************************
                         ARRAY PREPROCESSOR ver. 1.0
*******************************************************************************



   1	GROUP testgroup
   3	 GRID RECTANGULAR
   4	 ELEMENT
   5	 GEOMETRY CIRCULAR 85
   6	 POLARIZATION LINEAR ORIENTATION 22 deg
   7	 PORTS 2
   8	 PORT 1
   9	 AMPLITUDE 31
  10	 PHASE_SCANNING 602
  11	 PORT 2
  12	 POL_ORIENT X AMPLITUDE 24
  13	 PHASE_POL_ARRANG 584
  14	 ADD BLOCK -2 -2 0 5
  15	 ADD BLOCK -5 2 0 -1
  16	 ADD HEXAGON 4 -4
  17	 ADD HEXAGON 0 5
  19	 GROUP_EXCITATION
  20	 AMPLITUDE UNIFORM 24
  21	 PHASE UNIFORM -69
  22	 END

** Generating GROUP: testgroup.
** PSTEP,QSTEP set to:170.000000,170.000000
** Grid ANGLE set to:90.000000 
** Group ROT_ANGLE set to: 0.000000 

** Writing output file: ../inputs/gr349.dat

NEL 
NPORTS
IDUM      REXA     REYA     REZA     THEA     PHEA     PSEA 
          AMP      PSH      PSC      PHEPOL
  62
  62
   2
   2
   1 	 -340.00  -340.00     0.00     0.00     0.00     0.00
   1 	 -340.00  -340.00     0.00     0.00     0.00     0.00
   	  744.00   -69.00   602.00    22.00
   	  744.00   -69.00   602.00    22.00
   	  576.00   515.00     0.00     0.00
   	  576.00   515.00     0.00     0.00
   2 	 -170.00  -340.00     0.00     0.00     0.00     0.00
   2 	 -170.00  -340.00     0.00     0.00     0.00     0.00
   	  744.00   -69.00   602.00    22.00
   	  744.00   -69.00   602.00    22.00
   	  576.00   515.00     0.00     0.00
   	  576.00   515.00     0.00     0.00
   3 	    0.00  -340.00     0.00     0.00     0.00     0.00
   3 	    0.00  -340.00     0.00     0.00     0.00     0.00
   	  744.00   -69.00   602.00    22.00
   	  744.00   -69.00   602.00    22.00
   	  576.00   515.00     0.00     0.00
   	  576.00   515.00     0.00     0.00
   4 	 -340.00  -170.00     0.00     0.00     0.00     0.00
   4 	 -340.00  -170.00     0.00     0.00     0.00     0.00
   	  744.00   -69.00   602.00    22.00
   	  744.00   -69.00   602.00    22.00
   	  576.00   515.00     0.00     0.00
   	  576.00   515.00     0.00     0.00
   5 	 -170.00  -170.00     0.00     0.00     0.00     0.00
   5 	 -170.00  -170.00     0.00     0.00     0.00     0.00
   	  744.00   -69.00   602.00    22.00
   	  744.00   -69.00   602.00    22.00
   	  576.00   515.00     0.00     0.00
   	  576.00   515.00     0.00     0.00
   6 	    0.00  -170.00     0.00     0.00     0.00     0.00
   6 	    0.00  -170.00     0.00     0.00     0.00     0.00
   	  744.00   -69.00   602.00    22.00
   	  744.00   -69.00   602.00    22.00
   	  576.00   515.00     0.00     0.00
   	  576.00   515.00     0.00     0.00
   7 	 -340.00     0.00     0.00     0.00     0.00     0.00
   7 	 -340.00     0.00     0.00     0.00     0.00     0.00
   	  744.00   -69.00   602.00    22.00
   	  744.00   -69.00   602.00    22.00
   	  576.00   515.00     0.00     0.00
   	  576.00   515.00     0.00     0.00
   8 	 -170.00     0.00     0.00     0.00     0.00     0.00
   8 	 -170.00     0.00     0.00     0.00     0.00     0.00
   	  744.00   -69.00   602.00    22.00
   	  744.00   -69.00   602.00    22.00
   	  576.00   515.00     0.00     0.00
   	  576.00   515.00     0.00     0.00
   9 	    0.00     0.00     0.00     0.00     0.00     0.00
   9 	    0.00     0.00     0.00     0.00     0.00     0.00
   	  744.00   -69.00   602.00    22.00
   	  744.00   -69.00   602.00    22.00
   	  576.00   515.00     0.00     0.00
   	  576.00   515.00     0.00     0.00
  10 	 -340.00   170.00     0.00     0.00     0.00     0.00
  10 	 -340.00   170.00     0.00     0.00     0.00     0.00
   	  744.00   -69.00   602.00    22.00
   	  744.00   -69.00   602.00    22.00
   	  576.00   515.00     0.00     0.00
   	  576.00   515.00     0.00     0.00
  11 	 -170.00   170.00     0.00     0.00     0.00     0.00
  11 	 -170.00   170.00     0.00     0.00     0.00     0.00
   	  744.00   -69.00   602.00    22.00
   	  744.00   -69.00   602.00    22.00
   	  576.00   515.00     0.00     0.00
   	  576.00   515.00     0.00     0.00
  12 	   -0.00   170.00     0.00     0.00     0.00     0.00
  12 	   -0.00   170.00     0.00     0.00     0.00     0.00
   	  744.00   -69.00   602.00    22.00
   	  744.00   -69.00   602.00    22.00
   	  576.00   515.00     0.00     0.00
   	  576.00   515.00     0.00     0.00
  13 	 -340.00   340.00     0.00     0.00     0.00     0.00
  13 	 -340.00   340.00     0.00     0.00     0.00     0.00
   	  744.00   -69.00   602.00    22.00
   	  744.00   -69.00   602.00    22.00
   	  576.00   515.00     0.00     0.00
   	  576.00   515.00     0.00     0.00
  14 	 -170.00   340.00     0.00     0.00     0.00     0.00
  14 	 -170.00   340.00     0.00     0.00     0.00     0.00
   	  744.00   -69.00   602.00    22.00
   	  744.00   -69.00   602.00    22.00
   	  576.00   515.00     0.00     0.00
   	  576.00   515.00     0.00     0.00
  15 	   -0.00   340.00     0.00     0.00     0.00     0.00
  15 	   -0.00   340.00     0.00     0.00     0.00     0.00
   	  744.00   -69.00   602.00    22.00
   	  744.00   -69.00   602.00    22.00
   	  576.00   515.00     0.00     0.00
   	  576.00   515.00     0.00     0.00
  16 	 -340.00   510.00     0.00     0.00     0.00     0.00
  16 	 -340.00   510.00     0.00     0.00     0.00     0.00
   	  744.00   -69.00   602.00    22.00
   	  744.00   -69.00   602.00    22.00
   	  576.00   515.00     0.00     0.00
   	  576.00   515.00     0.00     0.00
  17 	 -170.00   510.00     0.00     0.00     0.00     0.00
  17 	 -170.00   510.00     0.00     0.00     0.00     0.00
   	  744.00   -69.00   602.00    22.00
   	  744.00   -69.00   602.00    22.00
   	  576.00   515.00     0.00     0.00
   	  576.00   515.00     0.00     0.00
  18 	   -0.00   510.00     0.00     0.00     0.00     0.00
  18 	   -0.00   510.00     0.00     0.00     0.00     0.00
   	  744.00   -69.00   602.00    22.00
   	  744.00   -69.00   602.00    22.00
   	  576.00   515.00     0.00     0.00
   	  576.00   515.00     0.00     0.00
  19 	 -340.00   680.00     0.00     0.00     0.00     0.00
  19 	 -340.00   680.00     0.00     0.00     0.00     0.00
   	  744.00   -69.00   602.00    22.00
   	  744.00   -69.00   602.00    22.00
   	  576.00   515.00     0.00     0.00
   	  576.00   515.00     0.00     0.00
  20 	 -170.00   680.00     0.00     0.00     0.00     0.00
  20 	 -170.00   680.00     0.00     0.00     0.00     0.00
   	  744.00   -69.00   602.00    22.00
   	  744.00   -69.00   602.00    22.00
   	  576.00   515.00     0.00     0.00
   	  576.00   515.00     0.00     0.00
  21 	   -0.00   680.00     0.00     0.00     0.00     0.00
  21 	   -0.00   680.00     0.00     0.00     0.00     0.00
   	  744.00   -69.00   602.00    22.00
   	  744.00   -69.00   602.00    22.00
   	  576.00   515.00     0.00     0.00
   	  576.00   515.00     0.00     0.00
  22 	 -340.00   850.00     0.00     0.00     0.00     0.00
  22 	 -340.00   850.00     0.00     0.00     0.00     0.00
   	  744.00   -69.00   602.00    22.00
   	  744.00   -69.00   602.00    22.00
   	  576.00   515.00     0.00     0.00
   	  576.00   515.00     0.00     0.00
  23 	 -170.00   850.00     0.00     0.00     0.00     0.00
  23 	 -170.00   850.00     0.00     0.00     0.00     0.00
   	  744.00   -69.00   602.00    22.00
   	  744.00   -69.00   602.00    22.00
   	  576.00   515.00     0.00     0.00
   	  576.00   515.00     0.00     0.00
  24 	   -0.00   850.00     0.00     0.00     0.00     0.00
  24 	   -0.00   850.00     0.00     0.00     0.00     0.00
   	  744.00   -69.00   602.00    22.00
   	  744.00   -69.00   602.00    22.00
   	  576.00   515.00     0.00     0.00
   	  576.00   515.00     0.00     0.00
  25 	 -850.00  -170.00     0.00     0.00     0.00     0.00
  25 	 -850.00  -170.00     0.00     0.00     0.00     0.00
   	  744.00   -69.00   602.00    22.00
   	  744.00   -69.00   602.00    22.00
   	  576.00   515.00     0.00     0.00
   	  576.00   515.00     0.00     0.00
  26 	 -680.00  -170.00     0.00     0.00     0.00     0.00
  26 	 -680.00  -170.00     0.00     0.00     0.00     0.00
   	  744.00   -69.00   602.00    22.00
   	  744.00   -69.00   602.00    22.00
   	  576.00   515.00     0.00     0.00
   	  576.00   515.00     0.00     0.00
  27 	 -510.00  -170.00     0.00     0.00     0.00     0.00
  27 	 -510.00  -170.00     0.00     0.00     0.00     0.00
   	  744.00   -69.00   602.00    22.00
   	  744.00   -69.00   602.00    22.00
   	  576.00   515.00     0.00     0.00
   	  576.00   515.00     0.00     0.00
  28 	 -340.00  -170.00     0.00     0.00     0.00     0.00
  28 	 -340.00  -170.00     0.00     0.00     0.00     0.00
   	  744.00   -69.00   602.00    22.00
   	  744.00   -69.00   602.00    22.00
   	  576.00   515.00     0.00     0.00
   	  576.00   515.00     0.00     0.00
  29 	 -170.00  -170.00     0.00     0.00     0.00     0.00
  29 	 -170.00  -170.00     0.00     0.00     0.00     0.00
   	  744.00   -69.00   602.00    22.00
   	  744.00   -69.00   602.00    22.00
   	  576.00   515.00     0.00     0.00
   	  576.00   515.00     0.00     0.00
  30 	    0.00  -170.00     0.00     0.00     0.00     0.00
  30 	    0.00  -170.00     0.00     0.00     0.00     0.00
   	  744.00   -69.00   602.00    22.00
   	  744.00   -69.00   602.00    22.00
   	  576.00   515.00     0.00     0.00
   	  576.00   515.00     0.00     0.00
  31 	 -850.00     0.00     0.00     0.00     0.00     0.00
  31 	 -850.00     0.00     0.00     0.00     0.00     0.00
   	  744.00   -69.00   602.00    22.00
   	  744.00   -69.00   602.00    22.00
   	  576.00   515.00     0.00     0.00
   	  576.00   515.00     0.00     0.00
  32 	 -680.00     0.00     0.00     0.00     0.00     0.00
  32 	 -680.00     0.00     0.00     0.00     0.00     0.00
   	  744.00   -69.00   602.00    22.00
   	  744.00   -69.00   602.00    22.00
   	  576.00   515.00     0.00     0.00
   	  576.00   515.00     0.00     0.00
  33 	 -510.00     0.00     0.00     0.00     0.00     0.00
  33 	 -510.00     0.00     0.00     0.00     0.00     0.00
   	  744.00   -69.00   602.00    22.00
   	  744.00   -69.00   602.00    22.00
   	  576.00   515.00     0.00     0.00
   	  576.00   515.00     0.00     0.00
  34 	 -340.00     0.00     0.00     0.00     0.00     0.00
  34 	 -340.00     0.00     0.00     0.00     0.00     0.00
   	  744.00   -69.00   602.00    22.00
   	  744.00   -69.00   602.00    22.00
   	  576.00   515.00     0.00     0.00
   	  576.00   515.00     0.00     0.00
  35 	 -170.00     0.00     0.00     0.00     0.00     0.00
  35 	 -170.00     0.00     0.00     0.00     0.00     0.00
   	  744.00   -69.00   602.00    22.00
   	  744.00   -69.00   602.00    22.00
   	  576.00   515.00     0.00     0.00
   	  576.00   515.00     0.00     0.00
  36 	    0.00     0.00     0.00     0.00     0.00     0.00
  36 	    0.00     0.00     0.00     0.00     0.00     0.00
   	  744.00   -69.00   602.00    22.00
   	  744.00   -69.00   602.00    22.00
   	  576.00   515.00     0.00     0.00
   	  576.00   515.00     0.00     0.00
  37 	 -850.00   170.00     0.00     0.00     0.00     0.00
  37 	 -850.00   170.00     0.00     0.00     0.00     0.00
   	  744.00   -69.00   602.00    22.00
   	  744.00   -69.00   602.00    22.00
   	  576.00   515.00     0.00     0.00
   	  576.00   515.00     0.00     0.00
  38 	 -680.00   170.00     0.00     0.00     0.00     0.00
  38 	 -680.00   170.00     0.00     0.00     0.00     0.00
   	  744.00   -69.00   602.00    22.00
   	  744.00   -69.00   602.00    22.00
   	  576.00   515.00     0.00     0.00
   	  576.00   515.00     0.00     0.00
  39 	 -510.00   170.00     0.00     0.00     0.00     0.00
  39 	 -510.00   170.00     0.00     0.00     0.00     0.00
   	  744.00   -69.00   602.00    22.00
   	  744.00   -69.00   602.00    22.00
   	  576.00   515.00     0.00     0.00
   	  576.00   515.00     0.00     0.00
  40 	 -340.00   170.00     0.00     0.00     0.00     0.00
  40 	 -340.00   170.00     0.00     0.00     0.00     0.00
   	  744.00   -69.00   602.00    22.00
   	  744.00   -69.00   602.00    22.00
   	  576.00   515.00     0.00     0.00
   	  576.00   515.00     0.00     0.00
  41 	 -170.00   170.00     0.00     0.00     0.00     0.00
  41 	 -170.00   170.00     0.00     0.00     0.00     0.00
   	  744.00   -69.00   602.00    22.00
   	  744.00   -69.00   602.00    22.00
   	  576.00   515.00     0.00     0.00
   	  576.00   515.00     0.00     0.00
  42 	   -0.00   170.00     0.00     0.00     0.00     0.00
  42 	   -0.00   170.00     0.00     0.00     0.00     0.00
   	  744.00   -69.00   602.00    22.00
   	  744.00   -69.00   602.00    22.00
   	  576.00   515.00     0.00     0.00
   	  576.00   515.00     0.00     0.00
  43 	 -850.00   340.00     0.00     0.00     0.00     0.00
  43 	 -850.00   340.00     0.00     0.00     0.00     0.00
   	  744.00   -69.00   602.00    22.00
   	  744.00   -69.00   602.00    22.00
   	  576.00   515.00     0.00     0.00
   	  576.00   515.00     0.00     0.00
  44 	 -680.00   340.00     0.00     0.00     0.00     0.00
  44 	 -680.00   340.00     0.00     0.00     0.00     0.00
   	  744.00   -69.00   602.00    22.00
   	  744.00   -69.00   602.00    22.00
   	  576.00   515.00     0.00     0.00
   	  576.00   515.00     0.00     0.00
  45 	 -510.00   340.00     0.00     0.00     0.00     0.00
  45 	 -510.00   340.00     0.00     0.00     0.00     0.00
   	  744.00   -69.00   602.00    22.00
   	  744.00   -69.00   602.00    22.00
   	  576.00   515.00     0.00     0.00
   	  576.00   515.00     0.00     0.00
  46 	 -340.00   340.00     0.00     0.00     0.00     0.00
  46 	 -340.00   340.00     0.00     0.00     0.00     0.00
   	  744.00   -69.00   602.00    22.00
   	  744.00   -69.00   602.00    22.00
   	  576.00   515.00     0.00     0.00
   	  576.00   515.00     0.00     0.00
  47 	 -170.00   340.00     0.00     0.00     0.00     0.00
  47 	 -170.00   340.00     0.00     0.00     0.00     0.00
   	  744.00   -69.00   602.00    22.00
   	  744.00   -69.00   602.00    22.00
   	  576.00   515.00     0.00     0.00
   	  576.00   515.00     0.00     0.00
  48 	   -0.00   340.00     0.00     0.00     0.00     0.00
  48 	   -0.00   340.00     0.00     0.00     0.00     0.00
   	  744.00   -69.00   602.00    22.00
   	  744.00   -69.00   602.00    22.00
   	  576.00   515.00     0.00     0.00
   	  576.00   515.00     0.00     0.00
  49 	  510.00  -510.00     0.00     0.00     0.00     0.00
  49 	  510.00  -510.00     0.00     0.00     0.00     0.00
   	  744.00   -69.00   602.00    22.00
   	  744.00   -69.00   602.00    22.00
   	  576.00   515.00     0.00     0.00
   	  576.00   515.00     0.00     0.00
  50 	  680.00  -510.00     0.00     0.00     0.00     0.00
  50 	  680.00  -510.00     0.00     0.00     0.00     0.00
   	  744.00   -69.00   602.00    22.00
   	  744.00   -69.00   602.00    22.00
   	  576.00   515.00     0.00     0.00
   	  576.00   515.00     0.00     0.00
  51 	  850.00  -680.00     0.00     0.00     0.00     0.00
  51 	  850.00  -680.00     0.00     0.00     0.00     0.00
   	  744.00   -69.00   602.00    22.00
   	  744.00   -69.00   602.00    22.00
   	  576.00   515.00     0.00     0.00
   	  576.00   515.00     0.00     0.00
  52 	  850.00  -850.00     0.00     0.00     0.00     0.00
  52 	  850.00  -850.00     0.00     0.00     0.00     0.00
   	  744.00   -69.00   602.00    22.00
   	  744.00   -69.00   602.00    22.00
   	  576.00   515.00     0.00     0.00
   	  576.00   515.00     0.00     0.00
  53 	  680.00  -850.00     0.00     0.00     0.00     0.00
  53 	  680.00  -850.00     0.00     0.00     0.00     0.00
   	  744.00   -69.00   602.00    22.00
   	  744.00   -69.00   602.00    22.00
   	  576.00   515.00     0.00     0.00
   	  576.00   515.00     0.00     0.00
  54 	  510.00  -680.00     0.00     0.00     0.00     0.00
  54 	  510.00  -680.00     0.00     0.00     0.00     0.00
   	  744.00   -69.00   602.00    22.00
   	  744.00   -69.00   602.00    22.00
   	  576.00   515.00     0.00     0.00
   	  576.00   515.00     0.00     0.00
  55 	  680.00  -680.00     0.00     0.00     0.00     0.00
  55 	  680.00  -680.00     0.00     0.00     0.00     0.00
   	  744.00   -69.00   602.00    22.00
   	  744.00   -69.00   602.00    22.00
   	  576.00   515.00     0.00     0.00
   	  576.00   515.00     0.00     0.00
  56 	 -170.00  1020.00     0.00     0.00     0.00     0.00
  56 	 -170.00  1020.00     0.00     0.00     0.00     0.00
   	  744.00   -69.00   602.00    22.00
   	  744.00   -69.00   602.00    22.00
   	  576.00   515.00     0.00     0.00
   	  576.00   515.00     0.00     0.00
  57 	   -0.00  1020.00     0.00     0.00     0.00     0.00
  57 	   -0.00  1020.00     0.00     0.00     0.00     0.00
   	  744.00   -69.00   602.00    22.00
   	  744.00   -69.00   602.00    22.00
   	  576.00   515.00     0.00     0.00
   	  576.00   515.00     0.00     0.00
  58 	  170.00   850.00     0.00     0.00     0.00     0.00
  58 	  170.00   850.00     0.00     0.00     0.00     0.00
   	  744.00   -69.00   602.00    22.00
   	  744.00   -69.00   602.00    22.00
   	  576.00   515.00     0.00     0.00
   	  576.00   515.00     0.00     0.00
  59 	  170.00   680.00     0.00     0.00     0.00     0.00
  59 	  170.00   680.00     0.00     0.00     0.00     0.00
   	  744.00   -69.00   602.00    22.00
   	  744.00   -69.00   602.00    22.00
   	  576.00   515.00     0.00     0.00
   	  576.00   515.00     0.00     0.00
  60 	   -0.00   680.00     0.00     0.00     0.00     0.00
  60 	   -0.00   680.00     0.00     0.00     0.00     0.00
   	  744.00   -69.00   602.00    22.00
   	  744.00   -69.00   602.00    22.00
   	  576.00   515.00     0.00     0.00
   	  576.00   515.00     0.00     0.00
  61 	 -170.00   850.00     0.00     0.00     0.00     0.00
  61 	 -170.00   850.00     0.00     0.00     0.00     0.00
   	  744.00   -69.00   602.00    22.00
   	  744.00   -69.00   602.00    22.00
   	  576.00   515.00     0.00     0.00
   	  576.00   515.00     0.00     0.00
  62 	   -0.00   850.00     0.00     0.00     0.00     0.00
  62 	   -0.00   850.00     0.00     0.00     0.00     0.00
   	  744.00   -69.00   602.00    22.00
   	  744.00   -69.00   602.00    22.00
   	  576.00   515.00     0.00     0.00
   	  576.00   515.00     0.00     0.00

** End writing output file: ../inputs/gr349.dat 
