*******************************************************************************
                         ARRAY PREPROCESSOR ver. 1.0
*******************************************************************************



   1	GROUP testgroup
   3	 GRID SQUARE
   4	 ELEMENT
   5	 GEOMETRY RECTANGULAR 88 78
   8	 ADD BLOCK -6 0 4 -2
   9	 ADD BLOCK -7 -3 -4 2
  10	 ADD BLOCK 8 9 8 7
  11	 ADD BLOCK -1 -2 1 -5
  13	 GROUP_EXCITATION
  14	 AMPLITUDE UNIFORM 22
  15	 PHASE UNIFORM -28 deg
  16	 END

** Generating GROUP: testgroup.
** PSTEP,QSTEP set to:88.000000,88.000000
** Grid ANGLE set to:90.000000 
** Group ROT_ANGLE set to: 0.000000 

** Writing output file: ../inputs/gr357.dat

NEL 
NPORTS
IDUM      REXA     REYA     REZA     THEA     PHEA     PSEA 
          AMP      PSH      PSC      PHEPOL
  72
  72
   1
   1
   1 	 -528.00  -176.00     0.00     0.00     0.00     0.00
   1 	 -528.00  -176.00     0.00     0.00     0.00     0.00
   	   22.00   -28.00     0.00    90.00
   	   22.00   -28.00     0.00    90.00
   2 	 -440.00  -176.00     0.00     0.00     0.00     0.00
   2 	 -440.00  -176.00     0.00     0.00     0.00     0.00
   	   22.00   -28.00     0.00    90.00
   	   22.00   -28.00     0.00    90.00
   3 	 -352.00  -176.00     0.00     0.00     0.00     0.00
   3 	 -352.00  -176.00     0.00     0.00     0.00     0.00
   	   22.00   -28.00     0.00    90.00
   	   22.00   -28.00     0.00    90.00
   4 	 -264.00  -176.00     0.00     0.00     0.00     0.00
   4 	 -264.00  -176.00     0.00     0.00     0.00     0.00
   	   22.00   -28.00     0.00    90.00
   	   22.00   -28.00     0.00    90.00
   5 	 -176.00  -176.00     0.00     0.00     0.00     0.00
   5 	 -176.00  -176.00     0.00     0.00     0.00     0.00
   	   22.00   -28.00     0.00    90.00
   	   22.00   -28.00     0.00    90.00
   6 	  -88.00  -176.00     0.00     0.00     0.00     0.00
   6 	  -88.00  -176.00     0.00     0.00     0.00     0.00
   	   22.00   -28.00     0.00    90.00
   	   22.00   -28.00     0.00    90.00
   7 	    0.00  -176.00     0.00     0.00     0.00     0.00
   7 	    0.00  -176.00     0.00     0.00     0.00     0.00
   	   22.00   -28.00     0.00    90.00
   	   22.00   -28.00     0.00    90.00
   8 	   88.00  -176.00     0.00     0.00     0.00     0.00
   8 	   88.00  -176.00     0.00     0.00     0.00     0.00
   	   22.00   -28.00     0.00    90.00
   	   22.00   -28.00     0.00    90.00
   9 	  176.00  -176.00     0.00     0.00     0.00     0.00
   9 	  176.00  -176.00     0.00     0.00     0.00     0.00
   	   22.00   -28.00     0.00    90.00
   	   22.00   -28.00     0.00    90.00
  10 	  264.00  -176.00     0.00     0.00     0.00     0.00
  10 	  264.00  -176.00     0.00     0.00     0.00     0.00
   	   22.00   -28.00     0.00    90.00
   	   22.00   -28.00     0.00    90.00
  11 	  352.00  -176.00     0.00     0.00     0.00     0.00
  11 	  352.00  -176.00     0.00     0.00     0.00     0.00
   	   22.00   -28.00     0.00    90.00
   	   22.00   -28.00     0.00    90.00
  12 	 -528.00   -88.00     0.00     0.00     0.00     0.00
  12 	 -528.00   -88.00     0.00     0.00     0.00     0.00
   	   22.00   -28.00     0.00    90.00
   	   22.00   -28.00     0.00    90.00
  13 	 -440.00   -88.00     0.00     0.00     0.00     0.00
  13 	 -440.00   -88.00     0.00     0.00     0.00     0.00
   	   22.00   -28.00     0.00    90.00
   	   22.00   -28.00     0.00    90.00
  14 	 -352.00   -88.00     0.00     0.00     0.00     0.00
  14 	 -352.00   -88.00     0.00     0.00     0.00     0.00
   	   22.00   -28.00     0.00    90.00
   	   22.00   -28.00     0.00    90.00
  15 	 -264.00   -88.00     0.00     0.00     0.00     0.00
  15 	 -264.00   -88.00     0.00     0.00     0.00     0.00
   	   22.00   -28.00     0.00    90.00
   	   22.00   -28.00     0.00    90.00
  16 	 -176.00   -88.00     0.00     0.00     0.00     0.00
  16 	 -176.00   -88.00     0.00     0.00     0.00     0.00
   	   22.00   -28.00     0.00    90.00
   	   22.00   -28.00     0.00    90.00
  17 	  -88.00   -88.00     0.00     0.00     0.00     0.00
  17 	  -88.00   -88.00     0.00     0.00     0.00     0.00
   	   22.00   -28.00     0.00    90.00
   	   22.00   -28.00     0.00    90.00
  18 	    0.00   -88.00     0.00     0.00     0.00     0.00
  18 	    0.00   -88.00     0.00     0.00     0.00     0.00
   	   22.00   -28.00     0.00    90.00
   	   22.00   -28.00     0.00    90.00
  19 	   88.00   -88.00     0.00     0.00     0.00     0.00
  19 	   88.00   -88.00     0.00     0.00     0.00     0.00
   	   22.00   -28.00     0.00    90.00
   	   22.00   -28.00     0.00    90.00
  20 	  176.00   -88.00     0.00     0.00     0.00     0.00
  20 	  176.00   -88.00     0.00     0.00     0.00     0.00
   	   22.00   -28.00     0.00    90.00
   	   22.00   -28.00     0.00    90.00
  21 	  264.00   -88.00     0.00     0.00     0.00     0.00
  21 	  264.00   -88.00     0.00     0.00     0.00     0.00
   	   22.00   -28.00     0.00    90.00
   	   22.00   -28.00     0.00    90.00
  22 	  352.00   -88.00     0.00     0.00     0.00     0.00
  22 	  352.00   -88.00     0.00     0.00     0.00     0.00
   	   22.00   -28.00     0.00    90.00
   	   22.00   -28.00     0.00    90.00
  23 	 -528.00     0.00     0.00     0.00     0.00     0.00
  23 	 -528.00     0.00     0.00     0.00     0.00     0.00
   	   22.00   -28.00     0.00    90.00
   	   22.00   -28.00     0.00    90.00
  24 	 -440.00     0.00     0.00     0.00     0.00     0.00
  24 	 -440.00     0.00     0.00     0.00     0.00     0.00
   	   22.00   -28.00     0.00    90.00
   	   22.00   -28.00     0.00    90.00
  25 	 -352.00     0.00     0.00     0.00     0.00     0.00
  25 	 -352.00     0.00     0.00     0.00     0.00     0.00
   	   22.00   -28.00     0.00    90.00
   	   22.00   -28.00     0.00    90.00
  26 	 -264.00     0.00     0.00     0.00     0.00     0.00
  26 	 -264.00     0.00     0.00     0.00     0.00     0.00
   	   22.00   -28.00     0.00    90.00
   	   22.00   -28.00     0.00    90.00
  27 	 -176.00     0.00     0.00     0.00     0.00     0.00
  27 	 -176.00     0.00     0.00     0.00     0.00     0.00
   	   22.00   -28.00     0.00    90.00
   	   22.00   -28.00     0.00    90.00
  28 	  -88.00     0.00     0.00     0.00     0.00     0.00
  28 	  -88.00     0.00     0.00     0.00     0.00     0.00
   	   22.00   -28.00     0.00    90.00
   	   22.00   -28.00     0.00    90.00
  29 	    0.00     0.00     0.00     0.00     0.00     0.00
  29 	    0.00     0.00     0.00     0.00     0.00     0.00
   	   22.00   -28.00     0.00    90.00
   	   22.00   -28.00     0.00    90.00
  30 	   88.00     0.00     0.00     0.00     0.00     0.00
  30 	   88.00     0.00     0.00     0.00     0.00     0.00
   	   22.00   -28.00     0.00    90.00
   	   22.00   -28.00     0.00    90.00
  31 	  176.00     0.00     0.00     0.00     0.00     0.00
  31 	  176.00     0.00     0.00     0.00     0.00     0.00
   	   22.00   -28.00     0.00    90.00
   	   22.00   -28.00     0.00    90.00
  32 	  264.00     0.00     0.00     0.00     0.00     0.00
  32 	  264.00     0.00     0.00     0.00     0.00     0.00
   	   22.00   -28.00     0.00    90.00
   	   22.00   -28.00     0.00    90.00
  33 	  352.00     0.00     0.00     0.00     0.00     0.00
  33 	  352.00     0.00     0.00     0.00     0.00     0.00
   	   22.00   -28.00     0.00    90.00
   	   22.00   -28.00     0.00    90.00
  34 	 -616.00  -264.00     0.00     0.00     0.00     0.00
  34 	 -616.00  -264.00     0.00     0.00     0.00     0.00
   	   22.00   -28.00     0.00    90.00
   	   22.00   -28.00     0.00    90.00
  35 	 -528.00  -264.00     0.00     0.00     0.00     0.00
  35 	 -528.00  -264.00     0.00     0.00     0.00     0.00
   	   22.00   -28.00     0.00    90.00
   	   22.00   -28.00     0.00    90.00
  36 	 -440.00  -264.00     0.00     0.00     0.00     0.00
  36 	 -440.00  -264.00     0.00     0.00     0.00     0.00
   	   22.00   -28.00     0.00    90.00
   	   22.00   -28.00     0.00    90.00
  37 	 -352.00  -264.00     0.00     0.00     0.00     0.00
  37 	 -352.00  -264.00     0.00     0.00     0.00     0.00
   	   22.00   -28.00     0.00    90.00
   	   22.00   -28.00     0.00    90.00
  38 	 -616.00  -176.00     0.00     0.00     0.00     0.00
  38 	 -616.00  -176.00     0.00     0.00     0.00     0.00
   	   22.00   -28.00     0.00    90.00
   	   22.00   -28.00     0.00    90.00
  39 	 -528.00  -176.00     0.00     0.00     0.00     0.00
  39 	 -528.00  -176.00     0.00     0.00     0.00     0.00
   	   22.00   -28.00     0.00    90.00
   	   22.00   -28.00     0.00    90.00
  40 	 -440.00  -176.00     0.00     0.00     0.00     0.00
  40 	 -440.00  -176.00     0.00     0.00     0.00     0.00
   	   22.00   -28.00     0.00    90.00
   	   22.00   -28.00     0.00    90.00
  41 	 -352.00  -176.00     0.00     0.00     0.00     0.00
  41 	 -352.00  -176.00     0.00     0.00     0.00     0.00
   	   22.00   -28.00     0.00    90.00
   	   22.00   -28.00     0.00    90.00
  42 	 -616.00   -88.00     0.00     0.00     0.00     0.00
  42 	 -616.00   -88.00     0.00     0.00     0.00     0.00
   	   22.00   -28.00     0.00    90.00
   	   22.00   -28.00     0.00    90.00
  43 	 -528.00   -88.00     0.00     0.00     0.00     0.00
  43 	 -528.00   -88.00     0.00     0.00     0.00     0.00
   	   22.00   -28.00     0.00    90.00
   	   22.00   -28.00     0.00    90.00
  44 	 -440.00   -88.00     0.00     0.00     0.00     0.00
  44 	 -440.00   -88.00     0.00     0.00     0.00     0.00
   	   22.00   -28.00     0.00    90.00
   	   22.00   -28.00     0.00    90.00
  45 	 -352.00   -88.00     0.00     0.00     0.00     0.00
  45 	 -352.00   -88.00     0.00     0.00     0.00     0.00
   	   22.00   -28.00     0.00    90.00
   	   22.00   -28.00     0.00    90.00
  46 	 -616.00     0.00     0.00     0.00     0.00     0.00
  46 	 -616.00     0.00     0.00     0.00     0.00     0.00
   	   22.00   -28.00     0.00    90.00
   	   22.00   -28.00     0.00    90.00
  47 	 -528.00     0.00     0.00     0.00     0.00     0.00
  47 	 -528.00     0.00     0.00     0.00     0.00     0.00
   	   22.00   -28.00     0.00    90.00
   	   22.00   -28.00     0.00    90.00
  48 	 -440.00     0.00     0.00     0.00     0.00     0.00
  48 	 -440.00     0.00     0.00     0.00     0.00     0.00
   	   22.00   -28.00     0.00    90.00
   	   22.00   -28.00     0.00    90.00
  49 	 -352.00     0.00     0.00     0.00     0.00     0.00
  49 	 -352.00     0.00     0.00     0.00     0.00     0.00
   	   22.00   -28.00     0.00    90.00
   	   22.00   -28.00     0.00    90.00
  50 	 -616.00    88.00     0.00     0.00     0.00     0.00
  50 	 -616.00    88.00     0.00     0.00     0.00     0.00
   	   22.00   -28.00     0.00    90.00
   	   22.00   -28.00     0.00    90.00
  51 	 -528.00    88.00     0.00     0.00     0.00     0.00
  51 	 -528.00    88.00     0.00     0.00     0.00     0.00
   	   22.00   -28.00     0.00    90.00
   	   22.00   -28.00     0.00    90.00
  52 	 -440.00    88.00     0.00     0.00     0.00     0.00
  52 	 -440.00    88.00     0.00     0.00     0.00     0.00
   	   22.00   -28.00     0.00    90.00
   	   22.00   -28.00     0.00    90.00
  53 	 -352.00    88.00     0.00     0.00     0.00     0.00
  53 	 -352.00    88.00     0.00     0.00     0.00     0.00
   	   22.00   -28.00     0.00    90.00
   	   22.00   -28.00     0.00    90.00
  54 	 -616.00   176.00     0.00     0.00     0.00     0.00
  54 	 -616.00   176.00     0.00     0.00     0.00     0.00
   	   22.00   -28.00     0.00    90.00
   	   22.00   -28.00     0.00    90.00
  55 	 -528.00   176.00     0.00     0.00     0.00     0.00
  55 	 -528.00   176.00     0.00     0.00     0.00     0.00
   	   22.00   -28.00     0.00    90.00
   	   22.00   -28.00     0.00    90.00
  56 	 -440.00   176.00     0.00     0.00     0.00     0.00
  56 	 -440.00   176.00     0.00     0.00     0.00     0.00
   	   22.00   -28.00     0.00    90.00
   	   22.00   -28.00     0.00    90.00
  57 	 -352.00   176.00     0.00     0.00     0.00     0.00
  57 	 -352.00   176.00     0.00     0.00     0.00     0.00
   	   22.00   -28.00     0.00    90.00
   	   22.00   -28.00     0.00    90.00
  58 	  704.00   616.00     0.00     0.00     0.00     0.00
  58 	  704.00   616.00     0.00     0.00     0.00     0.00
   	   22.00   -28.00     0.00    90.00
   	   22.00   -28.00     0.00    90.00
  59 	  704.00   704.00     0.00     0.00     0.00     0.00
  59 	  704.00   704.00     0.00     0.00     0.00     0.00
   	   22.00   -28.00     0.00    90.00
   	   22.00   -28.00     0.00    90.00
  60 	  704.00   792.00     0.00     0.00     0.00     0.00
  60 	  704.00   792.00     0.00     0.00     0.00     0.00
   	   22.00   -28.00     0.00    90.00
   	   22.00   -28.00     0.00    90.00
  61 	  -88.00  -440.00     0.00     0.00     0.00     0.00
  61 	  -88.00  -440.00     0.00     0.00     0.00     0.00
   	   22.00   -28.00     0.00    90.00
   	   22.00   -28.00     0.00    90.00
  62 	    0.00  -440.00     0.00     0.00     0.00     0.00
  62 	    0.00  -440.00     0.00     0.00     0.00     0.00
   	   22.00   -28.00     0.00    90.00
   	   22.00   -28.00     0.00    90.00
  63 	   88.00  -440.00     0.00     0.00     0.00     0.00
  63 	   88.00  -440.00     0.00     0.00     0.00     0.00
   	   22.00   -28.00     0.00    90.00
   	   22.00   -28.00     0.00    90.00
  64 	  -88.00  -352.00     0.00     0.00     0.00     0.00
  64 	  -88.00  -352.00     0.00     0.00     0.00     0.00
   	   22.00   -28.00     0.00    90.00
   	   22.00   -28.00     0.00    90.00
  65 	    0.00  -352.00     0.00     0.00     0.00     0.00
  65 	    0.00  -352.00     0.00     0.00     0.00     0.00
   	   22.00   -28.00     0.00    90.00
   	   22.00   -28.00     0.00    90.00
  66 	   88.00  -352.00     0.00     0.00     0.00     0.00
  66 	   88.00  -352.00     0.00     0.00     0.00     0.00
   	   22.00   -28.00     0.00    90.00
   	   22.00   -28.00     0.00    90.00
  67 	  -88.00  -264.00     0.00     0.00     0.00     0.00
  67 	  -88.00  -264.00     0.00     0.00     0.00     0.00
   	   22.00   -28.00     0.00    90.00
   	   22.00   -28.00     0.00    90.00
  68 	    0.00  -264.00     0.00     0.00     0.00     0.00
  68 	    0.00  -264.00     0.00     0.00     0.00     0.00
   	   22.00   -28.00     0.00    90.00
   	   22.00   -28.00     0.00    90.00
  69 	   88.00  -264.00     0.00     0.00     0.00     0.00
  69 	   88.00  -264.00     0.00     0.00     0.00     0.00
   	   22.00   -28.00     0.00    90.00
   	   22.00   -28.00     0.00    90.00
  70 	  -88.00  -176.00     0.00     0.00     0.00     0.00
  70 	  -88.00  -176.00     0.00     0.00     0.00     0.00
   	   22.00   -28.00     0.00    90.00
   	   22.00   -28.00     0.00    90.00
  71 	    0.00  -176.00     0.00     0.00     0.00     0.00
  71 	    0.00  -176.00     0.00     0.00     0.00     0.00
   	   22.00   -28.00     0.00    90.00
   	   22.00   -28.00     0.00    90.00
  72 	   88.00  -176.00     0.00     0.00     0.00     0.00
  72 	   88.00  -176.00     0.00     0.00     0.00     0.00
   	   22.00   -28.00     0.00    90.00
   	   22.00   -28.00     0.00    90.00

** End writing output file: ../inputs/gr357.dat 
