*******************************************************************************
                         ARRAY PREPROCESSOR ver. 1.0
*******************************************************************************



   1	GROUP testgroup
   3	 GRID HEXAGONAL
   4	 ELEMENT
   5	 GEOMETRY CIRCULAR 38
   7	 ADD HEXAGON 4 -1
   9	 GROUP_EXCITATION
  10	 AMPLITUDE SECOND ORDER 22 25 24 36 29
  11	 PHASE SECOND ORDER CENTRE 25 P1_VAL 25 P2_VAL 20 Q1_VAL 23 Q2_VAL 31
  12	 END

** Generating GROUP: testgroup.
** PSTEP,QSTEP set to:76.000000,76.000000
** Grid ANGLE set to:60.000000 
** Group ROT_ANGLE set to: 0.000000 

** Writing output file: ../inputs/gr358.dat

NEL 
NPORTS
IDUM      REXA     REYA     REZA     THEA     PHEA     PSEA 
          AMP      PSH      PSC      PHEPOL
   7
   7
   1
   1
   1 	  228.00     0.00     0.00     0.00     0.00     0.00
   1 	  228.00     0.00     0.00     0.00     0.00     0.00
   	   22.00    25.00     0.00    90.00
   	   22.00    25.00     0.00    90.00
   2 	  304.00     0.00     0.00     0.00     0.00     0.00
   2 	  304.00     0.00     0.00     0.00     0.00     0.00
   	   24.00    20.00     0.00    90.00
   	   24.00    20.00     0.00    90.00
   3 	  342.00   -65.82     0.00     0.00     0.00     0.00
   3 	  342.00   -65.82     0.00     0.00     0.00     0.00
   	   27.75    18.12     0.00    90.00
   	   27.75    18.12     0.00    90.00
   4 	  304.00  -131.64     0.00     0.00     0.00     0.00
   4 	  304.00  -131.64     0.00     0.00     0.00     0.00
   	   31.00    26.00     0.00    90.00
   	   31.00    26.00     0.00    90.00
   5 	  228.00  -131.64     0.00     0.00     0.00     0.00
   5 	  228.00  -131.64     0.00     0.00     0.00     0.00
   	   29.00    31.00     0.00    90.00
   	   29.00    31.00     0.00    90.00
   6 	  190.00   -65.82     0.00     0.00     0.00     0.00
   6 	  190.00   -65.82     0.00     0.00     0.00     0.00
   	   23.75    28.12     0.00    90.00
   	   23.75    28.12     0.00    90.00
   7 	  266.00   -65.82     0.00     0.00     0.00     0.00
   7 	  266.00   -65.82     0.00     0.00     0.00     0.00
   	   23.25    25.62     0.00    90.00
   	   23.25    25.62     0.00    90.00

** End writing output file: ../inputs/gr358.dat 
