*******************************************************************************
                         ARRAY PREPROCESSOR ver. 1.0
*******************************************************************************



   1	GROUP testgroup
   3	 GRID SQUARE
   4	 ELEMENT
   5	 GEOMETRY CIRCULAR 23
   7	 ADD HEXAGON 7 -4
   8	 ADD BLOCK 3 -6 3 2
  10	 GROUP_EXCITATION
  11	 AMPLITUDE UNIFORM 20
  12	 PHASE UNIFORM -119
  13	 END

** Generating GROUP: testgroup.
** PSTEP,QSTEP set to:46.000000,46.000000
** Grid ANGLE set to:90.000000 
** Group ROT_ANGLE set to: 0.000000 

** Writing output file: ../inputs/gr366.dat

NEL 
NPORTS
IDUM      REXA     REYA     REZA     THEA     PHEA     PSEA 
          AMP      PSH      PSC      PHEPOL
  16
  16
   1
   1
   1 	  276.00  -138.00     0.00     0.00     0.00     0.00
   1 	  276.00  -138.00     0.00     0.00     0.00     0.00
   	   20.00  -119.00     0.00    90.00
   	   20.00  -119.00     0.00    90.00
   2 	  322.00  -138.00     0.00     0.00     0.00     0.00
   2 	  322.00  -138.00     0.00     0.00     0.00     0.00
   	   20.00  -119.00     0.00    90.00
   	   20.00  -119.00     0.00    90.00
   3 	  368.00  -184.00     0.00     0.00     0.00     0.00
   3 	  368.00  -184.00     0.00     0.00     0.00     0.00
   	   20.00  -119.00     0.00    90.00
   	   20.00  -119.00     0.00    90.00
   4 	  368.00  -230.00     0.00     0.00     0.00     0.00
   4 	  368.00  -230.00     0.00     0.00     0.00     0.00
   	   20.00  -119.00     0.00    90.00
   	   20.00  -119.00     0.00    90.00
   5 	  322.00  -230.00     0.00     0.00     0.00     0.00
   5 	  322.00  -230.00     0.00     0.00     0.00     0.00
   	   20.00  -119.00     0.00    90.00
   	   20.00  -119.00     0.00    90.00
   6 	  276.00  -184.00     0.00     0.00     0.00     0.00
   6 	  276.00  -184.00     0.00     0.00     0.00     0.00
   	   20.00  -119.00     0.00    90.00
   	   20.00  -119.00     0.00    90.00
   7 	  322.00  -184.00     0.00     0.00     0.00     0.00
   7 	  322.00  -184.00     0.00     0.00     0.00     0.00
   	   20.00  -119.00     0.00    90.00
   	   20.00  -119.00     0.00    90.00
   8 	  138.00  -276.00     0.00     0.00     0.00     0.00
   8 	  138.00  -276.00     0.00     0.00     0.00     0.00
   	   20.00  -119.00     0.00    90.00
   	   20.00  -119.00     0.00    90.00
   9 	  138.00  -230.00     0.00     0.00     0.00     0.00
   9 	  138.00  -230.00     0.00     0.00     0.00     0.00
   	   20.00  -119.00     0.00    90.00
   	   20.00  -119.00     0.00    90.00
  10 	  138.00  -184.00     0.00     0.00     0.00     0.00
  10 	  138.00  -184.00     0.00     0.00     0.00     0.00
   	   20.00  -119.00     0.00    90.00
   	   20.00  -119.00     0.00    90.00
  11 	  138.00  -138.00     0.00     0.00     0.00     0.00
  11 	  138.00  -138.00     0.00     0.00     0.00     0.00
   	   20.00  -119.00     0.00    90.00
   	   20.00  -119.00     0.00    90.00
  12 	  138.00   -92.00     0.00     0.00     0.00     0.00
  12 	  138.00   -92.00     0.00     0.00     0.00     0.00
   	   20.00  -119.00     0.00    90.00
   	   20.00  -119.00     0.00    90.00
  13 	  138.00   -46.00     0.00     0.00     0.00     0.00
  13 	  138.00   -46.00     0.00     0.00     0.00     0.00
   	   20.00  -119.00     0.00    90.00
   	   20.00  -119.00     0.00    90.00
  14 	  138.00     0.00     0.00     0.00     0.00     0.00
  14 	  138.00     0.00     0.00     0.00     0.00     0.00
   	   20.00  -119.00     0.00    90.00
   	   20.00  -119.00     0.00    90.00
  15 	  138.00    46.00     0.00     0.00     0.00     0.00
  15 	  138.00    46.00     0.00     0.00     0.00     0.00
   	   20.00  -119.00     0.00    90.00
   	   20.00  -119.00     0.00    90.00
  16 	  138.00    92.00     0.00     0.00     0.00     0.00
  16 	  138.00    92.00     0.00     0.00     0.00     0.00
   	   20.00  -119.00     0.00    90.00
   	   20.00  -119.00     0.00    90.00

** End writing output file: ../inputs/gr366.dat 
