*******************************************************************************
                         ARRAY PREPROCESSOR ver. 1.0
*******************************************************************************



   1	GROUP testgroup
   3	 GRID HEXAGONAL
   4	 ELEMENT
   5	 GEOMETRY CIRCULAR 46
   7	 ADD HEXAGON -5 -4
   9	 GROUP_EXCITATION
  10	 AMPLITUDE UNIFORM 17
  11	 PHASE UNIFORM 8
  12	 END

** Generating GROUP: testgroup.
** PSTEP,QSTEP set to:92.000000,92.000000
** Grid ANGLE set to:60.000000 
** Group ROT_ANGLE set to: 0.000000 

** Writing output file: ../inputs/gr367.dat

NEL 
NPORTS
IDUM      REXA     REYA     REZA     THEA     PHEA     PSEA 
          AMP      PSH      PSC      PHEPOL
   7
   7
   1
   1
   1 	 -690.00  -239.02     0.00     0.00     0.00     0.00
   1 	 -690.00  -239.02     0.00     0.00     0.00     0.00
   	   17.00     8.00     0.00    90.00
   	   17.00     8.00     0.00    90.00
   2 	 -598.00  -239.02     0.00     0.00     0.00     0.00
   2 	 -598.00  -239.02     0.00     0.00     0.00     0.00
   	   17.00     8.00     0.00    90.00
   	   17.00     8.00     0.00    90.00
   3 	 -552.00  -318.70     0.00     0.00     0.00     0.00
   3 	 -552.00  -318.70     0.00     0.00     0.00     0.00
   	   17.00     8.00     0.00    90.00
   	   17.00     8.00     0.00    90.00
   4 	 -598.00  -398.37     0.00     0.00     0.00     0.00
   4 	 -598.00  -398.37     0.00     0.00     0.00     0.00
   	   17.00     8.00     0.00    90.00
   	   17.00     8.00     0.00    90.00
   5 	 -690.00  -398.37     0.00     0.00     0.00     0.00
   5 	 -690.00  -398.37     0.00     0.00     0.00     0.00
   	   17.00     8.00     0.00    90.00
   	   17.00     8.00     0.00    90.00
   6 	 -736.00  -318.70     0.00     0.00     0.00     0.00
   6 	 -736.00  -318.70     0.00     0.00     0.00     0.00
   	   17.00     8.00     0.00    90.00
   	   17.00     8.00     0.00    90.00
   7 	 -644.00  -318.70     0.00     0.00     0.00     0.00
   7 	 -644.00  -318.70     0.00     0.00     0.00     0.00
   	   17.00     8.00     0.00    90.00
   	   17.00     8.00     0.00    90.00

** End writing output file: ../inputs/gr367.dat 
