*******************************************************************************
                         ARRAY PREPROCESSOR ver. 1.0
*******************************************************************************



   1	GROUP testgroup
   3	 GRID SQUARE STEP 72
   4	 ELEMENT
   5	 GEOMETRY CIRCULAR 65 dm
   7	 ADD BLOCK -2 -3 -4 0
   8	 ADD BLOCK -2 7 6 -9
   9	 ADD BLOCK 4 4 0 6
  11	 GROUP_EXCITATION
  12	 AMPLITUDE UNIFORM 29
  13	 PHASE UNIFORM 92 deg
  14	 END

** WARNING B2: GRID step(s) too small for specified element in GROUP: testgroup
** Generating GROUP: testgroup.
** PSTEP,QSTEP set to:72.000000,72.000000
** Grid ANGLE set to:90.000000 
** Group ROT_ANGLE set to: 0.000000 

** Writing output file: ../inputs/gr37.dat

NEL 
NPORTS
IDUM      REXA     REYA     REZA     THEA     PHEA     PSEA 
          AMP      PSH      PSC      PHEPOL
 180
 180
   1
   1
   1 	 -288.00  -216.00     0.00     0.00     0.00     0.00
   1 	 -288.00  -216.00     0.00     0.00     0.00     0.00
   	   29.00    92.00     0.00    90.00
   	   29.00    92.00     0.00    90.00
   2 	 -216.00  -216.00     0.00     0.00     0.00     0.00
   2 	 -216.00  -216.00     0.00     0.00     0.00     0.00
   	   29.00    92.00     0.00    90.00
   	   29.00    92.00     0.00    90.00
   3 	 -144.00  -216.00     0.00     0.00     0.00     0.00
   3 	 -144.00  -216.00     0.00     0.00     0.00     0.00
   	   29.00    92.00     0.00    90.00
   	   29.00    92.00     0.00    90.00
   4 	 -288.00  -144.00     0.00     0.00     0.00     0.00
   4 	 -288.00  -144.00     0.00     0.00     0.00     0.00
   	   29.00    92.00     0.00    90.00
   	   29.00    92.00     0.00    90.00
   5 	 -216.00  -144.00     0.00     0.00     0.00     0.00
   5 	 -216.00  -144.00     0.00     0.00     0.00     0.00
   	   29.00    92.00     0.00    90.00
   	   29.00    92.00     0.00    90.00
   6 	 -144.00  -144.00     0.00     0.00     0.00     0.00
   6 	 -144.00  -144.00     0.00     0.00     0.00     0.00
   	   29.00    92.00     0.00    90.00
   	   29.00    92.00     0.00    90.00
   7 	 -288.00   -72.00     0.00     0.00     0.00     0.00
   7 	 -288.00   -72.00     0.00     0.00     0.00     0.00
   	   29.00    92.00     0.00    90.00
   	   29.00    92.00     0.00    90.00
   8 	 -216.00   -72.00     0.00     0.00     0.00     0.00
   8 	 -216.00   -72.00     0.00     0.00     0.00     0.00
   	   29.00    92.00     0.00    90.00
   	   29.00    92.00     0.00    90.00
   9 	 -144.00   -72.00     0.00     0.00     0.00     0.00
   9 	 -144.00   -72.00     0.00     0.00     0.00     0.00
   	   29.00    92.00     0.00    90.00
   	   29.00    92.00     0.00    90.00
  10 	 -288.00     0.00     0.00     0.00     0.00     0.00
  10 	 -288.00     0.00     0.00     0.00     0.00     0.00
   	   29.00    92.00     0.00    90.00
   	   29.00    92.00     0.00    90.00
  11 	 -216.00     0.00     0.00     0.00     0.00     0.00
  11 	 -216.00     0.00     0.00     0.00     0.00     0.00
   	   29.00    92.00     0.00    90.00
   	   29.00    92.00     0.00    90.00
  12 	 -144.00     0.00     0.00     0.00     0.00     0.00
  12 	 -144.00     0.00     0.00     0.00     0.00     0.00
   	   29.00    92.00     0.00    90.00
   	   29.00    92.00     0.00    90.00
  13 	 -144.00  -648.00     0.00     0.00     0.00     0.00
  13 	 -144.00  -648.00     0.00     0.00     0.00     0.00
   	   29.00    92.00     0.00    90.00
   	   29.00    92.00     0.00    90.00
  14 	  -72.00  -648.00     0.00     0.00     0.00     0.00
  14 	  -72.00  -648.00     0.00     0.00     0.00     0.00
   	   29.00    92.00     0.00    90.00
   	   29.00    92.00     0.00    90.00
  15 	    0.00  -648.00     0.00     0.00     0.00     0.00
  15 	    0.00  -648.00     0.00     0.00     0.00     0.00
   	   29.00    92.00     0.00    90.00
   	   29.00    92.00     0.00    90.00
  16 	   72.00  -648.00     0.00     0.00     0.00     0.00
  16 	   72.00  -648.00     0.00     0.00     0.00     0.00
   	   29.00    92.00     0.00    90.00
   	   29.00    92.00     0.00    90.00
  17 	  144.00  -648.00     0.00     0.00     0.00     0.00
  17 	  144.00  -648.00     0.00     0.00     0.00     0.00
   	   29.00    92.00     0.00    90.00
   	   29.00    92.00     0.00    90.00
  18 	  216.00  -648.00     0.00     0.00     0.00     0.00
  18 	  216.00  -648.00     0.00     0.00     0.00     0.00
   	   29.00    92.00     0.00    90.00
   	   29.00    92.00     0.00    90.00
  19 	  288.00  -648.00     0.00     0.00     0.00     0.00
  19 	  288.00  -648.00     0.00     0.00     0.00     0.00
   	   29.00    92.00     0.00    90.00
   	   29.00    92.00     0.00    90.00
  20 	  360.00  -648.00     0.00     0.00     0.00     0.00
  20 	  360.00  -648.00     0.00     0.00     0.00     0.00
   	   29.00    92.00     0.00    90.00
   	   29.00    92.00     0.00    90.00
  21 	  432.00  -648.00     0.00     0.00     0.00     0.00
  21 	  432.00  -648.00     0.00     0.00     0.00     0.00
   	   29.00    92.00     0.00    90.00
   	   29.00    92.00     0.00    90.00
  22 	 -144.00  -576.00     0.00     0.00     0.00     0.00
  22 	 -144.00  -576.00     0.00     0.00     0.00     0.00
   	   29.00    92.00     0.00    90.00
   	   29.00    92.00     0.00    90.00
  23 	  -72.00  -576.00     0.00     0.00     0.00     0.00
  23 	  -72.00  -576.00     0.00     0.00     0.00     0.00
   	   29.00    92.00     0.00    90.00
   	   29.00    92.00     0.00    90.00
  24 	    0.00  -576.00     0.00     0.00     0.00     0.00
  24 	    0.00  -576.00     0.00     0.00     0.00     0.00
   	   29.00    92.00     0.00    90.00
   	   29.00    92.00     0.00    90.00
  25 	   72.00  -576.00     0.00     0.00     0.00     0.00
  25 	   72.00  -576.00     0.00     0.00     0.00     0.00
   	   29.00    92.00     0.00    90.00
   	   29.00    92.00     0.00    90.00
  26 	  144.00  -576.00     0.00     0.00     0.00     0.00
  26 	  144.00  -576.00     0.00     0.00     0.00     0.00
   	   29.00    92.00     0.00    90.00
   	   29.00    92.00     0.00    90.00
  27 	  216.00  -576.00     0.00     0.00     0.00     0.00
  27 	  216.00  -576.00     0.00     0.00     0.00     0.00
   	   29.00    92.00     0.00    90.00
   	   29.00    92.00     0.00    90.00
  28 	  288.00  -576.00     0.00     0.00     0.00     0.00
  28 	  288.00  -576.00     0.00     0.00     0.00     0.00
   	   29.00    92.00     0.00    90.00
   	   29.00    92.00     0.00    90.00
  29 	  360.00  -576.00     0.00     0.00     0.00     0.00
  29 	  360.00  -576.00     0.00     0.00     0.00     0.00
   	   29.00    92.00     0.00    90.00
   	   29.00    92.00     0.00    90.00
  30 	  432.00  -576.00     0.00     0.00     0.00     0.00
  30 	  432.00  -576.00     0.00     0.00     0.00     0.00
   	   29.00    92.00     0.00    90.00
   	   29.00    92.00     0.00    90.00
  31 	 -144.00  -504.00     0.00     0.00     0.00     0.00
  31 	 -144.00  -504.00     0.00     0.00     0.00     0.00
   	   29.00    92.00     0.00    90.00
   	   29.00    92.00     0.00    90.00
  32 	  -72.00  -504.00     0.00     0.00     0.00     0.00
  32 	  -72.00  -504.00     0.00     0.00     0.00     0.00
   	   29.00    92.00     0.00    90.00
   	   29.00    92.00     0.00    90.00
  33 	    0.00  -504.00     0.00     0.00     0.00     0.00
  33 	    0.00  -504.00     0.00     0.00     0.00     0.00
   	   29.00    92.00     0.00    90.00
   	   29.00    92.00     0.00    90.00
  34 	   72.00  -504.00     0.00     0.00     0.00     0.00
  34 	   72.00  -504.00     0.00     0.00     0.00     0.00
   	   29.00    92.00     0.00    90.00
   	   29.00    92.00     0.00    90.00
  35 	  144.00  -504.00     0.00     0.00     0.00     0.00
  35 	  144.00  -504.00     0.00     0.00     0.00     0.00
   	   29.00    92.00     0.00    90.00
   	   29.00    92.00     0.00    90.00
  36 	  216.00  -504.00     0.00     0.00     0.00     0.00
  36 	  216.00  -504.00     0.00     0.00     0.00     0.00
   	   29.00    92.00     0.00    90.00
   	   29.00    92.00     0.00    90.00
  37 	  288.00  -504.00     0.00     0.00     0.00     0.00
  37 	  288.00  -504.00     0.00     0.00     0.00     0.00
   	   29.00    92.00     0.00    90.00
   	   29.00    92.00     0.00    90.00
  38 	  360.00  -504.00     0.00     0.00     0.00     0.00
  38 	  360.00  -504.00     0.00     0.00     0.00     0.00
   	   29.00    92.00     0.00    90.00
   	   29.00    92.00     0.00    90.00
  39 	  432.00  -504.00     0.00     0.00     0.00     0.00
  39 	  432.00  -504.00     0.00     0.00     0.00     0.00
   	   29.00    92.00     0.00    90.00
   	   29.00    92.00     0.00    90.00
  40 	 -144.00  -432.00     0.00     0.00     0.00     0.00
  40 	 -144.00  -432.00     0.00     0.00     0.00     0.00
   	   29.00    92.00     0.00    90.00
   	   29.00    92.00     0.00    90.00
  41 	  -72.00  -432.00     0.00     0.00     0.00     0.00
  41 	  -72.00  -432.00     0.00     0.00     0.00     0.00
   	   29.00    92.00     0.00    90.00
   	   29.00    92.00     0.00    90.00
  42 	    0.00  -432.00     0.00     0.00     0.00     0.00
  42 	    0.00  -432.00     0.00     0.00     0.00     0.00
   	   29.00    92.00     0.00    90.00
   	   29.00    92.00     0.00    90.00
  43 	   72.00  -432.00     0.00     0.00     0.00     0.00
  43 	   72.00  -432.00     0.00     0.00     0.00     0.00
   	   29.00    92.00     0.00    90.00
   	   29.00    92.00     0.00    90.00
  44 	  144.00  -432.00     0.00     0.00     0.00     0.00
  44 	  144.00  -432.00     0.00     0.00     0.00     0.00
   	   29.00    92.00     0.00    90.00
   	   29.00    92.00     0.00    90.00
  45 	  216.00  -432.00     0.00     0.00     0.00     0.00
  45 	  216.00  -432.00     0.00     0.00     0.00     0.00
   	   29.00    92.00     0.00    90.00
   	   29.00    92.00     0.00    90.00
  46 	  288.00  -432.00     0.00     0.00     0.00     0.00
  46 	  288.00  -432.00     0.00     0.00     0.00     0.00
   	   29.00    92.00     0.00    90.00
   	   29.00    92.00     0.00    90.00
  47 	  360.00  -432.00     0.00     0.00     0.00     0.00
  47 	  360.00  -432.00     0.00     0.00     0.00     0.00
   	   29.00    92.00     0.00    90.00
   	   29.00    92.00     0.00    90.00
  48 	  432.00  -432.00     0.00     0.00     0.00     0.00
  48 	  432.00  -432.00     0.00     0.00     0.00     0.00
   	   29.00    92.00     0.00    90.00
   	   29.00    92.00     0.00    90.00
  49 	 -144.00  -360.00     0.00     0.00     0.00     0.00
  49 	 -144.00  -360.00     0.00     0.00     0.00     0.00
   	   29.00    92.00     0.00    90.00
   	   29.00    92.00     0.00    90.00
  50 	  -72.00  -360.00     0.00     0.00     0.00     0.00
  50 	  -72.00  -360.00     0.00     0.00     0.00     0.00
   	   29.00    92.00     0.00    90.00
   	   29.00    92.00     0.00    90.00
  51 	    0.00  -360.00     0.00     0.00     0.00     0.00
  51 	    0.00  -360.00     0.00     0.00     0.00     0.00
   	   29.00    92.00     0.00    90.00
   	   29.00    92.00     0.00    90.00
  52 	   72.00  -360.00     0.00     0.00     0.00     0.00
  52 	   72.00  -360.00     0.00     0.00     0.00     0.00
   	   29.00    92.00     0.00    90.00
   	   29.00    92.00     0.00    90.00
  53 	  144.00  -360.00     0.00     0.00     0.00     0.00
  53 	  144.00  -360.00     0.00     0.00     0.00     0.00
   	   29.00    92.00     0.00    90.00
   	   29.00    92.00     0.00    90.00
  54 	  216.00  -360.00     0.00     0.00     0.00     0.00
  54 	  216.00  -360.00     0.00     0.00     0.00     0.00
   	   29.00    92.00     0.00    90.00
   	   29.00    92.00     0.00    90.00
  55 	  288.00  -360.00     0.00     0.00     0.00     0.00
  55 	  288.00  -360.00     0.00     0.00     0.00     0.00
   	   29.00    92.00     0.00    90.00
   	   29.00    92.00     0.00    90.00
  56 	  360.00  -360.00     0.00     0.00     0.00     0.00
  56 	  360.00  -360.00     0.00     0.00     0.00     0.00
   	   29.00    92.00     0.00    90.00
   	   29.00    92.00     0.00    90.00
  57 	  432.00  -360.00     0.00     0.00     0.00     0.00
  57 	  432.00  -360.00     0.00     0.00     0.00     0.00
   	   29.00    92.00     0.00    90.00
   	   29.00    92.00     0.00    90.00
  58 	 -144.00  -288.00     0.00     0.00     0.00     0.00
  58 	 -144.00  -288.00     0.00     0.00     0.00     0.00
   	   29.00    92.00     0.00    90.00
   	   29.00    92.00     0.00    90.00
  59 	  -72.00  -288.00     0.00     0.00     0.00     0.00
  59 	  -72.00  -288.00     0.00     0.00     0.00     0.00
   	   29.00    92.00     0.00    90.00
   	   29.00    92.00     0.00    90.00
  60 	    0.00  -288.00     0.00     0.00     0.00     0.00
  60 	    0.00  -288.00     0.00     0.00     0.00     0.00
   	   29.00    92.00     0.00    90.00
   	   29.00    92.00     0.00    90.00
  61 	   72.00  -288.00     0.00     0.00     0.00     0.00
  61 	   72.00  -288.00     0.00     0.00     0.00     0.00
   	   29.00    92.00     0.00    90.00
   	   29.00    92.00     0.00    90.00
  62 	  144.00  -288.00     0.00     0.00     0.00     0.00
  62 	  144.00  -288.00     0.00     0.00     0.00     0.00
   	   29.00    92.00     0.00    90.00
   	   29.00    92.00     0.00    90.00
  63 	  216.00  -288.00     0.00     0.00     0.00     0.00
  63 	  216.00  -288.00     0.00     0.00     0.00     0.00
   	   29.00    92.00     0.00    90.00
   	   29.00    92.00     0.00    90.00
  64 	  288.00  -288.00     0.00     0.00     0.00     0.00
  64 	  288.00  -288.00     0.00     0.00     0.00     0.00
   	   29.00    92.00     0.00    90.00
   	   29.00    92.00     0.00    90.00
  65 	  360.00  -288.00     0.00     0.00     0.00     0.00
  65 	  360.00  -288.00     0.00     0.00     0.00     0.00
   	   29.00    92.00     0.00    90.00
   	   29.00    92.00     0.00    90.00
  66 	  432.00  -288.00     0.00     0.00     0.00     0.00
  66 	  432.00  -288.00     0.00     0.00     0.00     0.00
   	   29.00    92.00     0.00    90.00
   	   29.00    92.00     0.00    90.00
  67 	 -144.00  -216.00     0.00     0.00     0.00     0.00
  67 	 -144.00  -216.00     0.00     0.00     0.00     0.00
   	   29.00    92.00     0.00    90.00
   	   29.00    92.00     0.00    90.00
  68 	  -72.00  -216.00     0.00     0.00     0.00     0.00
  68 	  -72.00  -216.00     0.00     0.00     0.00     0.00
   	   29.00    92.00     0.00    90.00
   	   29.00    92.00     0.00    90.00
  69 	    0.00  -216.00     0.00     0.00     0.00     0.00
  69 	    0.00  -216.00     0.00     0.00     0.00     0.00
   	   29.00    92.00     0.00    90.00
   	   29.00    92.00     0.00    90.00
  70 	   72.00  -216.00     0.00     0.00     0.00     0.00
  70 	   72.00  -216.00     0.00     0.00     0.00     0.00
   	   29.00    92.00     0.00    90.00
   	   29.00    92.00     0.00    90.00
  71 	  144.00  -216.00     0.00     0.00     0.00     0.00
  71 	  144.00  -216.00     0.00     0.00     0.00     0.00
   	   29.00    92.00     0.00    90.00
   	   29.00    92.00     0.00    90.00
  72 	  216.00  -216.00     0.00     0.00     0.00     0.00
  72 	  216.00  -216.00     0.00     0.00     0.00     0.00
   	   29.00    92.00     0.00    90.00
   	   29.00    92.00     0.00    90.00
  73 	  288.00  -216.00     0.00     0.00     0.00     0.00
  73 	  288.00  -216.00     0.00     0.00     0.00     0.00
   	   29.00    92.00     0.00    90.00
   	   29.00    92.00     0.00    90.00
  74 	  360.00  -216.00     0.00     0.00     0.00     0.00
  74 	  360.00  -216.00     0.00     0.00     0.00     0.00
   	   29.00    92.00     0.00    90.00
   	   29.00    92.00     0.00    90.00
  75 	  432.00  -216.00     0.00     0.00     0.00     0.00
  75 	  432.00  -216.00     0.00     0.00     0.00     0.00
   	   29.00    92.00     0.00    90.00
   	   29.00    92.00     0.00    90.00
  76 	 -144.00  -144.00     0.00     0.00     0.00     0.00
  76 	 -144.00  -144.00     0.00     0.00     0.00     0.00
   	   29.00    92.00     0.00    90.00
   	   29.00    92.00     0.00    90.00
  77 	  -72.00  -144.00     0.00     0.00     0.00     0.00
  77 	  -72.00  -144.00     0.00     0.00     0.00     0.00
   	   29.00    92.00     0.00    90.00
   	   29.00    92.00     0.00    90.00
  78 	    0.00  -144.00     0.00     0.00     0.00     0.00
  78 	    0.00  -144.00     0.00     0.00     0.00     0.00
   	   29.00    92.00     0.00    90.00
   	   29.00    92.00     0.00    90.00
  79 	   72.00  -144.00     0.00     0.00     0.00     0.00
  79 	   72.00  -144.00     0.00     0.00     0.00     0.00
   	   29.00    92.00     0.00    90.00
   	   29.00    92.00     0.00    90.00
  80 	  144.00  -144.00     0.00     0.00     0.00     0.00
  80 	  144.00  -144.00     0.00     0.00     0.00     0.00
   	   29.00    92.00     0.00    90.00
   	   29.00    92.00     0.00    90.00
  81 	  216.00  -144.00     0.00     0.00     0.00     0.00
  81 	  216.00  -144.00     0.00     0.00     0.00     0.00
   	   29.00    92.00     0.00    90.00
   	   29.00    92.00     0.00    90.00
  82 	  288.00  -144.00     0.00     0.00     0.00     0.00
  82 	  288.00  -144.00     0.00     0.00     0.00     0.00
   	   29.00    92.00     0.00    90.00
   	   29.00    92.00     0.00    90.00
  83 	  360.00  -144.00     0.00     0.00     0.00     0.00
  83 	  360.00  -144.00     0.00     0.00     0.00     0.00
   	   29.00    92.00     0.00    90.00
   	   29.00    92.00     0.00    90.00
  84 	  432.00  -144.00     0.00     0.00     0.00     0.00
  84 	  432.00  -144.00     0.00     0.00     0.00     0.00
   	   29.00    92.00     0.00    90.00
   	   29.00    92.00     0.00    90.00
  85 	 -144.00   -72.00     0.00     0.00     0.00     0.00
  85 	 -144.00   -72.00     0.00     0.00     0.00     0.00
   	   29.00    92.00     0.00    90.00
   	   29.00    92.00     0.00    90.00
  86 	  -72.00   -72.00     0.00     0.00     0.00     0.00
  86 	  -72.00   -72.00     0.00     0.00     0.00     0.00
   	   29.00    92.00     0.00    90.00
   	   29.00    92.00     0.00    90.00
  87 	    0.00   -72.00     0.00     0.00     0.00     0.00
  87 	    0.00   -72.00     0.00     0.00     0.00     0.00
   	   29.00    92.00     0.00    90.00
   	   29.00    92.00     0.00    90.00
  88 	   72.00   -72.00     0.00     0.00     0.00     0.00
  88 	   72.00   -72.00     0.00     0.00     0.00     0.00
   	   29.00    92.00     0.00    90.00
   	   29.00    92.00     0.00    90.00
  89 	  144.00   -72.00     0.00     0.00     0.00     0.00
  89 	  144.00   -72.00     0.00     0.00     0.00     0.00
   	   29.00    92.00     0.00    90.00
   	   29.00    92.00     0.00    90.00
  90 	  216.00   -72.00     0.00     0.00     0.00     0.00
  90 	  216.00   -72.00     0.00     0.00     0.00     0.00
   	   29.00    92.00     0.00    90.00
   	   29.00    92.00     0.00    90.00
  91 	  288.00   -72.00     0.00     0.00     0.00     0.00
  91 	  288.00   -72.00     0.00     0.00     0.00     0.00
   	   29.00    92.00     0.00    90.00
   	   29.00    92.00     0.00    90.00
  92 	  360.00   -72.00     0.00     0.00     0.00     0.00
  92 	  360.00   -72.00     0.00     0.00     0.00     0.00
   	   29.00    92.00     0.00    90.00
   	   29.00    92.00     0.00    90.00
  93 	  432.00   -72.00     0.00     0.00     0.00     0.00
  93 	  432.00   -72.00     0.00     0.00     0.00     0.00
   	   29.00    92.00     0.00    90.00
   	   29.00    92.00     0.00    90.00
  94 	 -144.00     0.00     0.00     0.00     0.00     0.00
  94 	 -144.00     0.00     0.00     0.00     0.00     0.00
   	   29.00    92.00     0.00    90.00
   	   29.00    92.00     0.00    90.00
  95 	  -72.00     0.00     0.00     0.00     0.00     0.00
  95 	  -72.00     0.00     0.00     0.00     0.00     0.00
   	   29.00    92.00     0.00    90.00
   	   29.00    92.00     0.00    90.00
  96 	    0.00     0.00     0.00     0.00     0.00     0.00
  96 	    0.00     0.00     0.00     0.00     0.00     0.00
   	   29.00    92.00     0.00    90.00
   	   29.00    92.00     0.00    90.00
  97 	   72.00     0.00     0.00     0.00     0.00     0.00
  97 	   72.00     0.00     0.00     0.00     0.00     0.00
   	   29.00    92.00     0.00    90.00
   	   29.00    92.00     0.00    90.00
  98 	  144.00     0.00     0.00     0.00     0.00     0.00
  98 	  144.00     0.00     0.00     0.00     0.00     0.00
   	   29.00    92.00     0.00    90.00
   	   29.00    92.00     0.00    90.00
  99 	  216.00     0.00     0.00     0.00     0.00     0.00
  99 	  216.00     0.00     0.00     0.00     0.00     0.00
   	   29.00    92.00     0.00    90.00
   	   29.00    92.00     0.00    90.00
 100 	  288.00     0.00     0.00     0.00     0.00     0.00
 100 	  288.00     0.00     0.00     0.00     0.00     0.00
   	   29.00    92.00     0.00    90.00
   	   29.00    92.00     0.00    90.00
 101 	  360.00     0.00     0.00     0.00     0.00     0.00
 101 	  360.00     0.00     0.00     0.00     0.00     0.00
   	   29.00    92.00     0.00    90.00
   	   29.00    92.00     0.00    90.00
 102 	  432.00     0.00     0.00     0.00     0.00     0.00
 102 	  432.00     0.00     0.00     0.00     0.00     0.00
   	   29.00    92.00     0.00    90.00
   	   29.00    92.00     0.00    90.00
 103 	 -144.00    72.00     0.00     0.00     0.00     0.00
 103 	 -144.00    72.00     0.00     0.00     0.00     0.00
   	   29.00    92.00     0.00    90.00
   	   29.00    92.00     0.00    90.00
 104 	  -72.00    72.00     0.00     0.00     0.00     0.00
 104 	  -72.00    72.00     0.00     0.00     0.00     0.00
   	   29.00    92.00     0.00    90.00
   	   29.00    92.00     0.00    90.00
 105 	   -0.00    72.00     0.00     0.00     0.00     0.00
 105 	   -0.00    72.00     0.00     0.00     0.00     0.00
   	   29.00    92.00     0.00    90.00
   	   29.00    92.00     0.00    90.00
 106 	   72.00    72.00     0.00     0.00     0.00     0.00
 106 	   72.00    72.00     0.00     0.00     0.00     0.00
   	   29.00    92.00     0.00    90.00
   	   29.00    92.00     0.00    90.00
 107 	  144.00    72.00     0.00     0.00     0.00     0.00
 107 	  144.00    72.00     0.00     0.00     0.00     0.00
   	   29.00    92.00     0.00    90.00
   	   29.00    92.00     0.00    90.00
 108 	  216.00    72.00     0.00     0.00     0.00     0.00
 108 	  216.00    72.00     0.00     0.00     0.00     0.00
   	   29.00    92.00     0.00    90.00
   	   29.00    92.00     0.00    90.00
 109 	  288.00    72.00     0.00     0.00     0.00     0.00
 109 	  288.00    72.00     0.00     0.00     0.00     0.00
   	   29.00    92.00     0.00    90.00
   	   29.00    92.00     0.00    90.00
 110 	  360.00    72.00     0.00     0.00     0.00     0.00
 110 	  360.00    72.00     0.00     0.00     0.00     0.00
   	   29.00    92.00     0.00    90.00
   	   29.00    92.00     0.00    90.00
 111 	  432.00    72.00     0.00     0.00     0.00     0.00
 111 	  432.00    72.00     0.00     0.00     0.00     0.00
   	   29.00    92.00     0.00    90.00
   	   29.00    92.00     0.00    90.00
 112 	 -144.00   144.00     0.00     0.00     0.00     0.00
 112 	 -144.00   144.00     0.00     0.00     0.00     0.00
   	   29.00    92.00     0.00    90.00
   	   29.00    92.00     0.00    90.00
 113 	  -72.00   144.00     0.00     0.00     0.00     0.00
 113 	  -72.00   144.00     0.00     0.00     0.00     0.00
   	   29.00    92.00     0.00    90.00
   	   29.00    92.00     0.00    90.00
 114 	   -0.00   144.00     0.00     0.00     0.00     0.00
 114 	   -0.00   144.00     0.00     0.00     0.00     0.00
   	   29.00    92.00     0.00    90.00
   	   29.00    92.00     0.00    90.00
 115 	   72.00   144.00     0.00     0.00     0.00     0.00
 115 	   72.00   144.00     0.00     0.00     0.00     0.00
   	   29.00    92.00     0.00    90.00
   	   29.00    92.00     0.00    90.00
 116 	  144.00   144.00     0.00     0.00     0.00     0.00
 116 	  144.00   144.00     0.00     0.00     0.00     0.00
   	   29.00    92.00     0.00    90.00
   	   29.00    92.00     0.00    90.00
 117 	  216.00   144.00     0.00     0.00     0.00     0.00
 117 	  216.00   144.00     0.00     0.00     0.00     0.00
   	   29.00    92.00     0.00    90.00
   	   29.00    92.00     0.00    90.00
 118 	  288.00   144.00     0.00     0.00     0.00     0.00
 118 	  288.00   144.00     0.00     0.00     0.00     0.00
   	   29.00    92.00     0.00    90.00
   	   29.00    92.00     0.00    90.00
 119 	  360.00   144.00     0.00     0.00     0.00     0.00
 119 	  360.00   144.00     0.00     0.00     0.00     0.00
   	   29.00    92.00     0.00    90.00
   	   29.00    92.00     0.00    90.00
 120 	  432.00   144.00     0.00     0.00     0.00     0.00
 120 	  432.00   144.00     0.00     0.00     0.00     0.00
   	   29.00    92.00     0.00    90.00
   	   29.00    92.00     0.00    90.00
 121 	 -144.00   216.00     0.00     0.00     0.00     0.00
 121 	 -144.00   216.00     0.00     0.00     0.00     0.00
   	   29.00    92.00     0.00    90.00
   	   29.00    92.00     0.00    90.00
 122 	  -72.00   216.00     0.00     0.00     0.00     0.00
 122 	  -72.00   216.00     0.00     0.00     0.00     0.00
   	   29.00    92.00     0.00    90.00
   	   29.00    92.00     0.00    90.00
 123 	   -0.00   216.00     0.00     0.00     0.00     0.00
 123 	   -0.00   216.00     0.00     0.00     0.00     0.00
   	   29.00    92.00     0.00    90.00
   	   29.00    92.00     0.00    90.00
 124 	   72.00   216.00     0.00     0.00     0.00     0.00
 124 	   72.00   216.00     0.00     0.00     0.00     0.00
   	   29.00    92.00     0.00    90.00
   	   29.00    92.00     0.00    90.00
 125 	  144.00   216.00     0.00     0.00     0.00     0.00
 125 	  144.00   216.00     0.00     0.00     0.00     0.00
   	   29.00    92.00     0.00    90.00
   	   29.00    92.00     0.00    90.00
 126 	  216.00   216.00     0.00     0.00     0.00     0.00
 126 	  216.00   216.00     0.00     0.00     0.00     0.00
   	   29.00    92.00     0.00    90.00
   	   29.00    92.00     0.00    90.00
 127 	  288.00   216.00     0.00     0.00     0.00     0.00
 127 	  288.00   216.00     0.00     0.00     0.00     0.00
   	   29.00    92.00     0.00    90.00
   	   29.00    92.00     0.00    90.00
 128 	  360.00   216.00     0.00     0.00     0.00     0.00
 128 	  360.00   216.00     0.00     0.00     0.00     0.00
   	   29.00    92.00     0.00    90.00
   	   29.00    92.00     0.00    90.00
 129 	  432.00   216.00     0.00     0.00     0.00     0.00
 129 	  432.00   216.00     0.00     0.00     0.00     0.00
   	   29.00    92.00     0.00    90.00
   	   29.00    92.00     0.00    90.00
 130 	 -144.00   288.00     0.00     0.00     0.00     0.00
 130 	 -144.00   288.00     0.00     0.00     0.00     0.00
   	   29.00    92.00     0.00    90.00
   	   29.00    92.00     0.00    90.00
 131 	  -72.00   288.00     0.00     0.00     0.00     0.00
 131 	  -72.00   288.00     0.00     0.00     0.00     0.00
   	   29.00    92.00     0.00    90.00
   	   29.00    92.00     0.00    90.00
 132 	   -0.00   288.00     0.00     0.00     0.00     0.00
 132 	   -0.00   288.00     0.00     0.00     0.00     0.00
   	   29.00    92.00     0.00    90.00
   	   29.00    92.00     0.00    90.00
 133 	   72.00   288.00     0.00     0.00     0.00     0.00
 133 	   72.00   288.00     0.00     0.00     0.00     0.00
   	   29.00    92.00     0.00    90.00
   	   29.00    92.00     0.00    90.00
 134 	  144.00   288.00     0.00     0.00     0.00     0.00
 134 	  144.00   288.00     0.00     0.00     0.00     0.00
   	   29.00    92.00     0.00    90.00
   	   29.00    92.00     0.00    90.00
 135 	  216.00   288.00     0.00     0.00     0.00     0.00
 135 	  216.00   288.00     0.00     0.00     0.00     0.00
   	   29.00    92.00     0.00    90.00
   	   29.00    92.00     0.00    90.00
 136 	  288.00   288.00     0.00     0.00     0.00     0.00
 136 	  288.00   288.00     0.00     0.00     0.00     0.00
   	   29.00    92.00     0.00    90.00
   	   29.00    92.00     0.00    90.00
 137 	  360.00   288.00     0.00     0.00     0.00     0.00
 137 	  360.00   288.00     0.00     0.00     0.00     0.00
   	   29.00    92.00     0.00    90.00
   	   29.00    92.00     0.00    90.00
 138 	  432.00   288.00     0.00     0.00     0.00     0.00
 138 	  432.00   288.00     0.00     0.00     0.00     0.00
   	   29.00    92.00     0.00    90.00
   	   29.00    92.00     0.00    90.00
 139 	 -144.00   360.00     0.00     0.00     0.00     0.00
 139 	 -144.00   360.00     0.00     0.00     0.00     0.00
   	   29.00    92.00     0.00    90.00
   	   29.00    92.00     0.00    90.00
 140 	  -72.00   360.00     0.00     0.00     0.00     0.00
 140 	  -72.00   360.00     0.00     0.00     0.00     0.00
   	   29.00    92.00     0.00    90.00
   	   29.00    92.00     0.00    90.00
 141 	   -0.00   360.00     0.00     0.00     0.00     0.00
 141 	   -0.00   360.00     0.00     0.00     0.00     0.00
   	   29.00    92.00     0.00    90.00
   	   29.00    92.00     0.00    90.00
 142 	   72.00   360.00     0.00     0.00     0.00     0.00
 142 	   72.00   360.00     0.00     0.00     0.00     0.00
   	   29.00    92.00     0.00    90.00
   	   29.00    92.00     0.00    90.00
 143 	  144.00   360.00     0.00     0.00     0.00     0.00
 143 	  144.00   360.00     0.00     0.00     0.00     0.00
   	   29.00    92.00     0.00    90.00
   	   29.00    92.00     0.00    90.00
 144 	  216.00   360.00     0.00     0.00     0.00     0.00
 144 	  216.00   360.00     0.00     0.00     0.00     0.00
   	   29.00    92.00     0.00    90.00
   	   29.00    92.00     0.00    90.00
 145 	  288.00   360.00     0.00     0.00     0.00     0.00
 145 	  288.00   360.00     0.00     0.00     0.00     0.00
   	   29.00    92.00     0.00    90.00
   	   29.00    92.00     0.00    90.00
 146 	  360.00   360.00     0.00     0.00     0.00     0.00
 146 	  360.00   360.00     0.00     0.00     0.00     0.00
   	   29.00    92.00     0.00    90.00
   	   29.00    92.00     0.00    90.00
 147 	  432.00   360.00     0.00     0.00     0.00     0.00
 147 	  432.00   360.00     0.00     0.00     0.00     0.00
   	   29.00    92.00     0.00    90.00
   	   29.00    92.00     0.00    90.00
 148 	 -144.00   432.00     0.00     0.00     0.00     0.00
 148 	 -144.00   432.00     0.00     0.00     0.00     0.00
   	   29.00    92.00     0.00    90.00
   	   29.00    92.00     0.00    90.00
 149 	  -72.00   432.00     0.00     0.00     0.00     0.00
 149 	  -72.00   432.00     0.00     0.00     0.00     0.00
   	   29.00    92.00     0.00    90.00
   	   29.00    92.00     0.00    90.00
 150 	   -0.00   432.00     0.00     0.00     0.00     0.00
 150 	   -0.00   432.00     0.00     0.00     0.00     0.00
   	   29.00    92.00     0.00    90.00
   	   29.00    92.00     0.00    90.00
 151 	   72.00   432.00     0.00     0.00     0.00     0.00
 151 	   72.00   432.00     0.00     0.00     0.00     0.00
   	   29.00    92.00     0.00    90.00
   	   29.00    92.00     0.00    90.00
 152 	  144.00   432.00     0.00     0.00     0.00     0.00
 152 	  144.00   432.00     0.00     0.00     0.00     0.00
   	   29.00    92.00     0.00    90.00
   	   29.00    92.00     0.00    90.00
 153 	  216.00   432.00     0.00     0.00     0.00     0.00
 153 	  216.00   432.00     0.00     0.00     0.00     0.00
   	   29.00    92.00     0.00    90.00
   	   29.00    92.00     0.00    90.00
 154 	  288.00   432.00     0.00     0.00     0.00     0.00
 154 	  288.00   432.00     0.00     0.00     0.00     0.00
   	   29.00    92.00     0.00    90.00
   	   29.00    92.00     0.00    90.00
 155 	  360.00   432.00     0.00     0.00     0.00     0.00
 155 	  360.00   432.00     0.00     0.00     0.00     0.00
   	   29.00    92.00     0.00    90.00
   	   29.00    92.00     0.00    90.00
 156 	  432.00   432.00     0.00     0.00     0.00     0.00
 156 	  432.00   432.00     0.00     0.00     0.00     0.00
   	   29.00    92.00     0.00    90.00
   	   29.00    92.00     0.00    90.00
 157 	 -144.00   504.00     0.00     0.00     0.00     0.00
 157 	 -144.00   504.00     0.00     0.00     0.00     0.00
   	   29.00    92.00     0.00    90.00
   	   29.00    92.00     0.00    90.00
 158 	  -72.00   504.00     0.00     0.00     0.00     0.00
 158 	  -72.00   504.00     0.00     0.00     0.00     0.00
   	   29.00    92.00     0.00    90.00
   	   29.00    92.00     0.00    90.00
 159 	   -0.00   504.00     0.00     0.00     0.00     0.00
 159 	   -0.00   504.00     0.00     0.00     0.00     0.00
   	   29.00    92.00     0.00    90.00
   	   29.00    92.00     0.00    90.00
 160 	   72.00   504.00     0.00     0.00     0.00     0.00
 160 	   72.00   504.00     0.00     0.00     0.00     0.00
   	   29.00    92.00     0.00    90.00
   	   29.00    92.00     0.00    90.00
 161 	  144.00   504.00     0.00     0.00     0.00     0.00
 161 	  144.00   504.00     0.00     0.00     0.00     0.00
   	   29.00    92.00     0.00    90.00
   	   29.00    92.00     0.00    90.00
 162 	  216.00   504.00     0.00     0.00     0.00     0.00
 162 	  216.00   504.00     0.00     0.00     0.00     0.00
   	   29.00    92.00     0.00    90.00
   	   29.00    92.00     0.00    90.00
 163 	  288.00   504.00     0.00     0.00     0.00     0.00
 163 	  288.00   504.00     0.00     0.00     0.00     0.00
   	   29.00    92.00     0.00    90.00
   	   29.00    92.00     0.00    90.00
 164 	  360.00   504.00     0.00     0.00     0.00     0.00
 164 	  360.00   504.00     0.00     0.00     0.00     0.00
   	   29.00    92.00     0.00    90.00
   	   29.00    92.00     0.00    90.00
 165 	  432.00   504.00     0.00     0.00     0.00     0.00
 165 	  432.00   504.00     0.00     0.00     0.00     0.00
   	   29.00    92.00     0.00    90.00
   	   29.00    92.00     0.00    90.00
 166 	   -0.00   288.00     0.00     0.00     0.00     0.00
 166 	   -0.00   288.00     0.00     0.00     0.00     0.00
   	   29.00    92.00     0.00    90.00
   	   29.00    92.00     0.00    90.00
 167 	   72.00   288.00     0.00     0.00     0.00     0.00
 167 	   72.00   288.00     0.00     0.00     0.00     0.00
   	   29.00    92.00     0.00    90.00
   	   29.00    92.00     0.00    90.00
 168 	  144.00   288.00     0.00     0.00     0.00     0.00
 168 	  144.00   288.00     0.00     0.00     0.00     0.00
   	   29.00    92.00     0.00    90.00
   	   29.00    92.00     0.00    90.00
 169 	  216.00   288.00     0.00     0.00     0.00     0.00
 169 	  216.00   288.00     0.00     0.00     0.00     0.00
   	   29.00    92.00     0.00    90.00
   	   29.00    92.00     0.00    90.00
 170 	  288.00   288.00     0.00     0.00     0.00     0.00
 170 	  288.00   288.00     0.00     0.00     0.00     0.00
   	   29.00    92.00     0.00    90.00
   	   29.00    92.00     0.00    90.00
 171 	   -0.00   360.00     0.00     0.00     0.00     0.00
 171 	   -0.00   360.00     0.00     0.00     0.00     0.00
   	   29.00    92.00     0.00    90.00
   	   29.00    92.00     0.00    90.00
 172 	   72.00   360.00     0.00     0.00     0.00     0.00
 172 	   72.00   360.00     0.00     0.00     0.00     0.00
   	   29.00    92.00     0.00    90.00
   	   29.00    92.00     0.00    90.00
 173 	  144.00   360.00     0.00     0.00     0.00     0.00
 173 	  144.00   360.00     0.00     0.00     0.00     0.00
   	   29.00    92.00     0.00    90.00
   	   29.00    92.00     0.00    90.00
 174 	  216.00   360.00     0.00     0.00     0.00     0.00
 174 	  216.00   360.00     0.00     0.00     0.00     0.00
   	   29.00    92.00     0.00    90.00
   	   29.00    92.00     0.00    90.00
 175 	  288.00   360.00     0.00     0.00     0.00     0.00
 175 	  288.00   360.00     0.00     0.00     0.00     0.00
   	   29.00    92.00     0.00    90.00
   	   29.00    92.00     0.00    90.00
 176 	   -0.00   432.00     0.00     0.00     0.00     0.00
 176 	   -0.00   432.00     0.00     0.00     0.00     0.00
   	   29.00    92.00     0.00    90.00
   	   29.00    92.00     0.00    90.00
 177 	   72.00   432.00     0.00     0.00     0.00     0.00
 177 	   72.00   432.00     0.00     0.00     0.00     0.00
   	   29.00    92.00     0.00    90.00
   	   29.00    92.00     0.00    90.00
 178 	  144.00   432.00     0.00     0.00     0.00     0.00
 178 	  144.00   432.00     0.00     0.00     0.00     0.00
   	   29.00    92.00     0.00    90.00
   	   29.00    92.00     0.00    90.00
 179 	  216.00   432.00     0.00     0.00     0.00     0.00
 179 	  216.00   432.00     0.00     0.00     0.00     0.00
   	   29.00    92.00     0.00    90.00
   	   29.00    92.00     0.00    90.00
 180 	  288.00   432.00     0.00     0.00     0.00     0.00
 180 	  288.00   432.00     0.00     0.00     0.00     0.00
   	   29.00    92.00     0.00    90.00
   	   29.00    92.00     0.00    90.00

** End writing output file: ../inputs/gr37.dat 
