*******************************************************************************
                         ARRAY PREPROCESSOR ver. 1.0
*******************************************************************************



   1	GROUP testgroup
   3	 GRID HEXAGONAL
   4	 ELEMENT
   5	 GEOMETRY CIRCULAR RADIUS 79
   7	 ADD BLOCK 6 5 6 0
   9	 GROUP_EXCITATION
  10	 AMPLITUDE UNIFORM 21
  11	 PHASE UNIFORM -189
  12	 END

** Generating GROUP: testgroup.
** PSTEP,QSTEP set to:158.000000,158.000000
** Grid ANGLE set to:60.000000 
** Group ROT_ANGLE set to: 0.000000 

** Writing output file: ../inputs/gr378.dat

NEL 
NPORTS
IDUM      REXA     REYA     REZA     THEA     PHEA     PSEA 
          AMP      PSH      PSC      PHEPOL
   6
   6
   1
   1
   1 	  948.00     0.00     0.00     0.00     0.00     0.00
   1 	  948.00     0.00     0.00     0.00     0.00     0.00
   	   21.00  -189.00     0.00    90.00
   	   21.00  -189.00     0.00    90.00
   2 	 1027.00   136.83     0.00     0.00     0.00     0.00
   2 	 1027.00   136.83     0.00     0.00     0.00     0.00
   	   21.00  -189.00     0.00    90.00
   	   21.00  -189.00     0.00    90.00
   3 	 1106.00   273.66     0.00     0.00     0.00     0.00
   3 	 1106.00   273.66     0.00     0.00     0.00     0.00
   	   21.00  -189.00     0.00    90.00
   	   21.00  -189.00     0.00    90.00
   4 	 1185.00   410.50     0.00     0.00     0.00     0.00
   4 	 1185.00   410.50     0.00     0.00     0.00     0.00
   	   21.00  -189.00     0.00    90.00
   	   21.00  -189.00     0.00    90.00
   5 	 1264.00   547.33     0.00     0.00     0.00     0.00
   5 	 1264.00   547.33     0.00     0.00     0.00     0.00
   	   21.00  -189.00     0.00    90.00
   	   21.00  -189.00     0.00    90.00
   6 	 1343.00   684.16     0.00     0.00     0.00     0.00
   6 	 1343.00   684.16     0.00     0.00     0.00     0.00
   	   21.00  -189.00     0.00    90.00
   	   21.00  -189.00     0.00    90.00

** End writing output file: ../inputs/gr378.dat 
