*******************************************************************************
                         ARRAY PREPROCESSOR ver. 1.0
*******************************************************************************



   1	GROUP testgroup
   3	 GRID RECTANGULAR
   4	 ELEMENT
   5	 GEOMETRY CIRCULAR RADIUS 59
   6	 POLARIZATION CIRCULAR
   7	 PORTS 5
   8	 PORT 1
   9	 AMPLITUDE 24
  10	 PORT 2
  11	 AMPLITUDE 20
  12	 PHASE_SHAPING 443
  13	 PHASE_POL_ARRANG 321
  14	 PORT 3
  15	 AMPLITUDE 26
  16	 PORT 4
  17	 AMPLITUDE 24
  18	 PHASE_POL_ARRANG 328
  19	 PORT 5
  20	 AMPLITUDE 24
  21	 ADD BLOCK -6 1 0 0
  22	 ADD BLOCK 1 6 3 6
  23	 ADD BLOCK 2 -4 5 2
  25	 GROUP_EXCITATION
  26	 AMPLITUDE UNIFORM 29
  27	 PHASE UNIFORM 72
  28	 END

** Generating GROUP: testgroup.
** PSTEP,QSTEP set to:118.000000,118.000000
** Grid ANGLE set to:90.000000 
** Group ROT_ANGLE set to: 0.000000 

** Writing output file: ../inputs/gr379.dat

NEL 
NPORTS
IDUM      REXA     REYA     REZA     THEA     PHEA     PSEA 
          AMP      PSH      PSC      PHEPOL
  45
  45
   5
   5
   1 	 -708.00     0.00     0.00     0.00     0.00     0.00
   1 	 -708.00     0.00     0.00     0.00     0.00     0.00
   	  696.00    72.00     0.00    90.00
   	  696.00    72.00     0.00    90.00
   	  580.00   836.00     0.00    90.00
   	  580.00   836.00     0.00    90.00
   	  754.00    72.00     0.00    90.00
   	  754.00    72.00     0.00    90.00
   	  696.00   400.00     0.00    90.00
   	  696.00   400.00     0.00    90.00
   	  696.00    72.00     0.00    90.00
   	  696.00    72.00     0.00    90.00
   2 	 -590.00     0.00     0.00     0.00     0.00     0.00
   2 	 -590.00     0.00     0.00     0.00     0.00     0.00
   	  696.00    72.00     0.00    90.00
   	  696.00    72.00     0.00    90.00
   	  580.00   836.00     0.00    90.00
   	  580.00   836.00     0.00    90.00
   	  754.00    72.00     0.00    90.00
   	  754.00    72.00     0.00    90.00
   	  696.00   400.00     0.00    90.00
   	  696.00   400.00     0.00    90.00
   	  696.00    72.00     0.00    90.00
   	  696.00    72.00     0.00    90.00
   3 	 -472.00     0.00     0.00     0.00     0.00     0.00
   3 	 -472.00     0.00     0.00     0.00     0.00     0.00
   	  696.00    72.00     0.00    90.00
   	  696.00    72.00     0.00    90.00
   	  580.00   836.00     0.00    90.00
   	  580.00   836.00     0.00    90.00
   	  754.00    72.00     0.00    90.00
   	  754.00    72.00     0.00    90.00
   	  696.00   400.00     0.00    90.00
   	  696.00   400.00     0.00    90.00
   	  696.00    72.00     0.00    90.00
   	  696.00    72.00     0.00    90.00
   4 	 -354.00     0.00     0.00     0.00     0.00     0.00
   4 	 -354.00     0.00     0.00     0.00     0.00     0.00
   	  696.00    72.00     0.00    90.00
   	  696.00    72.00     0.00    90.00
   	  580.00   836.00     0.00    90.00
   	  580.00   836.00     0.00    90.00
   	  754.00    72.00     0.00    90.00
   	  754.00    72.00     0.00    90.00
   	  696.00   400.00     0.00    90.00
   	  696.00   400.00     0.00    90.00
   	  696.00    72.00     0.00    90.00
   	  696.00    72.00     0.00    90.00
   5 	 -236.00     0.00     0.00     0.00     0.00     0.00
   5 	 -236.00     0.00     0.00     0.00     0.00     0.00
   	  696.00    72.00     0.00    90.00
   	  696.00    72.00     0.00    90.00
   	  580.00   836.00     0.00    90.00
   	  580.00   836.00     0.00    90.00
   	  754.00    72.00     0.00    90.00
   	  754.00    72.00     0.00    90.00
   	  696.00   400.00     0.00    90.00
   	  696.00   400.00     0.00    90.00
   	  696.00    72.00     0.00    90.00
   	  696.00    72.00     0.00    90.00
   6 	 -118.00     0.00     0.00     0.00     0.00     0.00
   6 	 -118.00     0.00     0.00     0.00     0.00     0.00
   	  696.00    72.00     0.00    90.00
   	  696.00    72.00     0.00    90.00
   	  580.00   836.00     0.00    90.00
   	  580.00   836.00     0.00    90.00
   	  754.00    72.00     0.00    90.00
   	  754.00    72.00     0.00    90.00
   	  696.00   400.00     0.00    90.00
   	  696.00   400.00     0.00    90.00
   	  696.00    72.00     0.00    90.00
   	  696.00    72.00     0.00    90.00
   7 	    0.00     0.00     0.00     0.00     0.00     0.00
   7 	    0.00     0.00     0.00     0.00     0.00     0.00
   	  696.00    72.00     0.00    90.00
   	  696.00    72.00     0.00    90.00
   	  580.00   836.00     0.00    90.00
   	  580.00   836.00     0.00    90.00
   	  754.00    72.00     0.00    90.00
   	  754.00    72.00     0.00    90.00
   	  696.00   400.00     0.00    90.00
   	  696.00   400.00     0.00    90.00
   	  696.00    72.00     0.00    90.00
   	  696.00    72.00     0.00    90.00
   8 	 -708.00   118.00     0.00     0.00     0.00     0.00
   8 	 -708.00   118.00     0.00     0.00     0.00     0.00
   	  696.00    72.00     0.00    90.00
   	  696.00    72.00     0.00    90.00
   	  580.00   836.00     0.00    90.00
   	  580.00   836.00     0.00    90.00
   	  754.00    72.00     0.00    90.00
   	  754.00    72.00     0.00    90.00
   	  696.00   400.00     0.00    90.00
   	  696.00   400.00     0.00    90.00
   	  696.00    72.00     0.00    90.00
   	  696.00    72.00     0.00    90.00
   9 	 -590.00   118.00     0.00     0.00     0.00     0.00
   9 	 -590.00   118.00     0.00     0.00     0.00     0.00
   	  696.00    72.00     0.00    90.00
   	  696.00    72.00     0.00    90.00
   	  580.00   836.00     0.00    90.00
   	  580.00   836.00     0.00    90.00
   	  754.00    72.00     0.00    90.00
   	  754.00    72.00     0.00    90.00
   	  696.00   400.00     0.00    90.00
   	  696.00   400.00     0.00    90.00
   	  696.00    72.00     0.00    90.00
   	  696.00    72.00     0.00    90.00
  10 	 -472.00   118.00     0.00     0.00     0.00     0.00
  10 	 -472.00   118.00     0.00     0.00     0.00     0.00
   	  696.00    72.00     0.00    90.00
   	  696.00    72.00     0.00    90.00
   	  580.00   836.00     0.00    90.00
   	  580.00   836.00     0.00    90.00
   	  754.00    72.00     0.00    90.00
   	  754.00    72.00     0.00    90.00
   	  696.00   400.00     0.00    90.00
   	  696.00   400.00     0.00    90.00
   	  696.00    72.00     0.00    90.00
   	  696.00    72.00     0.00    90.00
  11 	 -354.00   118.00     0.00     0.00     0.00     0.00
  11 	 -354.00   118.00     0.00     0.00     0.00     0.00
   	  696.00    72.00     0.00    90.00
   	  696.00    72.00     0.00    90.00
   	  580.00   836.00     0.00    90.00
   	  580.00   836.00     0.00    90.00
   	  754.00    72.00     0.00    90.00
   	  754.00    72.00     0.00    90.00
   	  696.00   400.00     0.00    90.00
   	  696.00   400.00     0.00    90.00
   	  696.00    72.00     0.00    90.00
   	  696.00    72.00     0.00    90.00
  12 	 -236.00   118.00     0.00     0.00     0.00     0.00
  12 	 -236.00   118.00     0.00     0.00     0.00     0.00
   	  696.00    72.00     0.00    90.00
   	  696.00    72.00     0.00    90.00
   	  580.00   836.00     0.00    90.00
   	  580.00   836.00     0.00    90.00
   	  754.00    72.00     0.00    90.00
   	  754.00    72.00     0.00    90.00
   	  696.00   400.00     0.00    90.00
   	  696.00   400.00     0.00    90.00
   	  696.00    72.00     0.00    90.00
   	  696.00    72.00     0.00    90.00
  13 	 -118.00   118.00     0.00     0.00     0.00     0.00
  13 	 -118.00   118.00     0.00     0.00     0.00     0.00
   	  696.00    72.00     0.00    90.00
   	  696.00    72.00     0.00    90.00
   	  580.00   836.00     0.00    90.00
   	  580.00   836.00     0.00    90.00
   	  754.00    72.00     0.00    90.00
   	  754.00    72.00     0.00    90.00
   	  696.00   400.00     0.00    90.00
   	  696.00   400.00     0.00    90.00
   	  696.00    72.00     0.00    90.00
   	  696.00    72.00     0.00    90.00
  14 	   -0.00   118.00     0.00     0.00     0.00     0.00
  14 	   -0.00   118.00     0.00     0.00     0.00     0.00
   	  696.00    72.00     0.00    90.00
   	  696.00    72.00     0.00    90.00
   	  580.00   836.00     0.00    90.00
   	  580.00   836.00     0.00    90.00
   	  754.00    72.00     0.00    90.00
   	  754.00    72.00     0.00    90.00
   	  696.00   400.00     0.00    90.00
   	  696.00   400.00     0.00    90.00
   	  696.00    72.00     0.00    90.00
   	  696.00    72.00     0.00    90.00
  15 	  118.00   708.00     0.00     0.00     0.00     0.00
  15 	  118.00   708.00     0.00     0.00     0.00     0.00
   	  696.00    72.00     0.00    90.00
   	  696.00    72.00     0.00    90.00
   	  580.00   836.00     0.00    90.00
   	  580.00   836.00     0.00    90.00
   	  754.00    72.00     0.00    90.00
   	  754.00    72.00     0.00    90.00
   	  696.00   400.00     0.00    90.00
   	  696.00   400.00     0.00    90.00
   	  696.00    72.00     0.00    90.00
   	  696.00    72.00     0.00    90.00
  16 	  236.00   708.00     0.00     0.00     0.00     0.00
  16 	  236.00   708.00     0.00     0.00     0.00     0.00
   	  696.00    72.00     0.00    90.00
   	  696.00    72.00     0.00    90.00
   	  580.00   836.00     0.00    90.00
   	  580.00   836.00     0.00    90.00
   	  754.00    72.00     0.00    90.00
   	  754.00    72.00     0.00    90.00
   	  696.00   400.00     0.00    90.00
   	  696.00   400.00     0.00    90.00
   	  696.00    72.00     0.00    90.00
   	  696.00    72.00     0.00    90.00
  17 	  354.00   708.00     0.00     0.00     0.00     0.00
  17 	  354.00   708.00     0.00     0.00     0.00     0.00
   	  696.00    72.00     0.00    90.00
   	  696.00    72.00     0.00    90.00
   	  580.00   836.00     0.00    90.00
   	  580.00   836.00     0.00    90.00
   	  754.00    72.00     0.00    90.00
   	  754.00    72.00     0.00    90.00
   	  696.00   400.00     0.00    90.00
   	  696.00   400.00     0.00    90.00
   	  696.00    72.00     0.00    90.00
   	  696.00    72.00     0.00    90.00
  18 	  236.00  -472.00     0.00     0.00     0.00     0.00
  18 	  236.00  -472.00     0.00     0.00     0.00     0.00
   	  696.00    72.00     0.00    90.00
   	  696.00    72.00     0.00    90.00
   	  580.00   836.00     0.00    90.00
   	  580.00   836.00     0.00    90.00
   	  754.00    72.00     0.00    90.00
   	  754.00    72.00     0.00    90.00
   	  696.00   400.00     0.00    90.00
   	  696.00   400.00     0.00    90.00
   	  696.00    72.00     0.00    90.00
   	  696.00    72.00     0.00    90.00
  19 	  354.00  -472.00     0.00     0.00     0.00     0.00
  19 	  354.00  -472.00     0.00     0.00     0.00     0.00
   	  696.00    72.00     0.00    90.00
   	  696.00    72.00     0.00    90.00
   	  580.00   836.00     0.00    90.00
   	  580.00   836.00     0.00    90.00
   	  754.00    72.00     0.00    90.00
   	  754.00    72.00     0.00    90.00
   	  696.00   400.00     0.00    90.00
   	  696.00   400.00     0.00    90.00
   	  696.00    72.00     0.00    90.00
   	  696.00    72.00     0.00    90.00
  20 	  472.00  -472.00     0.00     0.00     0.00     0.00
  20 	  472.00  -472.00     0.00     0.00     0.00     0.00
   	  696.00    72.00     0.00    90.00
   	  696.00    72.00     0.00    90.00
   	  580.00   836.00     0.00    90.00
   	  580.00   836.00     0.00    90.00
   	  754.00    72.00     0.00    90.00
   	  754.00    72.00     0.00    90.00
   	  696.00   400.00     0.00    90.00
   	  696.00   400.00     0.00    90.00
   	  696.00    72.00     0.00    90.00
   	  696.00    72.00     0.00    90.00
  21 	  590.00  -472.00     0.00     0.00     0.00     0.00
  21 	  590.00  -472.00     0.00     0.00     0.00     0.00
   	  696.00    72.00     0.00    90.00
   	  696.00    72.00     0.00    90.00
   	  580.00   836.00     0.00    90.00
   	  580.00   836.00     0.00    90.00
   	  754.00    72.00     0.00    90.00
   	  754.00    72.00     0.00    90.00
   	  696.00   400.00     0.00    90.00
   	  696.00   400.00     0.00    90.00
   	  696.00    72.00     0.00    90.00
   	  696.00    72.00     0.00    90.00
  22 	  236.00  -354.00     0.00     0.00     0.00     0.00
  22 	  236.00  -354.00     0.00     0.00     0.00     0.00
   	  696.00    72.00     0.00    90.00
   	  696.00    72.00     0.00    90.00
   	  580.00   836.00     0.00    90.00
   	  580.00   836.00     0.00    90.00
   	  754.00    72.00     0.00    90.00
   	  754.00    72.00     0.00    90.00
   	  696.00   400.00     0.00    90.00
   	  696.00   400.00     0.00    90.00
   	  696.00    72.00     0.00    90.00
   	  696.00    72.00     0.00    90.00
  23 	  354.00  -354.00     0.00     0.00     0.00     0.00
  23 	  354.00  -354.00     0.00     0.00     0.00     0.00
   	  696.00    72.00     0.00    90.00
   	  696.00    72.00     0.00    90.00
   	  580.00   836.00     0.00    90.00
   	  580.00   836.00     0.00    90.00
   	  754.00    72.00     0.00    90.00
   	  754.00    72.00     0.00    90.00
   	  696.00   400.00     0.00    90.00
   	  696.00   400.00     0.00    90.00
   	  696.00    72.00     0.00    90.00
   	  696.00    72.00     0.00    90.00
  24 	  472.00  -354.00     0.00     0.00     0.00     0.00
  24 	  472.00  -354.00     0.00     0.00     0.00     0.00
   	  696.00    72.00     0.00    90.00
   	  696.00    72.00     0.00    90.00
   	  580.00   836.00     0.00    90.00
   	  580.00   836.00     0.00    90.00
   	  754.00    72.00     0.00    90.00
   	  754.00    72.00     0.00    90.00
   	  696.00   400.00     0.00    90.00
   	  696.00   400.00     0.00    90.00
   	  696.00    72.00     0.00    90.00
   	  696.00    72.00     0.00    90.00
  25 	  590.00  -354.00     0.00     0.00     0.00     0.00
  25 	  590.00  -354.00     0.00     0.00     0.00     0.00
   	  696.00    72.00     0.00    90.00
   	  696.00    72.00     0.00    90.00
   	  580.00   836.00     0.00    90.00
   	  580.00   836.00     0.00    90.00
   	  754.00    72.00     0.00    90.00
   	  754.00    72.00     0.00    90.00
   	  696.00   400.00     0.00    90.00
   	  696.00   400.00     0.00    90.00
   	  696.00    72.00     0.00    90.00
   	  696.00    72.00     0.00    90.00
  26 	  236.00  -236.00     0.00     0.00     0.00     0.00
  26 	  236.00  -236.00     0.00     0.00     0.00     0.00
   	  696.00    72.00     0.00    90.00
   	  696.00    72.00     0.00    90.00
   	  580.00   836.00     0.00    90.00
   	  580.00   836.00     0.00    90.00
   	  754.00    72.00     0.00    90.00
   	  754.00    72.00     0.00    90.00
   	  696.00   400.00     0.00    90.00
   	  696.00   400.00     0.00    90.00
   	  696.00    72.00     0.00    90.00
   	  696.00    72.00     0.00    90.00
  27 	  354.00  -236.00     0.00     0.00     0.00     0.00
  27 	  354.00  -236.00     0.00     0.00     0.00     0.00
   	  696.00    72.00     0.00    90.00
   	  696.00    72.00     0.00    90.00
   	  580.00   836.00     0.00    90.00
   	  580.00   836.00     0.00    90.00
   	  754.00    72.00     0.00    90.00
   	  754.00    72.00     0.00    90.00
   	  696.00   400.00     0.00    90.00
   	  696.00   400.00     0.00    90.00
   	  696.00    72.00     0.00    90.00
   	  696.00    72.00     0.00    90.00
  28 	  472.00  -236.00     0.00     0.00     0.00     0.00
  28 	  472.00  -236.00     0.00     0.00     0.00     0.00
   	  696.00    72.00     0.00    90.00
   	  696.00    72.00     0.00    90.00
   	  580.00   836.00     0.00    90.00
   	  580.00   836.00     0.00    90.00
   	  754.00    72.00     0.00    90.00
   	  754.00    72.00     0.00    90.00
   	  696.00   400.00     0.00    90.00
   	  696.00   400.00     0.00    90.00
   	  696.00    72.00     0.00    90.00
   	  696.00    72.00     0.00    90.00
  29 	  590.00  -236.00     0.00     0.00     0.00     0.00
  29 	  590.00  -236.00     0.00     0.00     0.00     0.00
   	  696.00    72.00     0.00    90.00
   	  696.00    72.00     0.00    90.00
   	  580.00   836.00     0.00    90.00
   	  580.00   836.00     0.00    90.00
   	  754.00    72.00     0.00    90.00
   	  754.00    72.00     0.00    90.00
   	  696.00   400.00     0.00    90.00
   	  696.00   400.00     0.00    90.00
   	  696.00    72.00     0.00    90.00
   	  696.00    72.00     0.00    90.00
  30 	  236.00  -118.00     0.00     0.00     0.00     0.00
  30 	  236.00  -118.00     0.00     0.00     0.00     0.00
   	  696.00    72.00     0.00    90.00
   	  696.00    72.00     0.00    90.00
   	  580.00   836.00     0.00    90.00
   	  580.00   836.00     0.00    90.00
   	  754.00    72.00     0.00    90.00
   	  754.00    72.00     0.00    90.00
   	  696.00   400.00     0.00    90.00
   	  696.00   400.00     0.00    90.00
   	  696.00    72.00     0.00    90.00
   	  696.00    72.00     0.00    90.00
  31 	  354.00  -118.00     0.00     0.00     0.00     0.00
  31 	  354.00  -118.00     0.00     0.00     0.00     0.00
   	  696.00    72.00     0.00    90.00
   	  696.00    72.00     0.00    90.00
   	  580.00   836.00     0.00    90.00
   	  580.00   836.00     0.00    90.00
   	  754.00    72.00     0.00    90.00
   	  754.00    72.00     0.00    90.00
   	  696.00   400.00     0.00    90.00
   	  696.00   400.00     0.00    90.00
   	  696.00    72.00     0.00    90.00
   	  696.00    72.00     0.00    90.00
  32 	  472.00  -118.00     0.00     0.00     0.00     0.00
  32 	  472.00  -118.00     0.00     0.00     0.00     0.00
   	  696.00    72.00     0.00    90.00
   	  696.00    72.00     0.00    90.00
   	  580.00   836.00     0.00    90.00
   	  580.00   836.00     0.00    90.00
   	  754.00    72.00     0.00    90.00
   	  754.00    72.00     0.00    90.00
   	  696.00   400.00     0.00    90.00
   	  696.00   400.00     0.00    90.00
   	  696.00    72.00     0.00    90.00
   	  696.00    72.00     0.00    90.00
  33 	  590.00  -118.00     0.00     0.00     0.00     0.00
  33 	  590.00  -118.00     0.00     0.00     0.00     0.00
   	  696.00    72.00     0.00    90.00
   	  696.00    72.00     0.00    90.00
   	  580.00   836.00     0.00    90.00
   	  580.00   836.00     0.00    90.00
   	  754.00    72.00     0.00    90.00
   	  754.00    72.00     0.00    90.00
   	  696.00   400.00     0.00    90.00
   	  696.00   400.00     0.00    90.00
   	  696.00    72.00     0.00    90.00
   	  696.00    72.00     0.00    90.00
  34 	  236.00     0.00     0.00     0.00     0.00     0.00
  34 	  236.00     0.00     0.00     0.00     0.00     0.00
   	  696.00    72.00     0.00    90.00
   	  696.00    72.00     0.00    90.00
   	  580.00   836.00     0.00    90.00
   	  580.00   836.00     0.00    90.00
   	  754.00    72.00     0.00    90.00
   	  754.00    72.00     0.00    90.00
   	  696.00   400.00     0.00    90.00
   	  696.00   400.00     0.00    90.00
   	  696.00    72.00     0.00    90.00
   	  696.00    72.00     0.00    90.00
  35 	  354.00     0.00     0.00     0.00     0.00     0.00
  35 	  354.00     0.00     0.00     0.00     0.00     0.00
   	  696.00    72.00     0.00    90.00
   	  696.00    72.00     0.00    90.00
   	  580.00   836.00     0.00    90.00
   	  580.00   836.00     0.00    90.00
   	  754.00    72.00     0.00    90.00
   	  754.00    72.00     0.00    90.00
   	  696.00   400.00     0.00    90.00
   	  696.00   400.00     0.00    90.00
   	  696.00    72.00     0.00    90.00
   	  696.00    72.00     0.00    90.00
  36 	  472.00     0.00     0.00     0.00     0.00     0.00
  36 	  472.00     0.00     0.00     0.00     0.00     0.00
   	  696.00    72.00     0.00    90.00
   	  696.00    72.00     0.00    90.00
   	  580.00   836.00     0.00    90.00
   	  580.00   836.00     0.00    90.00
   	  754.00    72.00     0.00    90.00
   	  754.00    72.00     0.00    90.00
   	  696.00   400.00     0.00    90.00
   	  696.00   400.00     0.00    90.00
   	  696.00    72.00     0.00    90.00
   	  696.00    72.00     0.00    90.00
  37 	  590.00     0.00     0.00     0.00     0.00     0.00
  37 	  590.00     0.00     0.00     0.00     0.00     0.00
   	  696.00    72.00     0.00    90.00
   	  696.00    72.00     0.00    90.00
   	  580.00   836.00     0.00    90.00
   	  580.00   836.00     0.00    90.00
   	  754.00    72.00     0.00    90.00
   	  754.00    72.00     0.00    90.00
   	  696.00   400.00     0.00    90.00
   	  696.00   400.00     0.00    90.00
   	  696.00    72.00     0.00    90.00
   	  696.00    72.00     0.00    90.00
  38 	  236.00   118.00     0.00     0.00     0.00     0.00
  38 	  236.00   118.00     0.00     0.00     0.00     0.00
   	  696.00    72.00     0.00    90.00
   	  696.00    72.00     0.00    90.00
   	  580.00   836.00     0.00    90.00
   	  580.00   836.00     0.00    90.00
   	  754.00    72.00     0.00    90.00
   	  754.00    72.00     0.00    90.00
   	  696.00   400.00     0.00    90.00
   	  696.00   400.00     0.00    90.00
   	  696.00    72.00     0.00    90.00
   	  696.00    72.00     0.00    90.00
  39 	  354.00   118.00     0.00     0.00     0.00     0.00
  39 	  354.00   118.00     0.00     0.00     0.00     0.00
   	  696.00    72.00     0.00    90.00
   	  696.00    72.00     0.00    90.00
   	  580.00   836.00     0.00    90.00
   	  580.00   836.00     0.00    90.00
   	  754.00    72.00     0.00    90.00
   	  754.00    72.00     0.00    90.00
   	  696.00   400.00     0.00    90.00
   	  696.00   400.00     0.00    90.00
   	  696.00    72.00     0.00    90.00
   	  696.00    72.00     0.00    90.00
  40 	  472.00   118.00     0.00     0.00     0.00     0.00
  40 	  472.00   118.00     0.00     0.00     0.00     0.00
   	  696.00    72.00     0.00    90.00
   	  696.00    72.00     0.00    90.00
   	  580.00   836.00     0.00    90.00
   	  580.00   836.00     0.00    90.00
   	  754.00    72.00     0.00    90.00
   	  754.00    72.00     0.00    90.00
   	  696.00   400.00     0.00    90.00
   	  696.00   400.00     0.00    90.00
   	  696.00    72.00     0.00    90.00
   	  696.00    72.00     0.00    90.00
  41 	  590.00   118.00     0.00     0.00     0.00     0.00
  41 	  590.00   118.00     0.00     0.00     0.00     0.00
   	  696.00    72.00     0.00    90.00
   	  696.00    72.00     0.00    90.00
   	  580.00   836.00     0.00    90.00
   	  580.00   836.00     0.00    90.00
   	  754.00    72.00     0.00    90.00
   	  754.00    72.00     0.00    90.00
   	  696.00   400.00     0.00    90.00
   	  696.00   400.00     0.00    90.00
   	  696.00    72.00     0.00    90.00
   	  696.00    72.00     0.00    90.00
  42 	  236.00   236.00     0.00     0.00     0.00     0.00
  42 	  236.00   236.00     0.00     0.00     0.00     0.00
   	  696.00    72.00     0.00    90.00
   	  696.00    72.00     0.00    90.00
   	  580.00   836.00     0.00    90.00
   	  580.00   836.00     0.00    90.00
   	  754.00    72.00     0.00    90.00
   	  754.00    72.00     0.00    90.00
   	  696.00   400.00     0.00    90.00
   	  696.00   400.00     0.00    90.00
   	  696.00    72.00     0.00    90.00
   	  696.00    72.00     0.00    90.00
  43 	  354.00   236.00     0.00     0.00     0.00     0.00
  43 	  354.00   236.00     0.00     0.00     0.00     0.00
   	  696.00    72.00     0.00    90.00
   	  696.00    72.00     0.00    90.00
   	  580.00   836.00     0.00    90.00
   	  580.00   836.00     0.00    90.00
   	  754.00    72.00     0.00    90.00
   	  754.00    72.00     0.00    90.00
   	  696.00   400.00     0.00    90.00
   	  696.00   400.00     0.00    90.00
   	  696.00    72.00     0.00    90.00
   	  696.00    72.00     0.00    90.00
  44 	  472.00   236.00     0.00     0.00     0.00     0.00
  44 	  472.00   236.00     0.00     0.00     0.00     0.00
   	  696.00    72.00     0.00    90.00
   	  696.00    72.00     0.00    90.00
   	  580.00   836.00     0.00    90.00
   	  580.00   836.00     0.00    90.00
   	  754.00    72.00     0.00    90.00
   	  754.00    72.00     0.00    90.00
   	  696.00   400.00     0.00    90.00
   	  696.00   400.00     0.00    90.00
   	  696.00    72.00     0.00    90.00
   	  696.00    72.00     0.00    90.00
  45 	  590.00   236.00     0.00     0.00     0.00     0.00
  45 	  590.00   236.00     0.00     0.00     0.00     0.00
   	  696.00    72.00     0.00    90.00
   	  696.00    72.00     0.00    90.00
   	  580.00   836.00     0.00    90.00
   	  580.00   836.00     0.00    90.00
   	  754.00    72.00     0.00    90.00
   	  754.00    72.00     0.00    90.00
   	  696.00   400.00     0.00    90.00
   	  696.00   400.00     0.00    90.00
   	  696.00    72.00     0.00    90.00
   	  696.00    72.00     0.00    90.00

** End writing output file: ../inputs/gr379.dat 
