*******************************************************************************
                         ARRAY PREPROCESSOR ver. 1.0
*******************************************************************************



   1	GROUP testgroup
   3	 GRID RECTANGULAR PSTEP 53 QSTEP 92
   4	 ELEMENT
   5	 GEOMETRY CIRCULAR 78 mm
   6	 POLARIZATION CIRCULAR
   7	 ADD BLOCK -3 -1 -1 7
   9	 GROUP_EXCITATION
  10	 AMPLITUDE UNIFORM 24
  11	 PHASE UNIFORM -88 deg
  12	 END

** WARNING B2: GRID step(s) too small for specified element in GROUP: testgroup
** Generating GROUP: testgroup.
** PSTEP,QSTEP set to:53.000000,92.000000
** Grid ANGLE set to:90.000000 
** Group ROT_ANGLE set to: 0.000000 

** Writing output file: ../inputs/gr38.dat

NEL 
NPORTS
IDUM      REXA     REYA     REZA     THEA     PHEA     PSEA 
          AMP      PSH      PSC      PHEPOL
  27
  27
   1
   1
   1 	 -159.00   -92.00     0.00     0.00     0.00     0.00
   1 	 -159.00   -92.00     0.00     0.00     0.00     0.00
   	   24.00   -88.00     0.00    90.00
   	   24.00   -88.00     0.00    90.00
   2 	 -106.00   -92.00     0.00     0.00     0.00     0.00
   2 	 -106.00   -92.00     0.00     0.00     0.00     0.00
   	   24.00   -88.00     0.00    90.00
   	   24.00   -88.00     0.00    90.00
   3 	  -53.00   -92.00     0.00     0.00     0.00     0.00
   3 	  -53.00   -92.00     0.00     0.00     0.00     0.00
   	   24.00   -88.00     0.00    90.00
   	   24.00   -88.00     0.00    90.00
   4 	 -159.00     0.00     0.00     0.00     0.00     0.00
   4 	 -159.00     0.00     0.00     0.00     0.00     0.00
   	   24.00   -88.00     0.00    90.00
   	   24.00   -88.00     0.00    90.00
   5 	 -106.00     0.00     0.00     0.00     0.00     0.00
   5 	 -106.00     0.00     0.00     0.00     0.00     0.00
   	   24.00   -88.00     0.00    90.00
   	   24.00   -88.00     0.00    90.00
   6 	  -53.00     0.00     0.00     0.00     0.00     0.00
   6 	  -53.00     0.00     0.00     0.00     0.00     0.00
   	   24.00   -88.00     0.00    90.00
   	   24.00   -88.00     0.00    90.00
   7 	 -159.00    92.00     0.00     0.00     0.00     0.00
   7 	 -159.00    92.00     0.00     0.00     0.00     0.00
   	   24.00   -88.00     0.00    90.00
   	   24.00   -88.00     0.00    90.00
   8 	 -106.00    92.00     0.00     0.00     0.00     0.00
   8 	 -106.00    92.00     0.00     0.00     0.00     0.00
   	   24.00   -88.00     0.00    90.00
   	   24.00   -88.00     0.00    90.00
   9 	  -53.00    92.00     0.00     0.00     0.00     0.00
   9 	  -53.00    92.00     0.00     0.00     0.00     0.00
   	   24.00   -88.00     0.00    90.00
   	   24.00   -88.00     0.00    90.00
  10 	 -159.00   184.00     0.00     0.00     0.00     0.00
  10 	 -159.00   184.00     0.00     0.00     0.00     0.00
   	   24.00   -88.00     0.00    90.00
   	   24.00   -88.00     0.00    90.00
  11 	 -106.00   184.00     0.00     0.00     0.00     0.00
  11 	 -106.00   184.00     0.00     0.00     0.00     0.00
   	   24.00   -88.00     0.00    90.00
   	   24.00   -88.00     0.00    90.00
  12 	  -53.00   184.00     0.00     0.00     0.00     0.00
  12 	  -53.00   184.00     0.00     0.00     0.00     0.00
   	   24.00   -88.00     0.00    90.00
   	   24.00   -88.00     0.00    90.00
  13 	 -159.00   276.00     0.00     0.00     0.00     0.00
  13 	 -159.00   276.00     0.00     0.00     0.00     0.00
   	   24.00   -88.00     0.00    90.00
   	   24.00   -88.00     0.00    90.00
  14 	 -106.00   276.00     0.00     0.00     0.00     0.00
  14 	 -106.00   276.00     0.00     0.00     0.00     0.00
   	   24.00   -88.00     0.00    90.00
   	   24.00   -88.00     0.00    90.00
  15 	  -53.00   276.00     0.00     0.00     0.00     0.00
  15 	  -53.00   276.00     0.00     0.00     0.00     0.00
   	   24.00   -88.00     0.00    90.00
   	   24.00   -88.00     0.00    90.00
  16 	 -159.00   368.00     0.00     0.00     0.00     0.00
  16 	 -159.00   368.00     0.00     0.00     0.00     0.00
   	   24.00   -88.00     0.00    90.00
   	   24.00   -88.00     0.00    90.00
  17 	 -106.00   368.00     0.00     0.00     0.00     0.00
  17 	 -106.00   368.00     0.00     0.00     0.00     0.00
   	   24.00   -88.00     0.00    90.00
   	   24.00   -88.00     0.00    90.00
  18 	  -53.00   368.00     0.00     0.00     0.00     0.00
  18 	  -53.00   368.00     0.00     0.00     0.00     0.00
   	   24.00   -88.00     0.00    90.00
   	   24.00   -88.00     0.00    90.00
  19 	 -159.00   460.00     0.00     0.00     0.00     0.00
  19 	 -159.00   460.00     0.00     0.00     0.00     0.00
   	   24.00   -88.00     0.00    90.00
   	   24.00   -88.00     0.00    90.00
  20 	 -106.00   460.00     0.00     0.00     0.00     0.00
  20 	 -106.00   460.00     0.00     0.00     0.00     0.00
   	   24.00   -88.00     0.00    90.00
   	   24.00   -88.00     0.00    90.00
  21 	  -53.00   460.00     0.00     0.00     0.00     0.00
  21 	  -53.00   460.00     0.00     0.00     0.00     0.00
   	   24.00   -88.00     0.00    90.00
   	   24.00   -88.00     0.00    90.00
  22 	 -159.00   552.00     0.00     0.00     0.00     0.00
  22 	 -159.00   552.00     0.00     0.00     0.00     0.00
   	   24.00   -88.00     0.00    90.00
   	   24.00   -88.00     0.00    90.00
  23 	 -106.00   552.00     0.00     0.00     0.00     0.00
  23 	 -106.00   552.00     0.00     0.00     0.00     0.00
   	   24.00   -88.00     0.00    90.00
   	   24.00   -88.00     0.00    90.00
  24 	  -53.00   552.00     0.00     0.00     0.00     0.00
  24 	  -53.00   552.00     0.00     0.00     0.00     0.00
   	   24.00   -88.00     0.00    90.00
   	   24.00   -88.00     0.00    90.00
  25 	 -159.00   644.00     0.00     0.00     0.00     0.00
  25 	 -159.00   644.00     0.00     0.00     0.00     0.00
   	   24.00   -88.00     0.00    90.00
   	   24.00   -88.00     0.00    90.00
  26 	 -106.00   644.00     0.00     0.00     0.00     0.00
  26 	 -106.00   644.00     0.00     0.00     0.00     0.00
   	   24.00   -88.00     0.00    90.00
   	   24.00   -88.00     0.00    90.00
  27 	  -53.00   644.00     0.00     0.00     0.00     0.00
  27 	  -53.00   644.00     0.00     0.00     0.00     0.00
   	   24.00   -88.00     0.00    90.00
   	   24.00   -88.00     0.00    90.00

** End writing output file: ../inputs/gr38.dat 
