*******************************************************************************
                         ARRAY PREPROCESSOR ver. 1.0
*******************************************************************************



   1	GROUP testgroup
   3	 GRID HEXAGONAL
   4	 ELEMENT
   5	 GEOMETRY CIRCULAR 72
   6	 POLARIZATION CIRCULAR
   7	 ADD BLOCK -1 -7 -1 0
   9	 GROUP_EXCITATION
  10	 AMPLITUDE UNIFORM 31
  11	 PHASE UNIFORM 64
  12	 END

** Generating GROUP: testgroup.
** PSTEP,QSTEP set to:144.000000,144.000000
** Grid ANGLE set to:60.000000 
** Group ROT_ANGLE set to: 0.000000 

** Writing output file: ../inputs/gr382.dat

NEL 
NPORTS
IDUM      REXA     REYA     REZA     THEA     PHEA     PSEA 
          AMP      PSH      PSC      PHEPOL
   8
   8
   1
   1
   1 	 -648.00  -872.95     0.00     0.00     0.00     0.00
   1 	 -648.00  -872.95     0.00     0.00     0.00     0.00
   	   31.00    64.00     0.00    90.00
   	   31.00    64.00     0.00    90.00
   2 	 -576.00  -748.25     0.00     0.00     0.00     0.00
   2 	 -576.00  -748.25     0.00     0.00     0.00     0.00
   	   31.00    64.00     0.00    90.00
   	   31.00    64.00     0.00    90.00
   3 	 -504.00  -623.54     0.00     0.00     0.00     0.00
   3 	 -504.00  -623.54     0.00     0.00     0.00     0.00
   	   31.00    64.00     0.00    90.00
   	   31.00    64.00     0.00    90.00
   4 	 -432.00  -498.83     0.00     0.00     0.00     0.00
   4 	 -432.00  -498.83     0.00     0.00     0.00     0.00
   	   31.00    64.00     0.00    90.00
   	   31.00    64.00     0.00    90.00
   5 	 -360.00  -374.12     0.00     0.00     0.00     0.00
   5 	 -360.00  -374.12     0.00     0.00     0.00     0.00
   	   31.00    64.00     0.00    90.00
   	   31.00    64.00     0.00    90.00
   6 	 -288.00  -249.42     0.00     0.00     0.00     0.00
   6 	 -288.00  -249.42     0.00     0.00     0.00     0.00
   	   31.00    64.00     0.00    90.00
   	   31.00    64.00     0.00    90.00
   7 	 -216.00  -124.71     0.00     0.00     0.00     0.00
   7 	 -216.00  -124.71     0.00     0.00     0.00     0.00
   	   31.00    64.00     0.00    90.00
   	   31.00    64.00     0.00    90.00
   8 	 -144.00     0.00     0.00     0.00     0.00     0.00
   8 	 -144.00     0.00     0.00     0.00     0.00     0.00
   	   31.00    64.00     0.00    90.00
   	   31.00    64.00     0.00    90.00

** End writing output file: ../inputs/gr382.dat 
