*******************************************************************************
                         ARRAY PREPROCESSOR ver. 1.0
*******************************************************************************



   1	GROUP testgroup
   3	 GRID SQUARE
   4	 ELEMENT
   5	 GEOMETRY RECTANGULAR PDIM 54 QDIM 70 cm
   8	 ADD BLOCK -1 0 -1 6
  10	 GROUP_EXCITATION
  11	 AMPLITUDE SECOND ORDER CENTRE 22 P1_VAL 24 P2_VAL 27 Q1_VAL 15 Q2_VAL 20
  12	 PHASE UNIFORM -6
  13	 END

** Generating GROUP: testgroup.
** PSTEP,QSTEP set to:700.000000,700.000000
** Grid ANGLE set to:90.000000 
** Group ROT_ANGLE set to: 0.000000 

** Writing output file: ../inputs/gr385.dat

NEL 
NPORTS
IDUM      REXA     REYA     REZA     THEA     PHEA     PSEA 
          AMP      PSH      PSC      PHEPOL
   7
   7
   1
   1
   1 	 -700.00     0.00     0.00     0.00     0.00     0.00
   1 	 -700.00     0.00     0.00     0.00     0.00     0.00
   	   15.00    -6.00     0.00    90.00
   	   15.00    -6.00     0.00    90.00
   2 	 -700.00   700.00     0.00     0.00     0.00     0.00
   2 	 -700.00   700.00     0.00     0.00     0.00     0.00
   	   18.33    -6.00     0.00    90.00
   	   18.33    -6.00     0.00    90.00
   3 	 -700.00  1400.00     0.00     0.00     0.00     0.00
   3 	 -700.00  1400.00     0.00     0.00     0.00     0.00
   	   20.67    -6.00     0.00    90.00
   	   20.67    -6.00     0.00    90.00
   4 	 -700.00  2100.00     0.00     0.00     0.00     0.00
   4 	 -700.00  2100.00     0.00     0.00     0.00     0.00
   	   22.00    -6.00     0.00    90.00
   	   22.00    -6.00     0.00    90.00
   5 	 -700.00  2800.00     0.00     0.00     0.00     0.00
   5 	 -700.00  2800.00     0.00     0.00     0.00     0.00
   	   22.33    -6.00     0.00    90.00
   	   22.33    -6.00     0.00    90.00
   6 	 -700.00  3500.00     0.00     0.00     0.00     0.00
   6 	 -700.00  3500.00     0.00     0.00     0.00     0.00
   	   21.67    -6.00     0.00    90.00
   	   21.67    -6.00     0.00    90.00
   7 	 -700.00  4200.00     0.00     0.00     0.00     0.00
   7 	 -700.00  4200.00     0.00     0.00     0.00     0.00
   	   20.00    -6.00     0.00    90.00
   	   20.00    -6.00     0.00    90.00

** End writing output file: ../inputs/gr385.dat 
