*******************************************************************************
                         ARRAY PREPROCESSOR ver. 1.0
*******************************************************************************



   1	GROUP testgroup
   3	 GRID TRIANGULAR
   4	 ELEMENT
   5	 GEOMETRY CIRCULAR RADIUS 48
   7	 PORTS 5
   8	 PORT 1
   9	 POL_ORIENT X AMPLITUDE 49
  10	 PHASE_POL_ARRANG 569
  11	 PORT 2
  12	 AMPLITUDE 33
  13	 PORT 3
  14	 AMPLITUDE 31
  15	 PHASE_SCANNING 739
  16	 PORT 4
  17	 AMPLITUDE 21
  18	 PHASE_SHAPING 386
  19	 PHASE_POL_ARRANG 504
  20	 PORT 5
  21	 AMPLITUDE 23
  22	 PHASE_SHAPING 575
  23	 ADD BLOCK -1 -4 0 -1
  25	 GROUP_EXCITATION
  26	 AMPLITUDE UNIFORM 23
  27	 PHASE UNIFORM 51
  28	 END

** WARNING B2: GRID step(s) too small for specified element in GROUP: testgroup
** Generating GROUP: testgroup.
** PSTEP,QSTEP set to:96.000000,96.000000
** Grid ANGLE set to:60.000000 
** Group ROT_ANGLE set to: 0.000000 

** Writing output file: ../inputs/gr386.dat

NEL 
NPORTS
IDUM      REXA     REYA     REZA     THEA     PHEA     PSEA 
          AMP      PSH      PSC      PHEPOL
   8
   8
   5
   5
   1 	 -288.00  -332.55     0.00     0.00     0.00     0.00
   1 	 -288.00  -332.55     0.00     0.00     0.00     0.00
   	 1127.00   620.00     0.00     0.00
   	 1127.00   620.00     0.00     0.00
   	  759.00    51.00     0.00    90.00
   	  759.00    51.00     0.00    90.00
   	  713.00    51.00   739.00    90.00
   	  713.00    51.00   739.00    90.00
   	  483.00   941.00     0.00    90.00
   	  483.00   941.00     0.00    90.00
   	  529.00   626.00     0.00    90.00
   	  529.00   626.00     0.00    90.00
   2 	 -192.00  -332.55     0.00     0.00     0.00     0.00
   2 	 -192.00  -332.55     0.00     0.00     0.00     0.00
   	 1127.00   620.00     0.00     0.00
   	 1127.00   620.00     0.00     0.00
   	  759.00    51.00     0.00    90.00
   	  759.00    51.00     0.00    90.00
   	  713.00    51.00   739.00    90.00
   	  713.00    51.00   739.00    90.00
   	  483.00   941.00     0.00    90.00
   	  483.00   941.00     0.00    90.00
   	  529.00   626.00     0.00    90.00
   	  529.00   626.00     0.00    90.00
   3 	 -240.00  -249.42     0.00     0.00     0.00     0.00
   3 	 -240.00  -249.42     0.00     0.00     0.00     0.00
   	 1127.00   620.00     0.00     0.00
   	 1127.00   620.00     0.00     0.00
   	  759.00    51.00     0.00    90.00
   	  759.00    51.00     0.00    90.00
   	  713.00    51.00   739.00    90.00
   	  713.00    51.00   739.00    90.00
   	  483.00   941.00     0.00    90.00
   	  483.00   941.00     0.00    90.00
   	  529.00   626.00     0.00    90.00
   	  529.00   626.00     0.00    90.00
   4 	 -144.00  -249.42     0.00     0.00     0.00     0.00
   4 	 -144.00  -249.42     0.00     0.00     0.00     0.00
   	 1127.00   620.00     0.00     0.00
   	 1127.00   620.00     0.00     0.00
   	  759.00    51.00     0.00    90.00
   	  759.00    51.00     0.00    90.00
   	  713.00    51.00   739.00    90.00
   	  713.00    51.00   739.00    90.00
   	  483.00   941.00     0.00    90.00
   	  483.00   941.00     0.00    90.00
   	  529.00   626.00     0.00    90.00
   	  529.00   626.00     0.00    90.00
   5 	 -192.00  -166.28     0.00     0.00     0.00     0.00
   5 	 -192.00  -166.28     0.00     0.00     0.00     0.00
   	 1127.00   620.00     0.00     0.00
   	 1127.00   620.00     0.00     0.00
   	  759.00    51.00     0.00    90.00
   	  759.00    51.00     0.00    90.00
   	  713.00    51.00   739.00    90.00
   	  713.00    51.00   739.00    90.00
   	  483.00   941.00     0.00    90.00
   	  483.00   941.00     0.00    90.00
   	  529.00   626.00     0.00    90.00
   	  529.00   626.00     0.00    90.00
   6 	  -96.00  -166.28     0.00     0.00     0.00     0.00
   6 	  -96.00  -166.28     0.00     0.00     0.00     0.00
   	 1127.00   620.00     0.00     0.00
   	 1127.00   620.00     0.00     0.00
   	  759.00    51.00     0.00    90.00
   	  759.00    51.00     0.00    90.00
   	  713.00    51.00   739.00    90.00
   	  713.00    51.00   739.00    90.00
   	  483.00   941.00     0.00    90.00
   	  483.00   941.00     0.00    90.00
   	  529.00   626.00     0.00    90.00
   	  529.00   626.00     0.00    90.00
   7 	 -144.00   -83.14     0.00     0.00     0.00     0.00
   7 	 -144.00   -83.14     0.00     0.00     0.00     0.00
   	 1127.00   620.00     0.00     0.00
   	 1127.00   620.00     0.00     0.00
   	  759.00    51.00     0.00    90.00
   	  759.00    51.00     0.00    90.00
   	  713.00    51.00   739.00    90.00
   	  713.00    51.00   739.00    90.00
   	  483.00   941.00     0.00    90.00
   	  483.00   941.00     0.00    90.00
   	  529.00   626.00     0.00    90.00
   	  529.00   626.00     0.00    90.00
   8 	  -48.00   -83.14     0.00     0.00     0.00     0.00
   8 	  -48.00   -83.14     0.00     0.00     0.00     0.00
   	 1127.00   620.00     0.00     0.00
   	 1127.00   620.00     0.00     0.00
   	  759.00    51.00     0.00    90.00
   	  759.00    51.00     0.00    90.00
   	  713.00    51.00   739.00    90.00
   	  713.00    51.00   739.00    90.00
   	  483.00   941.00     0.00    90.00
   	  483.00   941.00     0.00    90.00
   	  529.00   626.00     0.00    90.00
   	  529.00   626.00     0.00    90.00

** End writing output file: ../inputs/gr386.dat 
