*******************************************************************************
                         ARRAY PREPROCESSOR ver. 1.0
*******************************************************************************



   1	GROUP testgroup
   3	 GRID RECTANGULAR
   4	 ELEMENT
   5	 GEOMETRY RECTANGULAR 43 118
   8	 ADD BLOCK 0 -1 -1 -6
  10	 GROUP_EXCITATION
  11	 AMPLITUDE UNIFORM 34
  12	 PHASE UNIFORM 92
  13	 END

** Generating GROUP: testgroup.
** PSTEP,QSTEP set to:43.000000,118.000000
** Grid ANGLE set to:90.000000 
** Group ROT_ANGLE set to: 0.000000 

** Writing output file: ../inputs/gr391.dat

NEL 
NPORTS
IDUM      REXA     REYA     REZA     THEA     PHEA     PSEA 
          AMP      PSH      PSC      PHEPOL
  12
  12
   1
   1
   1 	  -43.00  -708.00     0.00     0.00     0.00     0.00
   1 	  -43.00  -708.00     0.00     0.00     0.00     0.00
   	   34.00    92.00     0.00    90.00
   	   34.00    92.00     0.00    90.00
   2 	    0.00  -708.00     0.00     0.00     0.00     0.00
   2 	    0.00  -708.00     0.00     0.00     0.00     0.00
   	   34.00    92.00     0.00    90.00
   	   34.00    92.00     0.00    90.00
   3 	  -43.00  -590.00     0.00     0.00     0.00     0.00
   3 	  -43.00  -590.00     0.00     0.00     0.00     0.00
   	   34.00    92.00     0.00    90.00
   	   34.00    92.00     0.00    90.00
   4 	    0.00  -590.00     0.00     0.00     0.00     0.00
   4 	    0.00  -590.00     0.00     0.00     0.00     0.00
   	   34.00    92.00     0.00    90.00
   	   34.00    92.00     0.00    90.00
   5 	  -43.00  -472.00     0.00     0.00     0.00     0.00
   5 	  -43.00  -472.00     0.00     0.00     0.00     0.00
   	   34.00    92.00     0.00    90.00
   	   34.00    92.00     0.00    90.00
   6 	    0.00  -472.00     0.00     0.00     0.00     0.00
   6 	    0.00  -472.00     0.00     0.00     0.00     0.00
   	   34.00    92.00     0.00    90.00
   	   34.00    92.00     0.00    90.00
   7 	  -43.00  -354.00     0.00     0.00     0.00     0.00
   7 	  -43.00  -354.00     0.00     0.00     0.00     0.00
   	   34.00    92.00     0.00    90.00
   	   34.00    92.00     0.00    90.00
   8 	    0.00  -354.00     0.00     0.00     0.00     0.00
   8 	    0.00  -354.00     0.00     0.00     0.00     0.00
   	   34.00    92.00     0.00    90.00
   	   34.00    92.00     0.00    90.00
   9 	  -43.00  -236.00     0.00     0.00     0.00     0.00
   9 	  -43.00  -236.00     0.00     0.00     0.00     0.00
   	   34.00    92.00     0.00    90.00
   	   34.00    92.00     0.00    90.00
  10 	    0.00  -236.00     0.00     0.00     0.00     0.00
  10 	    0.00  -236.00     0.00     0.00     0.00     0.00
   	   34.00    92.00     0.00    90.00
   	   34.00    92.00     0.00    90.00
  11 	  -43.00  -118.00     0.00     0.00     0.00     0.00
  11 	  -43.00  -118.00     0.00     0.00     0.00     0.00
   	   34.00    92.00     0.00    90.00
   	   34.00    92.00     0.00    90.00
  12 	    0.00  -118.00     0.00     0.00     0.00     0.00
  12 	    0.00  -118.00     0.00     0.00     0.00     0.00
   	   34.00    92.00     0.00    90.00
   	   34.00    92.00     0.00    90.00

** End writing output file: ../inputs/gr391.dat 
