*******************************************************************************
                         ARRAY PREPROCESSOR ver. 1.0
*******************************************************************************



   1	GROUP testgroup
   3	 GRID SQUARE
   4	 ELEMENT
   5	 GEOMETRY CIRCULAR 49
   7	 PORTS 1
   8	 PORT 1
   9	 AMPLITUDE 28
  10	 PHASE_SHAPING 472
  11	 ADD BLOCK -5 11 0 11
  13	 GROUP_EXCITATION
  14	 AMPLITUDE UNIFORM 26
  15	 PHASE UNIFORM -51
  16	 END

** Generating GROUP: testgroup.
** PSTEP,QSTEP set to:98.000000,98.000000
** Grid ANGLE set to:90.000000 
** Group ROT_ANGLE set to: 0.000000 

** Writing output file: ../inputs/gr395.dat

NEL 
NPORTS
IDUM      REXA     REYA     REZA     THEA     PHEA     PSEA 
          AMP      PSH      PSC      PHEPOL
   6
   6
   1
   1
   1 	 -490.00  1078.00     0.00     0.00     0.00     0.00
   1 	 -490.00  1078.00     0.00     0.00     0.00     0.00
   	  728.00   421.00     0.00    90.00
   	  728.00   421.00     0.00    90.00
   2 	 -392.00  1078.00     0.00     0.00     0.00     0.00
   2 	 -392.00  1078.00     0.00     0.00     0.00     0.00
   	  728.00   421.00     0.00    90.00
   	  728.00   421.00     0.00    90.00
   3 	 -294.00  1078.00     0.00     0.00     0.00     0.00
   3 	 -294.00  1078.00     0.00     0.00     0.00     0.00
   	  728.00   421.00     0.00    90.00
   	  728.00   421.00     0.00    90.00
   4 	 -196.00  1078.00     0.00     0.00     0.00     0.00
   4 	 -196.00  1078.00     0.00     0.00     0.00     0.00
   	  728.00   421.00     0.00    90.00
   	  728.00   421.00     0.00    90.00
   5 	  -98.00  1078.00     0.00     0.00     0.00     0.00
   5 	  -98.00  1078.00     0.00     0.00     0.00     0.00
   	  728.00   421.00     0.00    90.00
   	  728.00   421.00     0.00    90.00
   6 	   -0.00  1078.00     0.00     0.00     0.00     0.00
   6 	   -0.00  1078.00     0.00     0.00     0.00     0.00
   	  728.00   421.00     0.00    90.00
   	  728.00   421.00     0.00    90.00

** End writing output file: ../inputs/gr395.dat 
