*******************************************************************************
                         ARRAY PREPROCESSOR ver. 1.0
*******************************************************************************



   1	GROUP testgroup
   3	 GRID HEXAGONAL
   4	 ELEMENT
   5	 GEOMETRY CIRCULAR 73
   7	 ADD HEXAGON -3 -1
   8	 ADD BLOCK -13 7 0 4
   9	 ADD BLOCK 0 -7 0 -4
  11	 GROUP_EXCITATION
  12	 AMPLITUDE UNIFORM 30
  13	 PHASE UNIFORM 88
  14	 END

** Generating GROUP: testgroup.
** PSTEP,QSTEP set to:146.000000,146.000000
** Grid ANGLE set to:60.000000 
** Group ROT_ANGLE set to: 0.000000 

** Writing output file: ../inputs/gr396.dat

NEL 
NPORTS
IDUM      REXA     REYA     REZA     THEA     PHEA     PSEA 
          AMP      PSH      PSC      PHEPOL
  67
  67
   1
   1
   1 	 -584.00     0.00     0.00     0.00     0.00     0.00
   1 	 -584.00     0.00     0.00     0.00     0.00     0.00
   	   30.00    88.00     0.00    90.00
   	   30.00    88.00     0.00    90.00
   2 	 -438.00     0.00     0.00     0.00     0.00     0.00
   2 	 -438.00     0.00     0.00     0.00     0.00     0.00
   	   30.00    88.00     0.00    90.00
   	   30.00    88.00     0.00    90.00
   3 	 -365.00  -126.44     0.00     0.00     0.00     0.00
   3 	 -365.00  -126.44     0.00     0.00     0.00     0.00
   	   30.00    88.00     0.00    90.00
   	   30.00    88.00     0.00    90.00
   4 	 -438.00  -252.88     0.00     0.00     0.00     0.00
   4 	 -438.00  -252.88     0.00     0.00     0.00     0.00
   	   30.00    88.00     0.00    90.00
   	   30.00    88.00     0.00    90.00
   5 	 -584.00  -252.88     0.00     0.00     0.00     0.00
   5 	 -584.00  -252.88     0.00     0.00     0.00     0.00
   	   30.00    88.00     0.00    90.00
   	   30.00    88.00     0.00    90.00
   6 	 -657.00  -126.44     0.00     0.00     0.00     0.00
   6 	 -657.00  -126.44     0.00     0.00     0.00     0.00
   	   30.00    88.00     0.00    90.00
   	   30.00    88.00     0.00    90.00
   7 	 -511.00  -126.44     0.00     0.00     0.00     0.00
   7 	 -511.00  -126.44     0.00     0.00     0.00     0.00
   	   30.00    88.00     0.00    90.00
   	   30.00    88.00     0.00    90.00
   8 	-1606.00   505.76     0.00     0.00     0.00     0.00
   8 	-1606.00   505.76     0.00     0.00     0.00     0.00
   	   30.00    88.00     0.00    90.00
   	   30.00    88.00     0.00    90.00
   9 	-1460.00   505.76     0.00     0.00     0.00     0.00
   9 	-1460.00   505.76     0.00     0.00     0.00     0.00
   	   30.00    88.00     0.00    90.00
   	   30.00    88.00     0.00    90.00
  10 	-1314.00   505.76     0.00     0.00     0.00     0.00
  10 	-1314.00   505.76     0.00     0.00     0.00     0.00
   	   30.00    88.00     0.00    90.00
   	   30.00    88.00     0.00    90.00
  11 	-1168.00   505.76     0.00     0.00     0.00     0.00
  11 	-1168.00   505.76     0.00     0.00     0.00     0.00
   	   30.00    88.00     0.00    90.00
   	   30.00    88.00     0.00    90.00
  12 	-1022.00   505.76     0.00     0.00     0.00     0.00
  12 	-1022.00   505.76     0.00     0.00     0.00     0.00
   	   30.00    88.00     0.00    90.00
   	   30.00    88.00     0.00    90.00
  13 	 -876.00   505.76     0.00     0.00     0.00     0.00
  13 	 -876.00   505.76     0.00     0.00     0.00     0.00
   	   30.00    88.00     0.00    90.00
   	   30.00    88.00     0.00    90.00
  14 	 -730.00   505.76     0.00     0.00     0.00     0.00
  14 	 -730.00   505.76     0.00     0.00     0.00     0.00
   	   30.00    88.00     0.00    90.00
   	   30.00    88.00     0.00    90.00
  15 	 -584.00   505.76     0.00     0.00     0.00     0.00
  15 	 -584.00   505.76     0.00     0.00     0.00     0.00
   	   30.00    88.00     0.00    90.00
   	   30.00    88.00     0.00    90.00
  16 	 -438.00   505.76     0.00     0.00     0.00     0.00
  16 	 -438.00   505.76     0.00     0.00     0.00     0.00
   	   30.00    88.00     0.00    90.00
   	   30.00    88.00     0.00    90.00
  17 	 -292.00   505.76     0.00     0.00     0.00     0.00
  17 	 -292.00   505.76     0.00     0.00     0.00     0.00
   	   30.00    88.00     0.00    90.00
   	   30.00    88.00     0.00    90.00
  18 	 -146.00   505.76     0.00     0.00     0.00     0.00
  18 	 -146.00   505.76     0.00     0.00     0.00     0.00
   	   30.00    88.00     0.00    90.00
   	   30.00    88.00     0.00    90.00
  19 	   -0.00   505.76     0.00     0.00     0.00     0.00
  19 	   -0.00   505.76     0.00     0.00     0.00     0.00
   	   30.00    88.00     0.00    90.00
   	   30.00    88.00     0.00    90.00
  20 	  146.00   505.76     0.00     0.00     0.00     0.00
  20 	  146.00   505.76     0.00     0.00     0.00     0.00
   	   30.00    88.00     0.00    90.00
   	   30.00    88.00     0.00    90.00
  21 	  292.00   505.76     0.00     0.00     0.00     0.00
  21 	  292.00   505.76     0.00     0.00     0.00     0.00
   	   30.00    88.00     0.00    90.00
   	   30.00    88.00     0.00    90.00
  22 	-1533.00   632.20     0.00     0.00     0.00     0.00
  22 	-1533.00   632.20     0.00     0.00     0.00     0.00
   	   30.00    88.00     0.00    90.00
   	   30.00    88.00     0.00    90.00
  23 	-1387.00   632.20     0.00     0.00     0.00     0.00
  23 	-1387.00   632.20     0.00     0.00     0.00     0.00
   	   30.00    88.00     0.00    90.00
   	   30.00    88.00     0.00    90.00
  24 	-1241.00   632.20     0.00     0.00     0.00     0.00
  24 	-1241.00   632.20     0.00     0.00     0.00     0.00
   	   30.00    88.00     0.00    90.00
   	   30.00    88.00     0.00    90.00
  25 	-1095.00   632.20     0.00     0.00     0.00     0.00
  25 	-1095.00   632.20     0.00     0.00     0.00     0.00
   	   30.00    88.00     0.00    90.00
   	   30.00    88.00     0.00    90.00
  26 	 -949.00   632.20     0.00     0.00     0.00     0.00
  26 	 -949.00   632.20     0.00     0.00     0.00     0.00
   	   30.00    88.00     0.00    90.00
   	   30.00    88.00     0.00    90.00
  27 	 -803.00   632.20     0.00     0.00     0.00     0.00
  27 	 -803.00   632.20     0.00     0.00     0.00     0.00
   	   30.00    88.00     0.00    90.00
   	   30.00    88.00     0.00    90.00
  28 	 -657.00   632.20     0.00     0.00     0.00     0.00
  28 	 -657.00   632.20     0.00     0.00     0.00     0.00
   	   30.00    88.00     0.00    90.00
   	   30.00    88.00     0.00    90.00
  29 	 -511.00   632.20     0.00     0.00     0.00     0.00
  29 	 -511.00   632.20     0.00     0.00     0.00     0.00
   	   30.00    88.00     0.00    90.00
   	   30.00    88.00     0.00    90.00
  30 	 -365.00   632.20     0.00     0.00     0.00     0.00
  30 	 -365.00   632.20     0.00     0.00     0.00     0.00
   	   30.00    88.00     0.00    90.00
   	   30.00    88.00     0.00    90.00
  31 	 -219.00   632.20     0.00     0.00     0.00     0.00
  31 	 -219.00   632.20     0.00     0.00     0.00     0.00
   	   30.00    88.00     0.00    90.00
   	   30.00    88.00     0.00    90.00
  32 	  -73.00   632.20     0.00     0.00     0.00     0.00
  32 	  -73.00   632.20     0.00     0.00     0.00     0.00
   	   30.00    88.00     0.00    90.00
   	   30.00    88.00     0.00    90.00
  33 	   73.00   632.20     0.00     0.00     0.00     0.00
  33 	   73.00   632.20     0.00     0.00     0.00     0.00
   	   30.00    88.00     0.00    90.00
   	   30.00    88.00     0.00    90.00
  34 	  219.00   632.20     0.00     0.00     0.00     0.00
  34 	  219.00   632.20     0.00     0.00     0.00     0.00
   	   30.00    88.00     0.00    90.00
   	   30.00    88.00     0.00    90.00
  35 	  365.00   632.20     0.00     0.00     0.00     0.00
  35 	  365.00   632.20     0.00     0.00     0.00     0.00
   	   30.00    88.00     0.00    90.00
   	   30.00    88.00     0.00    90.00
  36 	-1460.00   758.64     0.00     0.00     0.00     0.00
  36 	-1460.00   758.64     0.00     0.00     0.00     0.00
   	   30.00    88.00     0.00    90.00
   	   30.00    88.00     0.00    90.00
  37 	-1314.00   758.64     0.00     0.00     0.00     0.00
  37 	-1314.00   758.64     0.00     0.00     0.00     0.00
   	   30.00    88.00     0.00    90.00
   	   30.00    88.00     0.00    90.00
  38 	-1168.00   758.64     0.00     0.00     0.00     0.00
  38 	-1168.00   758.64     0.00     0.00     0.00     0.00
   	   30.00    88.00     0.00    90.00
   	   30.00    88.00     0.00    90.00
  39 	-1022.00   758.64     0.00     0.00     0.00     0.00
  39 	-1022.00   758.64     0.00     0.00     0.00     0.00
   	   30.00    88.00     0.00    90.00
   	   30.00    88.00     0.00    90.00
  40 	 -876.00   758.64     0.00     0.00     0.00     0.00
  40 	 -876.00   758.64     0.00     0.00     0.00     0.00
   	   30.00    88.00     0.00    90.00
   	   30.00    88.00     0.00    90.00
  41 	 -730.00   758.64     0.00     0.00     0.00     0.00
  41 	 -730.00   758.64     0.00     0.00     0.00     0.00
   	   30.00    88.00     0.00    90.00
   	   30.00    88.00     0.00    90.00
  42 	 -584.00   758.64     0.00     0.00     0.00     0.00
  42 	 -584.00   758.64     0.00     0.00     0.00     0.00
   	   30.00    88.00     0.00    90.00
   	   30.00    88.00     0.00    90.00
  43 	 -438.00   758.64     0.00     0.00     0.00     0.00
  43 	 -438.00   758.64     0.00     0.00     0.00     0.00
   	   30.00    88.00     0.00    90.00
   	   30.00    88.00     0.00    90.00
  44 	 -292.00   758.64     0.00     0.00     0.00     0.00
  44 	 -292.00   758.64     0.00     0.00     0.00     0.00
   	   30.00    88.00     0.00    90.00
   	   30.00    88.00     0.00    90.00
  45 	 -146.00   758.64     0.00     0.00     0.00     0.00
  45 	 -146.00   758.64     0.00     0.00     0.00     0.00
   	   30.00    88.00     0.00    90.00
   	   30.00    88.00     0.00    90.00
  46 	   -0.00   758.64     0.00     0.00     0.00     0.00
  46 	   -0.00   758.64     0.00     0.00     0.00     0.00
   	   30.00    88.00     0.00    90.00
   	   30.00    88.00     0.00    90.00
  47 	  146.00   758.64     0.00     0.00     0.00     0.00
  47 	  146.00   758.64     0.00     0.00     0.00     0.00
   	   30.00    88.00     0.00    90.00
   	   30.00    88.00     0.00    90.00
  48 	  292.00   758.64     0.00     0.00     0.00     0.00
  48 	  292.00   758.64     0.00     0.00     0.00     0.00
   	   30.00    88.00     0.00    90.00
   	   30.00    88.00     0.00    90.00
  49 	  438.00   758.64     0.00     0.00     0.00     0.00
  49 	  438.00   758.64     0.00     0.00     0.00     0.00
   	   30.00    88.00     0.00    90.00
   	   30.00    88.00     0.00    90.00
  50 	-1387.00   885.08     0.00     0.00     0.00     0.00
  50 	-1387.00   885.08     0.00     0.00     0.00     0.00
   	   30.00    88.00     0.00    90.00
   	   30.00    88.00     0.00    90.00
  51 	-1241.00   885.08     0.00     0.00     0.00     0.00
  51 	-1241.00   885.08     0.00     0.00     0.00     0.00
   	   30.00    88.00     0.00    90.00
   	   30.00    88.00     0.00    90.00
  52 	-1095.00   885.08     0.00     0.00     0.00     0.00
  52 	-1095.00   885.08     0.00     0.00     0.00     0.00
   	   30.00    88.00     0.00    90.00
   	   30.00    88.00     0.00    90.00
  53 	 -949.00   885.08     0.00     0.00     0.00     0.00
  53 	 -949.00   885.08     0.00     0.00     0.00     0.00
   	   30.00    88.00     0.00    90.00
   	   30.00    88.00     0.00    90.00
  54 	 -803.00   885.08     0.00     0.00     0.00     0.00
  54 	 -803.00   885.08     0.00     0.00     0.00     0.00
   	   30.00    88.00     0.00    90.00
   	   30.00    88.00     0.00    90.00
  55 	 -657.00   885.08     0.00     0.00     0.00     0.00
  55 	 -657.00   885.08     0.00     0.00     0.00     0.00
   	   30.00    88.00     0.00    90.00
   	   30.00    88.00     0.00    90.00
  56 	 -511.00   885.08     0.00     0.00     0.00     0.00
  56 	 -511.00   885.08     0.00     0.00     0.00     0.00
   	   30.00    88.00     0.00    90.00
   	   30.00    88.00     0.00    90.00
  57 	 -365.00   885.08     0.00     0.00     0.00     0.00
  57 	 -365.00   885.08     0.00     0.00     0.00     0.00
   	   30.00    88.00     0.00    90.00
   	   30.00    88.00     0.00    90.00
  58 	 -219.00   885.08     0.00     0.00     0.00     0.00
  58 	 -219.00   885.08     0.00     0.00     0.00     0.00
   	   30.00    88.00     0.00    90.00
   	   30.00    88.00     0.00    90.00
  59 	  -73.00   885.08     0.00     0.00     0.00     0.00
  59 	  -73.00   885.08     0.00     0.00     0.00     0.00
   	   30.00    88.00     0.00    90.00
   	   30.00    88.00     0.00    90.00
  60 	   73.00   885.08     0.00     0.00     0.00     0.00
  60 	   73.00   885.08     0.00     0.00     0.00     0.00
   	   30.00    88.00     0.00    90.00
   	   30.00    88.00     0.00    90.00
  61 	  219.00   885.08     0.00     0.00     0.00     0.00
  61 	  219.00   885.08     0.00     0.00     0.00     0.00
   	   30.00    88.00     0.00    90.00
   	   30.00    88.00     0.00    90.00
  62 	  365.00   885.08     0.00     0.00     0.00     0.00
  62 	  365.00   885.08     0.00     0.00     0.00     0.00
   	   30.00    88.00     0.00    90.00
   	   30.00    88.00     0.00    90.00
  63 	  511.00   885.08     0.00     0.00     0.00     0.00
  63 	  511.00   885.08     0.00     0.00     0.00     0.00
   	   30.00    88.00     0.00    90.00
   	   30.00    88.00     0.00    90.00
  64 	 -511.00  -885.08     0.00     0.00     0.00     0.00
  64 	 -511.00  -885.08     0.00     0.00     0.00     0.00
   	   30.00    88.00     0.00    90.00
   	   30.00    88.00     0.00    90.00
  65 	 -438.00  -758.64     0.00     0.00     0.00     0.00
  65 	 -438.00  -758.64     0.00     0.00     0.00     0.00
   	   30.00    88.00     0.00    90.00
   	   30.00    88.00     0.00    90.00
  66 	 -365.00  -632.20     0.00     0.00     0.00     0.00
  66 	 -365.00  -632.20     0.00     0.00     0.00     0.00
   	   30.00    88.00     0.00    90.00
   	   30.00    88.00     0.00    90.00
  67 	 -292.00  -505.76     0.00     0.00     0.00     0.00
  67 	 -292.00  -505.76     0.00     0.00     0.00     0.00
   	   30.00    88.00     0.00    90.00
   	   30.00    88.00     0.00    90.00

** End writing output file: ../inputs/gr396.dat 
