*******************************************************************************
                         ARRAY PREPROCESSOR ver. 1.0
*******************************************************************************



   1	GROUP testgroup
   3	 GRID RECTANGULAR
   4	 ELEMENT
   5	 GEOMETRY CIRCULAR RADIUS 78
   6	 POLARIZATION LINEAR
   7	 ADD BLOCK 0 -2 7 -2
   8	 ADD NODE 0 1
   9	 ADD BLOCK -6 2 0 -1
  10	 ADD NODE -5 -2
  12	 GROUP_EXCITATION
  13	 AMPLITUDE UNIFORM 25
  14	 PHASE UNIFORM 16
  15	 END

** Generating GROUP: testgroup.
** PSTEP,QSTEP set to:156.000000,156.000000
** Grid ANGLE set to:90.000000 
** Group ROT_ANGLE set to: 0.000000 

** Writing output file: ../inputs/gr40.dat

NEL 
NPORTS
IDUM      REXA     REYA     REZA     THEA     PHEA     PSEA 
          AMP      PSH      PSC      PHEPOL
  38
  38
   1
   1
   1 	    0.00  -312.00     0.00     0.00     0.00     0.00
   1 	    0.00  -312.00     0.00     0.00     0.00     0.00
   	   25.00    16.00     0.00    90.00
   	   25.00    16.00     0.00    90.00
   2 	  156.00  -312.00     0.00     0.00     0.00     0.00
   2 	  156.00  -312.00     0.00     0.00     0.00     0.00
   	   25.00    16.00     0.00    90.00
   	   25.00    16.00     0.00    90.00
   3 	  312.00  -312.00     0.00     0.00     0.00     0.00
   3 	  312.00  -312.00     0.00     0.00     0.00     0.00
   	   25.00    16.00     0.00    90.00
   	   25.00    16.00     0.00    90.00
   4 	  468.00  -312.00     0.00     0.00     0.00     0.00
   4 	  468.00  -312.00     0.00     0.00     0.00     0.00
   	   25.00    16.00     0.00    90.00
   	   25.00    16.00     0.00    90.00
   5 	  624.00  -312.00     0.00     0.00     0.00     0.00
   5 	  624.00  -312.00     0.00     0.00     0.00     0.00
   	   25.00    16.00     0.00    90.00
   	   25.00    16.00     0.00    90.00
   6 	  780.00  -312.00     0.00     0.00     0.00     0.00
   6 	  780.00  -312.00     0.00     0.00     0.00     0.00
   	   25.00    16.00     0.00    90.00
   	   25.00    16.00     0.00    90.00
   7 	  936.00  -312.00     0.00     0.00     0.00     0.00
   7 	  936.00  -312.00     0.00     0.00     0.00     0.00
   	   25.00    16.00     0.00    90.00
   	   25.00    16.00     0.00    90.00
   8 	 1092.00  -312.00     0.00     0.00     0.00     0.00
   8 	 1092.00  -312.00     0.00     0.00     0.00     0.00
   	   25.00    16.00     0.00    90.00
   	   25.00    16.00     0.00    90.00
   9 	   -0.00   156.00     0.00     0.00     0.00     0.00
   9 	   -0.00   156.00     0.00     0.00     0.00     0.00
   	   25.00    16.00     0.00    90.00
   	   25.00    16.00     0.00    90.00
  10 	 -936.00  -156.00     0.00     0.00     0.00     0.00
  10 	 -936.00  -156.00     0.00     0.00     0.00     0.00
   	   25.00    16.00     0.00    90.00
   	   25.00    16.00     0.00    90.00
  11 	 -780.00  -156.00     0.00     0.00     0.00     0.00
  11 	 -780.00  -156.00     0.00     0.00     0.00     0.00
   	   25.00    16.00     0.00    90.00
   	   25.00    16.00     0.00    90.00
  12 	 -624.00  -156.00     0.00     0.00     0.00     0.00
  12 	 -624.00  -156.00     0.00     0.00     0.00     0.00
   	   25.00    16.00     0.00    90.00
   	   25.00    16.00     0.00    90.00
  13 	 -468.00  -156.00     0.00     0.00     0.00     0.00
  13 	 -468.00  -156.00     0.00     0.00     0.00     0.00
   	   25.00    16.00     0.00    90.00
   	   25.00    16.00     0.00    90.00
  14 	 -312.00  -156.00     0.00     0.00     0.00     0.00
  14 	 -312.00  -156.00     0.00     0.00     0.00     0.00
   	   25.00    16.00     0.00    90.00
   	   25.00    16.00     0.00    90.00
  15 	 -156.00  -156.00     0.00     0.00     0.00     0.00
  15 	 -156.00  -156.00     0.00     0.00     0.00     0.00
   	   25.00    16.00     0.00    90.00
   	   25.00    16.00     0.00    90.00
  16 	    0.00  -156.00     0.00     0.00     0.00     0.00
  16 	    0.00  -156.00     0.00     0.00     0.00     0.00
   	   25.00    16.00     0.00    90.00
   	   25.00    16.00     0.00    90.00
  17 	 -936.00     0.00     0.00     0.00     0.00     0.00
  17 	 -936.00     0.00     0.00     0.00     0.00     0.00
   	   25.00    16.00     0.00    90.00
   	   25.00    16.00     0.00    90.00
  18 	 -780.00     0.00     0.00     0.00     0.00     0.00
  18 	 -780.00     0.00     0.00     0.00     0.00     0.00
   	   25.00    16.00     0.00    90.00
   	   25.00    16.00     0.00    90.00
  19 	 -624.00     0.00     0.00     0.00     0.00     0.00
  19 	 -624.00     0.00     0.00     0.00     0.00     0.00
   	   25.00    16.00     0.00    90.00
   	   25.00    16.00     0.00    90.00
  20 	 -468.00     0.00     0.00     0.00     0.00     0.00
  20 	 -468.00     0.00     0.00     0.00     0.00     0.00
   	   25.00    16.00     0.00    90.00
   	   25.00    16.00     0.00    90.00
  21 	 -312.00     0.00     0.00     0.00     0.00     0.00
  21 	 -312.00     0.00     0.00     0.00     0.00     0.00
   	   25.00    16.00     0.00    90.00
   	   25.00    16.00     0.00    90.00
  22 	 -156.00     0.00     0.00     0.00     0.00     0.00
  22 	 -156.00     0.00     0.00     0.00     0.00     0.00
   	   25.00    16.00     0.00    90.00
   	   25.00    16.00     0.00    90.00
  23 	    0.00     0.00     0.00     0.00     0.00     0.00
  23 	    0.00     0.00     0.00     0.00     0.00     0.00
   	   25.00    16.00     0.00    90.00
   	   25.00    16.00     0.00    90.00
  24 	 -936.00   156.00     0.00     0.00     0.00     0.00
  24 	 -936.00   156.00     0.00     0.00     0.00     0.00
   	   25.00    16.00     0.00    90.00
   	   25.00    16.00     0.00    90.00
  25 	 -780.00   156.00     0.00     0.00     0.00     0.00
  25 	 -780.00   156.00     0.00     0.00     0.00     0.00
   	   25.00    16.00     0.00    90.00
   	   25.00    16.00     0.00    90.00
  26 	 -624.00   156.00     0.00     0.00     0.00     0.00
  26 	 -624.00   156.00     0.00     0.00     0.00     0.00
   	   25.00    16.00     0.00    90.00
   	   25.00    16.00     0.00    90.00
  27 	 -468.00   156.00     0.00     0.00     0.00     0.00
  27 	 -468.00   156.00     0.00     0.00     0.00     0.00
   	   25.00    16.00     0.00    90.00
   	   25.00    16.00     0.00    90.00
  28 	 -312.00   156.00     0.00     0.00     0.00     0.00
  28 	 -312.00   156.00     0.00     0.00     0.00     0.00
   	   25.00    16.00     0.00    90.00
   	   25.00    16.00     0.00    90.00
  29 	 -156.00   156.00     0.00     0.00     0.00     0.00
  29 	 -156.00   156.00     0.00     0.00     0.00     0.00
   	   25.00    16.00     0.00    90.00
   	   25.00    16.00     0.00    90.00
  30 	   -0.00   156.00     0.00     0.00     0.00     0.00
  30 	   -0.00   156.00     0.00     0.00     0.00     0.00
   	   25.00    16.00     0.00    90.00
   	   25.00    16.00     0.00    90.00
  31 	 -936.00   312.00     0.00     0.00     0.00     0.00
  31 	 -936.00   312.00     0.00     0.00     0.00     0.00
   	   25.00    16.00     0.00    90.00
   	   25.00    16.00     0.00    90.00
  32 	 -780.00   312.00     0.00     0.00     0.00     0.00
  32 	 -780.00   312.00     0.00     0.00     0.00     0.00
   	   25.00    16.00     0.00    90.00
   	   25.00    16.00     0.00    90.00
  33 	 -624.00   312.00     0.00     0.00     0.00     0.00
  33 	 -624.00   312.00     0.00     0.00     0.00     0.00
   	   25.00    16.00     0.00    90.00
   	   25.00    16.00     0.00    90.00
  34 	 -468.00   312.00     0.00     0.00     0.00     0.00
  34 	 -468.00   312.00     0.00     0.00     0.00     0.00
   	   25.00    16.00     0.00    90.00
   	   25.00    16.00     0.00    90.00
  35 	 -312.00   312.00     0.00     0.00     0.00     0.00
  35 	 -312.00   312.00     0.00     0.00     0.00     0.00
   	   25.00    16.00     0.00    90.00
   	   25.00    16.00     0.00    90.00
  36 	 -156.00   312.00     0.00     0.00     0.00     0.00
  36 	 -156.00   312.00     0.00     0.00     0.00     0.00
   	   25.00    16.00     0.00    90.00
   	   25.00    16.00     0.00    90.00
  37 	   -0.00   312.00     0.00     0.00     0.00     0.00
  37 	   -0.00   312.00     0.00     0.00     0.00     0.00
   	   25.00    16.00     0.00    90.00
   	   25.00    16.00     0.00    90.00
  38 	 -780.00  -312.00     0.00     0.00     0.00     0.00
  38 	 -780.00  -312.00     0.00     0.00     0.00     0.00
   	   25.00    16.00     0.00    90.00
   	   25.00    16.00     0.00    90.00

** End writing output file: ../inputs/gr40.dat 
