*******************************************************************************
                         ARRAY PREPROCESSOR ver. 1.0
*******************************************************************************



   1	GROUP testgroup
   3	 GRID TRIANGULAR
   4	 ELEMENT
   5	 GEOMETRY CIRCULAR RADIUS 65
   7	 ADD HEXAGON 3 -1
   8	 ADD NODE 1 5
  10	 GROUP_EXCITATION
  11	 AMPLITUDE UNIFORM 22
  12	 PHASE UNIFORM -91
  13	 END

** WARNING B2: GRID step(s) too small for specified element in GROUP: testgroup
** Generating GROUP: testgroup.
** PSTEP,QSTEP set to:130.000000,130.000000
** Grid ANGLE set to:60.000000 
** Group ROT_ANGLE set to: 0.000000 

** Writing output file: ../inputs/gr400.dat

NEL 
NPORTS
IDUM      REXA     REYA     REZA     THEA     PHEA     PSEA 
          AMP      PSH      PSC      PHEPOL
   8
   8
   1
   1
   1 	  260.00     0.00     0.00     0.00     0.00     0.00
   1 	  260.00     0.00     0.00     0.00     0.00     0.00
   	   22.00   -91.00     0.00    90.00
   	   22.00   -91.00     0.00    90.00
   2 	  390.00     0.00     0.00     0.00     0.00     0.00
   2 	  390.00     0.00     0.00     0.00     0.00     0.00
   	   22.00   -91.00     0.00    90.00
   	   22.00   -91.00     0.00    90.00
   3 	  455.00  -112.58     0.00     0.00     0.00     0.00
   3 	  455.00  -112.58     0.00     0.00     0.00     0.00
   	   22.00   -91.00     0.00    90.00
   	   22.00   -91.00     0.00    90.00
   4 	  390.00  -225.17     0.00     0.00     0.00     0.00
   4 	  390.00  -225.17     0.00     0.00     0.00     0.00
   	   22.00   -91.00     0.00    90.00
   	   22.00   -91.00     0.00    90.00
   5 	  260.00  -225.17     0.00     0.00     0.00     0.00
   5 	  260.00  -225.17     0.00     0.00     0.00     0.00
   	   22.00   -91.00     0.00    90.00
   	   22.00   -91.00     0.00    90.00
   6 	  195.00  -112.58     0.00     0.00     0.00     0.00
   6 	  195.00  -112.58     0.00     0.00     0.00     0.00
   	   22.00   -91.00     0.00    90.00
   	   22.00   -91.00     0.00    90.00
   7 	  325.00  -112.58     0.00     0.00     0.00     0.00
   7 	  325.00  -112.58     0.00     0.00     0.00     0.00
   	   22.00   -91.00     0.00    90.00
   	   22.00   -91.00     0.00    90.00
   8 	  455.00   562.92     0.00     0.00     0.00     0.00
   8 	  455.00   562.92     0.00     0.00     0.00     0.00
   	   22.00   -91.00     0.00    90.00
   	   22.00   -91.00     0.00    90.00

** End writing output file: ../inputs/gr400.dat 
