*******************************************************************************
                         ARRAY PREPROCESSOR ver. 1.0
*******************************************************************************



   1	GROUP testgroup
   3	 GRID RECTANGULAR
   4	 ELEMENT
   5	 GEOMETRY CIRCULAR RADIUS 68
   7	 PORTS 4
   8	 PORT 1
   9	 AMPLITUDE 26
  10	 PHASE_SCANNING 576
  11	 PHASE_POL_ARRANG 712
  12	 PORT 2
  13	 POL_ORIENT X AMPLITUDE 29
  14	 PHASE_POL_ARRANG 538
  15	 PORT 3
  16	 AMPLITUDE 24
  17	 PHASE_SCANNING 438 deg
  18	 PHASE_POL_ARRANG 561
  19	 PORT 4
  20	 POL_ORIENT X AMPLITUDE 22
  21	 ADD BLOCK -1 0 1 -5
  22	 ADD HEXAGON -5 0
  23	 ADD BLOCK 0 0 0 4
  24	 ADD HEXAGON 0 5
  26	 GROUP_EXCITATION
  27	 AMPLITUDE UNIFORM 22
  28	 PHASE UNIFORM -114
  29	 END

** Generating GROUP: testgroup.
** PSTEP,QSTEP set to:136.000000,136.000000
** Grid ANGLE set to:90.000000 
** Group ROT_ANGLE set to: 0.000000 

** Writing output file: ../inputs/gr402.dat

NEL 
NPORTS
IDUM      REXA     REYA     REZA     THEA     PHEA     PSEA 
          AMP      PSH      PSC      PHEPOL
  37
  37
   4
   4
   1 	 -136.00  -680.00     0.00     0.00     0.00     0.00
   1 	 -136.00  -680.00     0.00     0.00     0.00     0.00
   	  572.00   598.00   576.00    90.00
   	  572.00   598.00   576.00    90.00
   	  638.00   424.00     0.00     0.00
   	  638.00   424.00     0.00     0.00
   	  528.00   447.00   438.00    90.00
   	  528.00   447.00   438.00    90.00
   	  484.00  -114.00     0.00     0.00
   	  484.00  -114.00     0.00     0.00
   2 	    0.00  -680.00     0.00     0.00     0.00     0.00
   2 	    0.00  -680.00     0.00     0.00     0.00     0.00
   	  572.00   598.00   576.00    90.00
   	  572.00   598.00   576.00    90.00
   	  638.00   424.00     0.00     0.00
   	  638.00   424.00     0.00     0.00
   	  528.00   447.00   438.00    90.00
   	  528.00   447.00   438.00    90.00
   	  484.00  -114.00     0.00     0.00
   	  484.00  -114.00     0.00     0.00
   3 	  136.00  -680.00     0.00     0.00     0.00     0.00
   3 	  136.00  -680.00     0.00     0.00     0.00     0.00
   	  572.00   598.00   576.00    90.00
   	  572.00   598.00   576.00    90.00
   	  638.00   424.00     0.00     0.00
   	  638.00   424.00     0.00     0.00
   	  528.00   447.00   438.00    90.00
   	  528.00   447.00   438.00    90.00
   	  484.00  -114.00     0.00     0.00
   	  484.00  -114.00     0.00     0.00
   4 	 -136.00  -544.00     0.00     0.00     0.00     0.00
   4 	 -136.00  -544.00     0.00     0.00     0.00     0.00
   	  572.00   598.00   576.00    90.00
   	  572.00   598.00   576.00    90.00
   	  638.00   424.00     0.00     0.00
   	  638.00   424.00     0.00     0.00
   	  528.00   447.00   438.00    90.00
   	  528.00   447.00   438.00    90.00
   	  484.00  -114.00     0.00     0.00
   	  484.00  -114.00     0.00     0.00
   5 	    0.00  -544.00     0.00     0.00     0.00     0.00
   5 	    0.00  -544.00     0.00     0.00     0.00     0.00
   	  572.00   598.00   576.00    90.00
   	  572.00   598.00   576.00    90.00
   	  638.00   424.00     0.00     0.00
   	  638.00   424.00     0.00     0.00
   	  528.00   447.00   438.00    90.00
   	  528.00   447.00   438.00    90.00
   	  484.00  -114.00     0.00     0.00
   	  484.00  -114.00     0.00     0.00
   6 	  136.00  -544.00     0.00     0.00     0.00     0.00
   6 	  136.00  -544.00     0.00     0.00     0.00     0.00
   	  572.00   598.00   576.00    90.00
   	  572.00   598.00   576.00    90.00
   	  638.00   424.00     0.00     0.00
   	  638.00   424.00     0.00     0.00
   	  528.00   447.00   438.00    90.00
   	  528.00   447.00   438.00    90.00
   	  484.00  -114.00     0.00     0.00
   	  484.00  -114.00     0.00     0.00
   7 	 -136.00  -408.00     0.00     0.00     0.00     0.00
   7 	 -136.00  -408.00     0.00     0.00     0.00     0.00
   	  572.00   598.00   576.00    90.00
   	  572.00   598.00   576.00    90.00
   	  638.00   424.00     0.00     0.00
   	  638.00   424.00     0.00     0.00
   	  528.00   447.00   438.00    90.00
   	  528.00   447.00   438.00    90.00
   	  484.00  -114.00     0.00     0.00
   	  484.00  -114.00     0.00     0.00
   8 	    0.00  -408.00     0.00     0.00     0.00     0.00
   8 	    0.00  -408.00     0.00     0.00     0.00     0.00
   	  572.00   598.00   576.00    90.00
   	  572.00   598.00   576.00    90.00
   	  638.00   424.00     0.00     0.00
   	  638.00   424.00     0.00     0.00
   	  528.00   447.00   438.00    90.00
   	  528.00   447.00   438.00    90.00
   	  484.00  -114.00     0.00     0.00
   	  484.00  -114.00     0.00     0.00
   9 	  136.00  -408.00     0.00     0.00     0.00     0.00
   9 	  136.00  -408.00     0.00     0.00     0.00     0.00
   	  572.00   598.00   576.00    90.00
   	  572.00   598.00   576.00    90.00
   	  638.00   424.00     0.00     0.00
   	  638.00   424.00     0.00     0.00
   	  528.00   447.00   438.00    90.00
   	  528.00   447.00   438.00    90.00
   	  484.00  -114.00     0.00     0.00
   	  484.00  -114.00     0.00     0.00
  10 	 -136.00  -272.00     0.00     0.00     0.00     0.00
  10 	 -136.00  -272.00     0.00     0.00     0.00     0.00
   	  572.00   598.00   576.00    90.00
   	  572.00   598.00   576.00    90.00
   	  638.00   424.00     0.00     0.00
   	  638.00   424.00     0.00     0.00
   	  528.00   447.00   438.00    90.00
   	  528.00   447.00   438.00    90.00
   	  484.00  -114.00     0.00     0.00
   	  484.00  -114.00     0.00     0.00
  11 	    0.00  -272.00     0.00     0.00     0.00     0.00
  11 	    0.00  -272.00     0.00     0.00     0.00     0.00
   	  572.00   598.00   576.00    90.00
   	  572.00   598.00   576.00    90.00
   	  638.00   424.00     0.00     0.00
   	  638.00   424.00     0.00     0.00
   	  528.00   447.00   438.00    90.00
   	  528.00   447.00   438.00    90.00
   	  484.00  -114.00     0.00     0.00
   	  484.00  -114.00     0.00     0.00
  12 	  136.00  -272.00     0.00     0.00     0.00     0.00
  12 	  136.00  -272.00     0.00     0.00     0.00     0.00
   	  572.00   598.00   576.00    90.00
   	  572.00   598.00   576.00    90.00
   	  638.00   424.00     0.00     0.00
   	  638.00   424.00     0.00     0.00
   	  528.00   447.00   438.00    90.00
   	  528.00   447.00   438.00    90.00
   	  484.00  -114.00     0.00     0.00
   	  484.00  -114.00     0.00     0.00
  13 	 -136.00  -136.00     0.00     0.00     0.00     0.00
  13 	 -136.00  -136.00     0.00     0.00     0.00     0.00
   	  572.00   598.00   576.00    90.00
   	  572.00   598.00   576.00    90.00
   	  638.00   424.00     0.00     0.00
   	  638.00   424.00     0.00     0.00
   	  528.00   447.00   438.00    90.00
   	  528.00   447.00   438.00    90.00
   	  484.00  -114.00     0.00     0.00
   	  484.00  -114.00     0.00     0.00
  14 	    0.00  -136.00     0.00     0.00     0.00     0.00
  14 	    0.00  -136.00     0.00     0.00     0.00     0.00
   	  572.00   598.00   576.00    90.00
   	  572.00   598.00   576.00    90.00
   	  638.00   424.00     0.00     0.00
   	  638.00   424.00     0.00     0.00
   	  528.00   447.00   438.00    90.00
   	  528.00   447.00   438.00    90.00
   	  484.00  -114.00     0.00     0.00
   	  484.00  -114.00     0.00     0.00
  15 	  136.00  -136.00     0.00     0.00     0.00     0.00
  15 	  136.00  -136.00     0.00     0.00     0.00     0.00
   	  572.00   598.00   576.00    90.00
   	  572.00   598.00   576.00    90.00
   	  638.00   424.00     0.00     0.00
   	  638.00   424.00     0.00     0.00
   	  528.00   447.00   438.00    90.00
   	  528.00   447.00   438.00    90.00
   	  484.00  -114.00     0.00     0.00
   	  484.00  -114.00     0.00     0.00
  16 	 -136.00     0.00     0.00     0.00     0.00     0.00
  16 	 -136.00     0.00     0.00     0.00     0.00     0.00
   	  572.00   598.00   576.00    90.00
   	  572.00   598.00   576.00    90.00
   	  638.00   424.00     0.00     0.00
   	  638.00   424.00     0.00     0.00
   	  528.00   447.00   438.00    90.00
   	  528.00   447.00   438.00    90.00
   	  484.00  -114.00     0.00     0.00
   	  484.00  -114.00     0.00     0.00
  17 	    0.00     0.00     0.00     0.00     0.00     0.00
  17 	    0.00     0.00     0.00     0.00     0.00     0.00
   	  572.00   598.00   576.00    90.00
   	  572.00   598.00   576.00    90.00
   	  638.00   424.00     0.00     0.00
   	  638.00   424.00     0.00     0.00
   	  528.00   447.00   438.00    90.00
   	  528.00   447.00   438.00    90.00
   	  484.00  -114.00     0.00     0.00
   	  484.00  -114.00     0.00     0.00
  18 	  136.00     0.00     0.00     0.00     0.00     0.00
  18 	  136.00     0.00     0.00     0.00     0.00     0.00
   	  572.00   598.00   576.00    90.00
   	  572.00   598.00   576.00    90.00
   	  638.00   424.00     0.00     0.00
   	  638.00   424.00     0.00     0.00
   	  528.00   447.00   438.00    90.00
   	  528.00   447.00   438.00    90.00
   	  484.00  -114.00     0.00     0.00
   	  484.00  -114.00     0.00     0.00
  19 	 -816.00   136.00     0.00     0.00     0.00     0.00
  19 	 -816.00   136.00     0.00     0.00     0.00     0.00
   	  572.00   598.00   576.00    90.00
   	  572.00   598.00   576.00    90.00
   	  638.00   424.00     0.00     0.00
   	  638.00   424.00     0.00     0.00
   	  528.00   447.00   438.00    90.00
   	  528.00   447.00   438.00    90.00
   	  484.00  -114.00     0.00     0.00
   	  484.00  -114.00     0.00     0.00
  20 	 -680.00   136.00     0.00     0.00     0.00     0.00
  20 	 -680.00   136.00     0.00     0.00     0.00     0.00
   	  572.00   598.00   576.00    90.00
   	  572.00   598.00   576.00    90.00
   	  638.00   424.00     0.00     0.00
   	  638.00   424.00     0.00     0.00
   	  528.00   447.00   438.00    90.00
   	  528.00   447.00   438.00    90.00
   	  484.00  -114.00     0.00     0.00
   	  484.00  -114.00     0.00     0.00
  21 	 -544.00     0.00     0.00     0.00     0.00     0.00
  21 	 -544.00     0.00     0.00     0.00     0.00     0.00
   	  572.00   598.00   576.00    90.00
   	  572.00   598.00   576.00    90.00
   	  638.00   424.00     0.00     0.00
   	  638.00   424.00     0.00     0.00
   	  528.00   447.00   438.00    90.00
   	  528.00   447.00   438.00    90.00
   	  484.00  -114.00     0.00     0.00
   	  484.00  -114.00     0.00     0.00
  22 	 -544.00  -136.00     0.00     0.00     0.00     0.00
  22 	 -544.00  -136.00     0.00     0.00     0.00     0.00
   	  572.00   598.00   576.00    90.00
   	  572.00   598.00   576.00    90.00
   	  638.00   424.00     0.00     0.00
   	  638.00   424.00     0.00     0.00
   	  528.00   447.00   438.00    90.00
   	  528.00   447.00   438.00    90.00
   	  484.00  -114.00     0.00     0.00
   	  484.00  -114.00     0.00     0.00
  23 	 -680.00  -136.00     0.00     0.00     0.00     0.00
  23 	 -680.00  -136.00     0.00     0.00     0.00     0.00
   	  572.00   598.00   576.00    90.00
   	  572.00   598.00   576.00    90.00
   	  638.00   424.00     0.00     0.00
   	  638.00   424.00     0.00     0.00
   	  528.00   447.00   438.00    90.00
   	  528.00   447.00   438.00    90.00
   	  484.00  -114.00     0.00     0.00
   	  484.00  -114.00     0.00     0.00
  24 	 -816.00     0.00     0.00     0.00     0.00     0.00
  24 	 -816.00     0.00     0.00     0.00     0.00     0.00
   	  572.00   598.00   576.00    90.00
   	  572.00   598.00   576.00    90.00
   	  638.00   424.00     0.00     0.00
   	  638.00   424.00     0.00     0.00
   	  528.00   447.00   438.00    90.00
   	  528.00   447.00   438.00    90.00
   	  484.00  -114.00     0.00     0.00
   	  484.00  -114.00     0.00     0.00
  25 	 -680.00     0.00     0.00     0.00     0.00     0.00
  25 	 -680.00     0.00     0.00     0.00     0.00     0.00
   	  572.00   598.00   576.00    90.00
   	  572.00   598.00   576.00    90.00
   	  638.00   424.00     0.00     0.00
   	  638.00   424.00     0.00     0.00
   	  528.00   447.00   438.00    90.00
   	  528.00   447.00   438.00    90.00
   	  484.00  -114.00     0.00     0.00
   	  484.00  -114.00     0.00     0.00
  26 	    0.00     0.00     0.00     0.00     0.00     0.00
  26 	    0.00     0.00     0.00     0.00     0.00     0.00
   	  572.00   598.00   576.00    90.00
   	  572.00   598.00   576.00    90.00
   	  638.00   424.00     0.00     0.00
   	  638.00   424.00     0.00     0.00
   	  528.00   447.00   438.00    90.00
   	  528.00   447.00   438.00    90.00
   	  484.00  -114.00     0.00     0.00
   	  484.00  -114.00     0.00     0.00
  27 	   -0.00   136.00     0.00     0.00     0.00     0.00
  27 	   -0.00   136.00     0.00     0.00     0.00     0.00
   	  572.00   598.00   576.00    90.00
   	  572.00   598.00   576.00    90.00
   	  638.00   424.00     0.00     0.00
   	  638.00   424.00     0.00     0.00
   	  528.00   447.00   438.00    90.00
   	  528.00   447.00   438.00    90.00
   	  484.00  -114.00     0.00     0.00
   	  484.00  -114.00     0.00     0.00
  28 	   -0.00   272.00     0.00     0.00     0.00     0.00
  28 	   -0.00   272.00     0.00     0.00     0.00     0.00
   	  572.00   598.00   576.00    90.00
   	  572.00   598.00   576.00    90.00
   	  638.00   424.00     0.00     0.00
   	  638.00   424.00     0.00     0.00
   	  528.00   447.00   438.00    90.00
   	  528.00   447.00   438.00    90.00
   	  484.00  -114.00     0.00     0.00
   	  484.00  -114.00     0.00     0.00
  29 	   -0.00   408.00     0.00     0.00     0.00     0.00
  29 	   -0.00   408.00     0.00     0.00     0.00     0.00
   	  572.00   598.00   576.00    90.00
   	  572.00   598.00   576.00    90.00
   	  638.00   424.00     0.00     0.00
   	  638.00   424.00     0.00     0.00
   	  528.00   447.00   438.00    90.00
   	  528.00   447.00   438.00    90.00
   	  484.00  -114.00     0.00     0.00
   	  484.00  -114.00     0.00     0.00
  30 	   -0.00   544.00     0.00     0.00     0.00     0.00
  30 	   -0.00   544.00     0.00     0.00     0.00     0.00
   	  572.00   598.00   576.00    90.00
   	  572.00   598.00   576.00    90.00
   	  638.00   424.00     0.00     0.00
   	  638.00   424.00     0.00     0.00
   	  528.00   447.00   438.00    90.00
   	  528.00   447.00   438.00    90.00
   	  484.00  -114.00     0.00     0.00
   	  484.00  -114.00     0.00     0.00
  31 	 -136.00   816.00     0.00     0.00     0.00     0.00
  31 	 -136.00   816.00     0.00     0.00     0.00     0.00
   	  572.00   598.00   576.00    90.00
   	  572.00   598.00   576.00    90.00
   	  638.00   424.00     0.00     0.00
   	  638.00   424.00     0.00     0.00
   	  528.00   447.00   438.00    90.00
   	  528.00   447.00   438.00    90.00
   	  484.00  -114.00     0.00     0.00
   	  484.00  -114.00     0.00     0.00
  32 	   -0.00   816.00     0.00     0.00     0.00     0.00
  32 	   -0.00   816.00     0.00     0.00     0.00     0.00
   	  572.00   598.00   576.00    90.00
   	  572.00   598.00   576.00    90.00
   	  638.00   424.00     0.00     0.00
   	  638.00   424.00     0.00     0.00
   	  528.00   447.00   438.00    90.00
   	  528.00   447.00   438.00    90.00
   	  484.00  -114.00     0.00     0.00
   	  484.00  -114.00     0.00     0.00
  33 	  136.00   680.00     0.00     0.00     0.00     0.00
  33 	  136.00   680.00     0.00     0.00     0.00     0.00
   	  572.00   598.00   576.00    90.00
   	  572.00   598.00   576.00    90.00
   	  638.00   424.00     0.00     0.00
   	  638.00   424.00     0.00     0.00
   	  528.00   447.00   438.00    90.00
   	  528.00   447.00   438.00    90.00
   	  484.00  -114.00     0.00     0.00
   	  484.00  -114.00     0.00     0.00
  34 	  136.00   544.00     0.00     0.00     0.00     0.00
  34 	  136.00   544.00     0.00     0.00     0.00     0.00
   	  572.00   598.00   576.00    90.00
   	  572.00   598.00   576.00    90.00
   	  638.00   424.00     0.00     0.00
   	  638.00   424.00     0.00     0.00
   	  528.00   447.00   438.00    90.00
   	  528.00   447.00   438.00    90.00
   	  484.00  -114.00     0.00     0.00
   	  484.00  -114.00     0.00     0.00
  35 	   -0.00   544.00     0.00     0.00     0.00     0.00
  35 	   -0.00   544.00     0.00     0.00     0.00     0.00
   	  572.00   598.00   576.00    90.00
   	  572.00   598.00   576.00    90.00
   	  638.00   424.00     0.00     0.00
   	  638.00   424.00     0.00     0.00
   	  528.00   447.00   438.00    90.00
   	  528.00   447.00   438.00    90.00
   	  484.00  -114.00     0.00     0.00
   	  484.00  -114.00     0.00     0.00
  36 	 -136.00   680.00     0.00     0.00     0.00     0.00
  36 	 -136.00   680.00     0.00     0.00     0.00     0.00
   	  572.00   598.00   576.00    90.00
   	  572.00   598.00   576.00    90.00
   	  638.00   424.00     0.00     0.00
   	  638.00   424.00     0.00     0.00
   	  528.00   447.00   438.00    90.00
   	  528.00   447.00   438.00    90.00
   	  484.00  -114.00     0.00     0.00
   	  484.00  -114.00     0.00     0.00
  37 	   -0.00   680.00     0.00     0.00     0.00     0.00
  37 	   -0.00   680.00     0.00     0.00     0.00     0.00
   	  572.00   598.00   576.00    90.00
   	  572.00   598.00   576.00    90.00
   	  638.00   424.00     0.00     0.00
   	  638.00   424.00     0.00     0.00
   	  528.00   447.00   438.00    90.00
   	  528.00   447.00   438.00    90.00
   	  484.00  -114.00     0.00     0.00
   	  484.00  -114.00     0.00     0.00

** End writing output file: ../inputs/gr402.dat 
