*******************************************************************************
                         ARRAY PREPROCESSOR ver. 1.0
*******************************************************************************



   1	GROUP testgroup
   3	 GRID HEXAGONAL STEP 27
   4	 ELEMENT
   5	 GEOMETRY CIRCULAR RADIUS 68
   6	 POLARIZATION CIRCULAR
   7	 ADD HEXAGON 3 -1
   8	 ADD HEXAGON 2 0
  10	 GROUP_EXCITATION
  11	 AMPLITUDE UNIFORM 19
  12	 PHASE UNIFORM -88
  13	 END

** WARNING B2: GRID step(s) too small for specified element in GROUP: testgroup
** Generating GROUP: testgroup.
** PSTEP,QSTEP set to:27.000000,27.000000
** Grid ANGLE set to:60.000000 
** Group ROT_ANGLE set to: 0.000000 

** Writing output file: ../inputs/gr415.dat

NEL 
NPORTS
IDUM      REXA     REYA     REZA     THEA     PHEA     PSEA 
          AMP      PSH      PSC      PHEPOL
  14
  14
   1
   1
   1 	   54.00     0.00     0.00     0.00     0.00     0.00
   1 	   54.00     0.00     0.00     0.00     0.00     0.00
   	   19.00   -88.00     0.00    90.00
   	   19.00   -88.00     0.00    90.00
   2 	   81.00     0.00     0.00     0.00     0.00     0.00
   2 	   81.00     0.00     0.00     0.00     0.00     0.00
   	   19.00   -88.00     0.00    90.00
   	   19.00   -88.00     0.00    90.00
   3 	   94.50   -23.38     0.00     0.00     0.00     0.00
   3 	   94.50   -23.38     0.00     0.00     0.00     0.00
   	   19.00   -88.00     0.00    90.00
   	   19.00   -88.00     0.00    90.00
   4 	   81.00   -46.77     0.00     0.00     0.00     0.00
   4 	   81.00   -46.77     0.00     0.00     0.00     0.00
   	   19.00   -88.00     0.00    90.00
   	   19.00   -88.00     0.00    90.00
   5 	   54.00   -46.77     0.00     0.00     0.00     0.00
   5 	   54.00   -46.77     0.00     0.00     0.00     0.00
   	   19.00   -88.00     0.00    90.00
   	   19.00   -88.00     0.00    90.00
   6 	   40.50   -23.38     0.00     0.00     0.00     0.00
   6 	   40.50   -23.38     0.00     0.00     0.00     0.00
   	   19.00   -88.00     0.00    90.00
   	   19.00   -88.00     0.00    90.00
   7 	   67.50   -23.38     0.00     0.00     0.00     0.00
   7 	   67.50   -23.38     0.00     0.00     0.00     0.00
   	   19.00   -88.00     0.00    90.00
   	   19.00   -88.00     0.00    90.00
   8 	   40.50    23.38     0.00     0.00     0.00     0.00
   8 	   40.50    23.38     0.00     0.00     0.00     0.00
   	   19.00   -88.00     0.00    90.00
   	   19.00   -88.00     0.00    90.00
   9 	   67.50    23.38     0.00     0.00     0.00     0.00
   9 	   67.50    23.38     0.00     0.00     0.00     0.00
   	   19.00   -88.00     0.00    90.00
   	   19.00   -88.00     0.00    90.00
  10 	   81.00     0.00     0.00     0.00     0.00     0.00
  10 	   81.00     0.00     0.00     0.00     0.00     0.00
   	   19.00   -88.00     0.00    90.00
   	   19.00   -88.00     0.00    90.00
  11 	   67.50   -23.38     0.00     0.00     0.00     0.00
  11 	   67.50   -23.38     0.00     0.00     0.00     0.00
   	   19.00   -88.00     0.00    90.00
   	   19.00   -88.00     0.00    90.00
  12 	   40.50   -23.38     0.00     0.00     0.00     0.00
  12 	   40.50   -23.38     0.00     0.00     0.00     0.00
   	   19.00   -88.00     0.00    90.00
   	   19.00   -88.00     0.00    90.00
  13 	   27.00     0.00     0.00     0.00     0.00     0.00
  13 	   27.00     0.00     0.00     0.00     0.00     0.00
   	   19.00   -88.00     0.00    90.00
   	   19.00   -88.00     0.00    90.00
  14 	   54.00     0.00     0.00     0.00     0.00     0.00
  14 	   54.00     0.00     0.00     0.00     0.00     0.00
   	   19.00   -88.00     0.00    90.00
   	   19.00   -88.00     0.00    90.00

** End writing output file: ../inputs/gr415.dat 
