*******************************************************************************
                         ARRAY PREPROCESSOR ver. 1.0
*******************************************************************************



   1	GROUP testgroup
   3	 GRID RECTANGULAR PSTEP 36 QSTEP 63
   4	 ELEMENT
   5	 GEOMETRY CIRCULAR 87
   7	 ADD BLOCK -2 7 3 -2
   8	 ADD BLOCK 3 -1 10 2
  10	 GROUP_EXCITATION
  11	 AMPLITUDE UNIFORM 33
  12	 PHASE UNIFORM 44
  13	 END

** WARNING B2: GRID step(s) too small for specified element in GROUP: testgroup
** Generating GROUP: testgroup.
** PSTEP,QSTEP set to:36.000000,63.000000
** Grid ANGLE set to:90.000000 
** Group ROT_ANGLE set to: 0.000000 

** Writing output file: ../inputs/gr417.dat

NEL 
NPORTS
IDUM      REXA     REYA     REZA     THEA     PHEA     PSEA 
          AMP      PSH      PSC      PHEPOL
  92
  92
   1
   1
   1 	  -72.00  -126.00     0.00     0.00     0.00     0.00
   1 	  -72.00  -126.00     0.00     0.00     0.00     0.00
   	   33.00    44.00     0.00    90.00
   	   33.00    44.00     0.00    90.00
   2 	  -36.00  -126.00     0.00     0.00     0.00     0.00
   2 	  -36.00  -126.00     0.00     0.00     0.00     0.00
   	   33.00    44.00     0.00    90.00
   	   33.00    44.00     0.00    90.00
   3 	    0.00  -126.00     0.00     0.00     0.00     0.00
   3 	    0.00  -126.00     0.00     0.00     0.00     0.00
   	   33.00    44.00     0.00    90.00
   	   33.00    44.00     0.00    90.00
   4 	   36.00  -126.00     0.00     0.00     0.00     0.00
   4 	   36.00  -126.00     0.00     0.00     0.00     0.00
   	   33.00    44.00     0.00    90.00
   	   33.00    44.00     0.00    90.00
   5 	   72.00  -126.00     0.00     0.00     0.00     0.00
   5 	   72.00  -126.00     0.00     0.00     0.00     0.00
   	   33.00    44.00     0.00    90.00
   	   33.00    44.00     0.00    90.00
   6 	  108.00  -126.00     0.00     0.00     0.00     0.00
   6 	  108.00  -126.00     0.00     0.00     0.00     0.00
   	   33.00    44.00     0.00    90.00
   	   33.00    44.00     0.00    90.00
   7 	  -72.00   -63.00     0.00     0.00     0.00     0.00
   7 	  -72.00   -63.00     0.00     0.00     0.00     0.00
   	   33.00    44.00     0.00    90.00
   	   33.00    44.00     0.00    90.00
   8 	  -36.00   -63.00     0.00     0.00     0.00     0.00
   8 	  -36.00   -63.00     0.00     0.00     0.00     0.00
   	   33.00    44.00     0.00    90.00
   	   33.00    44.00     0.00    90.00
   9 	    0.00   -63.00     0.00     0.00     0.00     0.00
   9 	    0.00   -63.00     0.00     0.00     0.00     0.00
   	   33.00    44.00     0.00    90.00
   	   33.00    44.00     0.00    90.00
  10 	   36.00   -63.00     0.00     0.00     0.00     0.00
  10 	   36.00   -63.00     0.00     0.00     0.00     0.00
   	   33.00    44.00     0.00    90.00
   	   33.00    44.00     0.00    90.00
  11 	   72.00   -63.00     0.00     0.00     0.00     0.00
  11 	   72.00   -63.00     0.00     0.00     0.00     0.00
   	   33.00    44.00     0.00    90.00
   	   33.00    44.00     0.00    90.00
  12 	  108.00   -63.00     0.00     0.00     0.00     0.00
  12 	  108.00   -63.00     0.00     0.00     0.00     0.00
   	   33.00    44.00     0.00    90.00
   	   33.00    44.00     0.00    90.00
  13 	  -72.00     0.00     0.00     0.00     0.00     0.00
  13 	  -72.00     0.00     0.00     0.00     0.00     0.00
   	   33.00    44.00     0.00    90.00
   	   33.00    44.00     0.00    90.00
  14 	  -36.00     0.00     0.00     0.00     0.00     0.00
  14 	  -36.00     0.00     0.00     0.00     0.00     0.00
   	   33.00    44.00     0.00    90.00
   	   33.00    44.00     0.00    90.00
  15 	    0.00     0.00     0.00     0.00     0.00     0.00
  15 	    0.00     0.00     0.00     0.00     0.00     0.00
   	   33.00    44.00     0.00    90.00
   	   33.00    44.00     0.00    90.00
  16 	   36.00     0.00     0.00     0.00     0.00     0.00
  16 	   36.00     0.00     0.00     0.00     0.00     0.00
   	   33.00    44.00     0.00    90.00
   	   33.00    44.00     0.00    90.00
  17 	   72.00     0.00     0.00     0.00     0.00     0.00
  17 	   72.00     0.00     0.00     0.00     0.00     0.00
   	   33.00    44.00     0.00    90.00
   	   33.00    44.00     0.00    90.00
  18 	  108.00     0.00     0.00     0.00     0.00     0.00
  18 	  108.00     0.00     0.00     0.00     0.00     0.00
   	   33.00    44.00     0.00    90.00
   	   33.00    44.00     0.00    90.00
  19 	  -72.00    63.00     0.00     0.00     0.00     0.00
  19 	  -72.00    63.00     0.00     0.00     0.00     0.00
   	   33.00    44.00     0.00    90.00
   	   33.00    44.00     0.00    90.00
  20 	  -36.00    63.00     0.00     0.00     0.00     0.00
  20 	  -36.00    63.00     0.00     0.00     0.00     0.00
   	   33.00    44.00     0.00    90.00
   	   33.00    44.00     0.00    90.00
  21 	   -0.00    63.00     0.00     0.00     0.00     0.00
  21 	   -0.00    63.00     0.00     0.00     0.00     0.00
   	   33.00    44.00     0.00    90.00
   	   33.00    44.00     0.00    90.00
  22 	   36.00    63.00     0.00     0.00     0.00     0.00
  22 	   36.00    63.00     0.00     0.00     0.00     0.00
   	   33.00    44.00     0.00    90.00
   	   33.00    44.00     0.00    90.00
  23 	   72.00    63.00     0.00     0.00     0.00     0.00
  23 	   72.00    63.00     0.00     0.00     0.00     0.00
   	   33.00    44.00     0.00    90.00
   	   33.00    44.00     0.00    90.00
  24 	  108.00    63.00     0.00     0.00     0.00     0.00
  24 	  108.00    63.00     0.00     0.00     0.00     0.00
   	   33.00    44.00     0.00    90.00
   	   33.00    44.00     0.00    90.00
  25 	  -72.00   126.00     0.00     0.00     0.00     0.00
  25 	  -72.00   126.00     0.00     0.00     0.00     0.00
   	   33.00    44.00     0.00    90.00
   	   33.00    44.00     0.00    90.00
  26 	  -36.00   126.00     0.00     0.00     0.00     0.00
  26 	  -36.00   126.00     0.00     0.00     0.00     0.00
   	   33.00    44.00     0.00    90.00
   	   33.00    44.00     0.00    90.00
  27 	   -0.00   126.00     0.00     0.00     0.00     0.00
  27 	   -0.00   126.00     0.00     0.00     0.00     0.00
   	   33.00    44.00     0.00    90.00
   	   33.00    44.00     0.00    90.00
  28 	   36.00   126.00     0.00     0.00     0.00     0.00
  28 	   36.00   126.00     0.00     0.00     0.00     0.00
   	   33.00    44.00     0.00    90.00
   	   33.00    44.00     0.00    90.00
  29 	   72.00   126.00     0.00     0.00     0.00     0.00
  29 	   72.00   126.00     0.00     0.00     0.00     0.00
   	   33.00    44.00     0.00    90.00
   	   33.00    44.00     0.00    90.00
  30 	  108.00   126.00     0.00     0.00     0.00     0.00
  30 	  108.00   126.00     0.00     0.00     0.00     0.00
   	   33.00    44.00     0.00    90.00
   	   33.00    44.00     0.00    90.00
  31 	  -72.00   189.00     0.00     0.00     0.00     0.00
  31 	  -72.00   189.00     0.00     0.00     0.00     0.00
   	   33.00    44.00     0.00    90.00
   	   33.00    44.00     0.00    90.00
  32 	  -36.00   189.00     0.00     0.00     0.00     0.00
  32 	  -36.00   189.00     0.00     0.00     0.00     0.00
   	   33.00    44.00     0.00    90.00
   	   33.00    44.00     0.00    90.00
  33 	   -0.00   189.00     0.00     0.00     0.00     0.00
  33 	   -0.00   189.00     0.00     0.00     0.00     0.00
   	   33.00    44.00     0.00    90.00
   	   33.00    44.00     0.00    90.00
  34 	   36.00   189.00     0.00     0.00     0.00     0.00
  34 	   36.00   189.00     0.00     0.00     0.00     0.00
   	   33.00    44.00     0.00    90.00
   	   33.00    44.00     0.00    90.00
  35 	   72.00   189.00     0.00     0.00     0.00     0.00
  35 	   72.00   189.00     0.00     0.00     0.00     0.00
   	   33.00    44.00     0.00    90.00
   	   33.00    44.00     0.00    90.00
  36 	  108.00   189.00     0.00     0.00     0.00     0.00
  36 	  108.00   189.00     0.00     0.00     0.00     0.00
   	   33.00    44.00     0.00    90.00
   	   33.00    44.00     0.00    90.00
  37 	  -72.00   252.00     0.00     0.00     0.00     0.00
  37 	  -72.00   252.00     0.00     0.00     0.00     0.00
   	   33.00    44.00     0.00    90.00
   	   33.00    44.00     0.00    90.00
  38 	  -36.00   252.00     0.00     0.00     0.00     0.00
  38 	  -36.00   252.00     0.00     0.00     0.00     0.00
   	   33.00    44.00     0.00    90.00
   	   33.00    44.00     0.00    90.00
  39 	   -0.00   252.00     0.00     0.00     0.00     0.00
  39 	   -0.00   252.00     0.00     0.00     0.00     0.00
   	   33.00    44.00     0.00    90.00
   	   33.00    44.00     0.00    90.00
  40 	   36.00   252.00     0.00     0.00     0.00     0.00
  40 	   36.00   252.00     0.00     0.00     0.00     0.00
   	   33.00    44.00     0.00    90.00
   	   33.00    44.00     0.00    90.00
  41 	   72.00   252.00     0.00     0.00     0.00     0.00
  41 	   72.00   252.00     0.00     0.00     0.00     0.00
   	   33.00    44.00     0.00    90.00
   	   33.00    44.00     0.00    90.00
  42 	  108.00   252.00     0.00     0.00     0.00     0.00
  42 	  108.00   252.00     0.00     0.00     0.00     0.00
   	   33.00    44.00     0.00    90.00
   	   33.00    44.00     0.00    90.00
  43 	  -72.00   315.00     0.00     0.00     0.00     0.00
  43 	  -72.00   315.00     0.00     0.00     0.00     0.00
   	   33.00    44.00     0.00    90.00
   	   33.00    44.00     0.00    90.00
  44 	  -36.00   315.00     0.00     0.00     0.00     0.00
  44 	  -36.00   315.00     0.00     0.00     0.00     0.00
   	   33.00    44.00     0.00    90.00
   	   33.00    44.00     0.00    90.00
  45 	   -0.00   315.00     0.00     0.00     0.00     0.00
  45 	   -0.00   315.00     0.00     0.00     0.00     0.00
   	   33.00    44.00     0.00    90.00
   	   33.00    44.00     0.00    90.00
  46 	   36.00   315.00     0.00     0.00     0.00     0.00
  46 	   36.00   315.00     0.00     0.00     0.00     0.00
   	   33.00    44.00     0.00    90.00
   	   33.00    44.00     0.00    90.00
  47 	   72.00   315.00     0.00     0.00     0.00     0.00
  47 	   72.00   315.00     0.00     0.00     0.00     0.00
   	   33.00    44.00     0.00    90.00
   	   33.00    44.00     0.00    90.00
  48 	  108.00   315.00     0.00     0.00     0.00     0.00
  48 	  108.00   315.00     0.00     0.00     0.00     0.00
   	   33.00    44.00     0.00    90.00
   	   33.00    44.00     0.00    90.00
  49 	  -72.00   378.00     0.00     0.00     0.00     0.00
  49 	  -72.00   378.00     0.00     0.00     0.00     0.00
   	   33.00    44.00     0.00    90.00
   	   33.00    44.00     0.00    90.00
  50 	  -36.00   378.00     0.00     0.00     0.00     0.00
  50 	  -36.00   378.00     0.00     0.00     0.00     0.00
   	   33.00    44.00     0.00    90.00
   	   33.00    44.00     0.00    90.00
  51 	   -0.00   378.00     0.00     0.00     0.00     0.00
  51 	   -0.00   378.00     0.00     0.00     0.00     0.00
   	   33.00    44.00     0.00    90.00
   	   33.00    44.00     0.00    90.00
  52 	   36.00   378.00     0.00     0.00     0.00     0.00
  52 	   36.00   378.00     0.00     0.00     0.00     0.00
   	   33.00    44.00     0.00    90.00
   	   33.00    44.00     0.00    90.00
  53 	   72.00   378.00     0.00     0.00     0.00     0.00
  53 	   72.00   378.00     0.00     0.00     0.00     0.00
   	   33.00    44.00     0.00    90.00
   	   33.00    44.00     0.00    90.00
  54 	  108.00   378.00     0.00     0.00     0.00     0.00
  54 	  108.00   378.00     0.00     0.00     0.00     0.00
   	   33.00    44.00     0.00    90.00
   	   33.00    44.00     0.00    90.00
  55 	  -72.00   441.00     0.00     0.00     0.00     0.00
  55 	  -72.00   441.00     0.00     0.00     0.00     0.00
   	   33.00    44.00     0.00    90.00
   	   33.00    44.00     0.00    90.00
  56 	  -36.00   441.00     0.00     0.00     0.00     0.00
  56 	  -36.00   441.00     0.00     0.00     0.00     0.00
   	   33.00    44.00     0.00    90.00
   	   33.00    44.00     0.00    90.00
  57 	   -0.00   441.00     0.00     0.00     0.00     0.00
  57 	   -0.00   441.00     0.00     0.00     0.00     0.00
   	   33.00    44.00     0.00    90.00
   	   33.00    44.00     0.00    90.00
  58 	   36.00   441.00     0.00     0.00     0.00     0.00
  58 	   36.00   441.00     0.00     0.00     0.00     0.00
   	   33.00    44.00     0.00    90.00
   	   33.00    44.00     0.00    90.00
  59 	   72.00   441.00     0.00     0.00     0.00     0.00
  59 	   72.00   441.00     0.00     0.00     0.00     0.00
   	   33.00    44.00     0.00    90.00
   	   33.00    44.00     0.00    90.00
  60 	  108.00   441.00     0.00     0.00     0.00     0.00
  60 	  108.00   441.00     0.00     0.00     0.00     0.00
   	   33.00    44.00     0.00    90.00
   	   33.00    44.00     0.00    90.00
  61 	  108.00   -63.00     0.00     0.00     0.00     0.00
  61 	  108.00   -63.00     0.00     0.00     0.00     0.00
   	   33.00    44.00     0.00    90.00
   	   33.00    44.00     0.00    90.00
  62 	  144.00   -63.00     0.00     0.00     0.00     0.00
  62 	  144.00   -63.00     0.00     0.00     0.00     0.00
   	   33.00    44.00     0.00    90.00
   	   33.00    44.00     0.00    90.00
  63 	  180.00   -63.00     0.00     0.00     0.00     0.00
  63 	  180.00   -63.00     0.00     0.00     0.00     0.00
   	   33.00    44.00     0.00    90.00
   	   33.00    44.00     0.00    90.00
  64 	  216.00   -63.00     0.00     0.00     0.00     0.00
  64 	  216.00   -63.00     0.00     0.00     0.00     0.00
   	   33.00    44.00     0.00    90.00
   	   33.00    44.00     0.00    90.00
  65 	  252.00   -63.00     0.00     0.00     0.00     0.00
  65 	  252.00   -63.00     0.00     0.00     0.00     0.00
   	   33.00    44.00     0.00    90.00
   	   33.00    44.00     0.00    90.00
  66 	  288.00   -63.00     0.00     0.00     0.00     0.00
  66 	  288.00   -63.00     0.00     0.00     0.00     0.00
   	   33.00    44.00     0.00    90.00
   	   33.00    44.00     0.00    90.00
  67 	  324.00   -63.00     0.00     0.00     0.00     0.00
  67 	  324.00   -63.00     0.00     0.00     0.00     0.00
   	   33.00    44.00     0.00    90.00
   	   33.00    44.00     0.00    90.00
  68 	  360.00   -63.00     0.00     0.00     0.00     0.00
  68 	  360.00   -63.00     0.00     0.00     0.00     0.00
   	   33.00    44.00     0.00    90.00
   	   33.00    44.00     0.00    90.00
  69 	  108.00     0.00     0.00     0.00     0.00     0.00
  69 	  108.00     0.00     0.00     0.00     0.00     0.00
   	   33.00    44.00     0.00    90.00
   	   33.00    44.00     0.00    90.00
  70 	  144.00     0.00     0.00     0.00     0.00     0.00
  70 	  144.00     0.00     0.00     0.00     0.00     0.00
   	   33.00    44.00     0.00    90.00
   	   33.00    44.00     0.00    90.00
  71 	  180.00     0.00     0.00     0.00     0.00     0.00
  71 	  180.00     0.00     0.00     0.00     0.00     0.00
   	   33.00    44.00     0.00    90.00
   	   33.00    44.00     0.00    90.00
  72 	  216.00     0.00     0.00     0.00     0.00     0.00
  72 	  216.00     0.00     0.00     0.00     0.00     0.00
   	   33.00    44.00     0.00    90.00
   	   33.00    44.00     0.00    90.00
  73 	  252.00     0.00     0.00     0.00     0.00     0.00
  73 	  252.00     0.00     0.00     0.00     0.00     0.00
   	   33.00    44.00     0.00    90.00
   	   33.00    44.00     0.00    90.00
  74 	  288.00     0.00     0.00     0.00     0.00     0.00
  74 	  288.00     0.00     0.00     0.00     0.00     0.00
   	   33.00    44.00     0.00    90.00
   	   33.00    44.00     0.00    90.00
  75 	  324.00     0.00     0.00     0.00     0.00     0.00
  75 	  324.00     0.00     0.00     0.00     0.00     0.00
   	   33.00    44.00     0.00    90.00
   	   33.00    44.00     0.00    90.00
  76 	  360.00     0.00     0.00     0.00     0.00     0.00
  76 	  360.00     0.00     0.00     0.00     0.00     0.00
   	   33.00    44.00     0.00    90.00
   	   33.00    44.00     0.00    90.00
  77 	  108.00    63.00     0.00     0.00     0.00     0.00
  77 	  108.00    63.00     0.00     0.00     0.00     0.00
   	   33.00    44.00     0.00    90.00
   	   33.00    44.00     0.00    90.00
  78 	  144.00    63.00     0.00     0.00     0.00     0.00
  78 	  144.00    63.00     0.00     0.00     0.00     0.00
   	   33.00    44.00     0.00    90.00
   	   33.00    44.00     0.00    90.00
  79 	  180.00    63.00     0.00     0.00     0.00     0.00
  79 	  180.00    63.00     0.00     0.00     0.00     0.00
   	   33.00    44.00     0.00    90.00
   	   33.00    44.00     0.00    90.00
  80 	  216.00    63.00     0.00     0.00     0.00     0.00
  80 	  216.00    63.00     0.00     0.00     0.00     0.00
   	   33.00    44.00     0.00    90.00
   	   33.00    44.00     0.00    90.00
  81 	  252.00    63.00     0.00     0.00     0.00     0.00
  81 	  252.00    63.00     0.00     0.00     0.00     0.00
   	   33.00    44.00     0.00    90.00
   	   33.00    44.00     0.00    90.00
  82 	  288.00    63.00     0.00     0.00     0.00     0.00
  82 	  288.00    63.00     0.00     0.00     0.00     0.00
   	   33.00    44.00     0.00    90.00
   	   33.00    44.00     0.00    90.00
  83 	  324.00    63.00     0.00     0.00     0.00     0.00
  83 	  324.00    63.00     0.00     0.00     0.00     0.00
   	   33.00    44.00     0.00    90.00
   	   33.00    44.00     0.00    90.00
  84 	  360.00    63.00     0.00     0.00     0.00     0.00
  84 	  360.00    63.00     0.00     0.00     0.00     0.00
   	   33.00    44.00     0.00    90.00
   	   33.00    44.00     0.00    90.00
  85 	  108.00   126.00     0.00     0.00     0.00     0.00
  85 	  108.00   126.00     0.00     0.00     0.00     0.00
   	   33.00    44.00     0.00    90.00
   	   33.00    44.00     0.00    90.00
  86 	  144.00   126.00     0.00     0.00     0.00     0.00
  86 	  144.00   126.00     0.00     0.00     0.00     0.00
   	   33.00    44.00     0.00    90.00
   	   33.00    44.00     0.00    90.00
  87 	  180.00   126.00     0.00     0.00     0.00     0.00
  87 	  180.00   126.00     0.00     0.00     0.00     0.00
   	   33.00    44.00     0.00    90.00
   	   33.00    44.00     0.00    90.00
  88 	  216.00   126.00     0.00     0.00     0.00     0.00
  88 	  216.00   126.00     0.00     0.00     0.00     0.00
   	   33.00    44.00     0.00    90.00
   	   33.00    44.00     0.00    90.00
  89 	  252.00   126.00     0.00     0.00     0.00     0.00
  89 	  252.00   126.00     0.00     0.00     0.00     0.00
   	   33.00    44.00     0.00    90.00
   	   33.00    44.00     0.00    90.00
  90 	  288.00   126.00     0.00     0.00     0.00     0.00
  90 	  288.00   126.00     0.00     0.00     0.00     0.00
   	   33.00    44.00     0.00    90.00
   	   33.00    44.00     0.00    90.00
  91 	  324.00   126.00     0.00     0.00     0.00     0.00
  91 	  324.00   126.00     0.00     0.00     0.00     0.00
   	   33.00    44.00     0.00    90.00
   	   33.00    44.00     0.00    90.00
  92 	  360.00   126.00     0.00     0.00     0.00     0.00
  92 	  360.00   126.00     0.00     0.00     0.00     0.00
   	   33.00    44.00     0.00    90.00
   	   33.00    44.00     0.00    90.00

** End writing output file: ../inputs/gr417.dat 
