*******************************************************************************
                         ARRAY PREPROCESSOR ver. 1.0
*******************************************************************************



   1	GROUP testgroup
   3	 GRID RECTANGULAR PSTEP 44 QSTEP 55
   4	 ELEMENT
   5	 GEOMETRY RECTANGULAR 66 68
   8	 ADD BLOCK 1 -5 4 7
  10	 GROUP_EXCITATION
  11	 AMPLITUDE SECOND ORDER 28 13 22 27 18
  12	 PHASE UNIFORM 46
  13	 END

** WARNING B2: GRID step(s) too small for specified element in GROUP: testgroup
** Generating GROUP: testgroup.
** PSTEP,QSTEP set to:44.000000,55.000000
** Grid ANGLE set to:90.000000 
** Group ROT_ANGLE set to: 0.000000 

** Writing output file: ../inputs/gr422.dat

NEL 
NPORTS
IDUM      REXA     REYA     REZA     THEA     PHEA     PSEA 
          AMP      PSH      PSC      PHEPOL
  52
  52
   1
   1
   1 	   44.00  -275.00     0.00     0.00     0.00     0.00
   1 	   44.00  -275.00     0.00     0.00     0.00     0.00
   	   12.00    46.00     0.00    90.00
   	   12.00    46.00     0.00    90.00
   2 	   88.00  -275.00     0.00     0.00     0.00     0.00
   2 	   88.00  -275.00     0.00     0.00     0.00     0.00
   	   24.33    46.00     0.00    90.00
   	   24.33    46.00     0.00    90.00
   3 	  132.00  -275.00     0.00     0.00     0.00     0.00
   3 	  132.00  -275.00     0.00     0.00     0.00     0.00
   	   27.33    46.00     0.00    90.00
   	   27.33    46.00     0.00    90.00
   4 	  176.00  -275.00     0.00     0.00     0.00     0.00
   4 	  176.00  -275.00     0.00     0.00     0.00     0.00
   	   21.00    46.00     0.00    90.00
   	   21.00    46.00     0.00    90.00
   5 	   44.00  -220.00     0.00     0.00     0.00     0.00
   5 	   44.00  -220.00     0.00     0.00     0.00     0.00
   	   12.93    46.00     0.00    90.00
   	   12.93    46.00     0.00    90.00
   6 	   88.00  -220.00     0.00     0.00     0.00     0.00
   6 	   88.00  -220.00     0.00     0.00     0.00     0.00
   	   25.26    46.00     0.00    90.00
   	   25.26    46.00     0.00    90.00
   7 	  132.00  -220.00     0.00     0.00     0.00     0.00
   7 	  132.00  -220.00     0.00     0.00     0.00     0.00
   	   28.26    46.00     0.00    90.00
   	   28.26    46.00     0.00    90.00
   8 	  176.00  -220.00     0.00     0.00     0.00     0.00
   8 	  176.00  -220.00     0.00     0.00     0.00     0.00
   	   21.93    46.00     0.00    90.00
   	   21.93    46.00     0.00    90.00
   9 	   44.00  -165.00     0.00     0.00     0.00     0.00
   9 	   44.00  -165.00     0.00     0.00     0.00     0.00
   	   13.56    46.00     0.00    90.00
   	   13.56    46.00     0.00    90.00
  10 	   88.00  -165.00     0.00     0.00     0.00     0.00
  10 	   88.00  -165.00     0.00     0.00     0.00     0.00
   	   25.89    46.00     0.00    90.00
   	   25.89    46.00     0.00    90.00
  11 	  132.00  -165.00     0.00     0.00     0.00     0.00
  11 	  132.00  -165.00     0.00     0.00     0.00     0.00
   	   28.89    46.00     0.00    90.00
   	   28.89    46.00     0.00    90.00
  12 	  176.00  -165.00     0.00     0.00     0.00     0.00
  12 	  176.00  -165.00     0.00     0.00     0.00     0.00
   	   22.56    46.00     0.00    90.00
   	   22.56    46.00     0.00    90.00
  13 	   44.00  -110.00     0.00     0.00     0.00     0.00
  13 	   44.00  -110.00     0.00     0.00     0.00     0.00
   	   13.87    46.00     0.00    90.00
   	   13.87    46.00     0.00    90.00
  14 	   88.00  -110.00     0.00     0.00     0.00     0.00
  14 	   88.00  -110.00     0.00     0.00     0.00     0.00
   	   26.21    46.00     0.00    90.00
   	   26.21    46.00     0.00    90.00
  15 	  132.00  -110.00     0.00     0.00     0.00     0.00
  15 	  132.00  -110.00     0.00     0.00     0.00     0.00
   	   29.21    46.00     0.00    90.00
   	   29.21    46.00     0.00    90.00
  16 	  176.00  -110.00     0.00     0.00     0.00     0.00
  16 	  176.00  -110.00     0.00     0.00     0.00     0.00
   	   22.88    46.00     0.00    90.00
   	   22.88    46.00     0.00    90.00
  17 	   44.00   -55.00     0.00     0.00     0.00     0.00
  17 	   44.00   -55.00     0.00     0.00     0.00     0.00
   	   13.89    46.00     0.00    90.00
   	   13.89    46.00     0.00    90.00
  18 	   88.00   -55.00     0.00     0.00     0.00     0.00
  18 	   88.00   -55.00     0.00     0.00     0.00     0.00
   	   26.22    46.00     0.00    90.00
   	   26.22    46.00     0.00    90.00
  19 	  132.00   -55.00     0.00     0.00     0.00     0.00
  19 	  132.00   -55.00     0.00     0.00     0.00     0.00
   	   29.22    46.00     0.00    90.00
   	   29.22    46.00     0.00    90.00
  20 	  176.00   -55.00     0.00     0.00     0.00     0.00
  20 	  176.00   -55.00     0.00     0.00     0.00     0.00
   	   22.89    46.00     0.00    90.00
   	   22.89    46.00     0.00    90.00
  21 	   44.00     0.00     0.00     0.00     0.00     0.00
  21 	   44.00     0.00     0.00     0.00     0.00     0.00
   	   13.60    46.00     0.00    90.00
   	   13.60    46.00     0.00    90.00
  22 	   88.00     0.00     0.00     0.00     0.00     0.00
  22 	   88.00     0.00     0.00     0.00     0.00     0.00
   	   25.93    46.00     0.00    90.00
   	   25.93    46.00     0.00    90.00
  23 	  132.00     0.00     0.00     0.00     0.00     0.00
  23 	  132.00     0.00     0.00     0.00     0.00     0.00
   	   28.93    46.00     0.00    90.00
   	   28.93    46.00     0.00    90.00
  24 	  176.00     0.00     0.00     0.00     0.00     0.00
  24 	  176.00     0.00     0.00     0.00     0.00     0.00
   	   22.60    46.00     0.00    90.00
   	   22.60    46.00     0.00    90.00
  25 	   44.00    55.00     0.00     0.00     0.00     0.00
  25 	   44.00    55.00     0.00     0.00     0.00     0.00
   	   13.00    46.00     0.00    90.00
   	   13.00    46.00     0.00    90.00
  26 	   88.00    55.00     0.00     0.00     0.00     0.00
  26 	   88.00    55.00     0.00     0.00     0.00     0.00
   	   25.33    46.00     0.00    90.00
   	   25.33    46.00     0.00    90.00
  27 	  132.00    55.00     0.00     0.00     0.00     0.00
  27 	  132.00    55.00     0.00     0.00     0.00     0.00
   	   28.33    46.00     0.00    90.00
   	   28.33    46.00     0.00    90.00
  28 	  176.00    55.00     0.00     0.00     0.00     0.00
  28 	  176.00    55.00     0.00     0.00     0.00     0.00
   	   22.00    46.00     0.00    90.00
   	   22.00    46.00     0.00    90.00
  29 	   44.00   110.00     0.00     0.00     0.00     0.00
  29 	   44.00   110.00     0.00     0.00     0.00     0.00
   	   12.10    46.00     0.00    90.00
   	   12.10    46.00     0.00    90.00
  30 	   88.00   110.00     0.00     0.00     0.00     0.00
  30 	   88.00   110.00     0.00     0.00     0.00     0.00
   	   24.43    46.00     0.00    90.00
   	   24.43    46.00     0.00    90.00
  31 	  132.00   110.00     0.00     0.00     0.00     0.00
  31 	  132.00   110.00     0.00     0.00     0.00     0.00
   	   27.43    46.00     0.00    90.00
   	   27.43    46.00     0.00    90.00
  32 	  176.00   110.00     0.00     0.00     0.00     0.00
  32 	  176.00   110.00     0.00     0.00     0.00     0.00
   	   21.10    46.00     0.00    90.00
   	   21.10    46.00     0.00    90.00
  33 	   44.00   165.00     0.00     0.00     0.00     0.00
  33 	   44.00   165.00     0.00     0.00     0.00     0.00
   	   10.89    46.00     0.00    90.00
   	   10.89    46.00     0.00    90.00
  34 	   88.00   165.00     0.00     0.00     0.00     0.00
  34 	   88.00   165.00     0.00     0.00     0.00     0.00
   	   23.22    46.00     0.00    90.00
   	   23.22    46.00     0.00    90.00
  35 	  132.00   165.00     0.00     0.00     0.00     0.00
  35 	  132.00   165.00     0.00     0.00     0.00     0.00
   	   26.22    46.00     0.00    90.00
   	   26.22    46.00     0.00    90.00
  36 	  176.00   165.00     0.00     0.00     0.00     0.00
  36 	  176.00   165.00     0.00     0.00     0.00     0.00
   	   19.89    46.00     0.00    90.00
   	   19.89    46.00     0.00    90.00
  37 	   44.00   220.00     0.00     0.00     0.00     0.00
  37 	   44.00   220.00     0.00     0.00     0.00     0.00
   	    9.37    46.00     0.00    90.00
   	    9.37    46.00     0.00    90.00
  38 	   88.00   220.00     0.00     0.00     0.00     0.00
  38 	   88.00   220.00     0.00     0.00     0.00     0.00
   	   21.71    46.00     0.00    90.00
   	   21.71    46.00     0.00    90.00
  39 	  132.00   220.00     0.00     0.00     0.00     0.00
  39 	  132.00   220.00     0.00     0.00     0.00     0.00
   	   24.71    46.00     0.00    90.00
   	   24.71    46.00     0.00    90.00
  40 	  176.00   220.00     0.00     0.00     0.00     0.00
  40 	  176.00   220.00     0.00     0.00     0.00     0.00
   	   18.38    46.00     0.00    90.00
   	   18.38    46.00     0.00    90.00
  41 	   44.00   275.00     0.00     0.00     0.00     0.00
  41 	   44.00   275.00     0.00     0.00     0.00     0.00
   	    7.56    46.00     0.00    90.00
   	    7.56    46.00     0.00    90.00
  42 	   88.00   275.00     0.00     0.00     0.00     0.00
  42 	   88.00   275.00     0.00     0.00     0.00     0.00
   	   19.89    46.00     0.00    90.00
   	   19.89    46.00     0.00    90.00
  43 	  132.00   275.00     0.00     0.00     0.00     0.00
  43 	  132.00   275.00     0.00     0.00     0.00     0.00
   	   22.89    46.00     0.00    90.00
   	   22.89    46.00     0.00    90.00
  44 	  176.00   275.00     0.00     0.00     0.00     0.00
  44 	  176.00   275.00     0.00     0.00     0.00     0.00
   	   16.56    46.00     0.00    90.00
   	   16.56    46.00     0.00    90.00
  45 	   44.00   330.00     0.00     0.00     0.00     0.00
  45 	   44.00   330.00     0.00     0.00     0.00     0.00
   	    5.43    46.00     0.00    90.00
   	    5.43    46.00     0.00    90.00
  46 	   88.00   330.00     0.00     0.00     0.00     0.00
  46 	   88.00   330.00     0.00     0.00     0.00     0.00
   	   17.76    46.00     0.00    90.00
   	   17.76    46.00     0.00    90.00
  47 	  132.00   330.00     0.00     0.00     0.00     0.00
  47 	  132.00   330.00     0.00     0.00     0.00     0.00
   	   20.76    46.00     0.00    90.00
   	   20.76    46.00     0.00    90.00
  48 	  176.00   330.00     0.00     0.00     0.00     0.00
  48 	  176.00   330.00     0.00     0.00     0.00     0.00
   	   14.43    46.00     0.00    90.00
   	   14.43    46.00     0.00    90.00
  49 	   44.00   385.00     0.00     0.00     0.00     0.00
  49 	   44.00   385.00     0.00     0.00     0.00     0.00
   	    3.00    46.00     0.00    90.00
   	    3.00    46.00     0.00    90.00
  50 	   88.00   385.00     0.00     0.00     0.00     0.00
  50 	   88.00   385.00     0.00     0.00     0.00     0.00
   	   15.33    46.00     0.00    90.00
   	   15.33    46.00     0.00    90.00
  51 	  132.00   385.00     0.00     0.00     0.00     0.00
  51 	  132.00   385.00     0.00     0.00     0.00     0.00
   	   18.33    46.00     0.00    90.00
   	   18.33    46.00     0.00    90.00
  52 	  176.00   385.00     0.00     0.00     0.00     0.00
  52 	  176.00   385.00     0.00     0.00     0.00     0.00
   	   12.00    46.00     0.00    90.00
   	   12.00    46.00     0.00    90.00

** End writing output file: ../inputs/gr422.dat 
