*******************************************************************************
                         ARRAY PREPROCESSOR ver. 1.0
*******************************************************************************



   1	GROUP testgroup
   3	 GRID RECTANGULAR
   4	 ELEMENT
   5	 GEOMETRY CIRCULAR 76
   7	 ADD BLOCK 2 2 1 4
   9	 GROUP_EXCITATION
  10	 AMPLITUDE UNIFORM 26
  11	 PHASE UNIFORM 9
  12	 END

** Generating GROUP: testgroup.
** PSTEP,QSTEP set to:152.000000,152.000000
** Grid ANGLE set to:90.000000 
** Group ROT_ANGLE set to: 0.000000 

** Writing output file: ../inputs/gr428.dat

NEL 
NPORTS
IDUM      REXA     REYA     REZA     THEA     PHEA     PSEA 
          AMP      PSH      PSC      PHEPOL
   6
   6
   1
   1
   1 	  152.00   304.00     0.00     0.00     0.00     0.00
   1 	  152.00   304.00     0.00     0.00     0.00     0.00
   	   26.00     9.00     0.00    90.00
   	   26.00     9.00     0.00    90.00
   2 	  304.00   304.00     0.00     0.00     0.00     0.00
   2 	  304.00   304.00     0.00     0.00     0.00     0.00
   	   26.00     9.00     0.00    90.00
   	   26.00     9.00     0.00    90.00
   3 	  152.00   456.00     0.00     0.00     0.00     0.00
   3 	  152.00   456.00     0.00     0.00     0.00     0.00
   	   26.00     9.00     0.00    90.00
   	   26.00     9.00     0.00    90.00
   4 	  304.00   456.00     0.00     0.00     0.00     0.00
   4 	  304.00   456.00     0.00     0.00     0.00     0.00
   	   26.00     9.00     0.00    90.00
   	   26.00     9.00     0.00    90.00
   5 	  152.00   608.00     0.00     0.00     0.00     0.00
   5 	  152.00   608.00     0.00     0.00     0.00     0.00
   	   26.00     9.00     0.00    90.00
   	   26.00     9.00     0.00    90.00
   6 	  304.00   608.00     0.00     0.00     0.00     0.00
   6 	  304.00   608.00     0.00     0.00     0.00     0.00
   	   26.00     9.00     0.00    90.00
   	   26.00     9.00     0.00    90.00

** End writing output file: ../inputs/gr428.dat 
