*******************************************************************************
                         ARRAY PREPROCESSOR ver. 1.0
*******************************************************************************



   1	GROUP testgroup
   3	 GRID SQUARE
   4	 ELEMENT
   5	 GEOMETRY RECTANGULAR 79 39
   8	 ADD BLOCK -4 2 5 -3
   9	 ADD NODE 0 -9
  11	 GROUP_EXCITATION
  12	 AMPLITUDE UNIFORM 29
  13	 PHASE UNIFORM -68
  14	 END

** Generating GROUP: testgroup.
** PSTEP,QSTEP set to:79.000000,79.000000
** Grid ANGLE set to:90.000000 
** Group ROT_ANGLE set to: 0.000000 

** Writing output file: ../inputs/gr433.dat

NEL 
NPORTS
IDUM      REXA     REYA     REZA     THEA     PHEA     PSEA 
          AMP      PSH      PSC      PHEPOL
  61
  61
   1
   1
   1 	 -316.00  -237.00     0.00     0.00     0.00     0.00
   1 	 -316.00  -237.00     0.00     0.00     0.00     0.00
   	   29.00   -68.00     0.00    90.00
   	   29.00   -68.00     0.00    90.00
   2 	 -237.00  -237.00     0.00     0.00     0.00     0.00
   2 	 -237.00  -237.00     0.00     0.00     0.00     0.00
   	   29.00   -68.00     0.00    90.00
   	   29.00   -68.00     0.00    90.00
   3 	 -158.00  -237.00     0.00     0.00     0.00     0.00
   3 	 -158.00  -237.00     0.00     0.00     0.00     0.00
   	   29.00   -68.00     0.00    90.00
   	   29.00   -68.00     0.00    90.00
   4 	  -79.00  -237.00     0.00     0.00     0.00     0.00
   4 	  -79.00  -237.00     0.00     0.00     0.00     0.00
   	   29.00   -68.00     0.00    90.00
   	   29.00   -68.00     0.00    90.00
   5 	    0.00  -237.00     0.00     0.00     0.00     0.00
   5 	    0.00  -237.00     0.00     0.00     0.00     0.00
   	   29.00   -68.00     0.00    90.00
   	   29.00   -68.00     0.00    90.00
   6 	   79.00  -237.00     0.00     0.00     0.00     0.00
   6 	   79.00  -237.00     0.00     0.00     0.00     0.00
   	   29.00   -68.00     0.00    90.00
   	   29.00   -68.00     0.00    90.00
   7 	  158.00  -237.00     0.00     0.00     0.00     0.00
   7 	  158.00  -237.00     0.00     0.00     0.00     0.00
   	   29.00   -68.00     0.00    90.00
   	   29.00   -68.00     0.00    90.00
   8 	  237.00  -237.00     0.00     0.00     0.00     0.00
   8 	  237.00  -237.00     0.00     0.00     0.00     0.00
   	   29.00   -68.00     0.00    90.00
   	   29.00   -68.00     0.00    90.00
   9 	  316.00  -237.00     0.00     0.00     0.00     0.00
   9 	  316.00  -237.00     0.00     0.00     0.00     0.00
   	   29.00   -68.00     0.00    90.00
   	   29.00   -68.00     0.00    90.00
  10 	  395.00  -237.00     0.00     0.00     0.00     0.00
  10 	  395.00  -237.00     0.00     0.00     0.00     0.00
   	   29.00   -68.00     0.00    90.00
   	   29.00   -68.00     0.00    90.00
  11 	 -316.00  -158.00     0.00     0.00     0.00     0.00
  11 	 -316.00  -158.00     0.00     0.00     0.00     0.00
   	   29.00   -68.00     0.00    90.00
   	   29.00   -68.00     0.00    90.00
  12 	 -237.00  -158.00     0.00     0.00     0.00     0.00
  12 	 -237.00  -158.00     0.00     0.00     0.00     0.00
   	   29.00   -68.00     0.00    90.00
   	   29.00   -68.00     0.00    90.00
  13 	 -158.00  -158.00     0.00     0.00     0.00     0.00
  13 	 -158.00  -158.00     0.00     0.00     0.00     0.00
   	   29.00   -68.00     0.00    90.00
   	   29.00   -68.00     0.00    90.00
  14 	  -79.00  -158.00     0.00     0.00     0.00     0.00
  14 	  -79.00  -158.00     0.00     0.00     0.00     0.00
   	   29.00   -68.00     0.00    90.00
   	   29.00   -68.00     0.00    90.00
  15 	    0.00  -158.00     0.00     0.00     0.00     0.00
  15 	    0.00  -158.00     0.00     0.00     0.00     0.00
   	   29.00   -68.00     0.00    90.00
   	   29.00   -68.00     0.00    90.00
  16 	   79.00  -158.00     0.00     0.00     0.00     0.00
  16 	   79.00  -158.00     0.00     0.00     0.00     0.00
   	   29.00   -68.00     0.00    90.00
   	   29.00   -68.00     0.00    90.00
  17 	  158.00  -158.00     0.00     0.00     0.00     0.00
  17 	  158.00  -158.00     0.00     0.00     0.00     0.00
   	   29.00   -68.00     0.00    90.00
   	   29.00   -68.00     0.00    90.00
  18 	  237.00  -158.00     0.00     0.00     0.00     0.00
  18 	  237.00  -158.00     0.00     0.00     0.00     0.00
   	   29.00   -68.00     0.00    90.00
   	   29.00   -68.00     0.00    90.00
  19 	  316.00  -158.00     0.00     0.00     0.00     0.00
  19 	  316.00  -158.00     0.00     0.00     0.00     0.00
   	   29.00   -68.00     0.00    90.00
   	   29.00   -68.00     0.00    90.00
  20 	  395.00  -158.00     0.00     0.00     0.00     0.00
  20 	  395.00  -158.00     0.00     0.00     0.00     0.00
   	   29.00   -68.00     0.00    90.00
   	   29.00   -68.00     0.00    90.00
  21 	 -316.00   -79.00     0.00     0.00     0.00     0.00
  21 	 -316.00   -79.00     0.00     0.00     0.00     0.00
   	   29.00   -68.00     0.00    90.00
   	   29.00   -68.00     0.00    90.00
  22 	 -237.00   -79.00     0.00     0.00     0.00     0.00
  22 	 -237.00   -79.00     0.00     0.00     0.00     0.00
   	   29.00   -68.00     0.00    90.00
   	   29.00   -68.00     0.00    90.00
  23 	 -158.00   -79.00     0.00     0.00     0.00     0.00
  23 	 -158.00   -79.00     0.00     0.00     0.00     0.00
   	   29.00   -68.00     0.00    90.00
   	   29.00   -68.00     0.00    90.00
  24 	  -79.00   -79.00     0.00     0.00     0.00     0.00
  24 	  -79.00   -79.00     0.00     0.00     0.00     0.00
   	   29.00   -68.00     0.00    90.00
   	   29.00   -68.00     0.00    90.00
  25 	    0.00   -79.00     0.00     0.00     0.00     0.00
  25 	    0.00   -79.00     0.00     0.00     0.00     0.00
   	   29.00   -68.00     0.00    90.00
   	   29.00   -68.00     0.00    90.00
  26 	   79.00   -79.00     0.00     0.00     0.00     0.00
  26 	   79.00   -79.00     0.00     0.00     0.00     0.00
   	   29.00   -68.00     0.00    90.00
   	   29.00   -68.00     0.00    90.00
  27 	  158.00   -79.00     0.00     0.00     0.00     0.00
  27 	  158.00   -79.00     0.00     0.00     0.00     0.00
   	   29.00   -68.00     0.00    90.00
   	   29.00   -68.00     0.00    90.00
  28 	  237.00   -79.00     0.00     0.00     0.00     0.00
  28 	  237.00   -79.00     0.00     0.00     0.00     0.00
   	   29.00   -68.00     0.00    90.00
   	   29.00   -68.00     0.00    90.00
  29 	  316.00   -79.00     0.00     0.00     0.00     0.00
  29 	  316.00   -79.00     0.00     0.00     0.00     0.00
   	   29.00   -68.00     0.00    90.00
   	   29.00   -68.00     0.00    90.00
  30 	  395.00   -79.00     0.00     0.00     0.00     0.00
  30 	  395.00   -79.00     0.00     0.00     0.00     0.00
   	   29.00   -68.00     0.00    90.00
   	   29.00   -68.00     0.00    90.00
  31 	 -316.00     0.00     0.00     0.00     0.00     0.00
  31 	 -316.00     0.00     0.00     0.00     0.00     0.00
   	   29.00   -68.00     0.00    90.00
   	   29.00   -68.00     0.00    90.00
  32 	 -237.00     0.00     0.00     0.00     0.00     0.00
  32 	 -237.00     0.00     0.00     0.00     0.00     0.00
   	   29.00   -68.00     0.00    90.00
   	   29.00   -68.00     0.00    90.00
  33 	 -158.00     0.00     0.00     0.00     0.00     0.00
  33 	 -158.00     0.00     0.00     0.00     0.00     0.00
   	   29.00   -68.00     0.00    90.00
   	   29.00   -68.00     0.00    90.00
  34 	  -79.00     0.00     0.00     0.00     0.00     0.00
  34 	  -79.00     0.00     0.00     0.00     0.00     0.00
   	   29.00   -68.00     0.00    90.00
   	   29.00   -68.00     0.00    90.00
  35 	    0.00     0.00     0.00     0.00     0.00     0.00
  35 	    0.00     0.00     0.00     0.00     0.00     0.00
   	   29.00   -68.00     0.00    90.00
   	   29.00   -68.00     0.00    90.00
  36 	   79.00     0.00     0.00     0.00     0.00     0.00
  36 	   79.00     0.00     0.00     0.00     0.00     0.00
   	   29.00   -68.00     0.00    90.00
   	   29.00   -68.00     0.00    90.00
  37 	  158.00     0.00     0.00     0.00     0.00     0.00
  37 	  158.00     0.00     0.00     0.00     0.00     0.00
   	   29.00   -68.00     0.00    90.00
   	   29.00   -68.00     0.00    90.00
  38 	  237.00     0.00     0.00     0.00     0.00     0.00
  38 	  237.00     0.00     0.00     0.00     0.00     0.00
   	   29.00   -68.00     0.00    90.00
   	   29.00   -68.00     0.00    90.00
  39 	  316.00     0.00     0.00     0.00     0.00     0.00
  39 	  316.00     0.00     0.00     0.00     0.00     0.00
   	   29.00   -68.00     0.00    90.00
   	   29.00   -68.00     0.00    90.00
  40 	  395.00     0.00     0.00     0.00     0.00     0.00
  40 	  395.00     0.00     0.00     0.00     0.00     0.00
   	   29.00   -68.00     0.00    90.00
   	   29.00   -68.00     0.00    90.00
  41 	 -316.00    79.00     0.00     0.00     0.00     0.00
  41 	 -316.00    79.00     0.00     0.00     0.00     0.00
   	   29.00   -68.00     0.00    90.00
   	   29.00   -68.00     0.00    90.00
  42 	 -237.00    79.00     0.00     0.00     0.00     0.00
  42 	 -237.00    79.00     0.00     0.00     0.00     0.00
   	   29.00   -68.00     0.00    90.00
   	   29.00   -68.00     0.00    90.00
  43 	 -158.00    79.00     0.00     0.00     0.00     0.00
  43 	 -158.00    79.00     0.00     0.00     0.00     0.00
   	   29.00   -68.00     0.00    90.00
   	   29.00   -68.00     0.00    90.00
  44 	  -79.00    79.00     0.00     0.00     0.00     0.00
  44 	  -79.00    79.00     0.00     0.00     0.00     0.00
   	   29.00   -68.00     0.00    90.00
   	   29.00   -68.00     0.00    90.00
  45 	   -0.00    79.00     0.00     0.00     0.00     0.00
  45 	   -0.00    79.00     0.00     0.00     0.00     0.00
   	   29.00   -68.00     0.00    90.00
   	   29.00   -68.00     0.00    90.00
  46 	   79.00    79.00     0.00     0.00     0.00     0.00
  46 	   79.00    79.00     0.00     0.00     0.00     0.00
   	   29.00   -68.00     0.00    90.00
   	   29.00   -68.00     0.00    90.00
  47 	  158.00    79.00     0.00     0.00     0.00     0.00
  47 	  158.00    79.00     0.00     0.00     0.00     0.00
   	   29.00   -68.00     0.00    90.00
   	   29.00   -68.00     0.00    90.00
  48 	  237.00    79.00     0.00     0.00     0.00     0.00
  48 	  237.00    79.00     0.00     0.00     0.00     0.00
   	   29.00   -68.00     0.00    90.00
   	   29.00   -68.00     0.00    90.00
  49 	  316.00    79.00     0.00     0.00     0.00     0.00
  49 	  316.00    79.00     0.00     0.00     0.00     0.00
   	   29.00   -68.00     0.00    90.00
   	   29.00   -68.00     0.00    90.00
  50 	  395.00    79.00     0.00     0.00     0.00     0.00
  50 	  395.00    79.00     0.00     0.00     0.00     0.00
   	   29.00   -68.00     0.00    90.00
   	   29.00   -68.00     0.00    90.00
  51 	 -316.00   158.00     0.00     0.00     0.00     0.00
  51 	 -316.00   158.00     0.00     0.00     0.00     0.00
   	   29.00   -68.00     0.00    90.00
   	   29.00   -68.00     0.00    90.00
  52 	 -237.00   158.00     0.00     0.00     0.00     0.00
  52 	 -237.00   158.00     0.00     0.00     0.00     0.00
   	   29.00   -68.00     0.00    90.00
   	   29.00   -68.00     0.00    90.00
  53 	 -158.00   158.00     0.00     0.00     0.00     0.00
  53 	 -158.00   158.00     0.00     0.00     0.00     0.00
   	   29.00   -68.00     0.00    90.00
   	   29.00   -68.00     0.00    90.00
  54 	  -79.00   158.00     0.00     0.00     0.00     0.00
  54 	  -79.00   158.00     0.00     0.00     0.00     0.00
   	   29.00   -68.00     0.00    90.00
   	   29.00   -68.00     0.00    90.00
  55 	   -0.00   158.00     0.00     0.00     0.00     0.00
  55 	   -0.00   158.00     0.00     0.00     0.00     0.00
   	   29.00   -68.00     0.00    90.00
   	   29.00   -68.00     0.00    90.00
  56 	   79.00   158.00     0.00     0.00     0.00     0.00
  56 	   79.00   158.00     0.00     0.00     0.00     0.00
   	   29.00   -68.00     0.00    90.00
   	   29.00   -68.00     0.00    90.00
  57 	  158.00   158.00     0.00     0.00     0.00     0.00
  57 	  158.00   158.00     0.00     0.00     0.00     0.00
   	   29.00   -68.00     0.00    90.00
   	   29.00   -68.00     0.00    90.00
  58 	  237.00   158.00     0.00     0.00     0.00     0.00
  58 	  237.00   158.00     0.00     0.00     0.00     0.00
   	   29.00   -68.00     0.00    90.00
   	   29.00   -68.00     0.00    90.00
  59 	  316.00   158.00     0.00     0.00     0.00     0.00
  59 	  316.00   158.00     0.00     0.00     0.00     0.00
   	   29.00   -68.00     0.00    90.00
   	   29.00   -68.00     0.00    90.00
  60 	  395.00   158.00     0.00     0.00     0.00     0.00
  60 	  395.00   158.00     0.00     0.00     0.00     0.00
   	   29.00   -68.00     0.00    90.00
   	   29.00   -68.00     0.00    90.00
  61 	    0.00  -711.00     0.00     0.00     0.00     0.00
  61 	    0.00  -711.00     0.00     0.00     0.00     0.00
   	   29.00   -68.00     0.00    90.00
   	   29.00   -68.00     0.00    90.00

** End writing output file: ../inputs/gr433.dat 
