*******************************************************************************
                         ARRAY PREPROCESSOR ver. 1.0
*******************************************************************************



   1	GROUP testgroup
   3	 GRID HEXAGONAL STEP 23
   4	 ELEMENT
   5	 GEOMETRY CIRCULAR 46
   6	 POLARIZATION LINEAR ORIENTATION X
   7	 ADD BLOCK -4 3 -8 -5
   9	 GROUP_EXCITATION
  10	 AMPLITUDE UNIFORM 20
  11	 PHASE UNIFORM -6
  12	 END

** WARNING B2: GRID step(s) too small for specified element in GROUP: testgroup
** Generating GROUP: testgroup.
** PSTEP,QSTEP set to:23.000000,23.000000
** Grid ANGLE set to:60.000000 
** Group ROT_ANGLE set to: 0.000000 

** Writing output file: ../inputs/gr436.dat

NEL 
NPORTS
IDUM      REXA     REYA     REZA     THEA     PHEA     PSEA 
          AMP      PSH      PSC      PHEPOL
  45
  45
   1
   1
   1 	 -241.50   -99.59     0.00     0.00     0.00     0.00
   1 	 -241.50   -99.59     0.00     0.00     0.00     0.00
   	   20.00    -6.00     0.00     0.00
   	   20.00    -6.00     0.00     0.00
   2 	 -218.50   -99.59     0.00     0.00     0.00     0.00
   2 	 -218.50   -99.59     0.00     0.00     0.00     0.00
   	   20.00    -6.00     0.00     0.00
   	   20.00    -6.00     0.00     0.00
   3 	 -195.50   -99.59     0.00     0.00     0.00     0.00
   3 	 -195.50   -99.59     0.00     0.00     0.00     0.00
   	   20.00    -6.00     0.00     0.00
   	   20.00    -6.00     0.00     0.00
   4 	 -172.50   -99.59     0.00     0.00     0.00     0.00
   4 	 -172.50   -99.59     0.00     0.00     0.00     0.00
   	   20.00    -6.00     0.00     0.00
   	   20.00    -6.00     0.00     0.00
   5 	 -149.50   -99.59     0.00     0.00     0.00     0.00
   5 	 -149.50   -99.59     0.00     0.00     0.00     0.00
   	   20.00    -6.00     0.00     0.00
   	   20.00    -6.00     0.00     0.00
   6 	 -230.00   -79.67     0.00     0.00     0.00     0.00
   6 	 -230.00   -79.67     0.00     0.00     0.00     0.00
   	   20.00    -6.00     0.00     0.00
   	   20.00    -6.00     0.00     0.00
   7 	 -207.00   -79.67     0.00     0.00     0.00     0.00
   7 	 -207.00   -79.67     0.00     0.00     0.00     0.00
   	   20.00    -6.00     0.00     0.00
   	   20.00    -6.00     0.00     0.00
   8 	 -184.00   -79.67     0.00     0.00     0.00     0.00
   8 	 -184.00   -79.67     0.00     0.00     0.00     0.00
   	   20.00    -6.00     0.00     0.00
   	   20.00    -6.00     0.00     0.00
   9 	 -161.00   -79.67     0.00     0.00     0.00     0.00
   9 	 -161.00   -79.67     0.00     0.00     0.00     0.00
   	   20.00    -6.00     0.00     0.00
   	   20.00    -6.00     0.00     0.00
  10 	 -138.00   -79.67     0.00     0.00     0.00     0.00
  10 	 -138.00   -79.67     0.00     0.00     0.00     0.00
   	   20.00    -6.00     0.00     0.00
   	   20.00    -6.00     0.00     0.00
  11 	 -218.50   -59.76     0.00     0.00     0.00     0.00
  11 	 -218.50   -59.76     0.00     0.00     0.00     0.00
   	   20.00    -6.00     0.00     0.00
   	   20.00    -6.00     0.00     0.00
  12 	 -195.50   -59.76     0.00     0.00     0.00     0.00
  12 	 -195.50   -59.76     0.00     0.00     0.00     0.00
   	   20.00    -6.00     0.00     0.00
   	   20.00    -6.00     0.00     0.00
  13 	 -172.50   -59.76     0.00     0.00     0.00     0.00
  13 	 -172.50   -59.76     0.00     0.00     0.00     0.00
   	   20.00    -6.00     0.00     0.00
   	   20.00    -6.00     0.00     0.00
  14 	 -149.50   -59.76     0.00     0.00     0.00     0.00
  14 	 -149.50   -59.76     0.00     0.00     0.00     0.00
   	   20.00    -6.00     0.00     0.00
   	   20.00    -6.00     0.00     0.00
  15 	 -126.50   -59.76     0.00     0.00     0.00     0.00
  15 	 -126.50   -59.76     0.00     0.00     0.00     0.00
   	   20.00    -6.00     0.00     0.00
   	   20.00    -6.00     0.00     0.00
  16 	 -207.00   -39.84     0.00     0.00     0.00     0.00
  16 	 -207.00   -39.84     0.00     0.00     0.00     0.00
   	   20.00    -6.00     0.00     0.00
   	   20.00    -6.00     0.00     0.00
  17 	 -184.00   -39.84     0.00     0.00     0.00     0.00
  17 	 -184.00   -39.84     0.00     0.00     0.00     0.00
   	   20.00    -6.00     0.00     0.00
   	   20.00    -6.00     0.00     0.00
  18 	 -161.00   -39.84     0.00     0.00     0.00     0.00
  18 	 -161.00   -39.84     0.00     0.00     0.00     0.00
   	   20.00    -6.00     0.00     0.00
   	   20.00    -6.00     0.00     0.00
  19 	 -138.00   -39.84     0.00     0.00     0.00     0.00
  19 	 -138.00   -39.84     0.00     0.00     0.00     0.00
   	   20.00    -6.00     0.00     0.00
   	   20.00    -6.00     0.00     0.00
  20 	 -115.00   -39.84     0.00     0.00     0.00     0.00
  20 	 -115.00   -39.84     0.00     0.00     0.00     0.00
   	   20.00    -6.00     0.00     0.00
   	   20.00    -6.00     0.00     0.00
  21 	 -195.50   -19.92     0.00     0.00     0.00     0.00
  21 	 -195.50   -19.92     0.00     0.00     0.00     0.00
   	   20.00    -6.00     0.00     0.00
   	   20.00    -6.00     0.00     0.00
  22 	 -172.50   -19.92     0.00     0.00     0.00     0.00
  22 	 -172.50   -19.92     0.00     0.00     0.00     0.00
   	   20.00    -6.00     0.00     0.00
   	   20.00    -6.00     0.00     0.00
  23 	 -149.50   -19.92     0.00     0.00     0.00     0.00
  23 	 -149.50   -19.92     0.00     0.00     0.00     0.00
   	   20.00    -6.00     0.00     0.00
   	   20.00    -6.00     0.00     0.00
  24 	 -126.50   -19.92     0.00     0.00     0.00     0.00
  24 	 -126.50   -19.92     0.00     0.00     0.00     0.00
   	   20.00    -6.00     0.00     0.00
   	   20.00    -6.00     0.00     0.00
  25 	 -103.50   -19.92     0.00     0.00     0.00     0.00
  25 	 -103.50   -19.92     0.00     0.00     0.00     0.00
   	   20.00    -6.00     0.00     0.00
   	   20.00    -6.00     0.00     0.00
  26 	 -184.00     0.00     0.00     0.00     0.00     0.00
  26 	 -184.00     0.00     0.00     0.00     0.00     0.00
   	   20.00    -6.00     0.00     0.00
   	   20.00    -6.00     0.00     0.00
  27 	 -161.00     0.00     0.00     0.00     0.00     0.00
  27 	 -161.00     0.00     0.00     0.00     0.00     0.00
   	   20.00    -6.00     0.00     0.00
   	   20.00    -6.00     0.00     0.00
  28 	 -138.00     0.00     0.00     0.00     0.00     0.00
  28 	 -138.00     0.00     0.00     0.00     0.00     0.00
   	   20.00    -6.00     0.00     0.00
   	   20.00    -6.00     0.00     0.00
  29 	 -115.00     0.00     0.00     0.00     0.00     0.00
  29 	 -115.00     0.00     0.00     0.00     0.00     0.00
   	   20.00    -6.00     0.00     0.00
   	   20.00    -6.00     0.00     0.00
  30 	  -92.00     0.00     0.00     0.00     0.00     0.00
  30 	  -92.00     0.00     0.00     0.00     0.00     0.00
   	   20.00    -6.00     0.00     0.00
   	   20.00    -6.00     0.00     0.00
  31 	 -172.50    19.92     0.00     0.00     0.00     0.00
  31 	 -172.50    19.92     0.00     0.00     0.00     0.00
   	   20.00    -6.00     0.00     0.00
   	   20.00    -6.00     0.00     0.00
  32 	 -149.50    19.92     0.00     0.00     0.00     0.00
  32 	 -149.50    19.92     0.00     0.00     0.00     0.00
   	   20.00    -6.00     0.00     0.00
   	   20.00    -6.00     0.00     0.00
  33 	 -126.50    19.92     0.00     0.00     0.00     0.00
  33 	 -126.50    19.92     0.00     0.00     0.00     0.00
   	   20.00    -6.00     0.00     0.00
   	   20.00    -6.00     0.00     0.00
  34 	 -103.50    19.92     0.00     0.00     0.00     0.00
  34 	 -103.50    19.92     0.00     0.00     0.00     0.00
   	   20.00    -6.00     0.00     0.00
   	   20.00    -6.00     0.00     0.00
  35 	  -80.50    19.92     0.00     0.00     0.00     0.00
  35 	  -80.50    19.92     0.00     0.00     0.00     0.00
   	   20.00    -6.00     0.00     0.00
   	   20.00    -6.00     0.00     0.00
  36 	 -161.00    39.84     0.00     0.00     0.00     0.00
  36 	 -161.00    39.84     0.00     0.00     0.00     0.00
   	   20.00    -6.00     0.00     0.00
   	   20.00    -6.00     0.00     0.00
  37 	 -138.00    39.84     0.00     0.00     0.00     0.00
  37 	 -138.00    39.84     0.00     0.00     0.00     0.00
   	   20.00    -6.00     0.00     0.00
   	   20.00    -6.00     0.00     0.00
  38 	 -115.00    39.84     0.00     0.00     0.00     0.00
  38 	 -115.00    39.84     0.00     0.00     0.00     0.00
   	   20.00    -6.00     0.00     0.00
   	   20.00    -6.00     0.00     0.00
  39 	  -92.00    39.84     0.00     0.00     0.00     0.00
  39 	  -92.00    39.84     0.00     0.00     0.00     0.00
   	   20.00    -6.00     0.00     0.00
   	   20.00    -6.00     0.00     0.00
  40 	  -69.00    39.84     0.00     0.00     0.00     0.00
  40 	  -69.00    39.84     0.00     0.00     0.00     0.00
   	   20.00    -6.00     0.00     0.00
   	   20.00    -6.00     0.00     0.00
  41 	 -149.50    59.76     0.00     0.00     0.00     0.00
  41 	 -149.50    59.76     0.00     0.00     0.00     0.00
   	   20.00    -6.00     0.00     0.00
   	   20.00    -6.00     0.00     0.00
  42 	 -126.50    59.76     0.00     0.00     0.00     0.00
  42 	 -126.50    59.76     0.00     0.00     0.00     0.00
   	   20.00    -6.00     0.00     0.00
   	   20.00    -6.00     0.00     0.00
  43 	 -103.50    59.76     0.00     0.00     0.00     0.00
  43 	 -103.50    59.76     0.00     0.00     0.00     0.00
   	   20.00    -6.00     0.00     0.00
   	   20.00    -6.00     0.00     0.00
  44 	  -80.50    59.76     0.00     0.00     0.00     0.00
  44 	  -80.50    59.76     0.00     0.00     0.00     0.00
   	   20.00    -6.00     0.00     0.00
   	   20.00    -6.00     0.00     0.00
  45 	  -57.50    59.76     0.00     0.00     0.00     0.00
  45 	  -57.50    59.76     0.00     0.00     0.00     0.00
   	   20.00    -6.00     0.00     0.00
   	   20.00    -6.00     0.00     0.00

** End writing output file: ../inputs/gr436.dat 
