*******************************************************************************
                         ARRAY PREPROCESSOR ver. 1.0
*******************************************************************************



   1	GROUP testgroup
   3	 GRID RECTANGULAR PSTEP 86 QSTEP 63
   4	 ELEMENT
   5	 GEOMETRY RECTANGULAR 74 88
   8	 ADD BLOCK 7 0 1 -3
   9	 ADD BLOCK 2 -8 -2 -2
  10	 ADD BLOCK -1 5 -9 -3
  11	 ADD BLOCK 4 7 -1 -2
  13	 GROUP_EXCITATION
  14	 AMPLITUDE UNIFORM 22
  15	 PHASE UNIFORM 163
  16	 END

** WARNING B2: GRID step(s) too small for specified element in GROUP: testgroup
** Generating GROUP: testgroup.
** PSTEP,QSTEP set to:86.000000,63.000000
** Grid ANGLE set to:90.000000 
** Group ROT_ANGLE set to: 0.000000 

** Writing output file: ../inputs/gr437.dat

NEL 
NPORTS
IDUM      REXA     REYA     REZA     THEA     PHEA     PSEA 
          AMP      PSH      PSC      PHEPOL
 204
 204
   1
   1
   1 	   86.00  -189.00     0.00     0.00     0.00     0.00
   1 	   86.00  -189.00     0.00     0.00     0.00     0.00
   	   22.00   163.00     0.00    90.00
   	   22.00   163.00     0.00    90.00
   2 	  172.00  -189.00     0.00     0.00     0.00     0.00
   2 	  172.00  -189.00     0.00     0.00     0.00     0.00
   	   22.00   163.00     0.00    90.00
   	   22.00   163.00     0.00    90.00
   3 	  258.00  -189.00     0.00     0.00     0.00     0.00
   3 	  258.00  -189.00     0.00     0.00     0.00     0.00
   	   22.00   163.00     0.00    90.00
   	   22.00   163.00     0.00    90.00
   4 	  344.00  -189.00     0.00     0.00     0.00     0.00
   4 	  344.00  -189.00     0.00     0.00     0.00     0.00
   	   22.00   163.00     0.00    90.00
   	   22.00   163.00     0.00    90.00
   5 	  430.00  -189.00     0.00     0.00     0.00     0.00
   5 	  430.00  -189.00     0.00     0.00     0.00     0.00
   	   22.00   163.00     0.00    90.00
   	   22.00   163.00     0.00    90.00
   6 	  516.00  -189.00     0.00     0.00     0.00     0.00
   6 	  516.00  -189.00     0.00     0.00     0.00     0.00
   	   22.00   163.00     0.00    90.00
   	   22.00   163.00     0.00    90.00
   7 	  602.00  -189.00     0.00     0.00     0.00     0.00
   7 	  602.00  -189.00     0.00     0.00     0.00     0.00
   	   22.00   163.00     0.00    90.00
   	   22.00   163.00     0.00    90.00
   8 	   86.00  -126.00     0.00     0.00     0.00     0.00
   8 	   86.00  -126.00     0.00     0.00     0.00     0.00
   	   22.00   163.00     0.00    90.00
   	   22.00   163.00     0.00    90.00
   9 	  172.00  -126.00     0.00     0.00     0.00     0.00
   9 	  172.00  -126.00     0.00     0.00     0.00     0.00
   	   22.00   163.00     0.00    90.00
   	   22.00   163.00     0.00    90.00
  10 	  258.00  -126.00     0.00     0.00     0.00     0.00
  10 	  258.00  -126.00     0.00     0.00     0.00     0.00
   	   22.00   163.00     0.00    90.00
   	   22.00   163.00     0.00    90.00
  11 	  344.00  -126.00     0.00     0.00     0.00     0.00
  11 	  344.00  -126.00     0.00     0.00     0.00     0.00
   	   22.00   163.00     0.00    90.00
   	   22.00   163.00     0.00    90.00
  12 	  430.00  -126.00     0.00     0.00     0.00     0.00
  12 	  430.00  -126.00     0.00     0.00     0.00     0.00
   	   22.00   163.00     0.00    90.00
   	   22.00   163.00     0.00    90.00
  13 	  516.00  -126.00     0.00     0.00     0.00     0.00
  13 	  516.00  -126.00     0.00     0.00     0.00     0.00
   	   22.00   163.00     0.00    90.00
   	   22.00   163.00     0.00    90.00
  14 	  602.00  -126.00     0.00     0.00     0.00     0.00
  14 	  602.00  -126.00     0.00     0.00     0.00     0.00
   	   22.00   163.00     0.00    90.00
   	   22.00   163.00     0.00    90.00
  15 	   86.00   -63.00     0.00     0.00     0.00     0.00
  15 	   86.00   -63.00     0.00     0.00     0.00     0.00
   	   22.00   163.00     0.00    90.00
   	   22.00   163.00     0.00    90.00
  16 	  172.00   -63.00     0.00     0.00     0.00     0.00
  16 	  172.00   -63.00     0.00     0.00     0.00     0.00
   	   22.00   163.00     0.00    90.00
   	   22.00   163.00     0.00    90.00
  17 	  258.00   -63.00     0.00     0.00     0.00     0.00
  17 	  258.00   -63.00     0.00     0.00     0.00     0.00
   	   22.00   163.00     0.00    90.00
   	   22.00   163.00     0.00    90.00
  18 	  344.00   -63.00     0.00     0.00     0.00     0.00
  18 	  344.00   -63.00     0.00     0.00     0.00     0.00
   	   22.00   163.00     0.00    90.00
   	   22.00   163.00     0.00    90.00
  19 	  430.00   -63.00     0.00     0.00     0.00     0.00
  19 	  430.00   -63.00     0.00     0.00     0.00     0.00
   	   22.00   163.00     0.00    90.00
   	   22.00   163.00     0.00    90.00
  20 	  516.00   -63.00     0.00     0.00     0.00     0.00
  20 	  516.00   -63.00     0.00     0.00     0.00     0.00
   	   22.00   163.00     0.00    90.00
   	   22.00   163.00     0.00    90.00
  21 	  602.00   -63.00     0.00     0.00     0.00     0.00
  21 	  602.00   -63.00     0.00     0.00     0.00     0.00
   	   22.00   163.00     0.00    90.00
   	   22.00   163.00     0.00    90.00
  22 	   86.00     0.00     0.00     0.00     0.00     0.00
  22 	   86.00     0.00     0.00     0.00     0.00     0.00
   	   22.00   163.00     0.00    90.00
   	   22.00   163.00     0.00    90.00
  23 	  172.00     0.00     0.00     0.00     0.00     0.00
  23 	  172.00     0.00     0.00     0.00     0.00     0.00
   	   22.00   163.00     0.00    90.00
   	   22.00   163.00     0.00    90.00
  24 	  258.00     0.00     0.00     0.00     0.00     0.00
  24 	  258.00     0.00     0.00     0.00     0.00     0.00
   	   22.00   163.00     0.00    90.00
   	   22.00   163.00     0.00    90.00
  25 	  344.00     0.00     0.00     0.00     0.00     0.00
  25 	  344.00     0.00     0.00     0.00     0.00     0.00
   	   22.00   163.00     0.00    90.00
   	   22.00   163.00     0.00    90.00
  26 	  430.00     0.00     0.00     0.00     0.00     0.00
  26 	  430.00     0.00     0.00     0.00     0.00     0.00
   	   22.00   163.00     0.00    90.00
   	   22.00   163.00     0.00    90.00
  27 	  516.00     0.00     0.00     0.00     0.00     0.00
  27 	  516.00     0.00     0.00     0.00     0.00     0.00
   	   22.00   163.00     0.00    90.00
   	   22.00   163.00     0.00    90.00
  28 	  602.00     0.00     0.00     0.00     0.00     0.00
  28 	  602.00     0.00     0.00     0.00     0.00     0.00
   	   22.00   163.00     0.00    90.00
   	   22.00   163.00     0.00    90.00
  29 	 -172.00  -504.00     0.00     0.00     0.00     0.00
  29 	 -172.00  -504.00     0.00     0.00     0.00     0.00
   	   22.00   163.00     0.00    90.00
   	   22.00   163.00     0.00    90.00
  30 	  -86.00  -504.00     0.00     0.00     0.00     0.00
  30 	  -86.00  -504.00     0.00     0.00     0.00     0.00
   	   22.00   163.00     0.00    90.00
   	   22.00   163.00     0.00    90.00
  31 	    0.00  -504.00     0.00     0.00     0.00     0.00
  31 	    0.00  -504.00     0.00     0.00     0.00     0.00
   	   22.00   163.00     0.00    90.00
   	   22.00   163.00     0.00    90.00
  32 	   86.00  -504.00     0.00     0.00     0.00     0.00
  32 	   86.00  -504.00     0.00     0.00     0.00     0.00
   	   22.00   163.00     0.00    90.00
   	   22.00   163.00     0.00    90.00
  33 	  172.00  -504.00     0.00     0.00     0.00     0.00
  33 	  172.00  -504.00     0.00     0.00     0.00     0.00
   	   22.00   163.00     0.00    90.00
   	   22.00   163.00     0.00    90.00
  34 	 -172.00  -441.00     0.00     0.00     0.00     0.00
  34 	 -172.00  -441.00     0.00     0.00     0.00     0.00
   	   22.00   163.00     0.00    90.00
   	   22.00   163.00     0.00    90.00
  35 	  -86.00  -441.00     0.00     0.00     0.00     0.00
  35 	  -86.00  -441.00     0.00     0.00     0.00     0.00
   	   22.00   163.00     0.00    90.00
   	   22.00   163.00     0.00    90.00
  36 	    0.00  -441.00     0.00     0.00     0.00     0.00
  36 	    0.00  -441.00     0.00     0.00     0.00     0.00
   	   22.00   163.00     0.00    90.00
   	   22.00   163.00     0.00    90.00
  37 	   86.00  -441.00     0.00     0.00     0.00     0.00
  37 	   86.00  -441.00     0.00     0.00     0.00     0.00
   	   22.00   163.00     0.00    90.00
   	   22.00   163.00     0.00    90.00
  38 	  172.00  -441.00     0.00     0.00     0.00     0.00
  38 	  172.00  -441.00     0.00     0.00     0.00     0.00
   	   22.00   163.00     0.00    90.00
   	   22.00   163.00     0.00    90.00
  39 	 -172.00  -378.00     0.00     0.00     0.00     0.00
  39 	 -172.00  -378.00     0.00     0.00     0.00     0.00
   	   22.00   163.00     0.00    90.00
   	   22.00   163.00     0.00    90.00
  40 	  -86.00  -378.00     0.00     0.00     0.00     0.00
  40 	  -86.00  -378.00     0.00     0.00     0.00     0.00
   	   22.00   163.00     0.00    90.00
   	   22.00   163.00     0.00    90.00
  41 	    0.00  -378.00     0.00     0.00     0.00     0.00
  41 	    0.00  -378.00     0.00     0.00     0.00     0.00
   	   22.00   163.00     0.00    90.00
   	   22.00   163.00     0.00    90.00
  42 	   86.00  -378.00     0.00     0.00     0.00     0.00
  42 	   86.00  -378.00     0.00     0.00     0.00     0.00
   	   22.00   163.00     0.00    90.00
   	   22.00   163.00     0.00    90.00
  43 	  172.00  -378.00     0.00     0.00     0.00     0.00
  43 	  172.00  -378.00     0.00     0.00     0.00     0.00
   	   22.00   163.00     0.00    90.00
   	   22.00   163.00     0.00    90.00
  44 	 -172.00  -315.00     0.00     0.00     0.00     0.00
  44 	 -172.00  -315.00     0.00     0.00     0.00     0.00
   	   22.00   163.00     0.00    90.00
   	   22.00   163.00     0.00    90.00
  45 	  -86.00  -315.00     0.00     0.00     0.00     0.00
  45 	  -86.00  -315.00     0.00     0.00     0.00     0.00
   	   22.00   163.00     0.00    90.00
   	   22.00   163.00     0.00    90.00
  46 	    0.00  -315.00     0.00     0.00     0.00     0.00
  46 	    0.00  -315.00     0.00     0.00     0.00     0.00
   	   22.00   163.00     0.00    90.00
   	   22.00   163.00     0.00    90.00
  47 	   86.00  -315.00     0.00     0.00     0.00     0.00
  47 	   86.00  -315.00     0.00     0.00     0.00     0.00
   	   22.00   163.00     0.00    90.00
   	   22.00   163.00     0.00    90.00
  48 	  172.00  -315.00     0.00     0.00     0.00     0.00
  48 	  172.00  -315.00     0.00     0.00     0.00     0.00
   	   22.00   163.00     0.00    90.00
   	   22.00   163.00     0.00    90.00
  49 	 -172.00  -252.00     0.00     0.00     0.00     0.00
  49 	 -172.00  -252.00     0.00     0.00     0.00     0.00
   	   22.00   163.00     0.00    90.00
   	   22.00   163.00     0.00    90.00
  50 	  -86.00  -252.00     0.00     0.00     0.00     0.00
  50 	  -86.00  -252.00     0.00     0.00     0.00     0.00
   	   22.00   163.00     0.00    90.00
   	   22.00   163.00     0.00    90.00
  51 	    0.00  -252.00     0.00     0.00     0.00     0.00
  51 	    0.00  -252.00     0.00     0.00     0.00     0.00
   	   22.00   163.00     0.00    90.00
   	   22.00   163.00     0.00    90.00
  52 	   86.00  -252.00     0.00     0.00     0.00     0.00
  52 	   86.00  -252.00     0.00     0.00     0.00     0.00
   	   22.00   163.00     0.00    90.00
   	   22.00   163.00     0.00    90.00
  53 	  172.00  -252.00     0.00     0.00     0.00     0.00
  53 	  172.00  -252.00     0.00     0.00     0.00     0.00
   	   22.00   163.00     0.00    90.00
   	   22.00   163.00     0.00    90.00
  54 	 -172.00  -189.00     0.00     0.00     0.00     0.00
  54 	 -172.00  -189.00     0.00     0.00     0.00     0.00
   	   22.00   163.00     0.00    90.00
   	   22.00   163.00     0.00    90.00
  55 	  -86.00  -189.00     0.00     0.00     0.00     0.00
  55 	  -86.00  -189.00     0.00     0.00     0.00     0.00
   	   22.00   163.00     0.00    90.00
   	   22.00   163.00     0.00    90.00
  56 	    0.00  -189.00     0.00     0.00     0.00     0.00
  56 	    0.00  -189.00     0.00     0.00     0.00     0.00
   	   22.00   163.00     0.00    90.00
   	   22.00   163.00     0.00    90.00
  57 	   86.00  -189.00     0.00     0.00     0.00     0.00
  57 	   86.00  -189.00     0.00     0.00     0.00     0.00
   	   22.00   163.00     0.00    90.00
   	   22.00   163.00     0.00    90.00
  58 	  172.00  -189.00     0.00     0.00     0.00     0.00
  58 	  172.00  -189.00     0.00     0.00     0.00     0.00
   	   22.00   163.00     0.00    90.00
   	   22.00   163.00     0.00    90.00
  59 	 -172.00  -126.00     0.00     0.00     0.00     0.00
  59 	 -172.00  -126.00     0.00     0.00     0.00     0.00
   	   22.00   163.00     0.00    90.00
   	   22.00   163.00     0.00    90.00
  60 	  -86.00  -126.00     0.00     0.00     0.00     0.00
  60 	  -86.00  -126.00     0.00     0.00     0.00     0.00
   	   22.00   163.00     0.00    90.00
   	   22.00   163.00     0.00    90.00
  61 	    0.00  -126.00     0.00     0.00     0.00     0.00
  61 	    0.00  -126.00     0.00     0.00     0.00     0.00
   	   22.00   163.00     0.00    90.00
   	   22.00   163.00     0.00    90.00
  62 	   86.00  -126.00     0.00     0.00     0.00     0.00
  62 	   86.00  -126.00     0.00     0.00     0.00     0.00
   	   22.00   163.00     0.00    90.00
   	   22.00   163.00     0.00    90.00
  63 	  172.00  -126.00     0.00     0.00     0.00     0.00
  63 	  172.00  -126.00     0.00     0.00     0.00     0.00
   	   22.00   163.00     0.00    90.00
   	   22.00   163.00     0.00    90.00
  64 	 -774.00  -189.00     0.00     0.00     0.00     0.00
  64 	 -774.00  -189.00     0.00     0.00     0.00     0.00
   	   22.00   163.00     0.00    90.00
   	   22.00   163.00     0.00    90.00
  65 	 -688.00  -189.00     0.00     0.00     0.00     0.00
  65 	 -688.00  -189.00     0.00     0.00     0.00     0.00
   	   22.00   163.00     0.00    90.00
   	   22.00   163.00     0.00    90.00
  66 	 -602.00  -189.00     0.00     0.00     0.00     0.00
  66 	 -602.00  -189.00     0.00     0.00     0.00     0.00
   	   22.00   163.00     0.00    90.00
   	   22.00   163.00     0.00    90.00
  67 	 -516.00  -189.00     0.00     0.00     0.00     0.00
  67 	 -516.00  -189.00     0.00     0.00     0.00     0.00
   	   22.00   163.00     0.00    90.00
   	   22.00   163.00     0.00    90.00
  68 	 -430.00  -189.00     0.00     0.00     0.00     0.00
  68 	 -430.00  -189.00     0.00     0.00     0.00     0.00
   	   22.00   163.00     0.00    90.00
   	   22.00   163.00     0.00    90.00
  69 	 -344.00  -189.00     0.00     0.00     0.00     0.00
  69 	 -344.00  -189.00     0.00     0.00     0.00     0.00
   	   22.00   163.00     0.00    90.00
   	   22.00   163.00     0.00    90.00
  70 	 -258.00  -189.00     0.00     0.00     0.00     0.00
  70 	 -258.00  -189.00     0.00     0.00     0.00     0.00
   	   22.00   163.00     0.00    90.00
   	   22.00   163.00     0.00    90.00
  71 	 -172.00  -189.00     0.00     0.00     0.00     0.00
  71 	 -172.00  -189.00     0.00     0.00     0.00     0.00
   	   22.00   163.00     0.00    90.00
   	   22.00   163.00     0.00    90.00
  72 	  -86.00  -189.00     0.00     0.00     0.00     0.00
  72 	  -86.00  -189.00     0.00     0.00     0.00     0.00
   	   22.00   163.00     0.00    90.00
   	   22.00   163.00     0.00    90.00
  73 	 -774.00  -126.00     0.00     0.00     0.00     0.00
  73 	 -774.00  -126.00     0.00     0.00     0.00     0.00
   	   22.00   163.00     0.00    90.00
   	   22.00   163.00     0.00    90.00
  74 	 -688.00  -126.00     0.00     0.00     0.00     0.00
  74 	 -688.00  -126.00     0.00     0.00     0.00     0.00
   	   22.00   163.00     0.00    90.00
   	   22.00   163.00     0.00    90.00
  75 	 -602.00  -126.00     0.00     0.00     0.00     0.00
  75 	 -602.00  -126.00     0.00     0.00     0.00     0.00
   	   22.00   163.00     0.00    90.00
   	   22.00   163.00     0.00    90.00
  76 	 -516.00  -126.00     0.00     0.00     0.00     0.00
  76 	 -516.00  -126.00     0.00     0.00     0.00     0.00
   	   22.00   163.00     0.00    90.00
   	   22.00   163.00     0.00    90.00
  77 	 -430.00  -126.00     0.00     0.00     0.00     0.00
  77 	 -430.00  -126.00     0.00     0.00     0.00     0.00
   	   22.00   163.00     0.00    90.00
   	   22.00   163.00     0.00    90.00
  78 	 -344.00  -126.00     0.00     0.00     0.00     0.00
  78 	 -344.00  -126.00     0.00     0.00     0.00     0.00
   	   22.00   163.00     0.00    90.00
   	   22.00   163.00     0.00    90.00
  79 	 -258.00  -126.00     0.00     0.00     0.00     0.00
  79 	 -258.00  -126.00     0.00     0.00     0.00     0.00
   	   22.00   163.00     0.00    90.00
   	   22.00   163.00     0.00    90.00
  80 	 -172.00  -126.00     0.00     0.00     0.00     0.00
  80 	 -172.00  -126.00     0.00     0.00     0.00     0.00
   	   22.00   163.00     0.00    90.00
   	   22.00   163.00     0.00    90.00
  81 	  -86.00  -126.00     0.00     0.00     0.00     0.00
  81 	  -86.00  -126.00     0.00     0.00     0.00     0.00
   	   22.00   163.00     0.00    90.00
   	   22.00   163.00     0.00    90.00
  82 	 -774.00   -63.00     0.00     0.00     0.00     0.00
  82 	 -774.00   -63.00     0.00     0.00     0.00     0.00
   	   22.00   163.00     0.00    90.00
   	   22.00   163.00     0.00    90.00
  83 	 -688.00   -63.00     0.00     0.00     0.00     0.00
  83 	 -688.00   -63.00     0.00     0.00     0.00     0.00
   	   22.00   163.00     0.00    90.00
   	   22.00   163.00     0.00    90.00
  84 	 -602.00   -63.00     0.00     0.00     0.00     0.00
  84 	 -602.00   -63.00     0.00     0.00     0.00     0.00
   	   22.00   163.00     0.00    90.00
   	   22.00   163.00     0.00    90.00
  85 	 -516.00   -63.00     0.00     0.00     0.00     0.00
  85 	 -516.00   -63.00     0.00     0.00     0.00     0.00
   	   22.00   163.00     0.00    90.00
   	   22.00   163.00     0.00    90.00
  86 	 -430.00   -63.00     0.00     0.00     0.00     0.00
  86 	 -430.00   -63.00     0.00     0.00     0.00     0.00
   	   22.00   163.00     0.00    90.00
   	   22.00   163.00     0.00    90.00
  87 	 -344.00   -63.00     0.00     0.00     0.00     0.00
  87 	 -344.00   -63.00     0.00     0.00     0.00     0.00
   	   22.00   163.00     0.00    90.00
   	   22.00   163.00     0.00    90.00
  88 	 -258.00   -63.00     0.00     0.00     0.00     0.00
  88 	 -258.00   -63.00     0.00     0.00     0.00     0.00
   	   22.00   163.00     0.00    90.00
   	   22.00   163.00     0.00    90.00
  89 	 -172.00   -63.00     0.00     0.00     0.00     0.00
  89 	 -172.00   -63.00     0.00     0.00     0.00     0.00
   	   22.00   163.00     0.00    90.00
   	   22.00   163.00     0.00    90.00
  90 	  -86.00   -63.00     0.00     0.00     0.00     0.00
  90 	  -86.00   -63.00     0.00     0.00     0.00     0.00
   	   22.00   163.00     0.00    90.00
   	   22.00   163.00     0.00    90.00
  91 	 -774.00     0.00     0.00     0.00     0.00     0.00
  91 	 -774.00     0.00     0.00     0.00     0.00     0.00
   	   22.00   163.00     0.00    90.00
   	   22.00   163.00     0.00    90.00
  92 	 -688.00     0.00     0.00     0.00     0.00     0.00
  92 	 -688.00     0.00     0.00     0.00     0.00     0.00
   	   22.00   163.00     0.00    90.00
   	   22.00   163.00     0.00    90.00
  93 	 -602.00     0.00     0.00     0.00     0.00     0.00
  93 	 -602.00     0.00     0.00     0.00     0.00     0.00
   	   22.00   163.00     0.00    90.00
   	   22.00   163.00     0.00    90.00
  94 	 -516.00     0.00     0.00     0.00     0.00     0.00
  94 	 -516.00     0.00     0.00     0.00     0.00     0.00
   	   22.00   163.00     0.00    90.00
   	   22.00   163.00     0.00    90.00
  95 	 -430.00     0.00     0.00     0.00     0.00     0.00
  95 	 -430.00     0.00     0.00     0.00     0.00     0.00
   	   22.00   163.00     0.00    90.00
   	   22.00   163.00     0.00    90.00
  96 	 -344.00     0.00     0.00     0.00     0.00     0.00
  96 	 -344.00     0.00     0.00     0.00     0.00     0.00
   	   22.00   163.00     0.00    90.00
   	   22.00   163.00     0.00    90.00
  97 	 -258.00     0.00     0.00     0.00     0.00     0.00
  97 	 -258.00     0.00     0.00     0.00     0.00     0.00
   	   22.00   163.00     0.00    90.00
   	   22.00   163.00     0.00    90.00
  98 	 -172.00     0.00     0.00     0.00     0.00     0.00
  98 	 -172.00     0.00     0.00     0.00     0.00     0.00
   	   22.00   163.00     0.00    90.00
   	   22.00   163.00     0.00    90.00
  99 	  -86.00     0.00     0.00     0.00     0.00     0.00
  99 	  -86.00     0.00     0.00     0.00     0.00     0.00
   	   22.00   163.00     0.00    90.00
   	   22.00   163.00     0.00    90.00
 100 	 -774.00    63.00     0.00     0.00     0.00     0.00
 100 	 -774.00    63.00     0.00     0.00     0.00     0.00
   	   22.00   163.00     0.00    90.00
   	   22.00   163.00     0.00    90.00
 101 	 -688.00    63.00     0.00     0.00     0.00     0.00
 101 	 -688.00    63.00     0.00     0.00     0.00     0.00
   	   22.00   163.00     0.00    90.00
   	   22.00   163.00     0.00    90.00
 102 	 -602.00    63.00     0.00     0.00     0.00     0.00
 102 	 -602.00    63.00     0.00     0.00     0.00     0.00
   	   22.00   163.00     0.00    90.00
   	   22.00   163.00     0.00    90.00
 103 	 -516.00    63.00     0.00     0.00     0.00     0.00
 103 	 -516.00    63.00     0.00     0.00     0.00     0.00
   	   22.00   163.00     0.00    90.00
   	   22.00   163.00     0.00    90.00
 104 	 -430.00    63.00     0.00     0.00     0.00     0.00
 104 	 -430.00    63.00     0.00     0.00     0.00     0.00
   	   22.00   163.00     0.00    90.00
   	   22.00   163.00     0.00    90.00
 105 	 -344.00    63.00     0.00     0.00     0.00     0.00
 105 	 -344.00    63.00     0.00     0.00     0.00     0.00
   	   22.00   163.00     0.00    90.00
   	   22.00   163.00     0.00    90.00
 106 	 -258.00    63.00     0.00     0.00     0.00     0.00
 106 	 -258.00    63.00     0.00     0.00     0.00     0.00
   	   22.00   163.00     0.00    90.00
   	   22.00   163.00     0.00    90.00
 107 	 -172.00    63.00     0.00     0.00     0.00     0.00
 107 	 -172.00    63.00     0.00     0.00     0.00     0.00
   	   22.00   163.00     0.00    90.00
   	   22.00   163.00     0.00    90.00
 108 	  -86.00    63.00     0.00     0.00     0.00     0.00
 108 	  -86.00    63.00     0.00     0.00     0.00     0.00
   	   22.00   163.00     0.00    90.00
   	   22.00   163.00     0.00    90.00
 109 	 -774.00   126.00     0.00     0.00     0.00     0.00
 109 	 -774.00   126.00     0.00     0.00     0.00     0.00
   	   22.00   163.00     0.00    90.00
   	   22.00   163.00     0.00    90.00
 110 	 -688.00   126.00     0.00     0.00     0.00     0.00
 110 	 -688.00   126.00     0.00     0.00     0.00     0.00
   	   22.00   163.00     0.00    90.00
   	   22.00   163.00     0.00    90.00
 111 	 -602.00   126.00     0.00     0.00     0.00     0.00
 111 	 -602.00   126.00     0.00     0.00     0.00     0.00
   	   22.00   163.00     0.00    90.00
   	   22.00   163.00     0.00    90.00
 112 	 -516.00   126.00     0.00     0.00     0.00     0.00
 112 	 -516.00   126.00     0.00     0.00     0.00     0.00
   	   22.00   163.00     0.00    90.00
   	   22.00   163.00     0.00    90.00
 113 	 -430.00   126.00     0.00     0.00     0.00     0.00
 113 	 -430.00   126.00     0.00     0.00     0.00     0.00
   	   22.00   163.00     0.00    90.00
   	   22.00   163.00     0.00    90.00
 114 	 -344.00   126.00     0.00     0.00     0.00     0.00
 114 	 -344.00   126.00     0.00     0.00     0.00     0.00
   	   22.00   163.00     0.00    90.00
   	   22.00   163.00     0.00    90.00
 115 	 -258.00   126.00     0.00     0.00     0.00     0.00
 115 	 -258.00   126.00     0.00     0.00     0.00     0.00
   	   22.00   163.00     0.00    90.00
   	   22.00   163.00     0.00    90.00
 116 	 -172.00   126.00     0.00     0.00     0.00     0.00
 116 	 -172.00   126.00     0.00     0.00     0.00     0.00
   	   22.00   163.00     0.00    90.00
   	   22.00   163.00     0.00    90.00
 117 	  -86.00   126.00     0.00     0.00     0.00     0.00
 117 	  -86.00   126.00     0.00     0.00     0.00     0.00
   	   22.00   163.00     0.00    90.00
   	   22.00   163.00     0.00    90.00
 118 	 -774.00   189.00     0.00     0.00     0.00     0.00
 118 	 -774.00   189.00     0.00     0.00     0.00     0.00
   	   22.00   163.00     0.00    90.00
   	   22.00   163.00     0.00    90.00
 119 	 -688.00   189.00     0.00     0.00     0.00     0.00
 119 	 -688.00   189.00     0.00     0.00     0.00     0.00
   	   22.00   163.00     0.00    90.00
   	   22.00   163.00     0.00    90.00
 120 	 -602.00   189.00     0.00     0.00     0.00     0.00
 120 	 -602.00   189.00     0.00     0.00     0.00     0.00
   	   22.00   163.00     0.00    90.00
   	   22.00   163.00     0.00    90.00
 121 	 -516.00   189.00     0.00     0.00     0.00     0.00
 121 	 -516.00   189.00     0.00     0.00     0.00     0.00
   	   22.00   163.00     0.00    90.00
   	   22.00   163.00     0.00    90.00
 122 	 -430.00   189.00     0.00     0.00     0.00     0.00
 122 	 -430.00   189.00     0.00     0.00     0.00     0.00
   	   22.00   163.00     0.00    90.00
   	   22.00   163.00     0.00    90.00
 123 	 -344.00   189.00     0.00     0.00     0.00     0.00
 123 	 -344.00   189.00     0.00     0.00     0.00     0.00
   	   22.00   163.00     0.00    90.00
   	   22.00   163.00     0.00    90.00
 124 	 -258.00   189.00     0.00     0.00     0.00     0.00
 124 	 -258.00   189.00     0.00     0.00     0.00     0.00
   	   22.00   163.00     0.00    90.00
   	   22.00   163.00     0.00    90.00
 125 	 -172.00   189.00     0.00     0.00     0.00     0.00
 125 	 -172.00   189.00     0.00     0.00     0.00     0.00
   	   22.00   163.00     0.00    90.00
   	   22.00   163.00     0.00    90.00
 126 	  -86.00   189.00     0.00     0.00     0.00     0.00
 126 	  -86.00   189.00     0.00     0.00     0.00     0.00
   	   22.00   163.00     0.00    90.00
   	   22.00   163.00     0.00    90.00
 127 	 -774.00   252.00     0.00     0.00     0.00     0.00
 127 	 -774.00   252.00     0.00     0.00     0.00     0.00
   	   22.00   163.00     0.00    90.00
   	   22.00   163.00     0.00    90.00
 128 	 -688.00   252.00     0.00     0.00     0.00     0.00
 128 	 -688.00   252.00     0.00     0.00     0.00     0.00
   	   22.00   163.00     0.00    90.00
   	   22.00   163.00     0.00    90.00
 129 	 -602.00   252.00     0.00     0.00     0.00     0.00
 129 	 -602.00   252.00     0.00     0.00     0.00     0.00
   	   22.00   163.00     0.00    90.00
   	   22.00   163.00     0.00    90.00
 130 	 -516.00   252.00     0.00     0.00     0.00     0.00
 130 	 -516.00   252.00     0.00     0.00     0.00     0.00
   	   22.00   163.00     0.00    90.00
   	   22.00   163.00     0.00    90.00
 131 	 -430.00   252.00     0.00     0.00     0.00     0.00
 131 	 -430.00   252.00     0.00     0.00     0.00     0.00
   	   22.00   163.00     0.00    90.00
   	   22.00   163.00     0.00    90.00
 132 	 -344.00   252.00     0.00     0.00     0.00     0.00
 132 	 -344.00   252.00     0.00     0.00     0.00     0.00
   	   22.00   163.00     0.00    90.00
   	   22.00   163.00     0.00    90.00
 133 	 -258.00   252.00     0.00     0.00     0.00     0.00
 133 	 -258.00   252.00     0.00     0.00     0.00     0.00
   	   22.00   163.00     0.00    90.00
   	   22.00   163.00     0.00    90.00
 134 	 -172.00   252.00     0.00     0.00     0.00     0.00
 134 	 -172.00   252.00     0.00     0.00     0.00     0.00
   	   22.00   163.00     0.00    90.00
   	   22.00   163.00     0.00    90.00
 135 	  -86.00   252.00     0.00     0.00     0.00     0.00
 135 	  -86.00   252.00     0.00     0.00     0.00     0.00
   	   22.00   163.00     0.00    90.00
   	   22.00   163.00     0.00    90.00
 136 	 -774.00   315.00     0.00     0.00     0.00     0.00
 136 	 -774.00   315.00     0.00     0.00     0.00     0.00
   	   22.00   163.00     0.00    90.00
   	   22.00   163.00     0.00    90.00
 137 	 -688.00   315.00     0.00     0.00     0.00     0.00
 137 	 -688.00   315.00     0.00     0.00     0.00     0.00
   	   22.00   163.00     0.00    90.00
   	   22.00   163.00     0.00    90.00
 138 	 -602.00   315.00     0.00     0.00     0.00     0.00
 138 	 -602.00   315.00     0.00     0.00     0.00     0.00
   	   22.00   163.00     0.00    90.00
   	   22.00   163.00     0.00    90.00
 139 	 -516.00   315.00     0.00     0.00     0.00     0.00
 139 	 -516.00   315.00     0.00     0.00     0.00     0.00
   	   22.00   163.00     0.00    90.00
   	   22.00   163.00     0.00    90.00
 140 	 -430.00   315.00     0.00     0.00     0.00     0.00
 140 	 -430.00   315.00     0.00     0.00     0.00     0.00
   	   22.00   163.00     0.00    90.00
   	   22.00   163.00     0.00    90.00
 141 	 -344.00   315.00     0.00     0.00     0.00     0.00
 141 	 -344.00   315.00     0.00     0.00     0.00     0.00
   	   22.00   163.00     0.00    90.00
   	   22.00   163.00     0.00    90.00
 142 	 -258.00   315.00     0.00     0.00     0.00     0.00
 142 	 -258.00   315.00     0.00     0.00     0.00     0.00
   	   22.00   163.00     0.00    90.00
   	   22.00   163.00     0.00    90.00
 143 	 -172.00   315.00     0.00     0.00     0.00     0.00
 143 	 -172.00   315.00     0.00     0.00     0.00     0.00
   	   22.00   163.00     0.00    90.00
   	   22.00   163.00     0.00    90.00
 144 	  -86.00   315.00     0.00     0.00     0.00     0.00
 144 	  -86.00   315.00     0.00     0.00     0.00     0.00
   	   22.00   163.00     0.00    90.00
   	   22.00   163.00     0.00    90.00
 145 	  -86.00  -126.00     0.00     0.00     0.00     0.00
 145 	  -86.00  -126.00     0.00     0.00     0.00     0.00
   	   22.00   163.00     0.00    90.00
   	   22.00   163.00     0.00    90.00
 146 	    0.00  -126.00     0.00     0.00     0.00     0.00
 146 	    0.00  -126.00     0.00     0.00     0.00     0.00
   	   22.00   163.00     0.00    90.00
   	   22.00   163.00     0.00    90.00
 147 	   86.00  -126.00     0.00     0.00     0.00     0.00
 147 	   86.00  -126.00     0.00     0.00     0.00     0.00
   	   22.00   163.00     0.00    90.00
   	   22.00   163.00     0.00    90.00
 148 	  172.00  -126.00     0.00     0.00     0.00     0.00
 148 	  172.00  -126.00     0.00     0.00     0.00     0.00
   	   22.00   163.00     0.00    90.00
   	   22.00   163.00     0.00    90.00
 149 	  258.00  -126.00     0.00     0.00     0.00     0.00
 149 	  258.00  -126.00     0.00     0.00     0.00     0.00
   	   22.00   163.00     0.00    90.00
   	   22.00   163.00     0.00    90.00
 150 	  344.00  -126.00     0.00     0.00     0.00     0.00
 150 	  344.00  -126.00     0.00     0.00     0.00     0.00
   	   22.00   163.00     0.00    90.00
   	   22.00   163.00     0.00    90.00
 151 	  -86.00   -63.00     0.00     0.00     0.00     0.00
 151 	  -86.00   -63.00     0.00     0.00     0.00     0.00
   	   22.00   163.00     0.00    90.00
   	   22.00   163.00     0.00    90.00
 152 	    0.00   -63.00     0.00     0.00     0.00     0.00
 152 	    0.00   -63.00     0.00     0.00     0.00     0.00
   	   22.00   163.00     0.00    90.00
   	   22.00   163.00     0.00    90.00
 153 	   86.00   -63.00     0.00     0.00     0.00     0.00
 153 	   86.00   -63.00     0.00     0.00     0.00     0.00
   	   22.00   163.00     0.00    90.00
   	   22.00   163.00     0.00    90.00
 154 	  172.00   -63.00     0.00     0.00     0.00     0.00
 154 	  172.00   -63.00     0.00     0.00     0.00     0.00
   	   22.00   163.00     0.00    90.00
   	   22.00   163.00     0.00    90.00
 155 	  258.00   -63.00     0.00     0.00     0.00     0.00
 155 	  258.00   -63.00     0.00     0.00     0.00     0.00
   	   22.00   163.00     0.00    90.00
   	   22.00   163.00     0.00    90.00
 156 	  344.00   -63.00     0.00     0.00     0.00     0.00
 156 	  344.00   -63.00     0.00     0.00     0.00     0.00
   	   22.00   163.00     0.00    90.00
   	   22.00   163.00     0.00    90.00
 157 	  -86.00     0.00     0.00     0.00     0.00     0.00
 157 	  -86.00     0.00     0.00     0.00     0.00     0.00
   	   22.00   163.00     0.00    90.00
   	   22.00   163.00     0.00    90.00
 158 	    0.00     0.00     0.00     0.00     0.00     0.00
 158 	    0.00     0.00     0.00     0.00     0.00     0.00
   	   22.00   163.00     0.00    90.00
   	   22.00   163.00     0.00    90.00
 159 	   86.00     0.00     0.00     0.00     0.00     0.00
 159 	   86.00     0.00     0.00     0.00     0.00     0.00
   	   22.00   163.00     0.00    90.00
   	   22.00   163.00     0.00    90.00
 160 	  172.00     0.00     0.00     0.00     0.00     0.00
 160 	  172.00     0.00     0.00     0.00     0.00     0.00
   	   22.00   163.00     0.00    90.00
   	   22.00   163.00     0.00    90.00
 161 	  258.00     0.00     0.00     0.00     0.00     0.00
 161 	  258.00     0.00     0.00     0.00     0.00     0.00
   	   22.00   163.00     0.00    90.00
   	   22.00   163.00     0.00    90.00
 162 	  344.00     0.00     0.00     0.00     0.00     0.00
 162 	  344.00     0.00     0.00     0.00     0.00     0.00
   	   22.00   163.00     0.00    90.00
   	   22.00   163.00     0.00    90.00
 163 	  -86.00    63.00     0.00     0.00     0.00     0.00
 163 	  -86.00    63.00     0.00     0.00     0.00     0.00
   	   22.00   163.00     0.00    90.00
   	   22.00   163.00     0.00    90.00
 164 	   -0.00    63.00     0.00     0.00     0.00     0.00
 164 	   -0.00    63.00     0.00     0.00     0.00     0.00
   	   22.00   163.00     0.00    90.00
   	   22.00   163.00     0.00    90.00
 165 	   86.00    63.00     0.00     0.00     0.00     0.00
 165 	   86.00    63.00     0.00     0.00     0.00     0.00
   	   22.00   163.00     0.00    90.00
   	   22.00   163.00     0.00    90.00
 166 	  172.00    63.00     0.00     0.00     0.00     0.00
 166 	  172.00    63.00     0.00     0.00     0.00     0.00
   	   22.00   163.00     0.00    90.00
   	   22.00   163.00     0.00    90.00
 167 	  258.00    63.00     0.00     0.00     0.00     0.00
 167 	  258.00    63.00     0.00     0.00     0.00     0.00
   	   22.00   163.00     0.00    90.00
   	   22.00   163.00     0.00    90.00
 168 	  344.00    63.00     0.00     0.00     0.00     0.00
 168 	  344.00    63.00     0.00     0.00     0.00     0.00
   	   22.00   163.00     0.00    90.00
   	   22.00   163.00     0.00    90.00
 169 	  -86.00   126.00     0.00     0.00     0.00     0.00
 169 	  -86.00   126.00     0.00     0.00     0.00     0.00
   	   22.00   163.00     0.00    90.00
   	   22.00   163.00     0.00    90.00
 170 	   -0.00   126.00     0.00     0.00     0.00     0.00
 170 	   -0.00   126.00     0.00     0.00     0.00     0.00
   	   22.00   163.00     0.00    90.00
   	   22.00   163.00     0.00    90.00
 171 	   86.00   126.00     0.00     0.00     0.00     0.00
 171 	   86.00   126.00     0.00     0.00     0.00     0.00
   	   22.00   163.00     0.00    90.00
   	   22.00   163.00     0.00    90.00
 172 	  172.00   126.00     0.00     0.00     0.00     0.00
 172 	  172.00   126.00     0.00     0.00     0.00     0.00
   	   22.00   163.00     0.00    90.00
   	   22.00   163.00     0.00    90.00
 173 	  258.00   126.00     0.00     0.00     0.00     0.00
 173 	  258.00   126.00     0.00     0.00     0.00     0.00
   	   22.00   163.00     0.00    90.00
   	   22.00   163.00     0.00    90.00
 174 	  344.00   126.00     0.00     0.00     0.00     0.00
 174 	  344.00   126.00     0.00     0.00     0.00     0.00
   	   22.00   163.00     0.00    90.00
   	   22.00   163.00     0.00    90.00
 175 	  -86.00   189.00     0.00     0.00     0.00     0.00
 175 	  -86.00   189.00     0.00     0.00     0.00     0.00
   	   22.00   163.00     0.00    90.00
   	   22.00   163.00     0.00    90.00
 176 	   -0.00   189.00     0.00     0.00     0.00     0.00
 176 	   -0.00   189.00     0.00     0.00     0.00     0.00
   	   22.00   163.00     0.00    90.00
   	   22.00   163.00     0.00    90.00
 177 	   86.00   189.00     0.00     0.00     0.00     0.00
 177 	   86.00   189.00     0.00     0.00     0.00     0.00
   	   22.00   163.00     0.00    90.00
   	   22.00   163.00     0.00    90.00
 178 	  172.00   189.00     0.00     0.00     0.00     0.00
 178 	  172.00   189.00     0.00     0.00     0.00     0.00
   	   22.00   163.00     0.00    90.00
   	   22.00   163.00     0.00    90.00
 179 	  258.00   189.00     0.00     0.00     0.00     0.00
 179 	  258.00   189.00     0.00     0.00     0.00     0.00
   	   22.00   163.00     0.00    90.00
   	   22.00   163.00     0.00    90.00
 180 	  344.00   189.00     0.00     0.00     0.00     0.00
 180 	  344.00   189.00     0.00     0.00     0.00     0.00
   	   22.00   163.00     0.00    90.00
   	   22.00   163.00     0.00    90.00
 181 	  -86.00   252.00     0.00     0.00     0.00     0.00
 181 	  -86.00   252.00     0.00     0.00     0.00     0.00
   	   22.00   163.00     0.00    90.00
   	   22.00   163.00     0.00    90.00
 182 	   -0.00   252.00     0.00     0.00     0.00     0.00
 182 	   -0.00   252.00     0.00     0.00     0.00     0.00
   	   22.00   163.00     0.00    90.00
   	   22.00   163.00     0.00    90.00
 183 	   86.00   252.00     0.00     0.00     0.00     0.00
 183 	   86.00   252.00     0.00     0.00     0.00     0.00
   	   22.00   163.00     0.00    90.00
   	   22.00   163.00     0.00    90.00
 184 	  172.00   252.00     0.00     0.00     0.00     0.00
 184 	  172.00   252.00     0.00     0.00     0.00     0.00
   	   22.00   163.00     0.00    90.00
   	   22.00   163.00     0.00    90.00
 185 	  258.00   252.00     0.00     0.00     0.00     0.00
 185 	  258.00   252.00     0.00     0.00     0.00     0.00
   	   22.00   163.00     0.00    90.00
   	   22.00   163.00     0.00    90.00
 186 	  344.00   252.00     0.00     0.00     0.00     0.00
 186 	  344.00   252.00     0.00     0.00     0.00     0.00
   	   22.00   163.00     0.00    90.00
   	   22.00   163.00     0.00    90.00
 187 	  -86.00   315.00     0.00     0.00     0.00     0.00
 187 	  -86.00   315.00     0.00     0.00     0.00     0.00
   	   22.00   163.00     0.00    90.00
   	   22.00   163.00     0.00    90.00
 188 	   -0.00   315.00     0.00     0.00     0.00     0.00
 188 	   -0.00   315.00     0.00     0.00     0.00     0.00
   	   22.00   163.00     0.00    90.00
   	   22.00   163.00     0.00    90.00
 189 	   86.00   315.00     0.00     0.00     0.00     0.00
 189 	   86.00   315.00     0.00     0.00     0.00     0.00
   	   22.00   163.00     0.00    90.00
   	   22.00   163.00     0.00    90.00
 190 	  172.00   315.00     0.00     0.00     0.00     0.00
 190 	  172.00   315.00     0.00     0.00     0.00     0.00
   	   22.00   163.00     0.00    90.00
   	   22.00   163.00     0.00    90.00
 191 	  258.00   315.00     0.00     0.00     0.00     0.00
 191 	  258.00   315.00     0.00     0.00     0.00     0.00
   	   22.00   163.00     0.00    90.00
   	   22.00   163.00     0.00    90.00
 192 	  344.00   315.00     0.00     0.00     0.00     0.00
 192 	  344.00   315.00     0.00     0.00     0.00     0.00
   	   22.00   163.00     0.00    90.00
   	   22.00   163.00     0.00    90.00
 193 	  -86.00   378.00     0.00     0.00     0.00     0.00
 193 	  -86.00   378.00     0.00     0.00     0.00     0.00
   	   22.00   163.00     0.00    90.00
   	   22.00   163.00     0.00    90.00
 194 	   -0.00   378.00     0.00     0.00     0.00     0.00
 194 	   -0.00   378.00     0.00     0.00     0.00     0.00
   	   22.00   163.00     0.00    90.00
   	   22.00   163.00     0.00    90.00
 195 	   86.00   378.00     0.00     0.00     0.00     0.00
 195 	   86.00   378.00     0.00     0.00     0.00     0.00
   	   22.00   163.00     0.00    90.00
   	   22.00   163.00     0.00    90.00
 196 	  172.00   378.00     0.00     0.00     0.00     0.00
 196 	  172.00   378.00     0.00     0.00     0.00     0.00
   	   22.00   163.00     0.00    90.00
   	   22.00   163.00     0.00    90.00
 197 	  258.00   378.00     0.00     0.00     0.00     0.00
 197 	  258.00   378.00     0.00     0.00     0.00     0.00
   	   22.00   163.00     0.00    90.00
   	   22.00   163.00     0.00    90.00
 198 	  344.00   378.00     0.00     0.00     0.00     0.00
 198 	  344.00   378.00     0.00     0.00     0.00     0.00
   	   22.00   163.00     0.00    90.00
   	   22.00   163.00     0.00    90.00
 199 	  -86.00   441.00     0.00     0.00     0.00     0.00
 199 	  -86.00   441.00     0.00     0.00     0.00     0.00
   	   22.00   163.00     0.00    90.00
   	   22.00   163.00     0.00    90.00
 200 	   -0.00   441.00     0.00     0.00     0.00     0.00
 200 	   -0.00   441.00     0.00     0.00     0.00     0.00
   	   22.00   163.00     0.00    90.00
   	   22.00   163.00     0.00    90.00
 201 	   86.00   441.00     0.00     0.00     0.00     0.00
 201 	   86.00   441.00     0.00     0.00     0.00     0.00
   	   22.00   163.00     0.00    90.00
   	   22.00   163.00     0.00    90.00
 202 	  172.00   441.00     0.00     0.00     0.00     0.00
 202 	  172.00   441.00     0.00     0.00     0.00     0.00
   	   22.00   163.00     0.00    90.00
   	   22.00   163.00     0.00    90.00
 203 	  258.00   441.00     0.00     0.00     0.00     0.00
 203 	  258.00   441.00     0.00     0.00     0.00     0.00
   	   22.00   163.00     0.00    90.00
   	   22.00   163.00     0.00    90.00
 204 	  344.00   441.00     0.00     0.00     0.00     0.00
 204 	  344.00   441.00     0.00     0.00     0.00     0.00
   	   22.00   163.00     0.00    90.00
   	   22.00   163.00     0.00    90.00

** End writing output file: ../inputs/gr437.dat 
