*******************************************************************************
                         ARRAY PREPROCESSOR ver. 1.0
*******************************************************************************



   1	GROUP testgroup
   3	 GRID HEXAGONAL
   4	 ELEMENT
   5	 GEOMETRY CIRCULAR 71
   7	 ADD BLOCK 3 -4 0 0
   9	 GROUP_EXCITATION
  10	 AMPLITUDE UNIFORM 19
  11	 PHASE UNIFORM 59
  12	 END

** Generating GROUP: testgroup.
** PSTEP,QSTEP set to:142.000000,142.000000
** Grid ANGLE set to:60.000000 
** Group ROT_ANGLE set to: 0.000000 

** Writing output file: ../inputs/gr442.dat

NEL 
NPORTS
IDUM      REXA     REYA     REZA     THEA     PHEA     PSEA 
          AMP      PSH      PSC      PHEPOL
  20
  20
   1
   1
   1 	 -284.00  -491.90     0.00     0.00     0.00     0.00
   1 	 -284.00  -491.90     0.00     0.00     0.00     0.00
   	   19.00    59.00     0.00    90.00
   	   19.00    59.00     0.00    90.00
   2 	 -142.00  -491.90     0.00     0.00     0.00     0.00
   2 	 -142.00  -491.90     0.00     0.00     0.00     0.00
   	   19.00    59.00     0.00    90.00
   	   19.00    59.00     0.00    90.00
   3 	    0.00  -491.90     0.00     0.00     0.00     0.00
   3 	    0.00  -491.90     0.00     0.00     0.00     0.00
   	   19.00    59.00     0.00    90.00
   	   19.00    59.00     0.00    90.00
   4 	  142.00  -491.90     0.00     0.00     0.00     0.00
   4 	  142.00  -491.90     0.00     0.00     0.00     0.00
   	   19.00    59.00     0.00    90.00
   	   19.00    59.00     0.00    90.00
   5 	 -213.00  -368.93     0.00     0.00     0.00     0.00
   5 	 -213.00  -368.93     0.00     0.00     0.00     0.00
   	   19.00    59.00     0.00    90.00
   	   19.00    59.00     0.00    90.00
   6 	  -71.00  -368.93     0.00     0.00     0.00     0.00
   6 	  -71.00  -368.93     0.00     0.00     0.00     0.00
   	   19.00    59.00     0.00    90.00
   	   19.00    59.00     0.00    90.00
   7 	   71.00  -368.93     0.00     0.00     0.00     0.00
   7 	   71.00  -368.93     0.00     0.00     0.00     0.00
   	   19.00    59.00     0.00    90.00
   	   19.00    59.00     0.00    90.00
   8 	  213.00  -368.93     0.00     0.00     0.00     0.00
   8 	  213.00  -368.93     0.00     0.00     0.00     0.00
   	   19.00    59.00     0.00    90.00
   	   19.00    59.00     0.00    90.00
   9 	 -142.00  -245.95     0.00     0.00     0.00     0.00
   9 	 -142.00  -245.95     0.00     0.00     0.00     0.00
   	   19.00    59.00     0.00    90.00
   	   19.00    59.00     0.00    90.00
  10 	    0.00  -245.95     0.00     0.00     0.00     0.00
  10 	    0.00  -245.95     0.00     0.00     0.00     0.00
   	   19.00    59.00     0.00    90.00
   	   19.00    59.00     0.00    90.00
  11 	  142.00  -245.95     0.00     0.00     0.00     0.00
  11 	  142.00  -245.95     0.00     0.00     0.00     0.00
   	   19.00    59.00     0.00    90.00
   	   19.00    59.00     0.00    90.00
  12 	  284.00  -245.95     0.00     0.00     0.00     0.00
  12 	  284.00  -245.95     0.00     0.00     0.00     0.00
   	   19.00    59.00     0.00    90.00
   	   19.00    59.00     0.00    90.00
  13 	  -71.00  -122.98     0.00     0.00     0.00     0.00
  13 	  -71.00  -122.98     0.00     0.00     0.00     0.00
   	   19.00    59.00     0.00    90.00
   	   19.00    59.00     0.00    90.00
  14 	   71.00  -122.98     0.00     0.00     0.00     0.00
  14 	   71.00  -122.98     0.00     0.00     0.00     0.00
   	   19.00    59.00     0.00    90.00
   	   19.00    59.00     0.00    90.00
  15 	  213.00  -122.98     0.00     0.00     0.00     0.00
  15 	  213.00  -122.98     0.00     0.00     0.00     0.00
   	   19.00    59.00     0.00    90.00
   	   19.00    59.00     0.00    90.00
  16 	  355.00  -122.98     0.00     0.00     0.00     0.00
  16 	  355.00  -122.98     0.00     0.00     0.00     0.00
   	   19.00    59.00     0.00    90.00
   	   19.00    59.00     0.00    90.00
  17 	    0.00     0.00     0.00     0.00     0.00     0.00
  17 	    0.00     0.00     0.00     0.00     0.00     0.00
   	   19.00    59.00     0.00    90.00
   	   19.00    59.00     0.00    90.00
  18 	  142.00     0.00     0.00     0.00     0.00     0.00
  18 	  142.00     0.00     0.00     0.00     0.00     0.00
   	   19.00    59.00     0.00    90.00
   	   19.00    59.00     0.00    90.00
  19 	  284.00     0.00     0.00     0.00     0.00     0.00
  19 	  284.00     0.00     0.00     0.00     0.00     0.00
   	   19.00    59.00     0.00    90.00
   	   19.00    59.00     0.00    90.00
  20 	  426.00     0.00     0.00     0.00     0.00     0.00
  20 	  426.00     0.00     0.00     0.00     0.00     0.00
   	   19.00    59.00     0.00    90.00
   	   19.00    59.00     0.00    90.00

** End writing output file: ../inputs/gr442.dat 
