*******************************************************************************
                         ARRAY PREPROCESSOR ver. 1.0
*******************************************************************************



   1	GROUP testgroup
   3	 GRID TRIANGULAR
   4	 ELEMENT
   5	 GEOMETRY CIRCULAR RADIUS 23
   7	 ADD HEXAGON -6 5
   8	 ADD HEXAGON -1 3
   9	 ADD BLOCK 5 -4 -2 -2
  10	 ADD HEXAGON 1 -6
  12	 GROUP_EXCITATION
  13	 AMPLITUDE UNIFORM 35
  14	 PHASE UNIFORM 7 deg
  15	 END

** WARNING B2: GRID step(s) too small for specified element in GROUP: testgroup
** Generating GROUP: testgroup.
** PSTEP,QSTEP set to:46.000000,46.000000
** Grid ANGLE set to:60.000000 
** Group ROT_ANGLE set to: 0.000000 

** Writing output file: ../inputs/gr445.dat

NEL 
NPORTS
IDUM      REXA     REYA     REZA     THEA     PHEA     PSEA 
          AMP      PSH      PSC      PHEPOL
  45
  45
   1
   1
   1 	 -184.00   239.02     0.00     0.00     0.00     0.00
   1 	 -184.00   239.02     0.00     0.00     0.00     0.00
   	   35.00     7.00     0.00    90.00
   	   35.00     7.00     0.00    90.00
   2 	 -138.00   239.02     0.00     0.00     0.00     0.00
   2 	 -138.00   239.02     0.00     0.00     0.00     0.00
   	   35.00     7.00     0.00    90.00
   	   35.00     7.00     0.00    90.00
   3 	 -115.00   199.19     0.00     0.00     0.00     0.00
   3 	 -115.00   199.19     0.00     0.00     0.00     0.00
   	   35.00     7.00     0.00    90.00
   	   35.00     7.00     0.00    90.00
   4 	 -138.00   159.35     0.00     0.00     0.00     0.00
   4 	 -138.00   159.35     0.00     0.00     0.00     0.00
   	   35.00     7.00     0.00    90.00
   	   35.00     7.00     0.00    90.00
   5 	 -184.00   159.35     0.00     0.00     0.00     0.00
   5 	 -184.00   159.35     0.00     0.00     0.00     0.00
   	   35.00     7.00     0.00    90.00
   	   35.00     7.00     0.00    90.00
   6 	 -207.00   199.19     0.00     0.00     0.00     0.00
   6 	 -207.00   199.19     0.00     0.00     0.00     0.00
   	   35.00     7.00     0.00    90.00
   	   35.00     7.00     0.00    90.00
   7 	 -161.00   199.19     0.00     0.00     0.00     0.00
   7 	 -161.00   199.19     0.00     0.00     0.00     0.00
   	   35.00     7.00     0.00    90.00
   	   35.00     7.00     0.00    90.00
   8 	   -0.00   159.35     0.00     0.00     0.00     0.00
   8 	   -0.00   159.35     0.00     0.00     0.00     0.00
   	   35.00     7.00     0.00    90.00
   	   35.00     7.00     0.00    90.00
   9 	   46.00   159.35     0.00     0.00     0.00     0.00
   9 	   46.00   159.35     0.00     0.00     0.00     0.00
   	   35.00     7.00     0.00    90.00
   	   35.00     7.00     0.00    90.00
  10 	   69.00   119.51     0.00     0.00     0.00     0.00
  10 	   69.00   119.51     0.00     0.00     0.00     0.00
   	   35.00     7.00     0.00    90.00
   	   35.00     7.00     0.00    90.00
  11 	   46.00    79.67     0.00     0.00     0.00     0.00
  11 	   46.00    79.67     0.00     0.00     0.00     0.00
   	   35.00     7.00     0.00    90.00
   	   35.00     7.00     0.00    90.00
  12 	   -0.00    79.67     0.00     0.00     0.00     0.00
  12 	   -0.00    79.67     0.00     0.00     0.00     0.00
   	   35.00     7.00     0.00    90.00
   	   35.00     7.00     0.00    90.00
  13 	  -23.00   119.51     0.00     0.00     0.00     0.00
  13 	  -23.00   119.51     0.00     0.00     0.00     0.00
   	   35.00     7.00     0.00    90.00
   	   35.00     7.00     0.00    90.00
  14 	   23.00   119.51     0.00     0.00     0.00     0.00
  14 	   23.00   119.51     0.00     0.00     0.00     0.00
   	   35.00     7.00     0.00    90.00
   	   35.00     7.00     0.00    90.00
  15 	 -184.00  -159.35     0.00     0.00     0.00     0.00
  15 	 -184.00  -159.35     0.00     0.00     0.00     0.00
   	   35.00     7.00     0.00    90.00
   	   35.00     7.00     0.00    90.00
  16 	 -138.00  -159.35     0.00     0.00     0.00     0.00
  16 	 -138.00  -159.35     0.00     0.00     0.00     0.00
   	   35.00     7.00     0.00    90.00
   	   35.00     7.00     0.00    90.00
  17 	  -92.00  -159.35     0.00     0.00     0.00     0.00
  17 	  -92.00  -159.35     0.00     0.00     0.00     0.00
   	   35.00     7.00     0.00    90.00
   	   35.00     7.00     0.00    90.00
  18 	  -46.00  -159.35     0.00     0.00     0.00     0.00
  18 	  -46.00  -159.35     0.00     0.00     0.00     0.00
   	   35.00     7.00     0.00    90.00
   	   35.00     7.00     0.00    90.00
  19 	    0.00  -159.35     0.00     0.00     0.00     0.00
  19 	    0.00  -159.35     0.00     0.00     0.00     0.00
   	   35.00     7.00     0.00    90.00
   	   35.00     7.00     0.00    90.00
  20 	   46.00  -159.35     0.00     0.00     0.00     0.00
  20 	   46.00  -159.35     0.00     0.00     0.00     0.00
   	   35.00     7.00     0.00    90.00
   	   35.00     7.00     0.00    90.00
  21 	   92.00  -159.35     0.00     0.00     0.00     0.00
  21 	   92.00  -159.35     0.00     0.00     0.00     0.00
   	   35.00     7.00     0.00    90.00
   	   35.00     7.00     0.00    90.00
  22 	  138.00  -159.35     0.00     0.00     0.00     0.00
  22 	  138.00  -159.35     0.00     0.00     0.00     0.00
   	   35.00     7.00     0.00    90.00
   	   35.00     7.00     0.00    90.00
  23 	 -161.00  -119.51     0.00     0.00     0.00     0.00
  23 	 -161.00  -119.51     0.00     0.00     0.00     0.00
   	   35.00     7.00     0.00    90.00
   	   35.00     7.00     0.00    90.00
  24 	 -115.00  -119.51     0.00     0.00     0.00     0.00
  24 	 -115.00  -119.51     0.00     0.00     0.00     0.00
   	   35.00     7.00     0.00    90.00
   	   35.00     7.00     0.00    90.00
  25 	  -69.00  -119.51     0.00     0.00     0.00     0.00
  25 	  -69.00  -119.51     0.00     0.00     0.00     0.00
   	   35.00     7.00     0.00    90.00
   	   35.00     7.00     0.00    90.00
  26 	  -23.00  -119.51     0.00     0.00     0.00     0.00
  26 	  -23.00  -119.51     0.00     0.00     0.00     0.00
   	   35.00     7.00     0.00    90.00
   	   35.00     7.00     0.00    90.00
  27 	   23.00  -119.51     0.00     0.00     0.00     0.00
  27 	   23.00  -119.51     0.00     0.00     0.00     0.00
   	   35.00     7.00     0.00    90.00
   	   35.00     7.00     0.00    90.00
  28 	   69.00  -119.51     0.00     0.00     0.00     0.00
  28 	   69.00  -119.51     0.00     0.00     0.00     0.00
   	   35.00     7.00     0.00    90.00
   	   35.00     7.00     0.00    90.00
  29 	  115.00  -119.51     0.00     0.00     0.00     0.00
  29 	  115.00  -119.51     0.00     0.00     0.00     0.00
   	   35.00     7.00     0.00    90.00
   	   35.00     7.00     0.00    90.00
  30 	  161.00  -119.51     0.00     0.00     0.00     0.00
  30 	  161.00  -119.51     0.00     0.00     0.00     0.00
   	   35.00     7.00     0.00    90.00
   	   35.00     7.00     0.00    90.00
  31 	 -138.00   -79.67     0.00     0.00     0.00     0.00
  31 	 -138.00   -79.67     0.00     0.00     0.00     0.00
   	   35.00     7.00     0.00    90.00
   	   35.00     7.00     0.00    90.00
  32 	  -92.00   -79.67     0.00     0.00     0.00     0.00
  32 	  -92.00   -79.67     0.00     0.00     0.00     0.00
   	   35.00     7.00     0.00    90.00
   	   35.00     7.00     0.00    90.00
  33 	  -46.00   -79.67     0.00     0.00     0.00     0.00
  33 	  -46.00   -79.67     0.00     0.00     0.00     0.00
   	   35.00     7.00     0.00    90.00
   	   35.00     7.00     0.00    90.00
  34 	    0.00   -79.67     0.00     0.00     0.00     0.00
  34 	    0.00   -79.67     0.00     0.00     0.00     0.00
   	   35.00     7.00     0.00    90.00
   	   35.00     7.00     0.00    90.00
  35 	   46.00   -79.67     0.00     0.00     0.00     0.00
  35 	   46.00   -79.67     0.00     0.00     0.00     0.00
   	   35.00     7.00     0.00    90.00
   	   35.00     7.00     0.00    90.00
  36 	   92.00   -79.67     0.00     0.00     0.00     0.00
  36 	   92.00   -79.67     0.00     0.00     0.00     0.00
   	   35.00     7.00     0.00    90.00
   	   35.00     7.00     0.00    90.00
  37 	  138.00   -79.67     0.00     0.00     0.00     0.00
  37 	  138.00   -79.67     0.00     0.00     0.00     0.00
   	   35.00     7.00     0.00    90.00
   	   35.00     7.00     0.00    90.00
  38 	  184.00   -79.67     0.00     0.00     0.00     0.00
  38 	  184.00   -79.67     0.00     0.00     0.00     0.00
   	   35.00     7.00     0.00    90.00
   	   35.00     7.00     0.00    90.00
  39 	 -115.00  -199.19     0.00     0.00     0.00     0.00
  39 	 -115.00  -199.19     0.00     0.00     0.00     0.00
   	   35.00     7.00     0.00    90.00
   	   35.00     7.00     0.00    90.00
  40 	  -69.00  -199.19     0.00     0.00     0.00     0.00
  40 	  -69.00  -199.19     0.00     0.00     0.00     0.00
   	   35.00     7.00     0.00    90.00
   	   35.00     7.00     0.00    90.00
  41 	  -46.00  -239.02     0.00     0.00     0.00     0.00
  41 	  -46.00  -239.02     0.00     0.00     0.00     0.00
   	   35.00     7.00     0.00    90.00
   	   35.00     7.00     0.00    90.00
  42 	  -69.00  -278.86     0.00     0.00     0.00     0.00
  42 	  -69.00  -278.86     0.00     0.00     0.00     0.00
   	   35.00     7.00     0.00    90.00
   	   35.00     7.00     0.00    90.00
  43 	 -115.00  -278.86     0.00     0.00     0.00     0.00
  43 	 -115.00  -278.86     0.00     0.00     0.00     0.00
   	   35.00     7.00     0.00    90.00
   	   35.00     7.00     0.00    90.00
  44 	 -138.00  -239.02     0.00     0.00     0.00     0.00
  44 	 -138.00  -239.02     0.00     0.00     0.00     0.00
   	   35.00     7.00     0.00    90.00
   	   35.00     7.00     0.00    90.00
  45 	  -92.00  -239.02     0.00     0.00     0.00     0.00
  45 	  -92.00  -239.02     0.00     0.00     0.00     0.00
   	   35.00     7.00     0.00    90.00
   	   35.00     7.00     0.00    90.00

** End writing output file: ../inputs/gr445.dat 
