*******************************************************************************
                         ARRAY PREPROCESSOR ver. 1.0
*******************************************************************************



   1	GROUP testgroup
   3	 GRID RECTANGULAR
   4	 ELEMENT
   5	 GEOMETRY RECTANGULAR PDIM 69 QDIM 86 mm
   7	 POLARIZATION CIRCULAR
   8	 ADD BLOCK 6 -2 8 -1
  10	 GROUP_EXCITATION
  11	 AMPLITUDE UNIFORM 23
  12	 PHASE SECOND ORDER 31 27 22 23 29
  13	 END

** Generating GROUP: testgroup.
** PSTEP,QSTEP set to:69.000000,86.000000
** Grid ANGLE set to:90.000000 
** Group ROT_ANGLE set to: 0.000000 

** Writing output file: ../inputs/gr446.dat

NEL 
NPORTS
IDUM      REXA     REYA     REZA     THEA     PHEA     PSEA 
          AMP      PSH      PSC      PHEPOL
   6
   6
   1
   1
   1 	  414.00  -172.00     0.00     0.00     0.00     0.00
   1 	  414.00  -172.00     0.00     0.00     0.00     0.00
   	   23.00    19.00     0.00    90.00
   	   23.00    19.00     0.00    90.00
   2 	  483.00  -172.00     0.00     0.00     0.00     0.00
   2 	  483.00  -172.00     0.00     0.00     0.00     0.00
   	   23.00    23.00     0.00    90.00
   	   23.00    23.00     0.00    90.00
   3 	  552.00  -172.00     0.00     0.00     0.00     0.00
   3 	  552.00  -172.00     0.00     0.00     0.00     0.00
   	   23.00    14.00     0.00    90.00
   	   23.00    14.00     0.00    90.00
   4 	  414.00   -86.00     0.00     0.00     0.00     0.00
   4 	  414.00   -86.00     0.00     0.00     0.00     0.00
   	   23.00    25.00     0.00    90.00
   	   23.00    25.00     0.00    90.00
   5 	  483.00   -86.00     0.00     0.00     0.00     0.00
   5 	  483.00   -86.00     0.00     0.00     0.00     0.00
   	   23.00    29.00     0.00    90.00
   	   23.00    29.00     0.00    90.00
   6 	  552.00   -86.00     0.00     0.00     0.00     0.00
   6 	  552.00   -86.00     0.00     0.00     0.00     0.00
   	   23.00    20.00     0.00    90.00
   	   23.00    20.00     0.00    90.00

** End writing output file: ../inputs/gr446.dat 
