*******************************************************************************
                         ARRAY PREPROCESSOR ver. 1.0
*******************************************************************************



   1	GROUP testgroup
   3	 GRID RECTANGULAR
   4	 ELEMENT
   5	 GEOMETRY RECTANGULAR 72 73
   7	 POLARIZATION CIRCULAR LH
   9	 ADD BLOCK -3 2 5 0
  11	 GROUP_EXCITATION
  12	 AMPLITUDE UNIFORM 30
  13	 PHASE ROTATION SEQUENTIAL
  14	 END

** Generating GROUP: testgroup.
** PSTEP,QSTEP set to:102.532922,102.532922
** Grid ANGLE set to:90.000000 
** Group ROT_ANGLE set to: 0.000000 

** Writing output file: ../inputs/gr45.dat

NEL 
NPORTS
IDUM      REXA     REYA     REZA     THEA     PHEA     PSEA 
          AMP      PSH      PSC      PHEPOL
  27
  27
   1
   1
   1 	 -307.60     0.00     0.00     0.00  -240.00     0.00
   1 	 -307.60     0.00     0.00     0.00  -240.00     0.00
   	   30.00  -240.00     0.00    90.00
   	   30.00  -240.00     0.00    90.00
   2 	 -205.07     0.00     0.00     0.00  -226.67     0.00
   2 	 -205.07     0.00     0.00     0.00  -226.67     0.00
   	   30.00  -226.67     0.00    90.00
   	   30.00  -226.67     0.00    90.00
   3 	 -102.53     0.00     0.00     0.00  -213.33     0.00
   3 	 -102.53     0.00     0.00     0.00  -213.33     0.00
   	   30.00  -213.33     0.00    90.00
   	   30.00  -213.33     0.00    90.00
   4 	    0.00     0.00     0.00     0.00  -200.00     0.00
   4 	    0.00     0.00     0.00     0.00  -200.00     0.00
   	   30.00  -200.00     0.00    90.00
   	   30.00  -200.00     0.00    90.00
   5 	  102.53     0.00     0.00     0.00  -186.67     0.00
   5 	  102.53     0.00     0.00     0.00  -186.67     0.00
   	   30.00  -186.67     0.00    90.00
   	   30.00  -186.67     0.00    90.00
   6 	  205.07     0.00     0.00     0.00  -173.33     0.00
   6 	  205.07     0.00     0.00     0.00  -173.33     0.00
   	   30.00  -173.33     0.00    90.00
   	   30.00  -173.33     0.00    90.00
   7 	  307.60     0.00     0.00     0.00  -160.00     0.00
   7 	  307.60     0.00     0.00     0.00  -160.00     0.00
   	   30.00  -160.00     0.00    90.00
   	   30.00  -160.00     0.00    90.00
   8 	  410.13     0.00     0.00     0.00  -146.67     0.00
   8 	  410.13     0.00     0.00     0.00  -146.67     0.00
   	   30.00  -146.67     0.00    90.00
   	   30.00  -146.67     0.00    90.00
   9 	  512.66     0.00     0.00     0.00  -133.33     0.00
   9 	  512.66     0.00     0.00     0.00  -133.33     0.00
   	   30.00  -133.33     0.00    90.00
   	   30.00  -133.33     0.00    90.00
  10 	 -307.60   102.53     0.00     0.00  -253.33     0.00
  10 	 -307.60   102.53     0.00     0.00  -253.33     0.00
   	   30.00  -253.33     0.00    90.00
   	   30.00  -253.33     0.00    90.00
  11 	 -205.07   102.53     0.00     0.00  -266.67     0.00
  11 	 -205.07   102.53     0.00     0.00  -266.67     0.00
   	   30.00  -266.67     0.00    90.00
   	   30.00  -266.67     0.00    90.00
  12 	 -102.53   102.53     0.00     0.00  -280.00     0.00
  12 	 -102.53   102.53     0.00     0.00  -280.00     0.00
   	   30.00  -280.00     0.00    90.00
   	   30.00  -280.00     0.00    90.00
  13 	   -0.00   102.53     0.00     0.00  -293.33     0.00
  13 	   -0.00   102.53     0.00     0.00  -293.33     0.00
   	   30.00  -293.33     0.00    90.00
   	   30.00  -293.33     0.00    90.00
  14 	  102.53   102.53     0.00     0.00  -306.67     0.00
  14 	  102.53   102.53     0.00     0.00  -306.67     0.00
   	   30.00  -306.67     0.00    90.00
   	   30.00  -306.67     0.00    90.00
  15 	  205.07   102.53     0.00     0.00  -320.00     0.00
  15 	  205.07   102.53     0.00     0.00  -320.00     0.00
   	   30.00  -320.00     0.00    90.00
   	   30.00  -320.00     0.00    90.00
  16 	  307.60   102.53     0.00     0.00  -333.33     0.00
  16 	  307.60   102.53     0.00     0.00  -333.33     0.00
   	   30.00  -333.33     0.00    90.00
   	   30.00  -333.33     0.00    90.00
  17 	  410.13   102.53     0.00     0.00  -346.67     0.00
  17 	  410.13   102.53     0.00     0.00  -346.67     0.00
   	   30.00  -346.67     0.00    90.00
   	   30.00  -346.67     0.00    90.00
  18 	  512.66   102.53     0.00     0.00  -120.00     0.00
  18 	  512.66   102.53     0.00     0.00  -120.00     0.00
   	   30.00  -120.00     0.00    90.00
   	   30.00  -120.00     0.00    90.00
  19 	 -307.60   205.07     0.00     0.00     0.00     0.00
  19 	 -307.60   205.07     0.00     0.00     0.00     0.00
   	   30.00     0.00     0.00    90.00
   	   30.00     0.00     0.00    90.00
  20 	 -205.07   205.07     0.00     0.00   -13.33     0.00
  20 	 -205.07   205.07     0.00     0.00   -13.33     0.00
   	   30.00   -13.33     0.00    90.00
   	   30.00   -13.33     0.00    90.00
  21 	 -102.53   205.07     0.00     0.00   -26.67     0.00
  21 	 -102.53   205.07     0.00     0.00   -26.67     0.00
   	   30.00   -26.67     0.00    90.00
   	   30.00   -26.67     0.00    90.00
  22 	   -0.00   205.07     0.00     0.00   -40.00     0.00
  22 	   -0.00   205.07     0.00     0.00   -40.00     0.00
   	   30.00   -40.00     0.00    90.00
   	   30.00   -40.00     0.00    90.00
  23 	  102.53   205.07     0.00     0.00   -53.33     0.00
  23 	  102.53   205.07     0.00     0.00   -53.33     0.00
   	   30.00   -53.33     0.00    90.00
   	   30.00   -53.33     0.00    90.00
  24 	  205.07   205.07     0.00     0.00   -66.67     0.00
  24 	  205.07   205.07     0.00     0.00   -66.67     0.00
   	   30.00   -66.67     0.00    90.00
   	   30.00   -66.67     0.00    90.00
  25 	  307.60   205.07     0.00     0.00   -80.00     0.00
  25 	  307.60   205.07     0.00     0.00   -80.00     0.00
   	   30.00   -80.00     0.00    90.00
   	   30.00   -80.00     0.00    90.00
  26 	  410.13   205.07     0.00     0.00   -93.33     0.00
  26 	  410.13   205.07     0.00     0.00   -93.33     0.00
   	   30.00   -93.33     0.00    90.00
   	   30.00   -93.33     0.00    90.00
  27 	  512.66   205.07     0.00     0.00  -106.67     0.00
  27 	  512.66   205.07     0.00     0.00  -106.67     0.00
   	   30.00  -106.67     0.00    90.00
   	   30.00  -106.67     0.00    90.00

** End writing output file: ../inputs/gr45.dat 
