*******************************************************************************
                         ARRAY PREPROCESSOR ver. 1.0
*******************************************************************************



   1	GROUP testgroup
   3	 GRID HEXAGONAL STEP 104
   4	 ELEMENT
   5	 GEOMETRY CIRCULAR 68
   6	 POLARIZATION CIRCULAR
   7	 ADD BLOCK -6 7 5 7
   9	 GROUP_EXCITATION
  10	 AMPLITUDE UNIFORM 30
  11	 PHASE UNIFORM -88
  12	 END

** WARNING B2: GRID step(s) too small for specified element in GROUP: testgroup
** Generating GROUP: testgroup.
** PSTEP,QSTEP set to:104.000000,104.000000
** Grid ANGLE set to:60.000000 
** Group ROT_ANGLE set to: 0.000000 

** Writing output file: ../inputs/gr451.dat

NEL 
NPORTS
IDUM      REXA     REYA     REZA     THEA     PHEA     PSEA 
          AMP      PSH      PSC      PHEPOL
  12
  12
   1
   1
   1 	 -260.00   630.47     0.00     0.00     0.00     0.00
   1 	 -260.00   630.47     0.00     0.00     0.00     0.00
   	   30.00   -88.00     0.00    90.00
   	   30.00   -88.00     0.00    90.00
   2 	 -156.00   630.47     0.00     0.00     0.00     0.00
   2 	 -156.00   630.47     0.00     0.00     0.00     0.00
   	   30.00   -88.00     0.00    90.00
   	   30.00   -88.00     0.00    90.00
   3 	  -52.00   630.47     0.00     0.00     0.00     0.00
   3 	  -52.00   630.47     0.00     0.00     0.00     0.00
   	   30.00   -88.00     0.00    90.00
   	   30.00   -88.00     0.00    90.00
   4 	   52.00   630.47     0.00     0.00     0.00     0.00
   4 	   52.00   630.47     0.00     0.00     0.00     0.00
   	   30.00   -88.00     0.00    90.00
   	   30.00   -88.00     0.00    90.00
   5 	  156.00   630.47     0.00     0.00     0.00     0.00
   5 	  156.00   630.47     0.00     0.00     0.00     0.00
   	   30.00   -88.00     0.00    90.00
   	   30.00   -88.00     0.00    90.00
   6 	  260.00   630.47     0.00     0.00     0.00     0.00
   6 	  260.00   630.47     0.00     0.00     0.00     0.00
   	   30.00   -88.00     0.00    90.00
   	   30.00   -88.00     0.00    90.00
   7 	  364.00   630.47     0.00     0.00     0.00     0.00
   7 	  364.00   630.47     0.00     0.00     0.00     0.00
   	   30.00   -88.00     0.00    90.00
   	   30.00   -88.00     0.00    90.00
   8 	  468.00   630.47     0.00     0.00     0.00     0.00
   8 	  468.00   630.47     0.00     0.00     0.00     0.00
   	   30.00   -88.00     0.00    90.00
   	   30.00   -88.00     0.00    90.00
   9 	  572.00   630.47     0.00     0.00     0.00     0.00
   9 	  572.00   630.47     0.00     0.00     0.00     0.00
   	   30.00   -88.00     0.00    90.00
   	   30.00   -88.00     0.00    90.00
  10 	  676.00   630.47     0.00     0.00     0.00     0.00
  10 	  676.00   630.47     0.00     0.00     0.00     0.00
   	   30.00   -88.00     0.00    90.00
   	   30.00   -88.00     0.00    90.00
  11 	  780.00   630.47     0.00     0.00     0.00     0.00
  11 	  780.00   630.47     0.00     0.00     0.00     0.00
   	   30.00   -88.00     0.00    90.00
   	   30.00   -88.00     0.00    90.00
  12 	  884.00   630.47     0.00     0.00     0.00     0.00
  12 	  884.00   630.47     0.00     0.00     0.00     0.00
   	   30.00   -88.00     0.00    90.00
   	   30.00   -88.00     0.00    90.00

** End writing output file: ../inputs/gr451.dat 
