*******************************************************************************
                         ARRAY PREPROCESSOR ver. 1.0
*******************************************************************************



   1	GROUP testgroup
   3	 GRID HEXAGONAL
   4	 ELEMENT
   5	 GEOMETRY CIRCULAR 38
   6	 POLARIZATION CIRCULAR
   7	 ADD HEXAGON 3 0
   8	 ADD BLOCK -4 9 0 2
   9	 ADD HEXAGON -3 6
  11	 GROUP_EXCITATION
  12	 AMPLITUDE UNIFORM 18
  13	 PHASE UNIFORM 74
  14	 END

** Generating GROUP: testgroup.
** PSTEP,QSTEP set to:76.000000,76.000000
** Grid ANGLE set to:60.000000 
** Group ROT_ANGLE set to: 0.000000 

** Writing output file: ../inputs/gr454.dat

NEL 
NPORTS
IDUM      REXA     REYA     REZA     THEA     PHEA     PSEA 
          AMP      PSH      PSC      PHEPOL
  54
  54
   1
   1
   1 	  190.00    65.82     0.00     0.00     0.00     0.00
   1 	  190.00    65.82     0.00     0.00     0.00     0.00
   	   18.00    74.00     0.00    90.00
   	   18.00    74.00     0.00    90.00
   2 	  266.00    65.82     0.00     0.00     0.00     0.00
   2 	  266.00    65.82     0.00     0.00     0.00     0.00
   	   18.00    74.00     0.00    90.00
   	   18.00    74.00     0.00    90.00
   3 	  304.00     0.00     0.00     0.00     0.00     0.00
   3 	  304.00     0.00     0.00     0.00     0.00     0.00
   	   18.00    74.00     0.00    90.00
   	   18.00    74.00     0.00    90.00
   4 	  266.00   -65.82     0.00     0.00     0.00     0.00
   4 	  266.00   -65.82     0.00     0.00     0.00     0.00
   	   18.00    74.00     0.00    90.00
   	   18.00    74.00     0.00    90.00
   5 	  190.00   -65.82     0.00     0.00     0.00     0.00
   5 	  190.00   -65.82     0.00     0.00     0.00     0.00
   	   18.00    74.00     0.00    90.00
   	   18.00    74.00     0.00    90.00
   6 	  152.00     0.00     0.00     0.00     0.00     0.00
   6 	  152.00     0.00     0.00     0.00     0.00     0.00
   	   18.00    74.00     0.00    90.00
   	   18.00    74.00     0.00    90.00
   7 	  228.00     0.00     0.00     0.00     0.00     0.00
   7 	  228.00     0.00     0.00     0.00     0.00     0.00
   	   18.00    74.00     0.00    90.00
   	   18.00    74.00     0.00    90.00
   8 	 -228.00   131.64     0.00     0.00     0.00     0.00
   8 	 -228.00   131.64     0.00     0.00     0.00     0.00
   	   18.00    74.00     0.00    90.00
   	   18.00    74.00     0.00    90.00
   9 	 -152.00   131.64     0.00     0.00     0.00     0.00
   9 	 -152.00   131.64     0.00     0.00     0.00     0.00
   	   18.00    74.00     0.00    90.00
   	   18.00    74.00     0.00    90.00
  10 	  -76.00   131.64     0.00     0.00     0.00     0.00
  10 	  -76.00   131.64     0.00     0.00     0.00     0.00
   	   18.00    74.00     0.00    90.00
   	   18.00    74.00     0.00    90.00
  11 	   -0.00   131.64     0.00     0.00     0.00     0.00
  11 	   -0.00   131.64     0.00     0.00     0.00     0.00
   	   18.00    74.00     0.00    90.00
   	   18.00    74.00     0.00    90.00
  12 	   76.00   131.64     0.00     0.00     0.00     0.00
  12 	   76.00   131.64     0.00     0.00     0.00     0.00
   	   18.00    74.00     0.00    90.00
   	   18.00    74.00     0.00    90.00
  13 	 -190.00   197.45     0.00     0.00     0.00     0.00
  13 	 -190.00   197.45     0.00     0.00     0.00     0.00
   	   18.00    74.00     0.00    90.00
   	   18.00    74.00     0.00    90.00
  14 	 -114.00   197.45     0.00     0.00     0.00     0.00
  14 	 -114.00   197.45     0.00     0.00     0.00     0.00
   	   18.00    74.00     0.00    90.00
   	   18.00    74.00     0.00    90.00
  15 	  -38.00   197.45     0.00     0.00     0.00     0.00
  15 	  -38.00   197.45     0.00     0.00     0.00     0.00
   	   18.00    74.00     0.00    90.00
   	   18.00    74.00     0.00    90.00
  16 	   38.00   197.45     0.00     0.00     0.00     0.00
  16 	   38.00   197.45     0.00     0.00     0.00     0.00
   	   18.00    74.00     0.00    90.00
   	   18.00    74.00     0.00    90.00
  17 	  114.00   197.45     0.00     0.00     0.00     0.00
  17 	  114.00   197.45     0.00     0.00     0.00     0.00
   	   18.00    74.00     0.00    90.00
   	   18.00    74.00     0.00    90.00
  18 	 -152.00   263.27     0.00     0.00     0.00     0.00
  18 	 -152.00   263.27     0.00     0.00     0.00     0.00
   	   18.00    74.00     0.00    90.00
   	   18.00    74.00     0.00    90.00
  19 	  -76.00   263.27     0.00     0.00     0.00     0.00
  19 	  -76.00   263.27     0.00     0.00     0.00     0.00
   	   18.00    74.00     0.00    90.00
   	   18.00    74.00     0.00    90.00
  20 	   -0.00   263.27     0.00     0.00     0.00     0.00
  20 	   -0.00   263.27     0.00     0.00     0.00     0.00
   	   18.00    74.00     0.00    90.00
   	   18.00    74.00     0.00    90.00
  21 	   76.00   263.27     0.00     0.00     0.00     0.00
  21 	   76.00   263.27     0.00     0.00     0.00     0.00
   	   18.00    74.00     0.00    90.00
   	   18.00    74.00     0.00    90.00
  22 	  152.00   263.27     0.00     0.00     0.00     0.00
  22 	  152.00   263.27     0.00     0.00     0.00     0.00
   	   18.00    74.00     0.00    90.00
   	   18.00    74.00     0.00    90.00
  23 	 -114.00   329.09     0.00     0.00     0.00     0.00
  23 	 -114.00   329.09     0.00     0.00     0.00     0.00
   	   18.00    74.00     0.00    90.00
   	   18.00    74.00     0.00    90.00
  24 	  -38.00   329.09     0.00     0.00     0.00     0.00
  24 	  -38.00   329.09     0.00     0.00     0.00     0.00
   	   18.00    74.00     0.00    90.00
   	   18.00    74.00     0.00    90.00
  25 	   38.00   329.09     0.00     0.00     0.00     0.00
  25 	   38.00   329.09     0.00     0.00     0.00     0.00
   	   18.00    74.00     0.00    90.00
   	   18.00    74.00     0.00    90.00
  26 	  114.00   329.09     0.00     0.00     0.00     0.00
  26 	  114.00   329.09     0.00     0.00     0.00     0.00
   	   18.00    74.00     0.00    90.00
   	   18.00    74.00     0.00    90.00
  27 	  190.00   329.09     0.00     0.00     0.00     0.00
  27 	  190.00   329.09     0.00     0.00     0.00     0.00
   	   18.00    74.00     0.00    90.00
   	   18.00    74.00     0.00    90.00
  28 	  -76.00   394.91     0.00     0.00     0.00     0.00
  28 	  -76.00   394.91     0.00     0.00     0.00     0.00
   	   18.00    74.00     0.00    90.00
   	   18.00    74.00     0.00    90.00
  29 	   -0.00   394.91     0.00     0.00     0.00     0.00
  29 	   -0.00   394.91     0.00     0.00     0.00     0.00
   	   18.00    74.00     0.00    90.00
   	   18.00    74.00     0.00    90.00
  30 	   76.00   394.91     0.00     0.00     0.00     0.00
  30 	   76.00   394.91     0.00     0.00     0.00     0.00
   	   18.00    74.00     0.00    90.00
   	   18.00    74.00     0.00    90.00
  31 	  152.00   394.91     0.00     0.00     0.00     0.00
  31 	  152.00   394.91     0.00     0.00     0.00     0.00
   	   18.00    74.00     0.00    90.00
   	   18.00    74.00     0.00    90.00
  32 	  228.00   394.91     0.00     0.00     0.00     0.00
  32 	  228.00   394.91     0.00     0.00     0.00     0.00
   	   18.00    74.00     0.00    90.00
   	   18.00    74.00     0.00    90.00
  33 	  -38.00   460.73     0.00     0.00     0.00     0.00
  33 	  -38.00   460.73     0.00     0.00     0.00     0.00
   	   18.00    74.00     0.00    90.00
   	   18.00    74.00     0.00    90.00
  34 	   38.00   460.73     0.00     0.00     0.00     0.00
  34 	   38.00   460.73     0.00     0.00     0.00     0.00
   	   18.00    74.00     0.00    90.00
   	   18.00    74.00     0.00    90.00
  35 	  114.00   460.73     0.00     0.00     0.00     0.00
  35 	  114.00   460.73     0.00     0.00     0.00     0.00
   	   18.00    74.00     0.00    90.00
   	   18.00    74.00     0.00    90.00
  36 	  190.00   460.73     0.00     0.00     0.00     0.00
  36 	  190.00   460.73     0.00     0.00     0.00     0.00
   	   18.00    74.00     0.00    90.00
   	   18.00    74.00     0.00    90.00
  37 	  266.00   460.73     0.00     0.00     0.00     0.00
  37 	  266.00   460.73     0.00     0.00     0.00     0.00
   	   18.00    74.00     0.00    90.00
   	   18.00    74.00     0.00    90.00
  38 	   -0.00   526.54     0.00     0.00     0.00     0.00
  38 	   -0.00   526.54     0.00     0.00     0.00     0.00
   	   18.00    74.00     0.00    90.00
   	   18.00    74.00     0.00    90.00
  39 	   76.00   526.54     0.00     0.00     0.00     0.00
  39 	   76.00   526.54     0.00     0.00     0.00     0.00
   	   18.00    74.00     0.00    90.00
   	   18.00    74.00     0.00    90.00
  40 	  152.00   526.54     0.00     0.00     0.00     0.00
  40 	  152.00   526.54     0.00     0.00     0.00     0.00
   	   18.00    74.00     0.00    90.00
   	   18.00    74.00     0.00    90.00
  41 	  228.00   526.54     0.00     0.00     0.00     0.00
  41 	  228.00   526.54     0.00     0.00     0.00     0.00
   	   18.00    74.00     0.00    90.00
   	   18.00    74.00     0.00    90.00
  42 	  304.00   526.54     0.00     0.00     0.00     0.00
  42 	  304.00   526.54     0.00     0.00     0.00     0.00
   	   18.00    74.00     0.00    90.00
   	   18.00    74.00     0.00    90.00
  43 	   38.00   592.36     0.00     0.00     0.00     0.00
  43 	   38.00   592.36     0.00     0.00     0.00     0.00
   	   18.00    74.00     0.00    90.00
   	   18.00    74.00     0.00    90.00
  44 	  114.00   592.36     0.00     0.00     0.00     0.00
  44 	  114.00   592.36     0.00     0.00     0.00     0.00
   	   18.00    74.00     0.00    90.00
   	   18.00    74.00     0.00    90.00
  45 	  190.00   592.36     0.00     0.00     0.00     0.00
  45 	  190.00   592.36     0.00     0.00     0.00     0.00
   	   18.00    74.00     0.00    90.00
   	   18.00    74.00     0.00    90.00
  46 	  266.00   592.36     0.00     0.00     0.00     0.00
  46 	  266.00   592.36     0.00     0.00     0.00     0.00
   	   18.00    74.00     0.00    90.00
   	   18.00    74.00     0.00    90.00
  47 	  342.00   592.36     0.00     0.00     0.00     0.00
  47 	  342.00   592.36     0.00     0.00     0.00     0.00
   	   18.00    74.00     0.00    90.00
   	   18.00    74.00     0.00    90.00
  48 	  -38.00   460.73     0.00     0.00     0.00     0.00
  48 	  -38.00   460.73     0.00     0.00     0.00     0.00
   	   18.00    74.00     0.00    90.00
   	   18.00    74.00     0.00    90.00
  49 	   38.00   460.73     0.00     0.00     0.00     0.00
  49 	   38.00   460.73     0.00     0.00     0.00     0.00
   	   18.00    74.00     0.00    90.00
   	   18.00    74.00     0.00    90.00
  50 	   76.00   394.91     0.00     0.00     0.00     0.00
  50 	   76.00   394.91     0.00     0.00     0.00     0.00
   	   18.00    74.00     0.00    90.00
   	   18.00    74.00     0.00    90.00
  51 	   38.00   329.09     0.00     0.00     0.00     0.00
  51 	   38.00   329.09     0.00     0.00     0.00     0.00
   	   18.00    74.00     0.00    90.00
   	   18.00    74.00     0.00    90.00
  52 	  -38.00   329.09     0.00     0.00     0.00     0.00
  52 	  -38.00   329.09     0.00     0.00     0.00     0.00
   	   18.00    74.00     0.00    90.00
   	   18.00    74.00     0.00    90.00
  53 	  -76.00   394.91     0.00     0.00     0.00     0.00
  53 	  -76.00   394.91     0.00     0.00     0.00     0.00
   	   18.00    74.00     0.00    90.00
   	   18.00    74.00     0.00    90.00
  54 	   -0.00   394.91     0.00     0.00     0.00     0.00
  54 	   -0.00   394.91     0.00     0.00     0.00     0.00
   	   18.00    74.00     0.00    90.00
   	   18.00    74.00     0.00    90.00

** End writing output file: ../inputs/gr454.dat 
