*******************************************************************************
                         ARRAY PREPROCESSOR ver. 1.0
*******************************************************************************



   1	GROUP testgroup
   3	 GRID TRIANGULAR
   4	 ELEMENT
   5	 GEOMETRY CIRCULAR 32
   7	 ADD HEXAGON 9 1
   8	 ADD BLOCK 0 13 -2 -4
   9	 ADD HEXAGON 7 -8
  11	 GROUP_EXCITATION
  12	 AMPLITUDE UNIFORM 28
  13	 PHASE UNIFORM -48
  14	 END

** WARNING B2: GRID step(s) too small for specified element in GROUP: testgroup
** Generating GROUP: testgroup.
** PSTEP,QSTEP set to:64.000000,64.000000
** Grid ANGLE set to:60.000000 
** Group ROT_ANGLE set to: 0.000000 

** Writing output file: ../inputs/gr455.dat

NEL 
NPORTS
IDUM      REXA     REYA     REZA     THEA     PHEA     PSEA 
          AMP      PSH      PSC      PHEPOL
  68
  68
   1
   1
   1 	  576.00   110.85     0.00     0.00     0.00     0.00
   1 	  576.00   110.85     0.00     0.00     0.00     0.00
   	   28.00   -48.00     0.00    90.00
   	   28.00   -48.00     0.00    90.00
   2 	  640.00   110.85     0.00     0.00     0.00     0.00
   2 	  640.00   110.85     0.00     0.00     0.00     0.00
   	   28.00   -48.00     0.00    90.00
   	   28.00   -48.00     0.00    90.00
   3 	  672.00    55.43     0.00     0.00     0.00     0.00
   3 	  672.00    55.43     0.00     0.00     0.00     0.00
   	   28.00   -48.00     0.00    90.00
   	   28.00   -48.00     0.00    90.00
   4 	  640.00     0.00     0.00     0.00     0.00     0.00
   4 	  640.00     0.00     0.00     0.00     0.00     0.00
   	   28.00   -48.00     0.00    90.00
   	   28.00   -48.00     0.00    90.00
   5 	  576.00     0.00     0.00     0.00     0.00     0.00
   5 	  576.00     0.00     0.00     0.00     0.00     0.00
   	   28.00   -48.00     0.00    90.00
   	   28.00   -48.00     0.00    90.00
   6 	  544.00    55.43     0.00     0.00     0.00     0.00
   6 	  544.00    55.43     0.00     0.00     0.00     0.00
   	   28.00   -48.00     0.00    90.00
   	   28.00   -48.00     0.00    90.00
   7 	  608.00    55.43     0.00     0.00     0.00     0.00
   7 	  608.00    55.43     0.00     0.00     0.00     0.00
   	   28.00   -48.00     0.00    90.00
   	   28.00   -48.00     0.00    90.00
   8 	 -256.00  -221.70     0.00     0.00     0.00     0.00
   8 	 -256.00  -221.70     0.00     0.00     0.00     0.00
   	   28.00   -48.00     0.00    90.00
   	   28.00   -48.00     0.00    90.00
   9 	 -192.00  -221.70     0.00     0.00     0.00     0.00
   9 	 -192.00  -221.70     0.00     0.00     0.00     0.00
   	   28.00   -48.00     0.00    90.00
   	   28.00   -48.00     0.00    90.00
  10 	 -128.00  -221.70     0.00     0.00     0.00     0.00
  10 	 -128.00  -221.70     0.00     0.00     0.00     0.00
   	   28.00   -48.00     0.00    90.00
   	   28.00   -48.00     0.00    90.00
  11 	 -224.00  -166.28     0.00     0.00     0.00     0.00
  11 	 -224.00  -166.28     0.00     0.00     0.00     0.00
   	   28.00   -48.00     0.00    90.00
   	   28.00   -48.00     0.00    90.00
  12 	 -160.00  -166.28     0.00     0.00     0.00     0.00
  12 	 -160.00  -166.28     0.00     0.00     0.00     0.00
   	   28.00   -48.00     0.00    90.00
   	   28.00   -48.00     0.00    90.00
  13 	  -96.00  -166.28     0.00     0.00     0.00     0.00
  13 	  -96.00  -166.28     0.00     0.00     0.00     0.00
   	   28.00   -48.00     0.00    90.00
   	   28.00   -48.00     0.00    90.00
  14 	 -192.00  -110.85     0.00     0.00     0.00     0.00
  14 	 -192.00  -110.85     0.00     0.00     0.00     0.00
   	   28.00   -48.00     0.00    90.00
   	   28.00   -48.00     0.00    90.00
  15 	 -128.00  -110.85     0.00     0.00     0.00     0.00
  15 	 -128.00  -110.85     0.00     0.00     0.00     0.00
   	   28.00   -48.00     0.00    90.00
   	   28.00   -48.00     0.00    90.00
  16 	  -64.00  -110.85     0.00     0.00     0.00     0.00
  16 	  -64.00  -110.85     0.00     0.00     0.00     0.00
   	   28.00   -48.00     0.00    90.00
   	   28.00   -48.00     0.00    90.00
  17 	 -160.00   -55.43     0.00     0.00     0.00     0.00
  17 	 -160.00   -55.43     0.00     0.00     0.00     0.00
   	   28.00   -48.00     0.00    90.00
   	   28.00   -48.00     0.00    90.00
  18 	  -96.00   -55.43     0.00     0.00     0.00     0.00
  18 	  -96.00   -55.43     0.00     0.00     0.00     0.00
   	   28.00   -48.00     0.00    90.00
   	   28.00   -48.00     0.00    90.00
  19 	  -32.00   -55.43     0.00     0.00     0.00     0.00
  19 	  -32.00   -55.43     0.00     0.00     0.00     0.00
   	   28.00   -48.00     0.00    90.00
   	   28.00   -48.00     0.00    90.00
  20 	 -128.00     0.00     0.00     0.00     0.00     0.00
  20 	 -128.00     0.00     0.00     0.00     0.00     0.00
   	   28.00   -48.00     0.00    90.00
   	   28.00   -48.00     0.00    90.00
  21 	  -64.00     0.00     0.00     0.00     0.00     0.00
  21 	  -64.00     0.00     0.00     0.00     0.00     0.00
   	   28.00   -48.00     0.00    90.00
   	   28.00   -48.00     0.00    90.00
  22 	    0.00     0.00     0.00     0.00     0.00     0.00
  22 	    0.00     0.00     0.00     0.00     0.00     0.00
   	   28.00   -48.00     0.00    90.00
   	   28.00   -48.00     0.00    90.00
  23 	  -96.00    55.43     0.00     0.00     0.00     0.00
  23 	  -96.00    55.43     0.00     0.00     0.00     0.00
   	   28.00   -48.00     0.00    90.00
   	   28.00   -48.00     0.00    90.00
  24 	  -32.00    55.43     0.00     0.00     0.00     0.00
  24 	  -32.00    55.43     0.00     0.00     0.00     0.00
   	   28.00   -48.00     0.00    90.00
   	   28.00   -48.00     0.00    90.00
  25 	   32.00    55.43     0.00     0.00     0.00     0.00
  25 	   32.00    55.43     0.00     0.00     0.00     0.00
   	   28.00   -48.00     0.00    90.00
   	   28.00   -48.00     0.00    90.00
  26 	  -64.00   110.85     0.00     0.00     0.00     0.00
  26 	  -64.00   110.85     0.00     0.00     0.00     0.00
   	   28.00   -48.00     0.00    90.00
   	   28.00   -48.00     0.00    90.00
  27 	   -0.00   110.85     0.00     0.00     0.00     0.00
  27 	   -0.00   110.85     0.00     0.00     0.00     0.00
   	   28.00   -48.00     0.00    90.00
   	   28.00   -48.00     0.00    90.00
  28 	   64.00   110.85     0.00     0.00     0.00     0.00
  28 	   64.00   110.85     0.00     0.00     0.00     0.00
   	   28.00   -48.00     0.00    90.00
   	   28.00   -48.00     0.00    90.00
  29 	  -32.00   166.28     0.00     0.00     0.00     0.00
  29 	  -32.00   166.28     0.00     0.00     0.00     0.00
   	   28.00   -48.00     0.00    90.00
   	   28.00   -48.00     0.00    90.00
  30 	   32.00   166.28     0.00     0.00     0.00     0.00
  30 	   32.00   166.28     0.00     0.00     0.00     0.00
   	   28.00   -48.00     0.00    90.00
   	   28.00   -48.00     0.00    90.00
  31 	   96.00   166.28     0.00     0.00     0.00     0.00
  31 	   96.00   166.28     0.00     0.00     0.00     0.00
   	   28.00   -48.00     0.00    90.00
   	   28.00   -48.00     0.00    90.00
  32 	   -0.00   221.70     0.00     0.00     0.00     0.00
  32 	   -0.00   221.70     0.00     0.00     0.00     0.00
   	   28.00   -48.00     0.00    90.00
   	   28.00   -48.00     0.00    90.00
  33 	   64.00   221.70     0.00     0.00     0.00     0.00
  33 	   64.00   221.70     0.00     0.00     0.00     0.00
   	   28.00   -48.00     0.00    90.00
   	   28.00   -48.00     0.00    90.00
  34 	  128.00   221.70     0.00     0.00     0.00     0.00
  34 	  128.00   221.70     0.00     0.00     0.00     0.00
   	   28.00   -48.00     0.00    90.00
   	   28.00   -48.00     0.00    90.00
  35 	   32.00   277.13     0.00     0.00     0.00     0.00
  35 	   32.00   277.13     0.00     0.00     0.00     0.00
   	   28.00   -48.00     0.00    90.00
   	   28.00   -48.00     0.00    90.00
  36 	   96.00   277.13     0.00     0.00     0.00     0.00
  36 	   96.00   277.13     0.00     0.00     0.00     0.00
   	   28.00   -48.00     0.00    90.00
   	   28.00   -48.00     0.00    90.00
  37 	  160.00   277.13     0.00     0.00     0.00     0.00
  37 	  160.00   277.13     0.00     0.00     0.00     0.00
   	   28.00   -48.00     0.00    90.00
   	   28.00   -48.00     0.00    90.00
  38 	   64.00   332.55     0.00     0.00     0.00     0.00
  38 	   64.00   332.55     0.00     0.00     0.00     0.00
   	   28.00   -48.00     0.00    90.00
   	   28.00   -48.00     0.00    90.00
  39 	  128.00   332.55     0.00     0.00     0.00     0.00
  39 	  128.00   332.55     0.00     0.00     0.00     0.00
   	   28.00   -48.00     0.00    90.00
   	   28.00   -48.00     0.00    90.00
  40 	  192.00   332.55     0.00     0.00     0.00     0.00
  40 	  192.00   332.55     0.00     0.00     0.00     0.00
   	   28.00   -48.00     0.00    90.00
   	   28.00   -48.00     0.00    90.00
  41 	   96.00   387.98     0.00     0.00     0.00     0.00
  41 	   96.00   387.98     0.00     0.00     0.00     0.00
   	   28.00   -48.00     0.00    90.00
   	   28.00   -48.00     0.00    90.00
  42 	  160.00   387.98     0.00     0.00     0.00     0.00
  42 	  160.00   387.98     0.00     0.00     0.00     0.00
   	   28.00   -48.00     0.00    90.00
   	   28.00   -48.00     0.00    90.00
  43 	  224.00   387.98     0.00     0.00     0.00     0.00
  43 	  224.00   387.98     0.00     0.00     0.00     0.00
   	   28.00   -48.00     0.00    90.00
   	   28.00   -48.00     0.00    90.00
  44 	  128.00   443.41     0.00     0.00     0.00     0.00
  44 	  128.00   443.41     0.00     0.00     0.00     0.00
   	   28.00   -48.00     0.00    90.00
   	   28.00   -48.00     0.00    90.00
  45 	  192.00   443.41     0.00     0.00     0.00     0.00
  45 	  192.00   443.41     0.00     0.00     0.00     0.00
   	   28.00   -48.00     0.00    90.00
   	   28.00   -48.00     0.00    90.00
  46 	  256.00   443.41     0.00     0.00     0.00     0.00
  46 	  256.00   443.41     0.00     0.00     0.00     0.00
   	   28.00   -48.00     0.00    90.00
   	   28.00   -48.00     0.00    90.00
  47 	  160.00   498.83     0.00     0.00     0.00     0.00
  47 	  160.00   498.83     0.00     0.00     0.00     0.00
   	   28.00   -48.00     0.00    90.00
   	   28.00   -48.00     0.00    90.00
  48 	  224.00   498.83     0.00     0.00     0.00     0.00
  48 	  224.00   498.83     0.00     0.00     0.00     0.00
   	   28.00   -48.00     0.00    90.00
   	   28.00   -48.00     0.00    90.00
  49 	  288.00   498.83     0.00     0.00     0.00     0.00
  49 	  288.00   498.83     0.00     0.00     0.00     0.00
   	   28.00   -48.00     0.00    90.00
   	   28.00   -48.00     0.00    90.00
  50 	  192.00   554.26     0.00     0.00     0.00     0.00
  50 	  192.00   554.26     0.00     0.00     0.00     0.00
   	   28.00   -48.00     0.00    90.00
   	   28.00   -48.00     0.00    90.00
  51 	  256.00   554.26     0.00     0.00     0.00     0.00
  51 	  256.00   554.26     0.00     0.00     0.00     0.00
   	   28.00   -48.00     0.00    90.00
   	   28.00   -48.00     0.00    90.00
  52 	  320.00   554.26     0.00     0.00     0.00     0.00
  52 	  320.00   554.26     0.00     0.00     0.00     0.00
   	   28.00   -48.00     0.00    90.00
   	   28.00   -48.00     0.00    90.00
  53 	  224.00   609.68     0.00     0.00     0.00     0.00
  53 	  224.00   609.68     0.00     0.00     0.00     0.00
   	   28.00   -48.00     0.00    90.00
   	   28.00   -48.00     0.00    90.00
  54 	  288.00   609.68     0.00     0.00     0.00     0.00
  54 	  288.00   609.68     0.00     0.00     0.00     0.00
   	   28.00   -48.00     0.00    90.00
   	   28.00   -48.00     0.00    90.00
  55 	  352.00   609.68     0.00     0.00     0.00     0.00
  55 	  352.00   609.68     0.00     0.00     0.00     0.00
   	   28.00   -48.00     0.00    90.00
   	   28.00   -48.00     0.00    90.00
  56 	  256.00   665.11     0.00     0.00     0.00     0.00
  56 	  256.00   665.11     0.00     0.00     0.00     0.00
   	   28.00   -48.00     0.00    90.00
   	   28.00   -48.00     0.00    90.00
  57 	  320.00   665.11     0.00     0.00     0.00     0.00
  57 	  320.00   665.11     0.00     0.00     0.00     0.00
   	   28.00   -48.00     0.00    90.00
   	   28.00   -48.00     0.00    90.00
  58 	  384.00   665.11     0.00     0.00     0.00     0.00
  58 	  384.00   665.11     0.00     0.00     0.00     0.00
   	   28.00   -48.00     0.00    90.00
   	   28.00   -48.00     0.00    90.00
  59 	  288.00   720.53     0.00     0.00     0.00     0.00
  59 	  288.00   720.53     0.00     0.00     0.00     0.00
   	   28.00   -48.00     0.00    90.00
   	   28.00   -48.00     0.00    90.00
  60 	  352.00   720.53     0.00     0.00     0.00     0.00
  60 	  352.00   720.53     0.00     0.00     0.00     0.00
   	   28.00   -48.00     0.00    90.00
   	   28.00   -48.00     0.00    90.00
  61 	  416.00   720.53     0.00     0.00     0.00     0.00
  61 	  416.00   720.53     0.00     0.00     0.00     0.00
   	   28.00   -48.00     0.00    90.00
   	   28.00   -48.00     0.00    90.00
  62 	  160.00  -387.98     0.00     0.00     0.00     0.00
  62 	  160.00  -387.98     0.00     0.00     0.00     0.00
   	   28.00   -48.00     0.00    90.00
   	   28.00   -48.00     0.00    90.00
  63 	  224.00  -387.98     0.00     0.00     0.00     0.00
  63 	  224.00  -387.98     0.00     0.00     0.00     0.00
   	   28.00   -48.00     0.00    90.00
   	   28.00   -48.00     0.00    90.00
  64 	  256.00  -443.41     0.00     0.00     0.00     0.00
  64 	  256.00  -443.41     0.00     0.00     0.00     0.00
   	   28.00   -48.00     0.00    90.00
   	   28.00   -48.00     0.00    90.00
  65 	  224.00  -498.83     0.00     0.00     0.00     0.00
  65 	  224.00  -498.83     0.00     0.00     0.00     0.00
   	   28.00   -48.00     0.00    90.00
   	   28.00   -48.00     0.00    90.00
  66 	  160.00  -498.83     0.00     0.00     0.00     0.00
  66 	  160.00  -498.83     0.00     0.00     0.00     0.00
   	   28.00   -48.00     0.00    90.00
   	   28.00   -48.00     0.00    90.00
  67 	  128.00  -443.41     0.00     0.00     0.00     0.00
  67 	  128.00  -443.41     0.00     0.00     0.00     0.00
   	   28.00   -48.00     0.00    90.00
   	   28.00   -48.00     0.00    90.00
  68 	  192.00  -443.41     0.00     0.00     0.00     0.00
  68 	  192.00  -443.41     0.00     0.00     0.00     0.00
   	   28.00   -48.00     0.00    90.00
   	   28.00   -48.00     0.00    90.00

** End writing output file: ../inputs/gr455.dat 
