*******************************************************************************
                         ARRAY PREPROCESSOR ver. 1.0
*******************************************************************************



   1	GROUP testgroup
   3	 GRID RECTANGULAR
   4	 ELEMENT
   5	 GEOMETRY CIRCULAR RADIUS 41
   7	 ADD HEXAGON 2 3
   8	 ADD NODE 5 1
   9	 ADD BLOCK 6 -5 2 0
  11	 GROUP_EXCITATION
  12	 AMPLITUDE UNIFORM 28
  13	 PHASE UNIFORM 108
  14	 END

** Generating GROUP: testgroup.
** PSTEP,QSTEP set to:82.000000,82.000000
** Grid ANGLE set to:90.000000 
** Group ROT_ANGLE set to: 0.000000 

** Writing output file: ../inputs/gr456.dat

NEL 
NPORTS
IDUM      REXA     REYA     REZA     THEA     PHEA     PSEA 
          AMP      PSH      PSC      PHEPOL
  38
  38
   1
   1
   1 	   82.00   328.00     0.00     0.00     0.00     0.00
   1 	   82.00   328.00     0.00     0.00     0.00     0.00
   	   28.00   108.00     0.00    90.00
   	   28.00   108.00     0.00    90.00
   2 	  164.00   328.00     0.00     0.00     0.00     0.00
   2 	  164.00   328.00     0.00     0.00     0.00     0.00
   	   28.00   108.00     0.00    90.00
   	   28.00   108.00     0.00    90.00
   3 	  246.00   246.00     0.00     0.00     0.00     0.00
   3 	  246.00   246.00     0.00     0.00     0.00     0.00
   	   28.00   108.00     0.00    90.00
   	   28.00   108.00     0.00    90.00
   4 	  246.00   164.00     0.00     0.00     0.00     0.00
   4 	  246.00   164.00     0.00     0.00     0.00     0.00
   	   28.00   108.00     0.00    90.00
   	   28.00   108.00     0.00    90.00
   5 	  164.00   164.00     0.00     0.00     0.00     0.00
   5 	  164.00   164.00     0.00     0.00     0.00     0.00
   	   28.00   108.00     0.00    90.00
   	   28.00   108.00     0.00    90.00
   6 	   82.00   246.00     0.00     0.00     0.00     0.00
   6 	   82.00   246.00     0.00     0.00     0.00     0.00
   	   28.00   108.00     0.00    90.00
   	   28.00   108.00     0.00    90.00
   7 	  164.00   246.00     0.00     0.00     0.00     0.00
   7 	  164.00   246.00     0.00     0.00     0.00     0.00
   	   28.00   108.00     0.00    90.00
   	   28.00   108.00     0.00    90.00
   8 	  410.00    82.00     0.00     0.00     0.00     0.00
   8 	  410.00    82.00     0.00     0.00     0.00     0.00
   	   28.00   108.00     0.00    90.00
   	   28.00   108.00     0.00    90.00
   9 	  164.00  -410.00     0.00     0.00     0.00     0.00
   9 	  164.00  -410.00     0.00     0.00     0.00     0.00
   	   28.00   108.00     0.00    90.00
   	   28.00   108.00     0.00    90.00
  10 	  246.00  -410.00     0.00     0.00     0.00     0.00
  10 	  246.00  -410.00     0.00     0.00     0.00     0.00
   	   28.00   108.00     0.00    90.00
   	   28.00   108.00     0.00    90.00
  11 	  328.00  -410.00     0.00     0.00     0.00     0.00
  11 	  328.00  -410.00     0.00     0.00     0.00     0.00
   	   28.00   108.00     0.00    90.00
   	   28.00   108.00     0.00    90.00
  12 	  410.00  -410.00     0.00     0.00     0.00     0.00
  12 	  410.00  -410.00     0.00     0.00     0.00     0.00
   	   28.00   108.00     0.00    90.00
   	   28.00   108.00     0.00    90.00
  13 	  492.00  -410.00     0.00     0.00     0.00     0.00
  13 	  492.00  -410.00     0.00     0.00     0.00     0.00
   	   28.00   108.00     0.00    90.00
   	   28.00   108.00     0.00    90.00
  14 	  164.00  -328.00     0.00     0.00     0.00     0.00
  14 	  164.00  -328.00     0.00     0.00     0.00     0.00
   	   28.00   108.00     0.00    90.00
   	   28.00   108.00     0.00    90.00
  15 	  246.00  -328.00     0.00     0.00     0.00     0.00
  15 	  246.00  -328.00     0.00     0.00     0.00     0.00
   	   28.00   108.00     0.00    90.00
   	   28.00   108.00     0.00    90.00
  16 	  328.00  -328.00     0.00     0.00     0.00     0.00
  16 	  328.00  -328.00     0.00     0.00     0.00     0.00
   	   28.00   108.00     0.00    90.00
   	   28.00   108.00     0.00    90.00
  17 	  410.00  -328.00     0.00     0.00     0.00     0.00
  17 	  410.00  -328.00     0.00     0.00     0.00     0.00
   	   28.00   108.00     0.00    90.00
   	   28.00   108.00     0.00    90.00
  18 	  492.00  -328.00     0.00     0.00     0.00     0.00
  18 	  492.00  -328.00     0.00     0.00     0.00     0.00
   	   28.00   108.00     0.00    90.00
   	   28.00   108.00     0.00    90.00
  19 	  164.00  -246.00     0.00     0.00     0.00     0.00
  19 	  164.00  -246.00     0.00     0.00     0.00     0.00
   	   28.00   108.00     0.00    90.00
   	   28.00   108.00     0.00    90.00
  20 	  246.00  -246.00     0.00     0.00     0.00     0.00
  20 	  246.00  -246.00     0.00     0.00     0.00     0.00
   	   28.00   108.00     0.00    90.00
   	   28.00   108.00     0.00    90.00
  21 	  328.00  -246.00     0.00     0.00     0.00     0.00
  21 	  328.00  -246.00     0.00     0.00     0.00     0.00
   	   28.00   108.00     0.00    90.00
   	   28.00   108.00     0.00    90.00
  22 	  410.00  -246.00     0.00     0.00     0.00     0.00
  22 	  410.00  -246.00     0.00     0.00     0.00     0.00
   	   28.00   108.00     0.00    90.00
   	   28.00   108.00     0.00    90.00
  23 	  492.00  -246.00     0.00     0.00     0.00     0.00
  23 	  492.00  -246.00     0.00     0.00     0.00     0.00
   	   28.00   108.00     0.00    90.00
   	   28.00   108.00     0.00    90.00
  24 	  164.00  -164.00     0.00     0.00     0.00     0.00
  24 	  164.00  -164.00     0.00     0.00     0.00     0.00
   	   28.00   108.00     0.00    90.00
   	   28.00   108.00     0.00    90.00
  25 	  246.00  -164.00     0.00     0.00     0.00     0.00
  25 	  246.00  -164.00     0.00     0.00     0.00     0.00
   	   28.00   108.00     0.00    90.00
   	   28.00   108.00     0.00    90.00
  26 	  328.00  -164.00     0.00     0.00     0.00     0.00
  26 	  328.00  -164.00     0.00     0.00     0.00     0.00
   	   28.00   108.00     0.00    90.00
   	   28.00   108.00     0.00    90.00
  27 	  410.00  -164.00     0.00     0.00     0.00     0.00
  27 	  410.00  -164.00     0.00     0.00     0.00     0.00
   	   28.00   108.00     0.00    90.00
   	   28.00   108.00     0.00    90.00
  28 	  492.00  -164.00     0.00     0.00     0.00     0.00
  28 	  492.00  -164.00     0.00     0.00     0.00     0.00
   	   28.00   108.00     0.00    90.00
   	   28.00   108.00     0.00    90.00
  29 	  164.00   -82.00     0.00     0.00     0.00     0.00
  29 	  164.00   -82.00     0.00     0.00     0.00     0.00
   	   28.00   108.00     0.00    90.00
   	   28.00   108.00     0.00    90.00
  30 	  246.00   -82.00     0.00     0.00     0.00     0.00
  30 	  246.00   -82.00     0.00     0.00     0.00     0.00
   	   28.00   108.00     0.00    90.00
   	   28.00   108.00     0.00    90.00
  31 	  328.00   -82.00     0.00     0.00     0.00     0.00
  31 	  328.00   -82.00     0.00     0.00     0.00     0.00
   	   28.00   108.00     0.00    90.00
   	   28.00   108.00     0.00    90.00
  32 	  410.00   -82.00     0.00     0.00     0.00     0.00
  32 	  410.00   -82.00     0.00     0.00     0.00     0.00
   	   28.00   108.00     0.00    90.00
   	   28.00   108.00     0.00    90.00
  33 	  492.00   -82.00     0.00     0.00     0.00     0.00
  33 	  492.00   -82.00     0.00     0.00     0.00     0.00
   	   28.00   108.00     0.00    90.00
   	   28.00   108.00     0.00    90.00
  34 	  164.00     0.00     0.00     0.00     0.00     0.00
  34 	  164.00     0.00     0.00     0.00     0.00     0.00
   	   28.00   108.00     0.00    90.00
   	   28.00   108.00     0.00    90.00
  35 	  246.00     0.00     0.00     0.00     0.00     0.00
  35 	  246.00     0.00     0.00     0.00     0.00     0.00
   	   28.00   108.00     0.00    90.00
   	   28.00   108.00     0.00    90.00
  36 	  328.00     0.00     0.00     0.00     0.00     0.00
  36 	  328.00     0.00     0.00     0.00     0.00     0.00
   	   28.00   108.00     0.00    90.00
   	   28.00   108.00     0.00    90.00
  37 	  410.00     0.00     0.00     0.00     0.00     0.00
  37 	  410.00     0.00     0.00     0.00     0.00     0.00
   	   28.00   108.00     0.00    90.00
   	   28.00   108.00     0.00    90.00
  38 	  492.00     0.00     0.00     0.00     0.00     0.00
  38 	  492.00     0.00     0.00     0.00     0.00     0.00
   	   28.00   108.00     0.00    90.00
   	   28.00   108.00     0.00    90.00

** End writing output file: ../inputs/gr456.dat 
