*******************************************************************************
                         ARRAY PREPROCESSOR ver. 1.0
*******************************************************************************



   1	GROUP testgroup
   3	 GRID HEXAGONAL STEP 66
   4	 ELEMENT
   5	 GEOMETRY CIRCULAR 68
   7	 PORTS 6
   8	 PORT 1
   9	 AMPLITUDE 52
  10	 PHASE_SCANNING 638
  11	 PHASE_POL_ARRANG 406
  12	 PORT 2
  13	 AMPLITUDE 16
  14	 PORT 3
  15	 AMPLITUDE 30
  16	 PHASE_POL_ARRANG 647
  17	 PORT 4
  18	 AMPLITUDE 25
  19	 PHASE_POL_ARRANG 597
  20	 PORT 5
  21	 POL_ORIENT Y AMPLITUDE 23
  22	 PORT 6
  23	 AMPLITUDE 35
  24	 PHASE_POL_ARRANG 577
  25	 ADD BLOCK -3 -2 -3 9
  27	 GROUP_EXCITATION
  28	 AMPLITUDE UNIFORM 17
  29	 PHASE UNIFORM -60
  30	 END

** WARNING B2: GRID step(s) too small for specified element in GROUP: testgroup
** Generating GROUP: testgroup.
** PSTEP,QSTEP set to:66.000000,66.000000
** Grid ANGLE set to:60.000000 
** Group ROT_ANGLE set to: 0.000000 

** Writing output file: ../inputs/gr46.dat

NEL 
NPORTS
IDUM      REXA     REYA     REZA     THEA     PHEA     PSEA 
          AMP      PSH      PSC      PHEPOL
  12
  12
   6
   6
   1 	 -264.00  -114.32     0.00     0.00     0.00     0.00
   1 	 -264.00  -114.32     0.00     0.00     0.00     0.00
   	  884.00   346.00   638.00    90.00
   	  884.00   346.00   638.00    90.00
   	  272.00   -60.00     0.00    90.00
   	  272.00   -60.00     0.00    90.00
   	  510.00   587.00     0.00    90.00
   	  510.00   587.00     0.00    90.00
   	  425.00   537.00     0.00    90.00
   	  425.00   537.00     0.00    90.00
   	  391.00   -60.00     0.00    90.00
   	  391.00   -60.00     0.00    90.00
   	  595.00   517.00     0.00    90.00
   	  595.00   517.00     0.00    90.00
   2 	 -231.00   -57.16     0.00     0.00     0.00     0.00
   2 	 -231.00   -57.16     0.00     0.00     0.00     0.00
   	  884.00   346.00   638.00    90.00
   	  884.00   346.00   638.00    90.00
   	  272.00   -60.00     0.00    90.00
   	  272.00   -60.00     0.00    90.00
   	  510.00   587.00     0.00    90.00
   	  510.00   587.00     0.00    90.00
   	  425.00   537.00     0.00    90.00
   	  425.00   537.00     0.00    90.00
   	  391.00   -60.00     0.00    90.00
   	  391.00   -60.00     0.00    90.00
   	  595.00   517.00     0.00    90.00
   	  595.00   517.00     0.00    90.00
   3 	 -198.00     0.00     0.00     0.00     0.00     0.00
   3 	 -198.00     0.00     0.00     0.00     0.00     0.00
   	  884.00   346.00   638.00    90.00
   	  884.00   346.00   638.00    90.00
   	  272.00   -60.00     0.00    90.00
   	  272.00   -60.00     0.00    90.00
   	  510.00   587.00     0.00    90.00
   	  510.00   587.00     0.00    90.00
   	  425.00   537.00     0.00    90.00
   	  425.00   537.00     0.00    90.00
   	  391.00   -60.00     0.00    90.00
   	  391.00   -60.00     0.00    90.00
   	  595.00   517.00     0.00    90.00
   	  595.00   517.00     0.00    90.00
   4 	 -165.00    57.16     0.00     0.00     0.00     0.00
   4 	 -165.00    57.16     0.00     0.00     0.00     0.00
   	  884.00   346.00   638.00    90.00
   	  884.00   346.00   638.00    90.00
   	  272.00   -60.00     0.00    90.00
   	  272.00   -60.00     0.00    90.00
   	  510.00   587.00     0.00    90.00
   	  510.00   587.00     0.00    90.00
   	  425.00   537.00     0.00    90.00
   	  425.00   537.00     0.00    90.00
   	  391.00   -60.00     0.00    90.00
   	  391.00   -60.00     0.00    90.00
   	  595.00   517.00     0.00    90.00
   	  595.00   517.00     0.00    90.00
   5 	 -132.00   114.32     0.00     0.00     0.00     0.00
   5 	 -132.00   114.32     0.00     0.00     0.00     0.00
   	  884.00   346.00   638.00    90.00
   	  884.00   346.00   638.00    90.00
   	  272.00   -60.00     0.00    90.00
   	  272.00   -60.00     0.00    90.00
   	  510.00   587.00     0.00    90.00
   	  510.00   587.00     0.00    90.00
   	  425.00   537.00     0.00    90.00
   	  425.00   537.00     0.00    90.00
   	  391.00   -60.00     0.00    90.00
   	  391.00   -60.00     0.00    90.00
   	  595.00   517.00     0.00    90.00
   	  595.00   517.00     0.00    90.00
   6 	  -99.00   171.47     0.00     0.00     0.00     0.00
   6 	  -99.00   171.47     0.00     0.00     0.00     0.00
   	  884.00   346.00   638.00    90.00
   	  884.00   346.00   638.00    90.00
   	  272.00   -60.00     0.00    90.00
   	  272.00   -60.00     0.00    90.00
   	  510.00   587.00     0.00    90.00
   	  510.00   587.00     0.00    90.00
   	  425.00   537.00     0.00    90.00
   	  425.00   537.00     0.00    90.00
   	  391.00   -60.00     0.00    90.00
   	  391.00   -60.00     0.00    90.00
   	  595.00   517.00     0.00    90.00
   	  595.00   517.00     0.00    90.00
   7 	  -66.00   228.63     0.00     0.00     0.00     0.00
   7 	  -66.00   228.63     0.00     0.00     0.00     0.00
   	  884.00   346.00   638.00    90.00
   	  884.00   346.00   638.00    90.00
   	  272.00   -60.00     0.00    90.00
   	  272.00   -60.00     0.00    90.00
   	  510.00   587.00     0.00    90.00
   	  510.00   587.00     0.00    90.00
   	  425.00   537.00     0.00    90.00
   	  425.00   537.00     0.00    90.00
   	  391.00   -60.00     0.00    90.00
   	  391.00   -60.00     0.00    90.00
   	  595.00   517.00     0.00    90.00
   	  595.00   517.00     0.00    90.00
   8 	  -33.00   285.79     0.00     0.00     0.00     0.00
   8 	  -33.00   285.79     0.00     0.00     0.00     0.00
   	  884.00   346.00   638.00    90.00
   	  884.00   346.00   638.00    90.00
   	  272.00   -60.00     0.00    90.00
   	  272.00   -60.00     0.00    90.00
   	  510.00   587.00     0.00    90.00
   	  510.00   587.00     0.00    90.00
   	  425.00   537.00     0.00    90.00
   	  425.00   537.00     0.00    90.00
   	  391.00   -60.00     0.00    90.00
   	  391.00   -60.00     0.00    90.00
   	  595.00   517.00     0.00    90.00
   	  595.00   517.00     0.00    90.00
   9 	   -0.00   342.95     0.00     0.00     0.00     0.00
   9 	   -0.00   342.95     0.00     0.00     0.00     0.00
   	  884.00   346.00   638.00    90.00
   	  884.00   346.00   638.00    90.00
   	  272.00   -60.00     0.00    90.00
   	  272.00   -60.00     0.00    90.00
   	  510.00   587.00     0.00    90.00
   	  510.00   587.00     0.00    90.00
   	  425.00   537.00     0.00    90.00
   	  425.00   537.00     0.00    90.00
   	  391.00   -60.00     0.00    90.00
   	  391.00   -60.00     0.00    90.00
   	  595.00   517.00     0.00    90.00
   	  595.00   517.00     0.00    90.00
  10 	   33.00   400.10     0.00     0.00     0.00     0.00
  10 	   33.00   400.10     0.00     0.00     0.00     0.00
   	  884.00   346.00   638.00    90.00
   	  884.00   346.00   638.00    90.00
   	  272.00   -60.00     0.00    90.00
   	  272.00   -60.00     0.00    90.00
   	  510.00   587.00     0.00    90.00
   	  510.00   587.00     0.00    90.00
   	  425.00   537.00     0.00    90.00
   	  425.00   537.00     0.00    90.00
   	  391.00   -60.00     0.00    90.00
   	  391.00   -60.00     0.00    90.00
   	  595.00   517.00     0.00    90.00
   	  595.00   517.00     0.00    90.00
  11 	   66.00   457.26     0.00     0.00     0.00     0.00
  11 	   66.00   457.26     0.00     0.00     0.00     0.00
   	  884.00   346.00   638.00    90.00
   	  884.00   346.00   638.00    90.00
   	  272.00   -60.00     0.00    90.00
   	  272.00   -60.00     0.00    90.00
   	  510.00   587.00     0.00    90.00
   	  510.00   587.00     0.00    90.00
   	  425.00   537.00     0.00    90.00
   	  425.00   537.00     0.00    90.00
   	  391.00   -60.00     0.00    90.00
   	  391.00   -60.00     0.00    90.00
   	  595.00   517.00     0.00    90.00
   	  595.00   517.00     0.00    90.00
  12 	   99.00   514.42     0.00     0.00     0.00     0.00
  12 	   99.00   514.42     0.00     0.00     0.00     0.00
   	  884.00   346.00   638.00    90.00
   	  884.00   346.00   638.00    90.00
   	  272.00   -60.00     0.00    90.00
   	  272.00   -60.00     0.00    90.00
   	  510.00   587.00     0.00    90.00
   	  510.00   587.00     0.00    90.00
   	  425.00   537.00     0.00    90.00
   	  425.00   537.00     0.00    90.00
   	  391.00   -60.00     0.00    90.00
   	  391.00   -60.00     0.00    90.00
   	  595.00   517.00     0.00    90.00
   	  595.00   517.00     0.00    90.00

** End writing output file: ../inputs/gr46.dat 
