*******************************************************************************
                         ARRAY PREPROCESSOR ver. 1.0
*******************************************************************************



   1	GROUP testgroup
   3	 GRID SQUARE
   4	 ELEMENT
   5	 GEOMETRY RECTANGULAR PDIM 55 QDIM 65
   8	 ADD BLOCK 7 4 7 -5
  10	 GROUP_EXCITATION
  11	 AMPLITUDE UNIFORM 30
  12	 PHASE ROTATION SEQUENTIAL
  13	 END

** Generating GROUP: testgroup.
** PSTEP,QSTEP set to:85.146932,85.146932
** Grid ANGLE set to:90.000000 
** Group ROT_ANGLE set to: 0.000000 

** Writing output file: ../inputs/gr460.dat

NEL 
NPORTS
IDUM      REXA     REYA     REZA     THEA     PHEA     PSEA 
          AMP      PSH      PSC      PHEPOL
  10
  10
   1
   1
   1 	  596.03  -425.73     0.00     0.00  -324.00     0.00
   1 	  596.03  -425.73     0.00     0.00  -324.00     0.00
   	   30.00  -324.00     0.00    90.00
   	   30.00  -324.00     0.00    90.00
   2 	  596.03  -340.59     0.00     0.00  -288.00     0.00
   2 	  596.03  -340.59     0.00     0.00  -288.00     0.00
   	   30.00  -288.00     0.00    90.00
   	   30.00  -288.00     0.00    90.00
   3 	  596.03  -255.44     0.00     0.00  -252.00     0.00
   3 	  596.03  -255.44     0.00     0.00  -252.00     0.00
   	   30.00  -252.00     0.00    90.00
   	   30.00  -252.00     0.00    90.00
   4 	  596.03  -170.29     0.00     0.00  -216.00     0.00
   4 	  596.03  -170.29     0.00     0.00  -216.00     0.00
   	   30.00  -216.00     0.00    90.00
   	   30.00  -216.00     0.00    90.00
   5 	  596.03   -85.15     0.00     0.00  -180.00     0.00
   5 	  596.03   -85.15     0.00     0.00  -180.00     0.00
   	   30.00  -180.00     0.00    90.00
   	   30.00  -180.00     0.00    90.00
   6 	  596.03     0.00     0.00     0.00  -144.00     0.00
   6 	  596.03     0.00     0.00     0.00  -144.00     0.00
   	   30.00  -144.00     0.00    90.00
   	   30.00  -144.00     0.00    90.00
   7 	  596.03    85.15     0.00     0.00  -108.00     0.00
   7 	  596.03    85.15     0.00     0.00  -108.00     0.00
   	   30.00  -108.00     0.00    90.00
   	   30.00  -108.00     0.00    90.00
   8 	  596.03   170.29     0.00     0.00   -72.00     0.00
   8 	  596.03   170.29     0.00     0.00   -72.00     0.00
   	   30.00   -72.00     0.00    90.00
   	   30.00   -72.00     0.00    90.00
   9 	  596.03   255.44     0.00     0.00   -36.00     0.00
   9 	  596.03   255.44     0.00     0.00   -36.00     0.00
   	   30.00   -36.00     0.00    90.00
   	   30.00   -36.00     0.00    90.00
  10 	  596.03   340.59     0.00     0.00     0.00     0.00
  10 	  596.03   340.59     0.00     0.00     0.00     0.00
   	   30.00     0.00     0.00    90.00
   	   30.00     0.00     0.00    90.00

** End writing output file: ../inputs/gr460.dat 
