*******************************************************************************
                         ARRAY PREPROCESSOR ver. 1.0
*******************************************************************************



   1	GROUP testgroup
   3	 GRID HEXAGONAL STEP 60 mm
   4	 ELEMENT
   5	 GEOMETRY CIRCULAR 16
   7	 ADD BLOCK -11 0 -1 4
   8	 ADD BLOCK 6 0 5 3
   9	 ADD BLOCK -6 -2 -7 -5
  11	 GROUP_EXCITATION
  12	 AMPLITUDE UNIFORM 24
  13	 PHASE UNIFORM -78
  14	 END

** Generating GROUP: testgroup.
** PSTEP,QSTEP set to:60.000000,60.000000
** Grid ANGLE set to:60.000000 
** Group ROT_ANGLE set to: 0.000000 

** Writing output file: ../inputs/gr461.dat

NEL 
NPORTS
IDUM      REXA     REYA     REZA     THEA     PHEA     PSEA 
          AMP      PSH      PSC      PHEPOL
  71
  71
   1
   1
   1 	 -660.00     0.00     0.00     0.00     0.00     0.00
   1 	 -660.00     0.00     0.00     0.00     0.00     0.00
   	   24.00   -78.00     0.00    90.00
   	   24.00   -78.00     0.00    90.00
   2 	 -600.00     0.00     0.00     0.00     0.00     0.00
   2 	 -600.00     0.00     0.00     0.00     0.00     0.00
   	   24.00   -78.00     0.00    90.00
   	   24.00   -78.00     0.00    90.00
   3 	 -540.00     0.00     0.00     0.00     0.00     0.00
   3 	 -540.00     0.00     0.00     0.00     0.00     0.00
   	   24.00   -78.00     0.00    90.00
   	   24.00   -78.00     0.00    90.00
   4 	 -480.00     0.00     0.00     0.00     0.00     0.00
   4 	 -480.00     0.00     0.00     0.00     0.00     0.00
   	   24.00   -78.00     0.00    90.00
   	   24.00   -78.00     0.00    90.00
   5 	 -420.00     0.00     0.00     0.00     0.00     0.00
   5 	 -420.00     0.00     0.00     0.00     0.00     0.00
   	   24.00   -78.00     0.00    90.00
   	   24.00   -78.00     0.00    90.00
   6 	 -360.00     0.00     0.00     0.00     0.00     0.00
   6 	 -360.00     0.00     0.00     0.00     0.00     0.00
   	   24.00   -78.00     0.00    90.00
   	   24.00   -78.00     0.00    90.00
   7 	 -300.00     0.00     0.00     0.00     0.00     0.00
   7 	 -300.00     0.00     0.00     0.00     0.00     0.00
   	   24.00   -78.00     0.00    90.00
   	   24.00   -78.00     0.00    90.00
   8 	 -240.00     0.00     0.00     0.00     0.00     0.00
   8 	 -240.00     0.00     0.00     0.00     0.00     0.00
   	   24.00   -78.00     0.00    90.00
   	   24.00   -78.00     0.00    90.00
   9 	 -180.00     0.00     0.00     0.00     0.00     0.00
   9 	 -180.00     0.00     0.00     0.00     0.00     0.00
   	   24.00   -78.00     0.00    90.00
   	   24.00   -78.00     0.00    90.00
  10 	 -120.00     0.00     0.00     0.00     0.00     0.00
  10 	 -120.00     0.00     0.00     0.00     0.00     0.00
   	   24.00   -78.00     0.00    90.00
   	   24.00   -78.00     0.00    90.00
  11 	  -60.00     0.00     0.00     0.00     0.00     0.00
  11 	  -60.00     0.00     0.00     0.00     0.00     0.00
   	   24.00   -78.00     0.00    90.00
   	   24.00   -78.00     0.00    90.00
  12 	 -630.00    51.96     0.00     0.00     0.00     0.00
  12 	 -630.00    51.96     0.00     0.00     0.00     0.00
   	   24.00   -78.00     0.00    90.00
   	   24.00   -78.00     0.00    90.00
  13 	 -570.00    51.96     0.00     0.00     0.00     0.00
  13 	 -570.00    51.96     0.00     0.00     0.00     0.00
   	   24.00   -78.00     0.00    90.00
   	   24.00   -78.00     0.00    90.00
  14 	 -510.00    51.96     0.00     0.00     0.00     0.00
  14 	 -510.00    51.96     0.00     0.00     0.00     0.00
   	   24.00   -78.00     0.00    90.00
   	   24.00   -78.00     0.00    90.00
  15 	 -450.00    51.96     0.00     0.00     0.00     0.00
  15 	 -450.00    51.96     0.00     0.00     0.00     0.00
   	   24.00   -78.00     0.00    90.00
   	   24.00   -78.00     0.00    90.00
  16 	 -390.00    51.96     0.00     0.00     0.00     0.00
  16 	 -390.00    51.96     0.00     0.00     0.00     0.00
   	   24.00   -78.00     0.00    90.00
   	   24.00   -78.00     0.00    90.00
  17 	 -330.00    51.96     0.00     0.00     0.00     0.00
  17 	 -330.00    51.96     0.00     0.00     0.00     0.00
   	   24.00   -78.00     0.00    90.00
   	   24.00   -78.00     0.00    90.00
  18 	 -270.00    51.96     0.00     0.00     0.00     0.00
  18 	 -270.00    51.96     0.00     0.00     0.00     0.00
   	   24.00   -78.00     0.00    90.00
   	   24.00   -78.00     0.00    90.00
  19 	 -210.00    51.96     0.00     0.00     0.00     0.00
  19 	 -210.00    51.96     0.00     0.00     0.00     0.00
   	   24.00   -78.00     0.00    90.00
   	   24.00   -78.00     0.00    90.00
  20 	 -150.00    51.96     0.00     0.00     0.00     0.00
  20 	 -150.00    51.96     0.00     0.00     0.00     0.00
   	   24.00   -78.00     0.00    90.00
   	   24.00   -78.00     0.00    90.00
  21 	  -90.00    51.96     0.00     0.00     0.00     0.00
  21 	  -90.00    51.96     0.00     0.00     0.00     0.00
   	   24.00   -78.00     0.00    90.00
   	   24.00   -78.00     0.00    90.00
  22 	  -30.00    51.96     0.00     0.00     0.00     0.00
  22 	  -30.00    51.96     0.00     0.00     0.00     0.00
   	   24.00   -78.00     0.00    90.00
   	   24.00   -78.00     0.00    90.00
  23 	 -600.00   103.92     0.00     0.00     0.00     0.00
  23 	 -600.00   103.92     0.00     0.00     0.00     0.00
   	   24.00   -78.00     0.00    90.00
   	   24.00   -78.00     0.00    90.00
  24 	 -540.00   103.92     0.00     0.00     0.00     0.00
  24 	 -540.00   103.92     0.00     0.00     0.00     0.00
   	   24.00   -78.00     0.00    90.00
   	   24.00   -78.00     0.00    90.00
  25 	 -480.00   103.92     0.00     0.00     0.00     0.00
  25 	 -480.00   103.92     0.00     0.00     0.00     0.00
   	   24.00   -78.00     0.00    90.00
   	   24.00   -78.00     0.00    90.00
  26 	 -420.00   103.92     0.00     0.00     0.00     0.00
  26 	 -420.00   103.92     0.00     0.00     0.00     0.00
   	   24.00   -78.00     0.00    90.00
   	   24.00   -78.00     0.00    90.00
  27 	 -360.00   103.92     0.00     0.00     0.00     0.00
  27 	 -360.00   103.92     0.00     0.00     0.00     0.00
   	   24.00   -78.00     0.00    90.00
   	   24.00   -78.00     0.00    90.00
  28 	 -300.00   103.92     0.00     0.00     0.00     0.00
  28 	 -300.00   103.92     0.00     0.00     0.00     0.00
   	   24.00   -78.00     0.00    90.00
   	   24.00   -78.00     0.00    90.00
  29 	 -240.00   103.92     0.00     0.00     0.00     0.00
  29 	 -240.00   103.92     0.00     0.00     0.00     0.00
   	   24.00   -78.00     0.00    90.00
   	   24.00   -78.00     0.00    90.00
  30 	 -180.00   103.92     0.00     0.00     0.00     0.00
  30 	 -180.00   103.92     0.00     0.00     0.00     0.00
   	   24.00   -78.00     0.00    90.00
   	   24.00   -78.00     0.00    90.00
  31 	 -120.00   103.92     0.00     0.00     0.00     0.00
  31 	 -120.00   103.92     0.00     0.00     0.00     0.00
   	   24.00   -78.00     0.00    90.00
   	   24.00   -78.00     0.00    90.00
  32 	  -60.00   103.92     0.00     0.00     0.00     0.00
  32 	  -60.00   103.92     0.00     0.00     0.00     0.00
   	   24.00   -78.00     0.00    90.00
   	   24.00   -78.00     0.00    90.00
  33 	   -0.00   103.92     0.00     0.00     0.00     0.00
  33 	   -0.00   103.92     0.00     0.00     0.00     0.00
   	   24.00   -78.00     0.00    90.00
   	   24.00   -78.00     0.00    90.00
  34 	 -570.00   155.88     0.00     0.00     0.00     0.00
  34 	 -570.00   155.88     0.00     0.00     0.00     0.00
   	   24.00   -78.00     0.00    90.00
   	   24.00   -78.00     0.00    90.00
  35 	 -510.00   155.88     0.00     0.00     0.00     0.00
  35 	 -510.00   155.88     0.00     0.00     0.00     0.00
   	   24.00   -78.00     0.00    90.00
   	   24.00   -78.00     0.00    90.00
  36 	 -450.00   155.88     0.00     0.00     0.00     0.00
  36 	 -450.00   155.88     0.00     0.00     0.00     0.00
   	   24.00   -78.00     0.00    90.00
   	   24.00   -78.00     0.00    90.00
  37 	 -390.00   155.88     0.00     0.00     0.00     0.00
  37 	 -390.00   155.88     0.00     0.00     0.00     0.00
   	   24.00   -78.00     0.00    90.00
   	   24.00   -78.00     0.00    90.00
  38 	 -330.00   155.88     0.00     0.00     0.00     0.00
  38 	 -330.00   155.88     0.00     0.00     0.00     0.00
   	   24.00   -78.00     0.00    90.00
   	   24.00   -78.00     0.00    90.00
  39 	 -270.00   155.88     0.00     0.00     0.00     0.00
  39 	 -270.00   155.88     0.00     0.00     0.00     0.00
   	   24.00   -78.00     0.00    90.00
   	   24.00   -78.00     0.00    90.00
  40 	 -210.00   155.88     0.00     0.00     0.00     0.00
  40 	 -210.00   155.88     0.00     0.00     0.00     0.00
   	   24.00   -78.00     0.00    90.00
   	   24.00   -78.00     0.00    90.00
  41 	 -150.00   155.88     0.00     0.00     0.00     0.00
  41 	 -150.00   155.88     0.00     0.00     0.00     0.00
   	   24.00   -78.00     0.00    90.00
   	   24.00   -78.00     0.00    90.00
  42 	  -90.00   155.88     0.00     0.00     0.00     0.00
  42 	  -90.00   155.88     0.00     0.00     0.00     0.00
   	   24.00   -78.00     0.00    90.00
   	   24.00   -78.00     0.00    90.00
  43 	  -30.00   155.88     0.00     0.00     0.00     0.00
  43 	  -30.00   155.88     0.00     0.00     0.00     0.00
   	   24.00   -78.00     0.00    90.00
   	   24.00   -78.00     0.00    90.00
  44 	   30.00   155.88     0.00     0.00     0.00     0.00
  44 	   30.00   155.88     0.00     0.00     0.00     0.00
   	   24.00   -78.00     0.00    90.00
   	   24.00   -78.00     0.00    90.00
  45 	 -540.00   207.85     0.00     0.00     0.00     0.00
  45 	 -540.00   207.85     0.00     0.00     0.00     0.00
   	   24.00   -78.00     0.00    90.00
   	   24.00   -78.00     0.00    90.00
  46 	 -480.00   207.85     0.00     0.00     0.00     0.00
  46 	 -480.00   207.85     0.00     0.00     0.00     0.00
   	   24.00   -78.00     0.00    90.00
   	   24.00   -78.00     0.00    90.00
  47 	 -420.00   207.85     0.00     0.00     0.00     0.00
  47 	 -420.00   207.85     0.00     0.00     0.00     0.00
   	   24.00   -78.00     0.00    90.00
   	   24.00   -78.00     0.00    90.00
  48 	 -360.00   207.85     0.00     0.00     0.00     0.00
  48 	 -360.00   207.85     0.00     0.00     0.00     0.00
   	   24.00   -78.00     0.00    90.00
   	   24.00   -78.00     0.00    90.00
  49 	 -300.00   207.85     0.00     0.00     0.00     0.00
  49 	 -300.00   207.85     0.00     0.00     0.00     0.00
   	   24.00   -78.00     0.00    90.00
   	   24.00   -78.00     0.00    90.00
  50 	 -240.00   207.85     0.00     0.00     0.00     0.00
  50 	 -240.00   207.85     0.00     0.00     0.00     0.00
   	   24.00   -78.00     0.00    90.00
   	   24.00   -78.00     0.00    90.00
  51 	 -180.00   207.85     0.00     0.00     0.00     0.00
  51 	 -180.00   207.85     0.00     0.00     0.00     0.00
   	   24.00   -78.00     0.00    90.00
   	   24.00   -78.00     0.00    90.00
  52 	 -120.00   207.85     0.00     0.00     0.00     0.00
  52 	 -120.00   207.85     0.00     0.00     0.00     0.00
   	   24.00   -78.00     0.00    90.00
   	   24.00   -78.00     0.00    90.00
  53 	  -60.00   207.85     0.00     0.00     0.00     0.00
  53 	  -60.00   207.85     0.00     0.00     0.00     0.00
   	   24.00   -78.00     0.00    90.00
   	   24.00   -78.00     0.00    90.00
  54 	   -0.00   207.85     0.00     0.00     0.00     0.00
  54 	   -0.00   207.85     0.00     0.00     0.00     0.00
   	   24.00   -78.00     0.00    90.00
   	   24.00   -78.00     0.00    90.00
  55 	   60.00   207.85     0.00     0.00     0.00     0.00
  55 	   60.00   207.85     0.00     0.00     0.00     0.00
   	   24.00   -78.00     0.00    90.00
   	   24.00   -78.00     0.00    90.00
  56 	  300.00     0.00     0.00     0.00     0.00     0.00
  56 	  300.00     0.00     0.00     0.00     0.00     0.00
   	   24.00   -78.00     0.00    90.00
   	   24.00   -78.00     0.00    90.00
  57 	  360.00     0.00     0.00     0.00     0.00     0.00
  57 	  360.00     0.00     0.00     0.00     0.00     0.00
   	   24.00   -78.00     0.00    90.00
   	   24.00   -78.00     0.00    90.00
  58 	  330.00    51.96     0.00     0.00     0.00     0.00
  58 	  330.00    51.96     0.00     0.00     0.00     0.00
   	   24.00   -78.00     0.00    90.00
   	   24.00   -78.00     0.00    90.00
  59 	  390.00    51.96     0.00     0.00     0.00     0.00
  59 	  390.00    51.96     0.00     0.00     0.00     0.00
   	   24.00   -78.00     0.00    90.00
   	   24.00   -78.00     0.00    90.00
  60 	  360.00   103.92     0.00     0.00     0.00     0.00
  60 	  360.00   103.92     0.00     0.00     0.00     0.00
   	   24.00   -78.00     0.00    90.00
   	   24.00   -78.00     0.00    90.00
  61 	  420.00   103.92     0.00     0.00     0.00     0.00
  61 	  420.00   103.92     0.00     0.00     0.00     0.00
   	   24.00   -78.00     0.00    90.00
   	   24.00   -78.00     0.00    90.00
  62 	  390.00   155.88     0.00     0.00     0.00     0.00
  62 	  390.00   155.88     0.00     0.00     0.00     0.00
   	   24.00   -78.00     0.00    90.00
   	   24.00   -78.00     0.00    90.00
  63 	  450.00   155.88     0.00     0.00     0.00     0.00
  63 	  450.00   155.88     0.00     0.00     0.00     0.00
   	   24.00   -78.00     0.00    90.00
   	   24.00   -78.00     0.00    90.00
  64 	 -570.00  -259.81     0.00     0.00     0.00     0.00
  64 	 -570.00  -259.81     0.00     0.00     0.00     0.00
   	   24.00   -78.00     0.00    90.00
   	   24.00   -78.00     0.00    90.00
  65 	 -510.00  -259.81     0.00     0.00     0.00     0.00
  65 	 -510.00  -259.81     0.00     0.00     0.00     0.00
   	   24.00   -78.00     0.00    90.00
   	   24.00   -78.00     0.00    90.00
  66 	 -540.00  -207.85     0.00     0.00     0.00     0.00
  66 	 -540.00  -207.85     0.00     0.00     0.00     0.00
   	   24.00   -78.00     0.00    90.00
   	   24.00   -78.00     0.00    90.00
  67 	 -480.00  -207.85     0.00     0.00     0.00     0.00
  67 	 -480.00  -207.85     0.00     0.00     0.00     0.00
   	   24.00   -78.00     0.00    90.00
   	   24.00   -78.00     0.00    90.00
  68 	 -510.00  -155.88     0.00     0.00     0.00     0.00
  68 	 -510.00  -155.88     0.00     0.00     0.00     0.00
   	   24.00   -78.00     0.00    90.00
   	   24.00   -78.00     0.00    90.00
  69 	 -450.00  -155.88     0.00     0.00     0.00     0.00
  69 	 -450.00  -155.88     0.00     0.00     0.00     0.00
   	   24.00   -78.00     0.00    90.00
   	   24.00   -78.00     0.00    90.00
  70 	 -480.00  -103.92     0.00     0.00     0.00     0.00
  70 	 -480.00  -103.92     0.00     0.00     0.00     0.00
   	   24.00   -78.00     0.00    90.00
   	   24.00   -78.00     0.00    90.00
  71 	 -420.00  -103.92     0.00     0.00     0.00     0.00
  71 	 -420.00  -103.92     0.00     0.00     0.00     0.00
   	   24.00   -78.00     0.00    90.00
   	   24.00   -78.00     0.00    90.00

** End writing output file: ../inputs/gr461.dat 
