*******************************************************************************
                         ARRAY PREPROCESSOR ver. 1.0
*******************************************************************************



   1	GROUP testgroup
   3	 GRID TRIANGULAR
   4	 ELEMENT
   5	 GEOMETRY CIRCULAR 56
   7	 PORTS 4
   8	 PORT 1
   9	 POL_ORIENT X AMPLITUDE 75
  10	 PORT 2
  11	 AMPLITUDE 30
  12	 PHASE_POL_ARRANG 476
  13	 PORT 3
  14	 POL_ORIENT X AMPLITUDE 27
  15	 PORT 4
  16	 AMPLITUDE 20
  17	 PHASE_POL_ARRANG 486
  18	 ADD BLOCK 2 -3 3 -4
  19	 ADD BLOCK -10 -3 2 -3
  21	 GROUP_EXCITATION
  22	 AMPLITUDE UNIFORM 30
  23	 PHASE UNIFORM -88
  24	 END

** WARNING B2: GRID step(s) too small for specified element in GROUP: testgroup
** Generating GROUP: testgroup.
** PSTEP,QSTEP set to:112.000000,112.000000
** Grid ANGLE set to:60.000000 
** Group ROT_ANGLE set to: 0.000000 

** Writing output file: ../inputs/gr465.dat

NEL 
NPORTS
IDUM      REXA     REYA     REZA     THEA     PHEA     PSEA 
          AMP      PSH      PSC      PHEPOL
  17
  17
   4
   4
   1 	    0.00  -387.98     0.00     0.00     0.00     0.00
   1 	    0.00  -387.98     0.00     0.00     0.00     0.00
   	 2250.00   -88.00     0.00     0.00
   	 2250.00   -88.00     0.00     0.00
   	  900.00   388.00     0.00    90.00
   	  900.00   388.00     0.00    90.00
   	  810.00   -88.00     0.00     0.00
   	  810.00   -88.00     0.00     0.00
   	  600.00   398.00     0.00    90.00
   	  600.00   398.00     0.00    90.00
   2 	  112.00  -387.98     0.00     0.00     0.00     0.00
   2 	  112.00  -387.98     0.00     0.00     0.00     0.00
   	 2250.00   -88.00     0.00     0.00
   	 2250.00   -88.00     0.00     0.00
   	  900.00   388.00     0.00    90.00
   	  900.00   388.00     0.00    90.00
   	  810.00   -88.00     0.00     0.00
   	  810.00   -88.00     0.00     0.00
   	  600.00   398.00     0.00    90.00
   	  600.00   398.00     0.00    90.00
   3 	   56.00  -290.98     0.00     0.00     0.00     0.00
   3 	   56.00  -290.98     0.00     0.00     0.00     0.00
   	 2250.00   -88.00     0.00     0.00
   	 2250.00   -88.00     0.00     0.00
   	  900.00   388.00     0.00    90.00
   	  900.00   388.00     0.00    90.00
   	  810.00   -88.00     0.00     0.00
   	  810.00   -88.00     0.00     0.00
   	  600.00   398.00     0.00    90.00
   	  600.00   398.00     0.00    90.00
   4 	  168.00  -290.98     0.00     0.00     0.00     0.00
   4 	  168.00  -290.98     0.00     0.00     0.00     0.00
   	 2250.00   -88.00     0.00     0.00
   	 2250.00   -88.00     0.00     0.00
   	  900.00   388.00     0.00    90.00
   	  900.00   388.00     0.00    90.00
   	  810.00   -88.00     0.00     0.00
   	  810.00   -88.00     0.00     0.00
   	  600.00   398.00     0.00    90.00
   	  600.00   398.00     0.00    90.00
   5 	-1288.00  -290.98     0.00     0.00     0.00     0.00
   5 	-1288.00  -290.98     0.00     0.00     0.00     0.00
   	 2250.00   -88.00     0.00     0.00
   	 2250.00   -88.00     0.00     0.00
   	  900.00   388.00     0.00    90.00
   	  900.00   388.00     0.00    90.00
   	  810.00   -88.00     0.00     0.00
   	  810.00   -88.00     0.00     0.00
   	  600.00   398.00     0.00    90.00
   	  600.00   398.00     0.00    90.00
   6 	-1176.00  -290.98     0.00     0.00     0.00     0.00
   6 	-1176.00  -290.98     0.00     0.00     0.00     0.00
   	 2250.00   -88.00     0.00     0.00
   	 2250.00   -88.00     0.00     0.00
   	  900.00   388.00     0.00    90.00
   	  900.00   388.00     0.00    90.00
   	  810.00   -88.00     0.00     0.00
   	  810.00   -88.00     0.00     0.00
   	  600.00   398.00     0.00    90.00
   	  600.00   398.00     0.00    90.00
   7 	-1064.00  -290.98     0.00     0.00     0.00     0.00
   7 	-1064.00  -290.98     0.00     0.00     0.00     0.00
   	 2250.00   -88.00     0.00     0.00
   	 2250.00   -88.00     0.00     0.00
   	  900.00   388.00     0.00    90.00
   	  900.00   388.00     0.00    90.00
   	  810.00   -88.00     0.00     0.00
   	  810.00   -88.00     0.00     0.00
   	  600.00   398.00     0.00    90.00
   	  600.00   398.00     0.00    90.00
   8 	 -952.00  -290.98     0.00     0.00     0.00     0.00
   8 	 -952.00  -290.98     0.00     0.00     0.00     0.00
   	 2250.00   -88.00     0.00     0.00
   	 2250.00   -88.00     0.00     0.00
   	  900.00   388.00     0.00    90.00
   	  900.00   388.00     0.00    90.00
   	  810.00   -88.00     0.00     0.00
   	  810.00   -88.00     0.00     0.00
   	  600.00   398.00     0.00    90.00
   	  600.00   398.00     0.00    90.00
   9 	 -840.00  -290.98     0.00     0.00     0.00     0.00
   9 	 -840.00  -290.98     0.00     0.00     0.00     0.00
   	 2250.00   -88.00     0.00     0.00
   	 2250.00   -88.00     0.00     0.00
   	  900.00   388.00     0.00    90.00
   	  900.00   388.00     0.00    90.00
   	  810.00   -88.00     0.00     0.00
   	  810.00   -88.00     0.00     0.00
   	  600.00   398.00     0.00    90.00
   	  600.00   398.00     0.00    90.00
  10 	 -728.00  -290.98     0.00     0.00     0.00     0.00
  10 	 -728.00  -290.98     0.00     0.00     0.00     0.00
   	 2250.00   -88.00     0.00     0.00
   	 2250.00   -88.00     0.00     0.00
   	  900.00   388.00     0.00    90.00
   	  900.00   388.00     0.00    90.00
   	  810.00   -88.00     0.00     0.00
   	  810.00   -88.00     0.00     0.00
   	  600.00   398.00     0.00    90.00
   	  600.00   398.00     0.00    90.00
  11 	 -616.00  -290.98     0.00     0.00     0.00     0.00
  11 	 -616.00  -290.98     0.00     0.00     0.00     0.00
   	 2250.00   -88.00     0.00     0.00
   	 2250.00   -88.00     0.00     0.00
   	  900.00   388.00     0.00    90.00
   	  900.00   388.00     0.00    90.00
   	  810.00   -88.00     0.00     0.00
   	  810.00   -88.00     0.00     0.00
   	  600.00   398.00     0.00    90.00
   	  600.00   398.00     0.00    90.00
  12 	 -504.00  -290.98     0.00     0.00     0.00     0.00
  12 	 -504.00  -290.98     0.00     0.00     0.00     0.00
   	 2250.00   -88.00     0.00     0.00
   	 2250.00   -88.00     0.00     0.00
   	  900.00   388.00     0.00    90.00
   	  900.00   388.00     0.00    90.00
   	  810.00   -88.00     0.00     0.00
   	  810.00   -88.00     0.00     0.00
   	  600.00   398.00     0.00    90.00
   	  600.00   398.00     0.00    90.00
  13 	 -392.00  -290.98     0.00     0.00     0.00     0.00
  13 	 -392.00  -290.98     0.00     0.00     0.00     0.00
   	 2250.00   -88.00     0.00     0.00
   	 2250.00   -88.00     0.00     0.00
   	  900.00   388.00     0.00    90.00
   	  900.00   388.00     0.00    90.00
   	  810.00   -88.00     0.00     0.00
   	  810.00   -88.00     0.00     0.00
   	  600.00   398.00     0.00    90.00
   	  600.00   398.00     0.00    90.00
  14 	 -280.00  -290.98     0.00     0.00     0.00     0.00
  14 	 -280.00  -290.98     0.00     0.00     0.00     0.00
   	 2250.00   -88.00     0.00     0.00
   	 2250.00   -88.00     0.00     0.00
   	  900.00   388.00     0.00    90.00
   	  900.00   388.00     0.00    90.00
   	  810.00   -88.00     0.00     0.00
   	  810.00   -88.00     0.00     0.00
   	  600.00   398.00     0.00    90.00
   	  600.00   398.00     0.00    90.00
  15 	 -168.00  -290.98     0.00     0.00     0.00     0.00
  15 	 -168.00  -290.98     0.00     0.00     0.00     0.00
   	 2250.00   -88.00     0.00     0.00
   	 2250.00   -88.00     0.00     0.00
   	  900.00   388.00     0.00    90.00
   	  900.00   388.00     0.00    90.00
   	  810.00   -88.00     0.00     0.00
   	  810.00   -88.00     0.00     0.00
   	  600.00   398.00     0.00    90.00
   	  600.00   398.00     0.00    90.00
  16 	  -56.00  -290.98     0.00     0.00     0.00     0.00
  16 	  -56.00  -290.98     0.00     0.00     0.00     0.00
   	 2250.00   -88.00     0.00     0.00
   	 2250.00   -88.00     0.00     0.00
   	  900.00   388.00     0.00    90.00
   	  900.00   388.00     0.00    90.00
   	  810.00   -88.00     0.00     0.00
   	  810.00   -88.00     0.00     0.00
   	  600.00   398.00     0.00    90.00
   	  600.00   398.00     0.00    90.00
  17 	   56.00  -290.98     0.00     0.00     0.00     0.00
  17 	   56.00  -290.98     0.00     0.00     0.00     0.00
   	 2250.00   -88.00     0.00     0.00
   	 2250.00   -88.00     0.00     0.00
   	  900.00   388.00     0.00    90.00
   	  900.00   388.00     0.00    90.00
   	  810.00   -88.00     0.00     0.00
   	  810.00   -88.00     0.00     0.00
   	  600.00   398.00     0.00    90.00
   	  600.00   398.00     0.00    90.00

** End writing output file: ../inputs/gr465.dat 
