*******************************************************************************
                         ARRAY PREPROCESSOR ver. 1.0
*******************************************************************************



   1	GROUP testgroup
   3	 GRID HEXAGONAL STEP 28
   4	 ELEMENT
   5	 GEOMETRY CIRCULAR 55
   7	 PORTS 9
   8	 PORT 1
   9	 AMPLITUDE 64
  10	 PHASE_POL_ARRANG 593
  11	 PORT 2
  12	 AMPLITUDE 17
  13	 PHASE_POL_ARRANG 681 deg
  14	 PORT 3
  15	 AMPLITUDE 31
  16	 PHASE_POL_ARRANG 526
  17	 PORT 4
  18	 AMPLITUDE 22
  19	 PHASE_POL_ARRANG 466 deg
  20	 PORT 5
  21	 AMPLITUDE 20
  22	 PHASE_SHAPING 375
  23	 PHASE_POL_ARRANG 557
  24	 PORT 6
  25	 AMPLITUDE 32
  26	 PHASE_POL_ARRANG 585
  27	 PORT 7
  28	 AMPLITUDE 31
  29	 PORT 8
  30	 AMPLITUDE 34
  31	 PHASE_POL_ARRANG 696
  32	 PORT 9
  33	 AMPLITUDE 28
  34	 PHASE_POL_ARRANG 568
  35	 ADD BLOCK 6 4 1 2
  37	 GROUP_EXCITATION
  38	 AMPLITUDE UNIFORM 25
  39	 PHASE UNIFORM 198
  40	 END

** WARNING B2: GRID step(s) too small for specified element in GROUP: testgroup
** Generating GROUP: testgroup.
** PSTEP,QSTEP set to:28.000000,28.000000
** Grid ANGLE set to:60.000000 
** Group ROT_ANGLE set to: 0.000000 

** Writing output file: ../inputs/gr466.dat

NEL 
NPORTS
IDUM      REXA     REYA     REZA     THEA     PHEA     PSEA 
          AMP      PSH      PSC      PHEPOL
  18
  18
   9
   9
   1 	   56.00    48.50     0.00     0.00     0.00     0.00
   1 	   56.00    48.50     0.00     0.00     0.00     0.00
   	 1600.00   791.00     0.00    90.00
   	 1600.00   791.00     0.00    90.00
   	  425.00   879.00     0.00    90.00
   	  425.00   879.00     0.00    90.00
   	  775.00   724.00     0.00    90.00
   	  775.00   724.00     0.00    90.00
   	  550.00   664.00     0.00    90.00
   	  550.00   664.00     0.00    90.00
   	  500.00  1130.00     0.00    90.00
   	  500.00  1130.00     0.00    90.00
   	  800.00   783.00     0.00    90.00
   	  800.00   783.00     0.00    90.00
   	  775.00   198.00     0.00    90.00
   	  775.00   198.00     0.00    90.00
   	  850.00   894.00     0.00    90.00
   	  850.00   894.00     0.00    90.00
   	  700.00   766.00     0.00    90.00
   	  700.00   766.00     0.00    90.00
   2 	   84.00    48.50     0.00     0.00     0.00     0.00
   2 	   84.00    48.50     0.00     0.00     0.00     0.00
   	 1600.00   791.00     0.00    90.00
   	 1600.00   791.00     0.00    90.00
   	  425.00   879.00     0.00    90.00
   	  425.00   879.00     0.00    90.00
   	  775.00   724.00     0.00    90.00
   	  775.00   724.00     0.00    90.00
   	  550.00   664.00     0.00    90.00
   	  550.00   664.00     0.00    90.00
   	  500.00  1130.00     0.00    90.00
   	  500.00  1130.00     0.00    90.00
   	  800.00   783.00     0.00    90.00
   	  800.00   783.00     0.00    90.00
   	  775.00   198.00     0.00    90.00
   	  775.00   198.00     0.00    90.00
   	  850.00   894.00     0.00    90.00
   	  850.00   894.00     0.00    90.00
   	  700.00   766.00     0.00    90.00
   	  700.00   766.00     0.00    90.00
   3 	  112.00    48.50     0.00     0.00     0.00     0.00
   3 	  112.00    48.50     0.00     0.00     0.00     0.00
   	 1600.00   791.00     0.00    90.00
   	 1600.00   791.00     0.00    90.00
   	  425.00   879.00     0.00    90.00
   	  425.00   879.00     0.00    90.00
   	  775.00   724.00     0.00    90.00
   	  775.00   724.00     0.00    90.00
   	  550.00   664.00     0.00    90.00
   	  550.00   664.00     0.00    90.00
   	  500.00  1130.00     0.00    90.00
   	  500.00  1130.00     0.00    90.00
   	  800.00   783.00     0.00    90.00
   	  800.00   783.00     0.00    90.00
   	  775.00   198.00     0.00    90.00
   	  775.00   198.00     0.00    90.00
   	  850.00   894.00     0.00    90.00
   	  850.00   894.00     0.00    90.00
   	  700.00   766.00     0.00    90.00
   	  700.00   766.00     0.00    90.00
   4 	  140.00    48.50     0.00     0.00     0.00     0.00
   4 	  140.00    48.50     0.00     0.00     0.00     0.00
   	 1600.00   791.00     0.00    90.00
   	 1600.00   791.00     0.00    90.00
   	  425.00   879.00     0.00    90.00
   	  425.00   879.00     0.00    90.00
   	  775.00   724.00     0.00    90.00
   	  775.00   724.00     0.00    90.00
   	  550.00   664.00     0.00    90.00
   	  550.00   664.00     0.00    90.00
   	  500.00  1130.00     0.00    90.00
   	  500.00  1130.00     0.00    90.00
   	  800.00   783.00     0.00    90.00
   	  800.00   783.00     0.00    90.00
   	  775.00   198.00     0.00    90.00
   	  775.00   198.00     0.00    90.00
   	  850.00   894.00     0.00    90.00
   	  850.00   894.00     0.00    90.00
   	  700.00   766.00     0.00    90.00
   	  700.00   766.00     0.00    90.00
   5 	  168.00    48.50     0.00     0.00     0.00     0.00
   5 	  168.00    48.50     0.00     0.00     0.00     0.00
   	 1600.00   791.00     0.00    90.00
   	 1600.00   791.00     0.00    90.00
   	  425.00   879.00     0.00    90.00
   	  425.00   879.00     0.00    90.00
   	  775.00   724.00     0.00    90.00
   	  775.00   724.00     0.00    90.00
   	  550.00   664.00     0.00    90.00
   	  550.00   664.00     0.00    90.00
   	  500.00  1130.00     0.00    90.00
   	  500.00  1130.00     0.00    90.00
   	  800.00   783.00     0.00    90.00
   	  800.00   783.00     0.00    90.00
   	  775.00   198.00     0.00    90.00
   	  775.00   198.00     0.00    90.00
   	  850.00   894.00     0.00    90.00
   	  850.00   894.00     0.00    90.00
   	  700.00   766.00     0.00    90.00
   	  700.00   766.00     0.00    90.00
   6 	  196.00    48.50     0.00     0.00     0.00     0.00
   6 	  196.00    48.50     0.00     0.00     0.00     0.00
   	 1600.00   791.00     0.00    90.00
   	 1600.00   791.00     0.00    90.00
   	  425.00   879.00     0.00    90.00
   	  425.00   879.00     0.00    90.00
   	  775.00   724.00     0.00    90.00
   	  775.00   724.00     0.00    90.00
   	  550.00   664.00     0.00    90.00
   	  550.00   664.00     0.00    90.00
   	  500.00  1130.00     0.00    90.00
   	  500.00  1130.00     0.00    90.00
   	  800.00   783.00     0.00    90.00
   	  800.00   783.00     0.00    90.00
   	  775.00   198.00     0.00    90.00
   	  775.00   198.00     0.00    90.00
   	  850.00   894.00     0.00    90.00
   	  850.00   894.00     0.00    90.00
   	  700.00   766.00     0.00    90.00
   	  700.00   766.00     0.00    90.00
   7 	   70.00    72.75     0.00     0.00     0.00     0.00
   7 	   70.00    72.75     0.00     0.00     0.00     0.00
   	 1600.00   791.00     0.00    90.00
   	 1600.00   791.00     0.00    90.00
   	  425.00   879.00     0.00    90.00
   	  425.00   879.00     0.00    90.00
   	  775.00   724.00     0.00    90.00
   	  775.00   724.00     0.00    90.00
   	  550.00   664.00     0.00    90.00
   	  550.00   664.00     0.00    90.00
   	  500.00  1130.00     0.00    90.00
   	  500.00  1130.00     0.00    90.00
   	  800.00   783.00     0.00    90.00
   	  800.00   783.00     0.00    90.00
   	  775.00   198.00     0.00    90.00
   	  775.00   198.00     0.00    90.00
   	  850.00   894.00     0.00    90.00
   	  850.00   894.00     0.00    90.00
   	  700.00   766.00     0.00    90.00
   	  700.00   766.00     0.00    90.00
   8 	   98.00    72.75     0.00     0.00     0.00     0.00
   8 	   98.00    72.75     0.00     0.00     0.00     0.00
   	 1600.00   791.00     0.00    90.00
   	 1600.00   791.00     0.00    90.00
   	  425.00   879.00     0.00    90.00
   	  425.00   879.00     0.00    90.00
   	  775.00   724.00     0.00    90.00
   	  775.00   724.00     0.00    90.00
   	  550.00   664.00     0.00    90.00
   	  550.00   664.00     0.00    90.00
   	  500.00  1130.00     0.00    90.00
   	  500.00  1130.00     0.00    90.00
   	  800.00   783.00     0.00    90.00
   	  800.00   783.00     0.00    90.00
   	  775.00   198.00     0.00    90.00
   	  775.00   198.00     0.00    90.00
   	  850.00   894.00     0.00    90.00
   	  850.00   894.00     0.00    90.00
   	  700.00   766.00     0.00    90.00
   	  700.00   766.00     0.00    90.00
   9 	  126.00    72.75     0.00     0.00     0.00     0.00
   9 	  126.00    72.75     0.00     0.00     0.00     0.00
   	 1600.00   791.00     0.00    90.00
   	 1600.00   791.00     0.00    90.00
   	  425.00   879.00     0.00    90.00
   	  425.00   879.00     0.00    90.00
   	  775.00   724.00     0.00    90.00
   	  775.00   724.00     0.00    90.00
   	  550.00   664.00     0.00    90.00
   	  550.00   664.00     0.00    90.00
   	  500.00  1130.00     0.00    90.00
   	  500.00  1130.00     0.00    90.00
   	  800.00   783.00     0.00    90.00
   	  800.00   783.00     0.00    90.00
   	  775.00   198.00     0.00    90.00
   	  775.00   198.00     0.00    90.00
   	  850.00   894.00     0.00    90.00
   	  850.00   894.00     0.00    90.00
   	  700.00   766.00     0.00    90.00
   	  700.00   766.00     0.00    90.00
  10 	  154.00    72.75     0.00     0.00     0.00     0.00
  10 	  154.00    72.75     0.00     0.00     0.00     0.00
   	 1600.00   791.00     0.00    90.00
   	 1600.00   791.00     0.00    90.00
   	  425.00   879.00     0.00    90.00
   	  425.00   879.00     0.00    90.00
   	  775.00   724.00     0.00    90.00
   	  775.00   724.00     0.00    90.00
   	  550.00   664.00     0.00    90.00
   	  550.00   664.00     0.00    90.00
   	  500.00  1130.00     0.00    90.00
   	  500.00  1130.00     0.00    90.00
   	  800.00   783.00     0.00    90.00
   	  800.00   783.00     0.00    90.00
   	  775.00   198.00     0.00    90.00
   	  775.00   198.00     0.00    90.00
   	  850.00   894.00     0.00    90.00
   	  850.00   894.00     0.00    90.00
   	  700.00   766.00     0.00    90.00
   	  700.00   766.00     0.00    90.00
  11 	  182.00    72.75     0.00     0.00     0.00     0.00
  11 	  182.00    72.75     0.00     0.00     0.00     0.00
   	 1600.00   791.00     0.00    90.00
   	 1600.00   791.00     0.00    90.00
   	  425.00   879.00     0.00    90.00
   	  425.00   879.00     0.00    90.00
   	  775.00   724.00     0.00    90.00
   	  775.00   724.00     0.00    90.00
   	  550.00   664.00     0.00    90.00
   	  550.00   664.00     0.00    90.00
   	  500.00  1130.00     0.00    90.00
   	  500.00  1130.00     0.00    90.00
   	  800.00   783.00     0.00    90.00
   	  800.00   783.00     0.00    90.00
   	  775.00   198.00     0.00    90.00
   	  775.00   198.00     0.00    90.00
   	  850.00   894.00     0.00    90.00
   	  850.00   894.00     0.00    90.00
   	  700.00   766.00     0.00    90.00
   	  700.00   766.00     0.00    90.00
  12 	  210.00    72.75     0.00     0.00     0.00     0.00
  12 	  210.00    72.75     0.00     0.00     0.00     0.00
   	 1600.00   791.00     0.00    90.00
   	 1600.00   791.00     0.00    90.00
   	  425.00   879.00     0.00    90.00
   	  425.00   879.00     0.00    90.00
   	  775.00   724.00     0.00    90.00
   	  775.00   724.00     0.00    90.00
   	  550.00   664.00     0.00    90.00
   	  550.00   664.00     0.00    90.00
   	  500.00  1130.00     0.00    90.00
   	  500.00  1130.00     0.00    90.00
   	  800.00   783.00     0.00    90.00
   	  800.00   783.00     0.00    90.00
   	  775.00   198.00     0.00    90.00
   	  775.00   198.00     0.00    90.00
   	  850.00   894.00     0.00    90.00
   	  850.00   894.00     0.00    90.00
   	  700.00   766.00     0.00    90.00
   	  700.00   766.00     0.00    90.00
  13 	   84.00    96.99     0.00     0.00     0.00     0.00
  13 	   84.00    96.99     0.00     0.00     0.00     0.00
   	 1600.00   791.00     0.00    90.00
   	 1600.00   791.00     0.00    90.00
   	  425.00   879.00     0.00    90.00
   	  425.00   879.00     0.00    90.00
   	  775.00   724.00     0.00    90.00
   	  775.00   724.00     0.00    90.00
   	  550.00   664.00     0.00    90.00
   	  550.00   664.00     0.00    90.00
   	  500.00  1130.00     0.00    90.00
   	  500.00  1130.00     0.00    90.00
   	  800.00   783.00     0.00    90.00
   	  800.00   783.00     0.00    90.00
   	  775.00   198.00     0.00    90.00
   	  775.00   198.00     0.00    90.00
   	  850.00   894.00     0.00    90.00
   	  850.00   894.00     0.00    90.00
   	  700.00   766.00     0.00    90.00
   	  700.00   766.00     0.00    90.00
  14 	  112.00    96.99     0.00     0.00     0.00     0.00
  14 	  112.00    96.99     0.00     0.00     0.00     0.00
   	 1600.00   791.00     0.00    90.00
   	 1600.00   791.00     0.00    90.00
   	  425.00   879.00     0.00    90.00
   	  425.00   879.00     0.00    90.00
   	  775.00   724.00     0.00    90.00
   	  775.00   724.00     0.00    90.00
   	  550.00   664.00     0.00    90.00
   	  550.00   664.00     0.00    90.00
   	  500.00  1130.00     0.00    90.00
   	  500.00  1130.00     0.00    90.00
   	  800.00   783.00     0.00    90.00
   	  800.00   783.00     0.00    90.00
   	  775.00   198.00     0.00    90.00
   	  775.00   198.00     0.00    90.00
   	  850.00   894.00     0.00    90.00
   	  850.00   894.00     0.00    90.00
   	  700.00   766.00     0.00    90.00
   	  700.00   766.00     0.00    90.00
  15 	  140.00    96.99     0.00     0.00     0.00     0.00
  15 	  140.00    96.99     0.00     0.00     0.00     0.00
   	 1600.00   791.00     0.00    90.00
   	 1600.00   791.00     0.00    90.00
   	  425.00   879.00     0.00    90.00
   	  425.00   879.00     0.00    90.00
   	  775.00   724.00     0.00    90.00
   	  775.00   724.00     0.00    90.00
   	  550.00   664.00     0.00    90.00
   	  550.00   664.00     0.00    90.00
   	  500.00  1130.00     0.00    90.00
   	  500.00  1130.00     0.00    90.00
   	  800.00   783.00     0.00    90.00
   	  800.00   783.00     0.00    90.00
   	  775.00   198.00     0.00    90.00
   	  775.00   198.00     0.00    90.00
   	  850.00   894.00     0.00    90.00
   	  850.00   894.00     0.00    90.00
   	  700.00   766.00     0.00    90.00
   	  700.00   766.00     0.00    90.00
  16 	  168.00    96.99     0.00     0.00     0.00     0.00
  16 	  168.00    96.99     0.00     0.00     0.00     0.00
   	 1600.00   791.00     0.00    90.00
   	 1600.00   791.00     0.00    90.00
   	  425.00   879.00     0.00    90.00
   	  425.00   879.00     0.00    90.00
   	  775.00   724.00     0.00    90.00
   	  775.00   724.00     0.00    90.00
   	  550.00   664.00     0.00    90.00
   	  550.00   664.00     0.00    90.00
   	  500.00  1130.00     0.00    90.00
   	  500.00  1130.00     0.00    90.00
   	  800.00   783.00     0.00    90.00
   	  800.00   783.00     0.00    90.00
   	  775.00   198.00     0.00    90.00
   	  775.00   198.00     0.00    90.00
   	  850.00   894.00     0.00    90.00
   	  850.00   894.00     0.00    90.00
   	  700.00   766.00     0.00    90.00
   	  700.00   766.00     0.00    90.00
  17 	  196.00    96.99     0.00     0.00     0.00     0.00
  17 	  196.00    96.99     0.00     0.00     0.00     0.00
   	 1600.00   791.00     0.00    90.00
   	 1600.00   791.00     0.00    90.00
   	  425.00   879.00     0.00    90.00
   	  425.00   879.00     0.00    90.00
   	  775.00   724.00     0.00    90.00
   	  775.00   724.00     0.00    90.00
   	  550.00   664.00     0.00    90.00
   	  550.00   664.00     0.00    90.00
   	  500.00  1130.00     0.00    90.00
   	  500.00  1130.00     0.00    90.00
   	  800.00   783.00     0.00    90.00
   	  800.00   783.00     0.00    90.00
   	  775.00   198.00     0.00    90.00
   	  775.00   198.00     0.00    90.00
   	  850.00   894.00     0.00    90.00
   	  850.00   894.00     0.00    90.00
   	  700.00   766.00     0.00    90.00
   	  700.00   766.00     0.00    90.00
  18 	  224.00    96.99     0.00     0.00     0.00     0.00
  18 	  224.00    96.99     0.00     0.00     0.00     0.00
   	 1600.00   791.00     0.00    90.00
   	 1600.00   791.00     0.00    90.00
   	  425.00   879.00     0.00    90.00
   	  425.00   879.00     0.00    90.00
   	  775.00   724.00     0.00    90.00
   	  775.00   724.00     0.00    90.00
   	  550.00   664.00     0.00    90.00
   	  550.00   664.00     0.00    90.00
   	  500.00  1130.00     0.00    90.00
   	  500.00  1130.00     0.00    90.00
   	  800.00   783.00     0.00    90.00
   	  800.00   783.00     0.00    90.00
   	  775.00   198.00     0.00    90.00
   	  775.00   198.00     0.00    90.00
   	  850.00   894.00     0.00    90.00
   	  850.00   894.00     0.00    90.00
   	  700.00   766.00     0.00    90.00
   	  700.00   766.00     0.00    90.00

** End writing output file: ../inputs/gr466.dat 
