*******************************************************************************
                         ARRAY PREPROCESSOR ver. 1.0
*******************************************************************************



   1	GROUP testgroup
   3	 GRID RECTANGULAR PSTEP 74 QSTEP 68
   4	 ELEMENT
   5	 GEOMETRY CIRCULAR 88
   6	 POLARIZATION CIRCULAR
   7	 ADD BLOCK 10 -1 3 -1
   9	 GROUP_EXCITATION
  10	 AMPLITUDE UNIFORM 28
  11	 PHASE UNIFORM 60
  12	 END

** WARNING B2: GRID step(s) too small for specified element in GROUP: testgroup
** Generating GROUP: testgroup.
** PSTEP,QSTEP set to:74.000000,68.000000
** Grid ANGLE set to:90.000000 
** Group ROT_ANGLE set to: 0.000000 

** Writing output file: ../inputs/gr467.dat

NEL 
NPORTS
IDUM      REXA     REYA     REZA     THEA     PHEA     PSEA 
          AMP      PSH      PSC      PHEPOL
   8
   8
   1
   1
   1 	  222.00   -68.00     0.00     0.00     0.00     0.00
   1 	  222.00   -68.00     0.00     0.00     0.00     0.00
   	   28.00    60.00     0.00    90.00
   	   28.00    60.00     0.00    90.00
   2 	  296.00   -68.00     0.00     0.00     0.00     0.00
   2 	  296.00   -68.00     0.00     0.00     0.00     0.00
   	   28.00    60.00     0.00    90.00
   	   28.00    60.00     0.00    90.00
   3 	  370.00   -68.00     0.00     0.00     0.00     0.00
   3 	  370.00   -68.00     0.00     0.00     0.00     0.00
   	   28.00    60.00     0.00    90.00
   	   28.00    60.00     0.00    90.00
   4 	  444.00   -68.00     0.00     0.00     0.00     0.00
   4 	  444.00   -68.00     0.00     0.00     0.00     0.00
   	   28.00    60.00     0.00    90.00
   	   28.00    60.00     0.00    90.00
   5 	  518.00   -68.00     0.00     0.00     0.00     0.00
   5 	  518.00   -68.00     0.00     0.00     0.00     0.00
   	   28.00    60.00     0.00    90.00
   	   28.00    60.00     0.00    90.00
   6 	  592.00   -68.00     0.00     0.00     0.00     0.00
   6 	  592.00   -68.00     0.00     0.00     0.00     0.00
   	   28.00    60.00     0.00    90.00
   	   28.00    60.00     0.00    90.00
   7 	  666.00   -68.00     0.00     0.00     0.00     0.00
   7 	  666.00   -68.00     0.00     0.00     0.00     0.00
   	   28.00    60.00     0.00    90.00
   	   28.00    60.00     0.00    90.00
   8 	  740.00   -68.00     0.00     0.00     0.00     0.00
   8 	  740.00   -68.00     0.00     0.00     0.00     0.00
   	   28.00    60.00     0.00    90.00
   	   28.00    60.00     0.00    90.00

** End writing output file: ../inputs/gr467.dat 
