*******************************************************************************
                         ARRAY PREPROCESSOR ver. 1.0
*******************************************************************************



   1	GROUP testgroup
   3	 GRID SQUARE
   4	 ELEMENT
   5	 GEOMETRY RECTANGULAR PDIM 63 QDIM 36
   8	 ADD BLOCK -2 -4 0 2
  10	 GROUP_EXCITATION
  11	 AMPLITUDE UNIFORM 30
  12	 PHASE ROTATION SEQUENTIAL
  13	 END

** Generating GROUP: testgroup.
** PSTEP,QSTEP set to:72.560320,72.560320
** Grid ANGLE set to:90.000000 
** Group ROT_ANGLE set to: 0.000000 

** Writing output file: ../inputs/gr468.dat

NEL 
NPORTS
IDUM      REXA     REYA     REZA     THEA     PHEA     PSEA 
          AMP      PSH      PSC      PHEPOL
  21
  21
   1
   1
   1 	 -145.12  -290.24     0.00     0.00  -171.43     0.00
   1 	 -145.12  -290.24     0.00     0.00  -171.43     0.00
   	   30.00  -171.43     0.00    90.00
   	   30.00  -171.43     0.00    90.00
   2 	  -72.56  -290.24     0.00     0.00  -154.29     0.00
   2 	  -72.56  -290.24     0.00     0.00  -154.29     0.00
   	   30.00  -154.29     0.00    90.00
   	   30.00  -154.29     0.00    90.00
   3 	    0.00  -290.24     0.00     0.00  -137.14     0.00
   3 	    0.00  -290.24     0.00     0.00  -137.14     0.00
   	   30.00  -137.14     0.00    90.00
   	   30.00  -137.14     0.00    90.00
   4 	 -145.12  -217.68     0.00     0.00  -188.57     0.00
   4 	 -145.12  -217.68     0.00     0.00  -188.57     0.00
   	   30.00  -188.57     0.00    90.00
   	   30.00  -188.57     0.00    90.00
   5 	  -72.56  -217.68     0.00     0.00  -342.86     0.00
   5 	  -72.56  -217.68     0.00     0.00  -342.86     0.00
   	   30.00  -342.86     0.00    90.00
   	   30.00  -342.86     0.00    90.00
   6 	    0.00  -217.68     0.00     0.00  -120.00     0.00
   6 	    0.00  -217.68     0.00     0.00  -120.00     0.00
   	   30.00  -120.00     0.00    90.00
   	   30.00  -120.00     0.00    90.00
   7 	 -145.12  -145.12     0.00     0.00  -205.71     0.00
   7 	 -145.12  -145.12     0.00     0.00  -205.71     0.00
   	   30.00  -205.71     0.00    90.00
   	   30.00  -205.71     0.00    90.00
   8 	  -72.56  -145.12     0.00     0.00  -325.71     0.00
   8 	  -72.56  -145.12     0.00     0.00  -325.71     0.00
   	   30.00  -325.71     0.00    90.00
   	   30.00  -325.71     0.00    90.00
   9 	    0.00  -145.12     0.00     0.00  -102.86     0.00
   9 	    0.00  -145.12     0.00     0.00  -102.86     0.00
   	   30.00  -102.86     0.00    90.00
   	   30.00  -102.86     0.00    90.00
  10 	 -145.12   -72.56     0.00     0.00  -222.86     0.00
  10 	 -145.12   -72.56     0.00     0.00  -222.86     0.00
   	   30.00  -222.86     0.00    90.00
   	   30.00  -222.86     0.00    90.00
  11 	  -72.56   -72.56     0.00     0.00  -308.57     0.00
  11 	  -72.56   -72.56     0.00     0.00  -308.57     0.00
   	   30.00  -308.57     0.00    90.00
   	   30.00  -308.57     0.00    90.00
  12 	    0.00   -72.56     0.00     0.00   -85.71     0.00
  12 	    0.00   -72.56     0.00     0.00   -85.71     0.00
   	   30.00   -85.71     0.00    90.00
   	   30.00   -85.71     0.00    90.00
  13 	 -145.12     0.00     0.00     0.00  -240.00     0.00
  13 	 -145.12     0.00     0.00     0.00  -240.00     0.00
   	   30.00  -240.00     0.00    90.00
   	   30.00  -240.00     0.00    90.00
  14 	  -72.56     0.00     0.00     0.00  -291.43     0.00
  14 	  -72.56     0.00     0.00     0.00  -291.43     0.00
   	   30.00  -291.43     0.00    90.00
   	   30.00  -291.43     0.00    90.00
  15 	    0.00     0.00     0.00     0.00   -68.57     0.00
  15 	    0.00     0.00     0.00     0.00   -68.57     0.00
   	   30.00   -68.57     0.00    90.00
   	   30.00   -68.57     0.00    90.00
  16 	 -145.12    72.56     0.00     0.00  -257.14     0.00
  16 	 -145.12    72.56     0.00     0.00  -257.14     0.00
   	   30.00  -257.14     0.00    90.00
   	   30.00  -257.14     0.00    90.00
  17 	  -72.56    72.56     0.00     0.00  -274.29     0.00
  17 	  -72.56    72.56     0.00     0.00  -274.29     0.00
   	   30.00  -274.29     0.00    90.00
   	   30.00  -274.29     0.00    90.00
  18 	   -0.00    72.56     0.00     0.00   -51.43     0.00
  18 	   -0.00    72.56     0.00     0.00   -51.43     0.00
   	   30.00   -51.43     0.00    90.00
   	   30.00   -51.43     0.00    90.00
  19 	 -145.12   145.12     0.00     0.00     0.00     0.00
  19 	 -145.12   145.12     0.00     0.00     0.00     0.00
   	   30.00     0.00     0.00    90.00
   	   30.00     0.00     0.00    90.00
  20 	  -72.56   145.12     0.00     0.00   -17.14     0.00
  20 	  -72.56   145.12     0.00     0.00   -17.14     0.00
   	   30.00   -17.14     0.00    90.00
   	   30.00   -17.14     0.00    90.00
  21 	   -0.00   145.12     0.00     0.00   -34.29     0.00
  21 	   -0.00   145.12     0.00     0.00   -34.29     0.00
   	   30.00   -34.29     0.00    90.00
   	   30.00   -34.29     0.00    90.00

** End writing output file: ../inputs/gr468.dat 
