*******************************************************************************
                         ARRAY PREPROCESSOR ver. 1.0
*******************************************************************************



   1	GROUP testgroup
   3	 GRID HEXAGONAL
   4	 ELEMENT
   5	 GEOMETRY CIRCULAR 78
   7	 ADD BLOCK -7 -1 1 0
   8	 ADD BLOCK 0 1 -4 0
  10	 GROUP_EXCITATION
  11	 AMPLITUDE UNIFORM 24
  12	 PHASE UNIFORM -58
  13	 END

** Generating GROUP: testgroup.
** PSTEP,QSTEP set to:156.000000,156.000000
** Grid ANGLE set to:60.000000 
** Group ROT_ANGLE set to: 0.000000 

** Writing output file: ../inputs/gr473.dat

NEL 
NPORTS
IDUM      REXA     REYA     REZA     THEA     PHEA     PSEA 
          AMP      PSH      PSC      PHEPOL
  28
  28
   1
   1
   1 	-1170.00  -135.10     0.00     0.00     0.00     0.00
   1 	-1170.00  -135.10     0.00     0.00     0.00     0.00
   	   24.00   -58.00     0.00    90.00
   	   24.00   -58.00     0.00    90.00
   2 	-1014.00  -135.10     0.00     0.00     0.00     0.00
   2 	-1014.00  -135.10     0.00     0.00     0.00     0.00
   	   24.00   -58.00     0.00    90.00
   	   24.00   -58.00     0.00    90.00
   3 	 -858.00  -135.10     0.00     0.00     0.00     0.00
   3 	 -858.00  -135.10     0.00     0.00     0.00     0.00
   	   24.00   -58.00     0.00    90.00
   	   24.00   -58.00     0.00    90.00
   4 	 -702.00  -135.10     0.00     0.00     0.00     0.00
   4 	 -702.00  -135.10     0.00     0.00     0.00     0.00
   	   24.00   -58.00     0.00    90.00
   	   24.00   -58.00     0.00    90.00
   5 	 -546.00  -135.10     0.00     0.00     0.00     0.00
   5 	 -546.00  -135.10     0.00     0.00     0.00     0.00
   	   24.00   -58.00     0.00    90.00
   	   24.00   -58.00     0.00    90.00
   6 	 -390.00  -135.10     0.00     0.00     0.00     0.00
   6 	 -390.00  -135.10     0.00     0.00     0.00     0.00
   	   24.00   -58.00     0.00    90.00
   	   24.00   -58.00     0.00    90.00
   7 	 -234.00  -135.10     0.00     0.00     0.00     0.00
   7 	 -234.00  -135.10     0.00     0.00     0.00     0.00
   	   24.00   -58.00     0.00    90.00
   	   24.00   -58.00     0.00    90.00
   8 	  -78.00  -135.10     0.00     0.00     0.00     0.00
   8 	  -78.00  -135.10     0.00     0.00     0.00     0.00
   	   24.00   -58.00     0.00    90.00
   	   24.00   -58.00     0.00    90.00
   9 	   78.00  -135.10     0.00     0.00     0.00     0.00
   9 	   78.00  -135.10     0.00     0.00     0.00     0.00
   	   24.00   -58.00     0.00    90.00
   	   24.00   -58.00     0.00    90.00
  10 	-1092.00     0.00     0.00     0.00     0.00     0.00
  10 	-1092.00     0.00     0.00     0.00     0.00     0.00
   	   24.00   -58.00     0.00    90.00
   	   24.00   -58.00     0.00    90.00
  11 	 -936.00     0.00     0.00     0.00     0.00     0.00
  11 	 -936.00     0.00     0.00     0.00     0.00     0.00
   	   24.00   -58.00     0.00    90.00
   	   24.00   -58.00     0.00    90.00
  12 	 -780.00     0.00     0.00     0.00     0.00     0.00
  12 	 -780.00     0.00     0.00     0.00     0.00     0.00
   	   24.00   -58.00     0.00    90.00
   	   24.00   -58.00     0.00    90.00
  13 	 -624.00     0.00     0.00     0.00     0.00     0.00
  13 	 -624.00     0.00     0.00     0.00     0.00     0.00
   	   24.00   -58.00     0.00    90.00
   	   24.00   -58.00     0.00    90.00
  14 	 -468.00     0.00     0.00     0.00     0.00     0.00
  14 	 -468.00     0.00     0.00     0.00     0.00     0.00
   	   24.00   -58.00     0.00    90.00
   	   24.00   -58.00     0.00    90.00
  15 	 -312.00     0.00     0.00     0.00     0.00     0.00
  15 	 -312.00     0.00     0.00     0.00     0.00     0.00
   	   24.00   -58.00     0.00    90.00
   	   24.00   -58.00     0.00    90.00
  16 	 -156.00     0.00     0.00     0.00     0.00     0.00
  16 	 -156.00     0.00     0.00     0.00     0.00     0.00
   	   24.00   -58.00     0.00    90.00
   	   24.00   -58.00     0.00    90.00
  17 	    0.00     0.00     0.00     0.00     0.00     0.00
  17 	    0.00     0.00     0.00     0.00     0.00     0.00
   	   24.00   -58.00     0.00    90.00
   	   24.00   -58.00     0.00    90.00
  18 	  156.00     0.00     0.00     0.00     0.00     0.00
  18 	  156.00     0.00     0.00     0.00     0.00     0.00
   	   24.00   -58.00     0.00    90.00
   	   24.00   -58.00     0.00    90.00
  19 	 -624.00     0.00     0.00     0.00     0.00     0.00
  19 	 -624.00     0.00     0.00     0.00     0.00     0.00
   	   24.00   -58.00     0.00    90.00
   	   24.00   -58.00     0.00    90.00
  20 	 -468.00     0.00     0.00     0.00     0.00     0.00
  20 	 -468.00     0.00     0.00     0.00     0.00     0.00
   	   24.00   -58.00     0.00    90.00
   	   24.00   -58.00     0.00    90.00
  21 	 -312.00     0.00     0.00     0.00     0.00     0.00
  21 	 -312.00     0.00     0.00     0.00     0.00     0.00
   	   24.00   -58.00     0.00    90.00
   	   24.00   -58.00     0.00    90.00
  22 	 -156.00     0.00     0.00     0.00     0.00     0.00
  22 	 -156.00     0.00     0.00     0.00     0.00     0.00
   	   24.00   -58.00     0.00    90.00
   	   24.00   -58.00     0.00    90.00
  23 	    0.00     0.00     0.00     0.00     0.00     0.00
  23 	    0.00     0.00     0.00     0.00     0.00     0.00
   	   24.00   -58.00     0.00    90.00
   	   24.00   -58.00     0.00    90.00
  24 	 -546.00   135.10     0.00     0.00     0.00     0.00
  24 	 -546.00   135.10     0.00     0.00     0.00     0.00
   	   24.00   -58.00     0.00    90.00
   	   24.00   -58.00     0.00    90.00
  25 	 -390.00   135.10     0.00     0.00     0.00     0.00
  25 	 -390.00   135.10     0.00     0.00     0.00     0.00
   	   24.00   -58.00     0.00    90.00
   	   24.00   -58.00     0.00    90.00
  26 	 -234.00   135.10     0.00     0.00     0.00     0.00
  26 	 -234.00   135.10     0.00     0.00     0.00     0.00
   	   24.00   -58.00     0.00    90.00
   	   24.00   -58.00     0.00    90.00
  27 	  -78.00   135.10     0.00     0.00     0.00     0.00
  27 	  -78.00   135.10     0.00     0.00     0.00     0.00
   	   24.00   -58.00     0.00    90.00
   	   24.00   -58.00     0.00    90.00
  28 	   78.00   135.10     0.00     0.00     0.00     0.00
  28 	   78.00   135.10     0.00     0.00     0.00     0.00
   	   24.00   -58.00     0.00    90.00
   	   24.00   -58.00     0.00    90.00

** End writing output file: ../inputs/gr473.dat 
