*******************************************************************************
                         ARRAY PREPROCESSOR ver. 1.0
*******************************************************************************



   1	GROUP testgroup
   3	 GRID TRIANGULAR
   4	 ELEMENT
   5	 GEOMETRY CIRCULAR 65
   7	 ADD BLOCK -2 0 0 -6
   8	 ADD NODE -1 0
   9	 ADD NODE 6 -1
  10	 ADD BLOCK -1 5 1 -6
  12	 GROUP_EXCITATION
  13	 AMPLITUDE UNIFORM 27
  14	 PHASE UNIFORM 60
  15	 END

** WARNING B2: GRID step(s) too small for specified element in GROUP: testgroup
** Generating GROUP: testgroup.
** PSTEP,QSTEP set to:130.000000,130.000000
** Grid ANGLE set to:60.000000 
** Group ROT_ANGLE set to: 0.000000 

** Writing output file: ../inputs/gr474.dat

NEL 
NPORTS
IDUM      REXA     REYA     REZA     THEA     PHEA     PSEA 
          AMP      PSH      PSC      PHEPOL
  59
  59
   1
   1
   1 	 -650.00  -675.50     0.00     0.00     0.00     0.00
   1 	 -650.00  -675.50     0.00     0.00     0.00     0.00
   	   27.00    60.00     0.00    90.00
   	   27.00    60.00     0.00    90.00
   2 	 -520.00  -675.50     0.00     0.00     0.00     0.00
   2 	 -520.00  -675.50     0.00     0.00     0.00     0.00
   	   27.00    60.00     0.00    90.00
   	   27.00    60.00     0.00    90.00
   3 	 -390.00  -675.50     0.00     0.00     0.00     0.00
   3 	 -390.00  -675.50     0.00     0.00     0.00     0.00
   	   27.00    60.00     0.00    90.00
   	   27.00    60.00     0.00    90.00
   4 	 -585.00  -562.92     0.00     0.00     0.00     0.00
   4 	 -585.00  -562.92     0.00     0.00     0.00     0.00
   	   27.00    60.00     0.00    90.00
   	   27.00    60.00     0.00    90.00
   5 	 -455.00  -562.92     0.00     0.00     0.00     0.00
   5 	 -455.00  -562.92     0.00     0.00     0.00     0.00
   	   27.00    60.00     0.00    90.00
   	   27.00    60.00     0.00    90.00
   6 	 -325.00  -562.92     0.00     0.00     0.00     0.00
   6 	 -325.00  -562.92     0.00     0.00     0.00     0.00
   	   27.00    60.00     0.00    90.00
   	   27.00    60.00     0.00    90.00
   7 	 -520.00  -450.33     0.00     0.00     0.00     0.00
   7 	 -520.00  -450.33     0.00     0.00     0.00     0.00
   	   27.00    60.00     0.00    90.00
   	   27.00    60.00     0.00    90.00
   8 	 -390.00  -450.33     0.00     0.00     0.00     0.00
   8 	 -390.00  -450.33     0.00     0.00     0.00     0.00
   	   27.00    60.00     0.00    90.00
   	   27.00    60.00     0.00    90.00
   9 	 -260.00  -450.33     0.00     0.00     0.00     0.00
   9 	 -260.00  -450.33     0.00     0.00     0.00     0.00
   	   27.00    60.00     0.00    90.00
   	   27.00    60.00     0.00    90.00
  10 	 -455.00  -337.75     0.00     0.00     0.00     0.00
  10 	 -455.00  -337.75     0.00     0.00     0.00     0.00
   	   27.00    60.00     0.00    90.00
   	   27.00    60.00     0.00    90.00
  11 	 -325.00  -337.75     0.00     0.00     0.00     0.00
  11 	 -325.00  -337.75     0.00     0.00     0.00     0.00
   	   27.00    60.00     0.00    90.00
   	   27.00    60.00     0.00    90.00
  12 	 -195.00  -337.75     0.00     0.00     0.00     0.00
  12 	 -195.00  -337.75     0.00     0.00     0.00     0.00
   	   27.00    60.00     0.00    90.00
   	   27.00    60.00     0.00    90.00
  13 	 -390.00  -225.17     0.00     0.00     0.00     0.00
  13 	 -390.00  -225.17     0.00     0.00     0.00     0.00
   	   27.00    60.00     0.00    90.00
   	   27.00    60.00     0.00    90.00
  14 	 -260.00  -225.17     0.00     0.00     0.00     0.00
  14 	 -260.00  -225.17     0.00     0.00     0.00     0.00
   	   27.00    60.00     0.00    90.00
   	   27.00    60.00     0.00    90.00
  15 	 -130.00  -225.17     0.00     0.00     0.00     0.00
  15 	 -130.00  -225.17     0.00     0.00     0.00     0.00
   	   27.00    60.00     0.00    90.00
   	   27.00    60.00     0.00    90.00
  16 	 -325.00  -112.58     0.00     0.00     0.00     0.00
  16 	 -325.00  -112.58     0.00     0.00     0.00     0.00
   	   27.00    60.00     0.00    90.00
   	   27.00    60.00     0.00    90.00
  17 	 -195.00  -112.58     0.00     0.00     0.00     0.00
  17 	 -195.00  -112.58     0.00     0.00     0.00     0.00
   	   27.00    60.00     0.00    90.00
   	   27.00    60.00     0.00    90.00
  18 	  -65.00  -112.58     0.00     0.00     0.00     0.00
  18 	  -65.00  -112.58     0.00     0.00     0.00     0.00
   	   27.00    60.00     0.00    90.00
   	   27.00    60.00     0.00    90.00
  19 	 -260.00     0.00     0.00     0.00     0.00     0.00
  19 	 -260.00     0.00     0.00     0.00     0.00     0.00
   	   27.00    60.00     0.00    90.00
   	   27.00    60.00     0.00    90.00
  20 	 -130.00     0.00     0.00     0.00     0.00     0.00
  20 	 -130.00     0.00     0.00     0.00     0.00     0.00
   	   27.00    60.00     0.00    90.00
   	   27.00    60.00     0.00    90.00
  21 	    0.00     0.00     0.00     0.00     0.00     0.00
  21 	    0.00     0.00     0.00     0.00     0.00     0.00
   	   27.00    60.00     0.00    90.00
   	   27.00    60.00     0.00    90.00
  22 	 -130.00     0.00     0.00     0.00     0.00     0.00
  22 	 -130.00     0.00     0.00     0.00     0.00     0.00
   	   27.00    60.00     0.00    90.00
   	   27.00    60.00     0.00    90.00
  23 	  715.00  -112.58     0.00     0.00     0.00     0.00
  23 	  715.00  -112.58     0.00     0.00     0.00     0.00
   	   27.00    60.00     0.00    90.00
   	   27.00    60.00     0.00    90.00
  24 	 -520.00  -675.50     0.00     0.00     0.00     0.00
  24 	 -520.00  -675.50     0.00     0.00     0.00     0.00
   	   27.00    60.00     0.00    90.00
   	   27.00    60.00     0.00    90.00
  25 	 -390.00  -675.50     0.00     0.00     0.00     0.00
  25 	 -390.00  -675.50     0.00     0.00     0.00     0.00
   	   27.00    60.00     0.00    90.00
   	   27.00    60.00     0.00    90.00
  26 	 -260.00  -675.50     0.00     0.00     0.00     0.00
  26 	 -260.00  -675.50     0.00     0.00     0.00     0.00
   	   27.00    60.00     0.00    90.00
   	   27.00    60.00     0.00    90.00
  27 	 -455.00  -562.92     0.00     0.00     0.00     0.00
  27 	 -455.00  -562.92     0.00     0.00     0.00     0.00
   	   27.00    60.00     0.00    90.00
   	   27.00    60.00     0.00    90.00
  28 	 -325.00  -562.92     0.00     0.00     0.00     0.00
  28 	 -325.00  -562.92     0.00     0.00     0.00     0.00
   	   27.00    60.00     0.00    90.00
   	   27.00    60.00     0.00    90.00
  29 	 -195.00  -562.92     0.00     0.00     0.00     0.00
  29 	 -195.00  -562.92     0.00     0.00     0.00     0.00
   	   27.00    60.00     0.00    90.00
   	   27.00    60.00     0.00    90.00
  30 	 -390.00  -450.33     0.00     0.00     0.00     0.00
  30 	 -390.00  -450.33     0.00     0.00     0.00     0.00
   	   27.00    60.00     0.00    90.00
   	   27.00    60.00     0.00    90.00
  31 	 -260.00  -450.33     0.00     0.00     0.00     0.00
  31 	 -260.00  -450.33     0.00     0.00     0.00     0.00
   	   27.00    60.00     0.00    90.00
   	   27.00    60.00     0.00    90.00
  32 	 -130.00  -450.33     0.00     0.00     0.00     0.00
  32 	 -130.00  -450.33     0.00     0.00     0.00     0.00
   	   27.00    60.00     0.00    90.00
   	   27.00    60.00     0.00    90.00
  33 	 -325.00  -337.75     0.00     0.00     0.00     0.00
  33 	 -325.00  -337.75     0.00     0.00     0.00     0.00
   	   27.00    60.00     0.00    90.00
   	   27.00    60.00     0.00    90.00
  34 	 -195.00  -337.75     0.00     0.00     0.00     0.00
  34 	 -195.00  -337.75     0.00     0.00     0.00     0.00
   	   27.00    60.00     0.00    90.00
   	   27.00    60.00     0.00    90.00
  35 	  -65.00  -337.75     0.00     0.00     0.00     0.00
  35 	  -65.00  -337.75     0.00     0.00     0.00     0.00
   	   27.00    60.00     0.00    90.00
   	   27.00    60.00     0.00    90.00
  36 	 -260.00  -225.17     0.00     0.00     0.00     0.00
  36 	 -260.00  -225.17     0.00     0.00     0.00     0.00
   	   27.00    60.00     0.00    90.00
   	   27.00    60.00     0.00    90.00
  37 	 -130.00  -225.17     0.00     0.00     0.00     0.00
  37 	 -130.00  -225.17     0.00     0.00     0.00     0.00
   	   27.00    60.00     0.00    90.00
   	   27.00    60.00     0.00    90.00
  38 	    0.00  -225.17     0.00     0.00     0.00     0.00
  38 	    0.00  -225.17     0.00     0.00     0.00     0.00
   	   27.00    60.00     0.00    90.00
   	   27.00    60.00     0.00    90.00
  39 	 -195.00  -112.58     0.00     0.00     0.00     0.00
  39 	 -195.00  -112.58     0.00     0.00     0.00     0.00
   	   27.00    60.00     0.00    90.00
   	   27.00    60.00     0.00    90.00
  40 	  -65.00  -112.58     0.00     0.00     0.00     0.00
  40 	  -65.00  -112.58     0.00     0.00     0.00     0.00
   	   27.00    60.00     0.00    90.00
   	   27.00    60.00     0.00    90.00
  41 	   65.00  -112.58     0.00     0.00     0.00     0.00
  41 	   65.00  -112.58     0.00     0.00     0.00     0.00
   	   27.00    60.00     0.00    90.00
   	   27.00    60.00     0.00    90.00
  42 	 -130.00     0.00     0.00     0.00     0.00     0.00
  42 	 -130.00     0.00     0.00     0.00     0.00     0.00
   	   27.00    60.00     0.00    90.00
   	   27.00    60.00     0.00    90.00
  43 	    0.00     0.00     0.00     0.00     0.00     0.00
  43 	    0.00     0.00     0.00     0.00     0.00     0.00
   	   27.00    60.00     0.00    90.00
   	   27.00    60.00     0.00    90.00
  44 	  130.00     0.00     0.00     0.00     0.00     0.00
  44 	  130.00     0.00     0.00     0.00     0.00     0.00
   	   27.00    60.00     0.00    90.00
   	   27.00    60.00     0.00    90.00
  45 	  -65.00   112.58     0.00     0.00     0.00     0.00
  45 	  -65.00   112.58     0.00     0.00     0.00     0.00
   	   27.00    60.00     0.00    90.00
   	   27.00    60.00     0.00    90.00
  46 	   65.00   112.58     0.00     0.00     0.00     0.00
  46 	   65.00   112.58     0.00     0.00     0.00     0.00
   	   27.00    60.00     0.00    90.00
   	   27.00    60.00     0.00    90.00
  47 	  195.00   112.58     0.00     0.00     0.00     0.00
  47 	  195.00   112.58     0.00     0.00     0.00     0.00
   	   27.00    60.00     0.00    90.00
   	   27.00    60.00     0.00    90.00
  48 	   -0.00   225.17     0.00     0.00     0.00     0.00
  48 	   -0.00   225.17     0.00     0.00     0.00     0.00
   	   27.00    60.00     0.00    90.00
   	   27.00    60.00     0.00    90.00
  49 	  130.00   225.17     0.00     0.00     0.00     0.00
  49 	  130.00   225.17     0.00     0.00     0.00     0.00
   	   27.00    60.00     0.00    90.00
   	   27.00    60.00     0.00    90.00
  50 	  260.00   225.17     0.00     0.00     0.00     0.00
  50 	  260.00   225.17     0.00     0.00     0.00     0.00
   	   27.00    60.00     0.00    90.00
   	   27.00    60.00     0.00    90.00
  51 	   65.00   337.75     0.00     0.00     0.00     0.00
  51 	   65.00   337.75     0.00     0.00     0.00     0.00
   	   27.00    60.00     0.00    90.00
   	   27.00    60.00     0.00    90.00
  52 	  195.00   337.75     0.00     0.00     0.00     0.00
  52 	  195.00   337.75     0.00     0.00     0.00     0.00
   	   27.00    60.00     0.00    90.00
   	   27.00    60.00     0.00    90.00
  53 	  325.00   337.75     0.00     0.00     0.00     0.00
  53 	  325.00   337.75     0.00     0.00     0.00     0.00
   	   27.00    60.00     0.00    90.00
   	   27.00    60.00     0.00    90.00
  54 	  130.00   450.33     0.00     0.00     0.00     0.00
  54 	  130.00   450.33     0.00     0.00     0.00     0.00
   	   27.00    60.00     0.00    90.00
   	   27.00    60.00     0.00    90.00
  55 	  260.00   450.33     0.00     0.00     0.00     0.00
  55 	  260.00   450.33     0.00     0.00     0.00     0.00
   	   27.00    60.00     0.00    90.00
   	   27.00    60.00     0.00    90.00
  56 	  390.00   450.33     0.00     0.00     0.00     0.00
  56 	  390.00   450.33     0.00     0.00     0.00     0.00
   	   27.00    60.00     0.00    90.00
   	   27.00    60.00     0.00    90.00
  57 	  195.00   562.92     0.00     0.00     0.00     0.00
  57 	  195.00   562.92     0.00     0.00     0.00     0.00
   	   27.00    60.00     0.00    90.00
   	   27.00    60.00     0.00    90.00
  58 	  325.00   562.92     0.00     0.00     0.00     0.00
  58 	  325.00   562.92     0.00     0.00     0.00     0.00
   	   27.00    60.00     0.00    90.00
   	   27.00    60.00     0.00    90.00
  59 	  455.00   562.92     0.00     0.00     0.00     0.00
  59 	  455.00   562.92     0.00     0.00     0.00     0.00
   	   27.00    60.00     0.00    90.00
   	   27.00    60.00     0.00    90.00

** End writing output file: ../inputs/gr474.dat 
