*******************************************************************************
                         ARRAY PREPROCESSOR ver. 1.0
*******************************************************************************



   1	GROUP testgroup
   3	 GRID RECTANGULAR
   4	 ELEMENT
   5	 GEOMETRY RECTANGULAR 61 42 mm
   8	 ADD BLOCK 6 -3 4 2
  10	 GROUP_EXCITATION
  11	 AMPLITUDE UNIFORM 20
  12	 PHASE SECOND ORDER 20 33 32 29 18
  13	 END

** Generating GROUP: testgroup.
** PSTEP,QSTEP set to:61.000000,42.000000
** Grid ANGLE set to:90.000000 
** Group ROT_ANGLE set to: 0.000000 

** Writing output file: ../inputs/gr476.dat

NEL 
NPORTS
IDUM      REXA     REYA     REZA     THEA     PHEA     PSEA 
          AMP      PSH      PSC      PHEPOL
  18
  18
   1
   1
   1 	  244.00  -126.00     0.00     0.00     0.00     0.00
   1 	  244.00  -126.00     0.00     0.00     0.00     0.00
   	   20.00    42.00     0.00    90.00
   	   20.00    42.00     0.00    90.00
   2 	  305.00  -126.00     0.00     0.00     0.00     0.00
   2 	  305.00  -126.00     0.00     0.00     0.00     0.00
   	   20.00    29.00     0.00    90.00
   	   20.00    29.00     0.00    90.00
   3 	  366.00  -126.00     0.00     0.00     0.00     0.00
   3 	  366.00  -126.00     0.00     0.00     0.00     0.00
   	   20.00    41.00     0.00    90.00
   	   20.00    41.00     0.00    90.00
   4 	  244.00   -84.00     0.00     0.00     0.00     0.00
   4 	  244.00   -84.00     0.00     0.00     0.00     0.00
   	   20.00    37.56     0.00    90.00
   	   20.00    37.56     0.00    90.00
   5 	  305.00   -84.00     0.00     0.00     0.00     0.00
   5 	  305.00   -84.00     0.00     0.00     0.00     0.00
   	   20.00    24.56     0.00    90.00
   	   20.00    24.56     0.00    90.00
   6 	  366.00   -84.00     0.00     0.00     0.00     0.00
   6 	  366.00   -84.00     0.00     0.00     0.00     0.00
   	   20.00    36.56     0.00    90.00
   	   20.00    36.56     0.00    90.00
   7 	  244.00   -42.00     0.00     0.00     0.00     0.00
   7 	  244.00   -42.00     0.00     0.00     0.00     0.00
   	   20.00    34.24     0.00    90.00
   	   20.00    34.24     0.00    90.00
   8 	  305.00   -42.00     0.00     0.00     0.00     0.00
   8 	  305.00   -42.00     0.00     0.00     0.00     0.00
   	   20.00    21.24     0.00    90.00
   	   20.00    21.24     0.00    90.00
   9 	  366.00   -42.00     0.00     0.00     0.00     0.00
   9 	  366.00   -42.00     0.00     0.00     0.00     0.00
   	   20.00    33.24     0.00    90.00
   	   20.00    33.24     0.00    90.00
  10 	  244.00     0.00     0.00     0.00     0.00     0.00
  10 	  244.00     0.00     0.00     0.00     0.00     0.00
   	   20.00    32.04     0.00    90.00
   	   20.00    32.04     0.00    90.00
  11 	  305.00     0.00     0.00     0.00     0.00     0.00
  11 	  305.00     0.00     0.00     0.00     0.00     0.00
   	   20.00    19.04     0.00    90.00
   	   20.00    19.04     0.00    90.00
  12 	  366.00     0.00     0.00     0.00     0.00     0.00
  12 	  366.00     0.00     0.00     0.00     0.00     0.00
   	   20.00    31.04     0.00    90.00
   	   20.00    31.04     0.00    90.00
  13 	  244.00    42.00     0.00     0.00     0.00     0.00
  13 	  244.00    42.00     0.00     0.00     0.00     0.00
   	   20.00    30.96     0.00    90.00
   	   20.00    30.96     0.00    90.00
  14 	  305.00    42.00     0.00     0.00     0.00     0.00
  14 	  305.00    42.00     0.00     0.00     0.00     0.00
   	   20.00    17.96     0.00    90.00
   	   20.00    17.96     0.00    90.00
  15 	  366.00    42.00     0.00     0.00     0.00     0.00
  15 	  366.00    42.00     0.00     0.00     0.00     0.00
   	   20.00    29.96     0.00    90.00
   	   20.00    29.96     0.00    90.00
  16 	  244.00    84.00     0.00     0.00     0.00     0.00
  16 	  244.00    84.00     0.00     0.00     0.00     0.00
   	   20.00    31.00     0.00    90.00
   	   20.00    31.00     0.00    90.00
  17 	  305.00    84.00     0.00     0.00     0.00     0.00
  17 	  305.00    84.00     0.00     0.00     0.00     0.00
   	   20.00    18.00     0.00    90.00
   	   20.00    18.00     0.00    90.00
  18 	  366.00    84.00     0.00     0.00     0.00     0.00
  18 	  366.00    84.00     0.00     0.00     0.00     0.00
   	   20.00    30.00     0.00    90.00
   	   20.00    30.00     0.00    90.00

** End writing output file: ../inputs/gr476.dat 
