*******************************************************************************
                         ARRAY PREPROCESSOR ver. 1.0
*******************************************************************************



   1	GROUP testgroup
   3	 GRID RECTANGULAR
   4	 ELEMENT
   5	 GEOMETRY RECTANGULAR PDIM 42 QDIM 65
   7	 POLARIZATION LINEAR
   8	 ADD BLOCK 0 4 1 0
   9	 ADD BLOCK 2 -4 0 2
  10	 ADD BLOCK 0 2 5 0
  12	 GROUP_EXCITATION
  13	 AMPLITUDE UNIFORM 25
  14	 PHASE UNIFORM 14
  15	 END

** Generating GROUP: testgroup.
** PSTEP,QSTEP set to:42.000000,65.000000
** Grid ANGLE set to:90.000000 
** Group ROT_ANGLE set to: 0.000000 

** Writing output file: ../inputs/gr48.dat

NEL 
NPORTS
IDUM      REXA     REYA     REZA     THEA     PHEA     PSEA 
          AMP      PSH      PSC      PHEPOL
  49
  49
   1
   1
   1 	    0.00     0.00     0.00     0.00     0.00     0.00
   1 	    0.00     0.00     0.00     0.00     0.00     0.00
   	   25.00    14.00     0.00    90.00
   	   25.00    14.00     0.00    90.00
   2 	   42.00     0.00     0.00     0.00     0.00     0.00
   2 	   42.00     0.00     0.00     0.00     0.00     0.00
   	   25.00    14.00     0.00    90.00
   	   25.00    14.00     0.00    90.00
   3 	   -0.00    65.00     0.00     0.00     0.00     0.00
   3 	   -0.00    65.00     0.00     0.00     0.00     0.00
   	   25.00    14.00     0.00    90.00
   	   25.00    14.00     0.00    90.00
   4 	   42.00    65.00     0.00     0.00     0.00     0.00
   4 	   42.00    65.00     0.00     0.00     0.00     0.00
   	   25.00    14.00     0.00    90.00
   	   25.00    14.00     0.00    90.00
   5 	   -0.00   130.00     0.00     0.00     0.00     0.00
   5 	   -0.00   130.00     0.00     0.00     0.00     0.00
   	   25.00    14.00     0.00    90.00
   	   25.00    14.00     0.00    90.00
   6 	   42.00   130.00     0.00     0.00     0.00     0.00
   6 	   42.00   130.00     0.00     0.00     0.00     0.00
   	   25.00    14.00     0.00    90.00
   	   25.00    14.00     0.00    90.00
   7 	   -0.00   195.00     0.00     0.00     0.00     0.00
   7 	   -0.00   195.00     0.00     0.00     0.00     0.00
   	   25.00    14.00     0.00    90.00
   	   25.00    14.00     0.00    90.00
   8 	   42.00   195.00     0.00     0.00     0.00     0.00
   8 	   42.00   195.00     0.00     0.00     0.00     0.00
   	   25.00    14.00     0.00    90.00
   	   25.00    14.00     0.00    90.00
   9 	   -0.00   260.00     0.00     0.00     0.00     0.00
   9 	   -0.00   260.00     0.00     0.00     0.00     0.00
   	   25.00    14.00     0.00    90.00
   	   25.00    14.00     0.00    90.00
  10 	   42.00   260.00     0.00     0.00     0.00     0.00
  10 	   42.00   260.00     0.00     0.00     0.00     0.00
   	   25.00    14.00     0.00    90.00
   	   25.00    14.00     0.00    90.00
  11 	    0.00  -260.00     0.00     0.00     0.00     0.00
  11 	    0.00  -260.00     0.00     0.00     0.00     0.00
   	   25.00    14.00     0.00    90.00
   	   25.00    14.00     0.00    90.00
  12 	   42.00  -260.00     0.00     0.00     0.00     0.00
  12 	   42.00  -260.00     0.00     0.00     0.00     0.00
   	   25.00    14.00     0.00    90.00
   	   25.00    14.00     0.00    90.00
  13 	   84.00  -260.00     0.00     0.00     0.00     0.00
  13 	   84.00  -260.00     0.00     0.00     0.00     0.00
   	   25.00    14.00     0.00    90.00
   	   25.00    14.00     0.00    90.00
  14 	    0.00  -195.00     0.00     0.00     0.00     0.00
  14 	    0.00  -195.00     0.00     0.00     0.00     0.00
   	   25.00    14.00     0.00    90.00
   	   25.00    14.00     0.00    90.00
  15 	   42.00  -195.00     0.00     0.00     0.00     0.00
  15 	   42.00  -195.00     0.00     0.00     0.00     0.00
   	   25.00    14.00     0.00    90.00
   	   25.00    14.00     0.00    90.00
  16 	   84.00  -195.00     0.00     0.00     0.00     0.00
  16 	   84.00  -195.00     0.00     0.00     0.00     0.00
   	   25.00    14.00     0.00    90.00
   	   25.00    14.00     0.00    90.00
  17 	    0.00  -130.00     0.00     0.00     0.00     0.00
  17 	    0.00  -130.00     0.00     0.00     0.00     0.00
   	   25.00    14.00     0.00    90.00
   	   25.00    14.00     0.00    90.00
  18 	   42.00  -130.00     0.00     0.00     0.00     0.00
  18 	   42.00  -130.00     0.00     0.00     0.00     0.00
   	   25.00    14.00     0.00    90.00
   	   25.00    14.00     0.00    90.00
  19 	   84.00  -130.00     0.00     0.00     0.00     0.00
  19 	   84.00  -130.00     0.00     0.00     0.00     0.00
   	   25.00    14.00     0.00    90.00
   	   25.00    14.00     0.00    90.00
  20 	    0.00   -65.00     0.00     0.00     0.00     0.00
  20 	    0.00   -65.00     0.00     0.00     0.00     0.00
   	   25.00    14.00     0.00    90.00
   	   25.00    14.00     0.00    90.00
  21 	   42.00   -65.00     0.00     0.00     0.00     0.00
  21 	   42.00   -65.00     0.00     0.00     0.00     0.00
   	   25.00    14.00     0.00    90.00
   	   25.00    14.00     0.00    90.00
  22 	   84.00   -65.00     0.00     0.00     0.00     0.00
  22 	   84.00   -65.00     0.00     0.00     0.00     0.00
   	   25.00    14.00     0.00    90.00
   	   25.00    14.00     0.00    90.00
  23 	    0.00     0.00     0.00     0.00     0.00     0.00
  23 	    0.00     0.00     0.00     0.00     0.00     0.00
   	   25.00    14.00     0.00    90.00
   	   25.00    14.00     0.00    90.00
  24 	   42.00     0.00     0.00     0.00     0.00     0.00
  24 	   42.00     0.00     0.00     0.00     0.00     0.00
   	   25.00    14.00     0.00    90.00
   	   25.00    14.00     0.00    90.00
  25 	   84.00     0.00     0.00     0.00     0.00     0.00
  25 	   84.00     0.00     0.00     0.00     0.00     0.00
   	   25.00    14.00     0.00    90.00
   	   25.00    14.00     0.00    90.00
  26 	   -0.00    65.00     0.00     0.00     0.00     0.00
  26 	   -0.00    65.00     0.00     0.00     0.00     0.00
   	   25.00    14.00     0.00    90.00
   	   25.00    14.00     0.00    90.00
  27 	   42.00    65.00     0.00     0.00     0.00     0.00
  27 	   42.00    65.00     0.00     0.00     0.00     0.00
   	   25.00    14.00     0.00    90.00
   	   25.00    14.00     0.00    90.00
  28 	   84.00    65.00     0.00     0.00     0.00     0.00
  28 	   84.00    65.00     0.00     0.00     0.00     0.00
   	   25.00    14.00     0.00    90.00
   	   25.00    14.00     0.00    90.00
  29 	   -0.00   130.00     0.00     0.00     0.00     0.00
  29 	   -0.00   130.00     0.00     0.00     0.00     0.00
   	   25.00    14.00     0.00    90.00
   	   25.00    14.00     0.00    90.00
  30 	   42.00   130.00     0.00     0.00     0.00     0.00
  30 	   42.00   130.00     0.00     0.00     0.00     0.00
   	   25.00    14.00     0.00    90.00
   	   25.00    14.00     0.00    90.00
  31 	   84.00   130.00     0.00     0.00     0.00     0.00
  31 	   84.00   130.00     0.00     0.00     0.00     0.00
   	   25.00    14.00     0.00    90.00
   	   25.00    14.00     0.00    90.00
  32 	    0.00     0.00     0.00     0.00     0.00     0.00
  32 	    0.00     0.00     0.00     0.00     0.00     0.00
   	   25.00    14.00     0.00    90.00
   	   25.00    14.00     0.00    90.00
  33 	   42.00     0.00     0.00     0.00     0.00     0.00
  33 	   42.00     0.00     0.00     0.00     0.00     0.00
   	   25.00    14.00     0.00    90.00
   	   25.00    14.00     0.00    90.00
  34 	   84.00     0.00     0.00     0.00     0.00     0.00
  34 	   84.00     0.00     0.00     0.00     0.00     0.00
   	   25.00    14.00     0.00    90.00
   	   25.00    14.00     0.00    90.00
  35 	  126.00     0.00     0.00     0.00     0.00     0.00
  35 	  126.00     0.00     0.00     0.00     0.00     0.00
   	   25.00    14.00     0.00    90.00
   	   25.00    14.00     0.00    90.00
  36 	  168.00     0.00     0.00     0.00     0.00     0.00
  36 	  168.00     0.00     0.00     0.00     0.00     0.00
   	   25.00    14.00     0.00    90.00
   	   25.00    14.00     0.00    90.00
  37 	  210.00     0.00     0.00     0.00     0.00     0.00
  37 	  210.00     0.00     0.00     0.00     0.00     0.00
   	   25.00    14.00     0.00    90.00
   	   25.00    14.00     0.00    90.00
  38 	   -0.00    65.00     0.00     0.00     0.00     0.00
  38 	   -0.00    65.00     0.00     0.00     0.00     0.00
   	   25.00    14.00     0.00    90.00
   	   25.00    14.00     0.00    90.00
  39 	   42.00    65.00     0.00     0.00     0.00     0.00
  39 	   42.00    65.00     0.00     0.00     0.00     0.00
   	   25.00    14.00     0.00    90.00
   	   25.00    14.00     0.00    90.00
  40 	   84.00    65.00     0.00     0.00     0.00     0.00
  40 	   84.00    65.00     0.00     0.00     0.00     0.00
   	   25.00    14.00     0.00    90.00
   	   25.00    14.00     0.00    90.00
  41 	  126.00    65.00     0.00     0.00     0.00     0.00
  41 	  126.00    65.00     0.00     0.00     0.00     0.00
   	   25.00    14.00     0.00    90.00
   	   25.00    14.00     0.00    90.00
  42 	  168.00    65.00     0.00     0.00     0.00     0.00
  42 	  168.00    65.00     0.00     0.00     0.00     0.00
   	   25.00    14.00     0.00    90.00
   	   25.00    14.00     0.00    90.00
  43 	  210.00    65.00     0.00     0.00     0.00     0.00
  43 	  210.00    65.00     0.00     0.00     0.00     0.00
   	   25.00    14.00     0.00    90.00
   	   25.00    14.00     0.00    90.00
  44 	   -0.00   130.00     0.00     0.00     0.00     0.00
  44 	   -0.00   130.00     0.00     0.00     0.00     0.00
   	   25.00    14.00     0.00    90.00
   	   25.00    14.00     0.00    90.00
  45 	   42.00   130.00     0.00     0.00     0.00     0.00
  45 	   42.00   130.00     0.00     0.00     0.00     0.00
   	   25.00    14.00     0.00    90.00
   	   25.00    14.00     0.00    90.00
  46 	   84.00   130.00     0.00     0.00     0.00     0.00
  46 	   84.00   130.00     0.00     0.00     0.00     0.00
   	   25.00    14.00     0.00    90.00
   	   25.00    14.00     0.00    90.00
  47 	  126.00   130.00     0.00     0.00     0.00     0.00
  47 	  126.00   130.00     0.00     0.00     0.00     0.00
   	   25.00    14.00     0.00    90.00
   	   25.00    14.00     0.00    90.00
  48 	  168.00   130.00     0.00     0.00     0.00     0.00
  48 	  168.00   130.00     0.00     0.00     0.00     0.00
   	   25.00    14.00     0.00    90.00
   	   25.00    14.00     0.00    90.00
  49 	  210.00   130.00     0.00     0.00     0.00     0.00
  49 	  210.00   130.00     0.00     0.00     0.00     0.00
   	   25.00    14.00     0.00    90.00
   	   25.00    14.00     0.00    90.00

** End writing output file: ../inputs/gr48.dat 
