*******************************************************************************
                         ARRAY PREPROCESSOR ver. 1.0
*******************************************************************************



   1	GROUP testgroup
   3	 GRID RECTANGULAR
   4	 ELEMENT
   5	 GEOMETRY CIRCULAR 76
   7	 ADD BLOCK 4 -1 -4 0
   9	 GROUP_EXCITATION
  10	 AMPLITUDE UNIFORM 27
  11	 PHASE UNIFORM 76
  12	 END

** Generating GROUP: testgroup.
** PSTEP,QSTEP set to:152.000000,152.000000
** Grid ANGLE set to:90.000000 
** Group ROT_ANGLE set to: 0.000000 

** Writing output file: ../inputs/gr480.dat

NEL 
NPORTS
IDUM      REXA     REYA     REZA     THEA     PHEA     PSEA 
          AMP      PSH      PSC      PHEPOL
  18
  18
   1
   1
   1 	 -608.00  -152.00     0.00     0.00     0.00     0.00
   1 	 -608.00  -152.00     0.00     0.00     0.00     0.00
   	   27.00    76.00     0.00    90.00
   	   27.00    76.00     0.00    90.00
   2 	 -456.00  -152.00     0.00     0.00     0.00     0.00
   2 	 -456.00  -152.00     0.00     0.00     0.00     0.00
   	   27.00    76.00     0.00    90.00
   	   27.00    76.00     0.00    90.00
   3 	 -304.00  -152.00     0.00     0.00     0.00     0.00
   3 	 -304.00  -152.00     0.00     0.00     0.00     0.00
   	   27.00    76.00     0.00    90.00
   	   27.00    76.00     0.00    90.00
   4 	 -152.00  -152.00     0.00     0.00     0.00     0.00
   4 	 -152.00  -152.00     0.00     0.00     0.00     0.00
   	   27.00    76.00     0.00    90.00
   	   27.00    76.00     0.00    90.00
   5 	    0.00  -152.00     0.00     0.00     0.00     0.00
   5 	    0.00  -152.00     0.00     0.00     0.00     0.00
   	   27.00    76.00     0.00    90.00
   	   27.00    76.00     0.00    90.00
   6 	  152.00  -152.00     0.00     0.00     0.00     0.00
   6 	  152.00  -152.00     0.00     0.00     0.00     0.00
   	   27.00    76.00     0.00    90.00
   	   27.00    76.00     0.00    90.00
   7 	  304.00  -152.00     0.00     0.00     0.00     0.00
   7 	  304.00  -152.00     0.00     0.00     0.00     0.00
   	   27.00    76.00     0.00    90.00
   	   27.00    76.00     0.00    90.00
   8 	  456.00  -152.00     0.00     0.00     0.00     0.00
   8 	  456.00  -152.00     0.00     0.00     0.00     0.00
   	   27.00    76.00     0.00    90.00
   	   27.00    76.00     0.00    90.00
   9 	  608.00  -152.00     0.00     0.00     0.00     0.00
   9 	  608.00  -152.00     0.00     0.00     0.00     0.00
   	   27.00    76.00     0.00    90.00
   	   27.00    76.00     0.00    90.00
  10 	 -608.00     0.00     0.00     0.00     0.00     0.00
  10 	 -608.00     0.00     0.00     0.00     0.00     0.00
   	   27.00    76.00     0.00    90.00
   	   27.00    76.00     0.00    90.00
  11 	 -456.00     0.00     0.00     0.00     0.00     0.00
  11 	 -456.00     0.00     0.00     0.00     0.00     0.00
   	   27.00    76.00     0.00    90.00
   	   27.00    76.00     0.00    90.00
  12 	 -304.00     0.00     0.00     0.00     0.00     0.00
  12 	 -304.00     0.00     0.00     0.00     0.00     0.00
   	   27.00    76.00     0.00    90.00
   	   27.00    76.00     0.00    90.00
  13 	 -152.00     0.00     0.00     0.00     0.00     0.00
  13 	 -152.00     0.00     0.00     0.00     0.00     0.00
   	   27.00    76.00     0.00    90.00
   	   27.00    76.00     0.00    90.00
  14 	    0.00     0.00     0.00     0.00     0.00     0.00
  14 	    0.00     0.00     0.00     0.00     0.00     0.00
   	   27.00    76.00     0.00    90.00
   	   27.00    76.00     0.00    90.00
  15 	  152.00     0.00     0.00     0.00     0.00     0.00
  15 	  152.00     0.00     0.00     0.00     0.00     0.00
   	   27.00    76.00     0.00    90.00
   	   27.00    76.00     0.00    90.00
  16 	  304.00     0.00     0.00     0.00     0.00     0.00
  16 	  304.00     0.00     0.00     0.00     0.00     0.00
   	   27.00    76.00     0.00    90.00
   	   27.00    76.00     0.00    90.00
  17 	  456.00     0.00     0.00     0.00     0.00     0.00
  17 	  456.00     0.00     0.00     0.00     0.00     0.00
   	   27.00    76.00     0.00    90.00
   	   27.00    76.00     0.00    90.00
  18 	  608.00     0.00     0.00     0.00     0.00     0.00
  18 	  608.00     0.00     0.00     0.00     0.00     0.00
   	   27.00    76.00     0.00    90.00
   	   27.00    76.00     0.00    90.00

** End writing output file: ../inputs/gr480.dat 
