*******************************************************************************
                         ARRAY PREPROCESSOR ver. 1.0
*******************************************************************************



   1	GROUP testgroup
   3	 GRID HEXAGONAL
   4	 ELEMENT
   5	 GEOMETRY CIRCULAR RADIUS 46
   7	 ADD BLOCK -6 -1 -6 -8
   9	 GROUP_EXCITATION
  10	 AMPLITUDE UNIFORM 22
  11	 PHASE UNIFORM 98 deg
  12	 END

** Generating GROUP: testgroup.
** PSTEP,QSTEP set to:92.000000,92.000000
** Grid ANGLE set to:60.000000 
** Group ROT_ANGLE set to: 0.000000 

** Writing output file: ../inputs/gr484.dat

NEL 
NPORTS
IDUM      REXA     REYA     REZA     THEA     PHEA     PSEA 
          AMP      PSH      PSC      PHEPOL
   8
   8
   1
   1
   1 	 -920.00  -637.39     0.00     0.00     0.00     0.00
   1 	 -920.00  -637.39     0.00     0.00     0.00     0.00
   	   22.00    98.00     0.00    90.00
   	   22.00    98.00     0.00    90.00
   2 	 -874.00  -557.72     0.00     0.00     0.00     0.00
   2 	 -874.00  -557.72     0.00     0.00     0.00     0.00
   	   22.00    98.00     0.00    90.00
   	   22.00    98.00     0.00    90.00
   3 	 -828.00  -478.05     0.00     0.00     0.00     0.00
   3 	 -828.00  -478.05     0.00     0.00     0.00     0.00
   	   22.00    98.00     0.00    90.00
   	   22.00    98.00     0.00    90.00
   4 	 -782.00  -398.37     0.00     0.00     0.00     0.00
   4 	 -782.00  -398.37     0.00     0.00     0.00     0.00
   	   22.00    98.00     0.00    90.00
   	   22.00    98.00     0.00    90.00
   5 	 -736.00  -318.70     0.00     0.00     0.00     0.00
   5 	 -736.00  -318.70     0.00     0.00     0.00     0.00
   	   22.00    98.00     0.00    90.00
   	   22.00    98.00     0.00    90.00
   6 	 -690.00  -239.02     0.00     0.00     0.00     0.00
   6 	 -690.00  -239.02     0.00     0.00     0.00     0.00
   	   22.00    98.00     0.00    90.00
   	   22.00    98.00     0.00    90.00
   7 	 -644.00  -159.35     0.00     0.00     0.00     0.00
   7 	 -644.00  -159.35     0.00     0.00     0.00     0.00
   	   22.00    98.00     0.00    90.00
   	   22.00    98.00     0.00    90.00
   8 	 -598.00   -79.67     0.00     0.00     0.00     0.00
   8 	 -598.00   -79.67     0.00     0.00     0.00     0.00
   	   22.00    98.00     0.00    90.00
   	   22.00    98.00     0.00    90.00

** End writing output file: ../inputs/gr484.dat 
