*******************************************************************************
                         ARRAY PREPROCESSOR ver. 1.0
*******************************************************************************



   1	GROUP testgroup
   3	 GRID RECTANGULAR
   4	 ELEMENT
   5	 GEOMETRY CIRCULAR 62
   6	 POLARIZATION CIRCULAR
   7	 ADD NODE -1 3
   8	 ADD BLOCK 9 -2 0 1
  10	 GROUP_EXCITATION
  11	 AMPLITUDE UNIFORM 26
  12	 PHASE UNIFORM 30 deg
  13	 END

** Generating GROUP: testgroup.
** PSTEP,QSTEP set to:124.000000,124.000000
** Grid ANGLE set to:90.000000 
** Group ROT_ANGLE set to: 0.000000 

** Writing output file: ../inputs/gr485.dat

NEL 
NPORTS
IDUM      REXA     REYA     REZA     THEA     PHEA     PSEA 
          AMP      PSH      PSC      PHEPOL
  41
  41
   1
   1
   1 	 -124.00   372.00     0.00     0.00     0.00     0.00
   1 	 -124.00   372.00     0.00     0.00     0.00     0.00
   	   26.00    30.00     0.00    90.00
   	   26.00    30.00     0.00    90.00
   2 	    0.00  -248.00     0.00     0.00     0.00     0.00
   2 	    0.00  -248.00     0.00     0.00     0.00     0.00
   	   26.00    30.00     0.00    90.00
   	   26.00    30.00     0.00    90.00
   3 	  124.00  -248.00     0.00     0.00     0.00     0.00
   3 	  124.00  -248.00     0.00     0.00     0.00     0.00
   	   26.00    30.00     0.00    90.00
   	   26.00    30.00     0.00    90.00
   4 	  248.00  -248.00     0.00     0.00     0.00     0.00
   4 	  248.00  -248.00     0.00     0.00     0.00     0.00
   	   26.00    30.00     0.00    90.00
   	   26.00    30.00     0.00    90.00
   5 	  372.00  -248.00     0.00     0.00     0.00     0.00
   5 	  372.00  -248.00     0.00     0.00     0.00     0.00
   	   26.00    30.00     0.00    90.00
   	   26.00    30.00     0.00    90.00
   6 	  496.00  -248.00     0.00     0.00     0.00     0.00
   6 	  496.00  -248.00     0.00     0.00     0.00     0.00
   	   26.00    30.00     0.00    90.00
   	   26.00    30.00     0.00    90.00
   7 	  620.00  -248.00     0.00     0.00     0.00     0.00
   7 	  620.00  -248.00     0.00     0.00     0.00     0.00
   	   26.00    30.00     0.00    90.00
   	   26.00    30.00     0.00    90.00
   8 	  744.00  -248.00     0.00     0.00     0.00     0.00
   8 	  744.00  -248.00     0.00     0.00     0.00     0.00
   	   26.00    30.00     0.00    90.00
   	   26.00    30.00     0.00    90.00
   9 	  868.00  -248.00     0.00     0.00     0.00     0.00
   9 	  868.00  -248.00     0.00     0.00     0.00     0.00
   	   26.00    30.00     0.00    90.00
   	   26.00    30.00     0.00    90.00
  10 	  992.00  -248.00     0.00     0.00     0.00     0.00
  10 	  992.00  -248.00     0.00     0.00     0.00     0.00
   	   26.00    30.00     0.00    90.00
   	   26.00    30.00     0.00    90.00
  11 	 1116.00  -248.00     0.00     0.00     0.00     0.00
  11 	 1116.00  -248.00     0.00     0.00     0.00     0.00
   	   26.00    30.00     0.00    90.00
   	   26.00    30.00     0.00    90.00
  12 	    0.00  -124.00     0.00     0.00     0.00     0.00
  12 	    0.00  -124.00     0.00     0.00     0.00     0.00
   	   26.00    30.00     0.00    90.00
   	   26.00    30.00     0.00    90.00
  13 	  124.00  -124.00     0.00     0.00     0.00     0.00
  13 	  124.00  -124.00     0.00     0.00     0.00     0.00
   	   26.00    30.00     0.00    90.00
   	   26.00    30.00     0.00    90.00
  14 	  248.00  -124.00     0.00     0.00     0.00     0.00
  14 	  248.00  -124.00     0.00     0.00     0.00     0.00
   	   26.00    30.00     0.00    90.00
   	   26.00    30.00     0.00    90.00
  15 	  372.00  -124.00     0.00     0.00     0.00     0.00
  15 	  372.00  -124.00     0.00     0.00     0.00     0.00
   	   26.00    30.00     0.00    90.00
   	   26.00    30.00     0.00    90.00
  16 	  496.00  -124.00     0.00     0.00     0.00     0.00
  16 	  496.00  -124.00     0.00     0.00     0.00     0.00
   	   26.00    30.00     0.00    90.00
   	   26.00    30.00     0.00    90.00
  17 	  620.00  -124.00     0.00     0.00     0.00     0.00
  17 	  620.00  -124.00     0.00     0.00     0.00     0.00
   	   26.00    30.00     0.00    90.00
   	   26.00    30.00     0.00    90.00
  18 	  744.00  -124.00     0.00     0.00     0.00     0.00
  18 	  744.00  -124.00     0.00     0.00     0.00     0.00
   	   26.00    30.00     0.00    90.00
   	   26.00    30.00     0.00    90.00
  19 	  868.00  -124.00     0.00     0.00     0.00     0.00
  19 	  868.00  -124.00     0.00     0.00     0.00     0.00
   	   26.00    30.00     0.00    90.00
   	   26.00    30.00     0.00    90.00
  20 	  992.00  -124.00     0.00     0.00     0.00     0.00
  20 	  992.00  -124.00     0.00     0.00     0.00     0.00
   	   26.00    30.00     0.00    90.00
   	   26.00    30.00     0.00    90.00
  21 	 1116.00  -124.00     0.00     0.00     0.00     0.00
  21 	 1116.00  -124.00     0.00     0.00     0.00     0.00
   	   26.00    30.00     0.00    90.00
   	   26.00    30.00     0.00    90.00
  22 	    0.00     0.00     0.00     0.00     0.00     0.00
  22 	    0.00     0.00     0.00     0.00     0.00     0.00
   	   26.00    30.00     0.00    90.00
   	   26.00    30.00     0.00    90.00
  23 	  124.00     0.00     0.00     0.00     0.00     0.00
  23 	  124.00     0.00     0.00     0.00     0.00     0.00
   	   26.00    30.00     0.00    90.00
   	   26.00    30.00     0.00    90.00
  24 	  248.00     0.00     0.00     0.00     0.00     0.00
  24 	  248.00     0.00     0.00     0.00     0.00     0.00
   	   26.00    30.00     0.00    90.00
   	   26.00    30.00     0.00    90.00
  25 	  372.00     0.00     0.00     0.00     0.00     0.00
  25 	  372.00     0.00     0.00     0.00     0.00     0.00
   	   26.00    30.00     0.00    90.00
   	   26.00    30.00     0.00    90.00
  26 	  496.00     0.00     0.00     0.00     0.00     0.00
  26 	  496.00     0.00     0.00     0.00     0.00     0.00
   	   26.00    30.00     0.00    90.00
   	   26.00    30.00     0.00    90.00
  27 	  620.00     0.00     0.00     0.00     0.00     0.00
  27 	  620.00     0.00     0.00     0.00     0.00     0.00
   	   26.00    30.00     0.00    90.00
   	   26.00    30.00     0.00    90.00
  28 	  744.00     0.00     0.00     0.00     0.00     0.00
  28 	  744.00     0.00     0.00     0.00     0.00     0.00
   	   26.00    30.00     0.00    90.00
   	   26.00    30.00     0.00    90.00
  29 	  868.00     0.00     0.00     0.00     0.00     0.00
  29 	  868.00     0.00     0.00     0.00     0.00     0.00
   	   26.00    30.00     0.00    90.00
   	   26.00    30.00     0.00    90.00
  30 	  992.00     0.00     0.00     0.00     0.00     0.00
  30 	  992.00     0.00     0.00     0.00     0.00     0.00
   	   26.00    30.00     0.00    90.00
   	   26.00    30.00     0.00    90.00
  31 	 1116.00     0.00     0.00     0.00     0.00     0.00
  31 	 1116.00     0.00     0.00     0.00     0.00     0.00
   	   26.00    30.00     0.00    90.00
   	   26.00    30.00     0.00    90.00
  32 	   -0.00   124.00     0.00     0.00     0.00     0.00
  32 	   -0.00   124.00     0.00     0.00     0.00     0.00
   	   26.00    30.00     0.00    90.00
   	   26.00    30.00     0.00    90.00
  33 	  124.00   124.00     0.00     0.00     0.00     0.00
  33 	  124.00   124.00     0.00     0.00     0.00     0.00
   	   26.00    30.00     0.00    90.00
   	   26.00    30.00     0.00    90.00
  34 	  248.00   124.00     0.00     0.00     0.00     0.00
  34 	  248.00   124.00     0.00     0.00     0.00     0.00
   	   26.00    30.00     0.00    90.00
   	   26.00    30.00     0.00    90.00
  35 	  372.00   124.00     0.00     0.00     0.00     0.00
  35 	  372.00   124.00     0.00     0.00     0.00     0.00
   	   26.00    30.00     0.00    90.00
   	   26.00    30.00     0.00    90.00
  36 	  496.00   124.00     0.00     0.00     0.00     0.00
  36 	  496.00   124.00     0.00     0.00     0.00     0.00
   	   26.00    30.00     0.00    90.00
   	   26.00    30.00     0.00    90.00
  37 	  620.00   124.00     0.00     0.00     0.00     0.00
  37 	  620.00   124.00     0.00     0.00     0.00     0.00
   	   26.00    30.00     0.00    90.00
   	   26.00    30.00     0.00    90.00
  38 	  744.00   124.00     0.00     0.00     0.00     0.00
  38 	  744.00   124.00     0.00     0.00     0.00     0.00
   	   26.00    30.00     0.00    90.00
   	   26.00    30.00     0.00    90.00
  39 	  868.00   124.00     0.00     0.00     0.00     0.00
  39 	  868.00   124.00     0.00     0.00     0.00     0.00
   	   26.00    30.00     0.00    90.00
   	   26.00    30.00     0.00    90.00
  40 	  992.00   124.00     0.00     0.00     0.00     0.00
  40 	  992.00   124.00     0.00     0.00     0.00     0.00
   	   26.00    30.00     0.00    90.00
   	   26.00    30.00     0.00    90.00
  41 	 1116.00   124.00     0.00     0.00     0.00     0.00
  41 	 1116.00   124.00     0.00     0.00     0.00     0.00
   	   26.00    30.00     0.00    90.00
   	   26.00    30.00     0.00    90.00

** End writing output file: ../inputs/gr485.dat 
