*******************************************************************************
                         ARRAY PREPROCESSOR ver. 1.0
*******************************************************************************



   1	GROUP testgroup
   3	 GRID HEXAGONAL STEP 55
   4	 ELEMENT
   5	 GEOMETRY CIRCULAR RADIUS 75
   6	 POLARIZATION LINEAR ORIENTATION X
   7	 ADD BLOCK 5 5 -3 7
   9	 GROUP_EXCITATION
  10	 AMPLITUDE UNIFORM 30
  11	 PHASE UNIFORM -77
  12	 END

** WARNING B2: GRID step(s) too small for specified element in GROUP: testgroup
** Generating GROUP: testgroup.
** PSTEP,QSTEP set to:55.000000,55.000000
** Grid ANGLE set to:60.000000 
** Group ROT_ANGLE set to: 0.000000 

** Writing output file: ../inputs/gr489.dat

NEL 
NPORTS
IDUM      REXA     REYA     REZA     THEA     PHEA     PSEA 
          AMP      PSH      PSC      PHEPOL
  27
  27
   1
   1
   1 	  -27.50   238.16     0.00     0.00     0.00     0.00
   1 	  -27.50   238.16     0.00     0.00     0.00     0.00
   	   30.00   -77.00     0.00     0.00
   	   30.00   -77.00     0.00     0.00
   2 	   27.50   238.16     0.00     0.00     0.00     0.00
   2 	   27.50   238.16     0.00     0.00     0.00     0.00
   	   30.00   -77.00     0.00     0.00
   	   30.00   -77.00     0.00     0.00
   3 	   82.50   238.16     0.00     0.00     0.00     0.00
   3 	   82.50   238.16     0.00     0.00     0.00     0.00
   	   30.00   -77.00     0.00     0.00
   	   30.00   -77.00     0.00     0.00
   4 	  137.50   238.16     0.00     0.00     0.00     0.00
   4 	  137.50   238.16     0.00     0.00     0.00     0.00
   	   30.00   -77.00     0.00     0.00
   	   30.00   -77.00     0.00     0.00
   5 	  192.50   238.16     0.00     0.00     0.00     0.00
   5 	  192.50   238.16     0.00     0.00     0.00     0.00
   	   30.00   -77.00     0.00     0.00
   	   30.00   -77.00     0.00     0.00
   6 	  247.50   238.16     0.00     0.00     0.00     0.00
   6 	  247.50   238.16     0.00     0.00     0.00     0.00
   	   30.00   -77.00     0.00     0.00
   	   30.00   -77.00     0.00     0.00
   7 	  302.50   238.16     0.00     0.00     0.00     0.00
   7 	  302.50   238.16     0.00     0.00     0.00     0.00
   	   30.00   -77.00     0.00     0.00
   	   30.00   -77.00     0.00     0.00
   8 	  357.50   238.16     0.00     0.00     0.00     0.00
   8 	  357.50   238.16     0.00     0.00     0.00     0.00
   	   30.00   -77.00     0.00     0.00
   	   30.00   -77.00     0.00     0.00
   9 	  412.50   238.16     0.00     0.00     0.00     0.00
   9 	  412.50   238.16     0.00     0.00     0.00     0.00
   	   30.00   -77.00     0.00     0.00
   	   30.00   -77.00     0.00     0.00
  10 	   -0.00   285.79     0.00     0.00     0.00     0.00
  10 	   -0.00   285.79     0.00     0.00     0.00     0.00
   	   30.00   -77.00     0.00     0.00
   	   30.00   -77.00     0.00     0.00
  11 	   55.00   285.79     0.00     0.00     0.00     0.00
  11 	   55.00   285.79     0.00     0.00     0.00     0.00
   	   30.00   -77.00     0.00     0.00
   	   30.00   -77.00     0.00     0.00
  12 	  110.00   285.79     0.00     0.00     0.00     0.00
  12 	  110.00   285.79     0.00     0.00     0.00     0.00
   	   30.00   -77.00     0.00     0.00
   	   30.00   -77.00     0.00     0.00
  13 	  165.00   285.79     0.00     0.00     0.00     0.00
  13 	  165.00   285.79     0.00     0.00     0.00     0.00
   	   30.00   -77.00     0.00     0.00
   	   30.00   -77.00     0.00     0.00
  14 	  220.00   285.79     0.00     0.00     0.00     0.00
  14 	  220.00   285.79     0.00     0.00     0.00     0.00
   	   30.00   -77.00     0.00     0.00
   	   30.00   -77.00     0.00     0.00
  15 	  275.00   285.79     0.00     0.00     0.00     0.00
  15 	  275.00   285.79     0.00     0.00     0.00     0.00
   	   30.00   -77.00     0.00     0.00
   	   30.00   -77.00     0.00     0.00
  16 	  330.00   285.79     0.00     0.00     0.00     0.00
  16 	  330.00   285.79     0.00     0.00     0.00     0.00
   	   30.00   -77.00     0.00     0.00
   	   30.00   -77.00     0.00     0.00
  17 	  385.00   285.79     0.00     0.00     0.00     0.00
  17 	  385.00   285.79     0.00     0.00     0.00     0.00
   	   30.00   -77.00     0.00     0.00
   	   30.00   -77.00     0.00     0.00
  18 	  440.00   285.79     0.00     0.00     0.00     0.00
  18 	  440.00   285.79     0.00     0.00     0.00     0.00
   	   30.00   -77.00     0.00     0.00
   	   30.00   -77.00     0.00     0.00
  19 	   27.50   333.42     0.00     0.00     0.00     0.00
  19 	   27.50   333.42     0.00     0.00     0.00     0.00
   	   30.00   -77.00     0.00     0.00
   	   30.00   -77.00     0.00     0.00
  20 	   82.50   333.42     0.00     0.00     0.00     0.00
  20 	   82.50   333.42     0.00     0.00     0.00     0.00
   	   30.00   -77.00     0.00     0.00
   	   30.00   -77.00     0.00     0.00
  21 	  137.50   333.42     0.00     0.00     0.00     0.00
  21 	  137.50   333.42     0.00     0.00     0.00     0.00
   	   30.00   -77.00     0.00     0.00
   	   30.00   -77.00     0.00     0.00
  22 	  192.50   333.42     0.00     0.00     0.00     0.00
  22 	  192.50   333.42     0.00     0.00     0.00     0.00
   	   30.00   -77.00     0.00     0.00
   	   30.00   -77.00     0.00     0.00
  23 	  247.50   333.42     0.00     0.00     0.00     0.00
  23 	  247.50   333.42     0.00     0.00     0.00     0.00
   	   30.00   -77.00     0.00     0.00
   	   30.00   -77.00     0.00     0.00
  24 	  302.50   333.42     0.00     0.00     0.00     0.00
  24 	  302.50   333.42     0.00     0.00     0.00     0.00
   	   30.00   -77.00     0.00     0.00
   	   30.00   -77.00     0.00     0.00
  25 	  357.50   333.42     0.00     0.00     0.00     0.00
  25 	  357.50   333.42     0.00     0.00     0.00     0.00
   	   30.00   -77.00     0.00     0.00
   	   30.00   -77.00     0.00     0.00
  26 	  412.50   333.42     0.00     0.00     0.00     0.00
  26 	  412.50   333.42     0.00     0.00     0.00     0.00
   	   30.00   -77.00     0.00     0.00
   	   30.00   -77.00     0.00     0.00
  27 	  467.50   333.42     0.00     0.00     0.00     0.00
  27 	  467.50   333.42     0.00     0.00     0.00     0.00
   	   30.00   -77.00     0.00     0.00
   	   30.00   -77.00     0.00     0.00

** End writing output file: ../inputs/gr489.dat 
