*******************************************************************************
                         ARRAY PREPROCESSOR ver. 1.0
*******************************************************************************



   1	GROUP testgroup
   3	 GRID RECTANGULAR
   4	 ELEMENT
   5	 GEOMETRY CIRCULAR 66
   7	 ADD BLOCK -2 -4 -1 -8
   9	 GROUP_EXCITATION
  10	 AMPLITUDE UNIFORM 20
  11	 PHASE UNIFORM -68
  12	 END

** Generating GROUP: testgroup.
** PSTEP,QSTEP set to:132.000000,132.000000
** Grid ANGLE set to:90.000000 
** Group ROT_ANGLE set to: 0.000000 

** Writing output file: ../inputs/gr495.dat

NEL 
NPORTS
IDUM      REXA     REYA     REZA     THEA     PHEA     PSEA 
          AMP      PSH      PSC      PHEPOL
  10
  10
   1
   1
   1 	 -264.00 -1056.00     0.00     0.00     0.00     0.00
   1 	 -264.00 -1056.00     0.00     0.00     0.00     0.00
   	   20.00   -68.00     0.00    90.00
   	   20.00   -68.00     0.00    90.00
   2 	 -132.00 -1056.00     0.00     0.00     0.00     0.00
   2 	 -132.00 -1056.00     0.00     0.00     0.00     0.00
   	   20.00   -68.00     0.00    90.00
   	   20.00   -68.00     0.00    90.00
   3 	 -264.00  -924.00     0.00     0.00     0.00     0.00
   3 	 -264.00  -924.00     0.00     0.00     0.00     0.00
   	   20.00   -68.00     0.00    90.00
   	   20.00   -68.00     0.00    90.00
   4 	 -132.00  -924.00     0.00     0.00     0.00     0.00
   4 	 -132.00  -924.00     0.00     0.00     0.00     0.00
   	   20.00   -68.00     0.00    90.00
   	   20.00   -68.00     0.00    90.00
   5 	 -264.00  -792.00     0.00     0.00     0.00     0.00
   5 	 -264.00  -792.00     0.00     0.00     0.00     0.00
   	   20.00   -68.00     0.00    90.00
   	   20.00   -68.00     0.00    90.00
   6 	 -132.00  -792.00     0.00     0.00     0.00     0.00
   6 	 -132.00  -792.00     0.00     0.00     0.00     0.00
   	   20.00   -68.00     0.00    90.00
   	   20.00   -68.00     0.00    90.00
   7 	 -264.00  -660.00     0.00     0.00     0.00     0.00
   7 	 -264.00  -660.00     0.00     0.00     0.00     0.00
   	   20.00   -68.00     0.00    90.00
   	   20.00   -68.00     0.00    90.00
   8 	 -132.00  -660.00     0.00     0.00     0.00     0.00
   8 	 -132.00  -660.00     0.00     0.00     0.00     0.00
   	   20.00   -68.00     0.00    90.00
   	   20.00   -68.00     0.00    90.00
   9 	 -264.00  -528.00     0.00     0.00     0.00     0.00
   9 	 -264.00  -528.00     0.00     0.00     0.00     0.00
   	   20.00   -68.00     0.00    90.00
   	   20.00   -68.00     0.00    90.00
  10 	 -132.00  -528.00     0.00     0.00     0.00     0.00
  10 	 -132.00  -528.00     0.00     0.00     0.00     0.00
   	   20.00   -68.00     0.00    90.00
   	   20.00   -68.00     0.00    90.00

** End writing output file: ../inputs/gr495.dat 
