*******************************************************************************
                         ARRAY PREPROCESSOR ver. 1.0
*******************************************************************************



   1	GROUP testgroup
   3	 GRID HEXAGONAL
   4	 ELEMENT
   5	 GEOMETRY CIRCULAR 45
   7	 ADD HEXAGON 1 5
   8	 ADD BLOCK -6 6 9 -4
   9	 ADD BLOCK -5 -4 -6 -5
  10	 ADD HEXAGON 0 4
  12	 GROUP_EXCITATION
  13	 AMPLITUDE UNIFORM 28
  14	 PHASE UNIFORM -48
  15	 END

** Generating GROUP: testgroup.
** PSTEP,QSTEP set to:90.000000,90.000000
** Grid ANGLE set to:60.000000 
** Group ROT_ANGLE set to: 0.000000 

** Writing output file: ../inputs/gr50.dat

NEL 
NPORTS
IDUM      REXA     REYA     REZA     THEA     PHEA     PSEA 
          AMP      PSH      PSC      PHEPOL
 194
 194
   1
   1
   1 	  270.00   467.65     0.00     0.00     0.00     0.00
   1 	  270.00   467.65     0.00     0.00     0.00     0.00
   	   28.00   -48.00     0.00    90.00
   	   28.00   -48.00     0.00    90.00
   2 	  360.00   467.65     0.00     0.00     0.00     0.00
   2 	  360.00   467.65     0.00     0.00     0.00     0.00
   	   28.00   -48.00     0.00    90.00
   	   28.00   -48.00     0.00    90.00
   3 	  405.00   389.71     0.00     0.00     0.00     0.00
   3 	  405.00   389.71     0.00     0.00     0.00     0.00
   	   28.00   -48.00     0.00    90.00
   	   28.00   -48.00     0.00    90.00
   4 	  360.00   311.77     0.00     0.00     0.00     0.00
   4 	  360.00   311.77     0.00     0.00     0.00     0.00
   	   28.00   -48.00     0.00    90.00
   	   28.00   -48.00     0.00    90.00
   5 	  270.00   311.77     0.00     0.00     0.00     0.00
   5 	  270.00   311.77     0.00     0.00     0.00     0.00
   	   28.00   -48.00     0.00    90.00
   	   28.00   -48.00     0.00    90.00
   6 	  225.00   389.71     0.00     0.00     0.00     0.00
   6 	  225.00   389.71     0.00     0.00     0.00     0.00
   	   28.00   -48.00     0.00    90.00
   	   28.00   -48.00     0.00    90.00
   7 	  315.00   389.71     0.00     0.00     0.00     0.00
   7 	  315.00   389.71     0.00     0.00     0.00     0.00
   	   28.00   -48.00     0.00    90.00
   	   28.00   -48.00     0.00    90.00
   8 	 -720.00  -311.77     0.00     0.00     0.00     0.00
   8 	 -720.00  -311.77     0.00     0.00     0.00     0.00
   	   28.00   -48.00     0.00    90.00
   	   28.00   -48.00     0.00    90.00
   9 	 -630.00  -311.77     0.00     0.00     0.00     0.00
   9 	 -630.00  -311.77     0.00     0.00     0.00     0.00
   	   28.00   -48.00     0.00    90.00
   	   28.00   -48.00     0.00    90.00
  10 	 -540.00  -311.77     0.00     0.00     0.00     0.00
  10 	 -540.00  -311.77     0.00     0.00     0.00     0.00
   	   28.00   -48.00     0.00    90.00
   	   28.00   -48.00     0.00    90.00
  11 	 -450.00  -311.77     0.00     0.00     0.00     0.00
  11 	 -450.00  -311.77     0.00     0.00     0.00     0.00
   	   28.00   -48.00     0.00    90.00
   	   28.00   -48.00     0.00    90.00
  12 	 -360.00  -311.77     0.00     0.00     0.00     0.00
  12 	 -360.00  -311.77     0.00     0.00     0.00     0.00
   	   28.00   -48.00     0.00    90.00
   	   28.00   -48.00     0.00    90.00
  13 	 -270.00  -311.77     0.00     0.00     0.00     0.00
  13 	 -270.00  -311.77     0.00     0.00     0.00     0.00
   	   28.00   -48.00     0.00    90.00
   	   28.00   -48.00     0.00    90.00
  14 	 -180.00  -311.77     0.00     0.00     0.00     0.00
  14 	 -180.00  -311.77     0.00     0.00     0.00     0.00
   	   28.00   -48.00     0.00    90.00
   	   28.00   -48.00     0.00    90.00
  15 	  -90.00  -311.77     0.00     0.00     0.00     0.00
  15 	  -90.00  -311.77     0.00     0.00     0.00     0.00
   	   28.00   -48.00     0.00    90.00
   	   28.00   -48.00     0.00    90.00
  16 	    0.00  -311.77     0.00     0.00     0.00     0.00
  16 	    0.00  -311.77     0.00     0.00     0.00     0.00
   	   28.00   -48.00     0.00    90.00
   	   28.00   -48.00     0.00    90.00
  17 	   90.00  -311.77     0.00     0.00     0.00     0.00
  17 	   90.00  -311.77     0.00     0.00     0.00     0.00
   	   28.00   -48.00     0.00    90.00
   	   28.00   -48.00     0.00    90.00
  18 	  180.00  -311.77     0.00     0.00     0.00     0.00
  18 	  180.00  -311.77     0.00     0.00     0.00     0.00
   	   28.00   -48.00     0.00    90.00
   	   28.00   -48.00     0.00    90.00
  19 	  270.00  -311.77     0.00     0.00     0.00     0.00
  19 	  270.00  -311.77     0.00     0.00     0.00     0.00
   	   28.00   -48.00     0.00    90.00
   	   28.00   -48.00     0.00    90.00
  20 	  360.00  -311.77     0.00     0.00     0.00     0.00
  20 	  360.00  -311.77     0.00     0.00     0.00     0.00
   	   28.00   -48.00     0.00    90.00
   	   28.00   -48.00     0.00    90.00
  21 	  450.00  -311.77     0.00     0.00     0.00     0.00
  21 	  450.00  -311.77     0.00     0.00     0.00     0.00
   	   28.00   -48.00     0.00    90.00
   	   28.00   -48.00     0.00    90.00
  22 	  540.00  -311.77     0.00     0.00     0.00     0.00
  22 	  540.00  -311.77     0.00     0.00     0.00     0.00
   	   28.00   -48.00     0.00    90.00
   	   28.00   -48.00     0.00    90.00
  23 	  630.00  -311.77     0.00     0.00     0.00     0.00
  23 	  630.00  -311.77     0.00     0.00     0.00     0.00
   	   28.00   -48.00     0.00    90.00
   	   28.00   -48.00     0.00    90.00
  24 	 -675.00  -233.83     0.00     0.00     0.00     0.00
  24 	 -675.00  -233.83     0.00     0.00     0.00     0.00
   	   28.00   -48.00     0.00    90.00
   	   28.00   -48.00     0.00    90.00
  25 	 -585.00  -233.83     0.00     0.00     0.00     0.00
  25 	 -585.00  -233.83     0.00     0.00     0.00     0.00
   	   28.00   -48.00     0.00    90.00
   	   28.00   -48.00     0.00    90.00
  26 	 -495.00  -233.83     0.00     0.00     0.00     0.00
  26 	 -495.00  -233.83     0.00     0.00     0.00     0.00
   	   28.00   -48.00     0.00    90.00
   	   28.00   -48.00     0.00    90.00
  27 	 -405.00  -233.83     0.00     0.00     0.00     0.00
  27 	 -405.00  -233.83     0.00     0.00     0.00     0.00
   	   28.00   -48.00     0.00    90.00
   	   28.00   -48.00     0.00    90.00
  28 	 -315.00  -233.83     0.00     0.00     0.00     0.00
  28 	 -315.00  -233.83     0.00     0.00     0.00     0.00
   	   28.00   -48.00     0.00    90.00
   	   28.00   -48.00     0.00    90.00
  29 	 -225.00  -233.83     0.00     0.00     0.00     0.00
  29 	 -225.00  -233.83     0.00     0.00     0.00     0.00
   	   28.00   -48.00     0.00    90.00
   	   28.00   -48.00     0.00    90.00
  30 	 -135.00  -233.83     0.00     0.00     0.00     0.00
  30 	 -135.00  -233.83     0.00     0.00     0.00     0.00
   	   28.00   -48.00     0.00    90.00
   	   28.00   -48.00     0.00    90.00
  31 	  -45.00  -233.83     0.00     0.00     0.00     0.00
  31 	  -45.00  -233.83     0.00     0.00     0.00     0.00
   	   28.00   -48.00     0.00    90.00
   	   28.00   -48.00     0.00    90.00
  32 	   45.00  -233.83     0.00     0.00     0.00     0.00
  32 	   45.00  -233.83     0.00     0.00     0.00     0.00
   	   28.00   -48.00     0.00    90.00
   	   28.00   -48.00     0.00    90.00
  33 	  135.00  -233.83     0.00     0.00     0.00     0.00
  33 	  135.00  -233.83     0.00     0.00     0.00     0.00
   	   28.00   -48.00     0.00    90.00
   	   28.00   -48.00     0.00    90.00
  34 	  225.00  -233.83     0.00     0.00     0.00     0.00
  34 	  225.00  -233.83     0.00     0.00     0.00     0.00
   	   28.00   -48.00     0.00    90.00
   	   28.00   -48.00     0.00    90.00
  35 	  315.00  -233.83     0.00     0.00     0.00     0.00
  35 	  315.00  -233.83     0.00     0.00     0.00     0.00
   	   28.00   -48.00     0.00    90.00
   	   28.00   -48.00     0.00    90.00
  36 	  405.00  -233.83     0.00     0.00     0.00     0.00
  36 	  405.00  -233.83     0.00     0.00     0.00     0.00
   	   28.00   -48.00     0.00    90.00
   	   28.00   -48.00     0.00    90.00
  37 	  495.00  -233.83     0.00     0.00     0.00     0.00
  37 	  495.00  -233.83     0.00     0.00     0.00     0.00
   	   28.00   -48.00     0.00    90.00
   	   28.00   -48.00     0.00    90.00
  38 	  585.00  -233.83     0.00     0.00     0.00     0.00
  38 	  585.00  -233.83     0.00     0.00     0.00     0.00
   	   28.00   -48.00     0.00    90.00
   	   28.00   -48.00     0.00    90.00
  39 	  675.00  -233.83     0.00     0.00     0.00     0.00
  39 	  675.00  -233.83     0.00     0.00     0.00     0.00
   	   28.00   -48.00     0.00    90.00
   	   28.00   -48.00     0.00    90.00
  40 	 -630.00  -155.88     0.00     0.00     0.00     0.00
  40 	 -630.00  -155.88     0.00     0.00     0.00     0.00
   	   28.00   -48.00     0.00    90.00
   	   28.00   -48.00     0.00    90.00
  41 	 -540.00  -155.88     0.00     0.00     0.00     0.00
  41 	 -540.00  -155.88     0.00     0.00     0.00     0.00
   	   28.00   -48.00     0.00    90.00
   	   28.00   -48.00     0.00    90.00
  42 	 -450.00  -155.88     0.00     0.00     0.00     0.00
  42 	 -450.00  -155.88     0.00     0.00     0.00     0.00
   	   28.00   -48.00     0.00    90.00
   	   28.00   -48.00     0.00    90.00
  43 	 -360.00  -155.88     0.00     0.00     0.00     0.00
  43 	 -360.00  -155.88     0.00     0.00     0.00     0.00
   	   28.00   -48.00     0.00    90.00
   	   28.00   -48.00     0.00    90.00
  44 	 -270.00  -155.88     0.00     0.00     0.00     0.00
  44 	 -270.00  -155.88     0.00     0.00     0.00     0.00
   	   28.00   -48.00     0.00    90.00
   	   28.00   -48.00     0.00    90.00
  45 	 -180.00  -155.88     0.00     0.00     0.00     0.00
  45 	 -180.00  -155.88     0.00     0.00     0.00     0.00
   	   28.00   -48.00     0.00    90.00
   	   28.00   -48.00     0.00    90.00
  46 	  -90.00  -155.88     0.00     0.00     0.00     0.00
  46 	  -90.00  -155.88     0.00     0.00     0.00     0.00
   	   28.00   -48.00     0.00    90.00
   	   28.00   -48.00     0.00    90.00
  47 	    0.00  -155.88     0.00     0.00     0.00     0.00
  47 	    0.00  -155.88     0.00     0.00     0.00     0.00
   	   28.00   -48.00     0.00    90.00
   	   28.00   -48.00     0.00    90.00
  48 	   90.00  -155.88     0.00     0.00     0.00     0.00
  48 	   90.00  -155.88     0.00     0.00     0.00     0.00
   	   28.00   -48.00     0.00    90.00
   	   28.00   -48.00     0.00    90.00
  49 	  180.00  -155.88     0.00     0.00     0.00     0.00
  49 	  180.00  -155.88     0.00     0.00     0.00     0.00
   	   28.00   -48.00     0.00    90.00
   	   28.00   -48.00     0.00    90.00
  50 	  270.00  -155.88     0.00     0.00     0.00     0.00
  50 	  270.00  -155.88     0.00     0.00     0.00     0.00
   	   28.00   -48.00     0.00    90.00
   	   28.00   -48.00     0.00    90.00
  51 	  360.00  -155.88     0.00     0.00     0.00     0.00
  51 	  360.00  -155.88     0.00     0.00     0.00     0.00
   	   28.00   -48.00     0.00    90.00
   	   28.00   -48.00     0.00    90.00
  52 	  450.00  -155.88     0.00     0.00     0.00     0.00
  52 	  450.00  -155.88     0.00     0.00     0.00     0.00
   	   28.00   -48.00     0.00    90.00
   	   28.00   -48.00     0.00    90.00
  53 	  540.00  -155.88     0.00     0.00     0.00     0.00
  53 	  540.00  -155.88     0.00     0.00     0.00     0.00
   	   28.00   -48.00     0.00    90.00
   	   28.00   -48.00     0.00    90.00
  54 	  630.00  -155.88     0.00     0.00     0.00     0.00
  54 	  630.00  -155.88     0.00     0.00     0.00     0.00
   	   28.00   -48.00     0.00    90.00
   	   28.00   -48.00     0.00    90.00
  55 	  720.00  -155.88     0.00     0.00     0.00     0.00
  55 	  720.00  -155.88     0.00     0.00     0.00     0.00
   	   28.00   -48.00     0.00    90.00
   	   28.00   -48.00     0.00    90.00
  56 	 -585.00   -77.94     0.00     0.00     0.00     0.00
  56 	 -585.00   -77.94     0.00     0.00     0.00     0.00
   	   28.00   -48.00     0.00    90.00
   	   28.00   -48.00     0.00    90.00
  57 	 -495.00   -77.94     0.00     0.00     0.00     0.00
  57 	 -495.00   -77.94     0.00     0.00     0.00     0.00
   	   28.00   -48.00     0.00    90.00
   	   28.00   -48.00     0.00    90.00
  58 	 -405.00   -77.94     0.00     0.00     0.00     0.00
  58 	 -405.00   -77.94     0.00     0.00     0.00     0.00
   	   28.00   -48.00     0.00    90.00
   	   28.00   -48.00     0.00    90.00
  59 	 -315.00   -77.94     0.00     0.00     0.00     0.00
  59 	 -315.00   -77.94     0.00     0.00     0.00     0.00
   	   28.00   -48.00     0.00    90.00
   	   28.00   -48.00     0.00    90.00
  60 	 -225.00   -77.94     0.00     0.00     0.00     0.00
  60 	 -225.00   -77.94     0.00     0.00     0.00     0.00
   	   28.00   -48.00     0.00    90.00
   	   28.00   -48.00     0.00    90.00
  61 	 -135.00   -77.94     0.00     0.00     0.00     0.00
  61 	 -135.00   -77.94     0.00     0.00     0.00     0.00
   	   28.00   -48.00     0.00    90.00
   	   28.00   -48.00     0.00    90.00
  62 	  -45.00   -77.94     0.00     0.00     0.00     0.00
  62 	  -45.00   -77.94     0.00     0.00     0.00     0.00
   	   28.00   -48.00     0.00    90.00
   	   28.00   -48.00     0.00    90.00
  63 	   45.00   -77.94     0.00     0.00     0.00     0.00
  63 	   45.00   -77.94     0.00     0.00     0.00     0.00
   	   28.00   -48.00     0.00    90.00
   	   28.00   -48.00     0.00    90.00
  64 	  135.00   -77.94     0.00     0.00     0.00     0.00
  64 	  135.00   -77.94     0.00     0.00     0.00     0.00
   	   28.00   -48.00     0.00    90.00
   	   28.00   -48.00     0.00    90.00
  65 	  225.00   -77.94     0.00     0.00     0.00     0.00
  65 	  225.00   -77.94     0.00     0.00     0.00     0.00
   	   28.00   -48.00     0.00    90.00
   	   28.00   -48.00     0.00    90.00
  66 	  315.00   -77.94     0.00     0.00     0.00     0.00
  66 	  315.00   -77.94     0.00     0.00     0.00     0.00
   	   28.00   -48.00     0.00    90.00
   	   28.00   -48.00     0.00    90.00
  67 	  405.00   -77.94     0.00     0.00     0.00     0.00
  67 	  405.00   -77.94     0.00     0.00     0.00     0.00
   	   28.00   -48.00     0.00    90.00
   	   28.00   -48.00     0.00    90.00
  68 	  495.00   -77.94     0.00     0.00     0.00     0.00
  68 	  495.00   -77.94     0.00     0.00     0.00     0.00
   	   28.00   -48.00     0.00    90.00
   	   28.00   -48.00     0.00    90.00
  69 	  585.00   -77.94     0.00     0.00     0.00     0.00
  69 	  585.00   -77.94     0.00     0.00     0.00     0.00
   	   28.00   -48.00     0.00    90.00
   	   28.00   -48.00     0.00    90.00
  70 	  675.00   -77.94     0.00     0.00     0.00     0.00
  70 	  675.00   -77.94     0.00     0.00     0.00     0.00
   	   28.00   -48.00     0.00    90.00
   	   28.00   -48.00     0.00    90.00
  71 	  765.00   -77.94     0.00     0.00     0.00     0.00
  71 	  765.00   -77.94     0.00     0.00     0.00     0.00
   	   28.00   -48.00     0.00    90.00
   	   28.00   -48.00     0.00    90.00
  72 	 -540.00     0.00     0.00     0.00     0.00     0.00
  72 	 -540.00     0.00     0.00     0.00     0.00     0.00
   	   28.00   -48.00     0.00    90.00
   	   28.00   -48.00     0.00    90.00
  73 	 -450.00     0.00     0.00     0.00     0.00     0.00
  73 	 -450.00     0.00     0.00     0.00     0.00     0.00
   	   28.00   -48.00     0.00    90.00
   	   28.00   -48.00     0.00    90.00
  74 	 -360.00     0.00     0.00     0.00     0.00     0.00
  74 	 -360.00     0.00     0.00     0.00     0.00     0.00
   	   28.00   -48.00     0.00    90.00
   	   28.00   -48.00     0.00    90.00
  75 	 -270.00     0.00     0.00     0.00     0.00     0.00
  75 	 -270.00     0.00     0.00     0.00     0.00     0.00
   	   28.00   -48.00     0.00    90.00
   	   28.00   -48.00     0.00    90.00
  76 	 -180.00     0.00     0.00     0.00     0.00     0.00
  76 	 -180.00     0.00     0.00     0.00     0.00     0.00
   	   28.00   -48.00     0.00    90.00
   	   28.00   -48.00     0.00    90.00
  77 	  -90.00     0.00     0.00     0.00     0.00     0.00
  77 	  -90.00     0.00     0.00     0.00     0.00     0.00
   	   28.00   -48.00     0.00    90.00
   	   28.00   -48.00     0.00    90.00
  78 	    0.00     0.00     0.00     0.00     0.00     0.00
  78 	    0.00     0.00     0.00     0.00     0.00     0.00
   	   28.00   -48.00     0.00    90.00
   	   28.00   -48.00     0.00    90.00
  79 	   90.00     0.00     0.00     0.00     0.00     0.00
  79 	   90.00     0.00     0.00     0.00     0.00     0.00
   	   28.00   -48.00     0.00    90.00
   	   28.00   -48.00     0.00    90.00
  80 	  180.00     0.00     0.00     0.00     0.00     0.00
  80 	  180.00     0.00     0.00     0.00     0.00     0.00
   	   28.00   -48.00     0.00    90.00
   	   28.00   -48.00     0.00    90.00
  81 	  270.00     0.00     0.00     0.00     0.00     0.00
  81 	  270.00     0.00     0.00     0.00     0.00     0.00
   	   28.00   -48.00     0.00    90.00
   	   28.00   -48.00     0.00    90.00
  82 	  360.00     0.00     0.00     0.00     0.00     0.00
  82 	  360.00     0.00     0.00     0.00     0.00     0.00
   	   28.00   -48.00     0.00    90.00
   	   28.00   -48.00     0.00    90.00
  83 	  450.00     0.00     0.00     0.00     0.00     0.00
  83 	  450.00     0.00     0.00     0.00     0.00     0.00
   	   28.00   -48.00     0.00    90.00
   	   28.00   -48.00     0.00    90.00
  84 	  540.00     0.00     0.00     0.00     0.00     0.00
  84 	  540.00     0.00     0.00     0.00     0.00     0.00
   	   28.00   -48.00     0.00    90.00
   	   28.00   -48.00     0.00    90.00
  85 	  630.00     0.00     0.00     0.00     0.00     0.00
  85 	  630.00     0.00     0.00     0.00     0.00     0.00
   	   28.00   -48.00     0.00    90.00
   	   28.00   -48.00     0.00    90.00
  86 	  720.00     0.00     0.00     0.00     0.00     0.00
  86 	  720.00     0.00     0.00     0.00     0.00     0.00
   	   28.00   -48.00     0.00    90.00
   	   28.00   -48.00     0.00    90.00
  87 	  810.00     0.00     0.00     0.00     0.00     0.00
  87 	  810.00     0.00     0.00     0.00     0.00     0.00
   	   28.00   -48.00     0.00    90.00
   	   28.00   -48.00     0.00    90.00
  88 	 -495.00    77.94     0.00     0.00     0.00     0.00
  88 	 -495.00    77.94     0.00     0.00     0.00     0.00
   	   28.00   -48.00     0.00    90.00
   	   28.00   -48.00     0.00    90.00
  89 	 -405.00    77.94     0.00     0.00     0.00     0.00
  89 	 -405.00    77.94     0.00     0.00     0.00     0.00
   	   28.00   -48.00     0.00    90.00
   	   28.00   -48.00     0.00    90.00
  90 	 -315.00    77.94     0.00     0.00     0.00     0.00
  90 	 -315.00    77.94     0.00     0.00     0.00     0.00
   	   28.00   -48.00     0.00    90.00
   	   28.00   -48.00     0.00    90.00
  91 	 -225.00    77.94     0.00     0.00     0.00     0.00
  91 	 -225.00    77.94     0.00     0.00     0.00     0.00
   	   28.00   -48.00     0.00    90.00
   	   28.00   -48.00     0.00    90.00
  92 	 -135.00    77.94     0.00     0.00     0.00     0.00
  92 	 -135.00    77.94     0.00     0.00     0.00     0.00
   	   28.00   -48.00     0.00    90.00
   	   28.00   -48.00     0.00    90.00
  93 	  -45.00    77.94     0.00     0.00     0.00     0.00
  93 	  -45.00    77.94     0.00     0.00     0.00     0.00
   	   28.00   -48.00     0.00    90.00
   	   28.00   -48.00     0.00    90.00
  94 	   45.00    77.94     0.00     0.00     0.00     0.00
  94 	   45.00    77.94     0.00     0.00     0.00     0.00
   	   28.00   -48.00     0.00    90.00
   	   28.00   -48.00     0.00    90.00
  95 	  135.00    77.94     0.00     0.00     0.00     0.00
  95 	  135.00    77.94     0.00     0.00     0.00     0.00
   	   28.00   -48.00     0.00    90.00
   	   28.00   -48.00     0.00    90.00
  96 	  225.00    77.94     0.00     0.00     0.00     0.00
  96 	  225.00    77.94     0.00     0.00     0.00     0.00
   	   28.00   -48.00     0.00    90.00
   	   28.00   -48.00     0.00    90.00
  97 	  315.00    77.94     0.00     0.00     0.00     0.00
  97 	  315.00    77.94     0.00     0.00     0.00     0.00
   	   28.00   -48.00     0.00    90.00
   	   28.00   -48.00     0.00    90.00
  98 	  405.00    77.94     0.00     0.00     0.00     0.00
  98 	  405.00    77.94     0.00     0.00     0.00     0.00
   	   28.00   -48.00     0.00    90.00
   	   28.00   -48.00     0.00    90.00
  99 	  495.00    77.94     0.00     0.00     0.00     0.00
  99 	  495.00    77.94     0.00     0.00     0.00     0.00
   	   28.00   -48.00     0.00    90.00
   	   28.00   -48.00     0.00    90.00
 100 	  585.00    77.94     0.00     0.00     0.00     0.00
 100 	  585.00    77.94     0.00     0.00     0.00     0.00
   	   28.00   -48.00     0.00    90.00
   	   28.00   -48.00     0.00    90.00
 101 	  675.00    77.94     0.00     0.00     0.00     0.00
 101 	  675.00    77.94     0.00     0.00     0.00     0.00
   	   28.00   -48.00     0.00    90.00
   	   28.00   -48.00     0.00    90.00
 102 	  765.00    77.94     0.00     0.00     0.00     0.00
 102 	  765.00    77.94     0.00     0.00     0.00     0.00
   	   28.00   -48.00     0.00    90.00
   	   28.00   -48.00     0.00    90.00
 103 	  855.00    77.94     0.00     0.00     0.00     0.00
 103 	  855.00    77.94     0.00     0.00     0.00     0.00
   	   28.00   -48.00     0.00    90.00
   	   28.00   -48.00     0.00    90.00
 104 	 -450.00   155.88     0.00     0.00     0.00     0.00
 104 	 -450.00   155.88     0.00     0.00     0.00     0.00
   	   28.00   -48.00     0.00    90.00
   	   28.00   -48.00     0.00    90.00
 105 	 -360.00   155.88     0.00     0.00     0.00     0.00
 105 	 -360.00   155.88     0.00     0.00     0.00     0.00
   	   28.00   -48.00     0.00    90.00
   	   28.00   -48.00     0.00    90.00
 106 	 -270.00   155.88     0.00     0.00     0.00     0.00
 106 	 -270.00   155.88     0.00     0.00     0.00     0.00
   	   28.00   -48.00     0.00    90.00
   	   28.00   -48.00     0.00    90.00
 107 	 -180.00   155.88     0.00     0.00     0.00     0.00
 107 	 -180.00   155.88     0.00     0.00     0.00     0.00
   	   28.00   -48.00     0.00    90.00
   	   28.00   -48.00     0.00    90.00
 108 	  -90.00   155.88     0.00     0.00     0.00     0.00
 108 	  -90.00   155.88     0.00     0.00     0.00     0.00
   	   28.00   -48.00     0.00    90.00
   	   28.00   -48.00     0.00    90.00
 109 	   -0.00   155.88     0.00     0.00     0.00     0.00
 109 	   -0.00   155.88     0.00     0.00     0.00     0.00
   	   28.00   -48.00     0.00    90.00
   	   28.00   -48.00     0.00    90.00
 110 	   90.00   155.88     0.00     0.00     0.00     0.00
 110 	   90.00   155.88     0.00     0.00     0.00     0.00
   	   28.00   -48.00     0.00    90.00
   	   28.00   -48.00     0.00    90.00
 111 	  180.00   155.88     0.00     0.00     0.00     0.00
 111 	  180.00   155.88     0.00     0.00     0.00     0.00
   	   28.00   -48.00     0.00    90.00
   	   28.00   -48.00     0.00    90.00
 112 	  270.00   155.88     0.00     0.00     0.00     0.00
 112 	  270.00   155.88     0.00     0.00     0.00     0.00
   	   28.00   -48.00     0.00    90.00
   	   28.00   -48.00     0.00    90.00
 113 	  360.00   155.88     0.00     0.00     0.00     0.00
 113 	  360.00   155.88     0.00     0.00     0.00     0.00
   	   28.00   -48.00     0.00    90.00
   	   28.00   -48.00     0.00    90.00
 114 	  450.00   155.88     0.00     0.00     0.00     0.00
 114 	  450.00   155.88     0.00     0.00     0.00     0.00
   	   28.00   -48.00     0.00    90.00
   	   28.00   -48.00     0.00    90.00
 115 	  540.00   155.88     0.00     0.00     0.00     0.00
 115 	  540.00   155.88     0.00     0.00     0.00     0.00
   	   28.00   -48.00     0.00    90.00
   	   28.00   -48.00     0.00    90.00
 116 	  630.00   155.88     0.00     0.00     0.00     0.00
 116 	  630.00   155.88     0.00     0.00     0.00     0.00
   	   28.00   -48.00     0.00    90.00
   	   28.00   -48.00     0.00    90.00
 117 	  720.00   155.88     0.00     0.00     0.00     0.00
 117 	  720.00   155.88     0.00     0.00     0.00     0.00
   	   28.00   -48.00     0.00    90.00
   	   28.00   -48.00     0.00    90.00
 118 	  810.00   155.88     0.00     0.00     0.00     0.00
 118 	  810.00   155.88     0.00     0.00     0.00     0.00
   	   28.00   -48.00     0.00    90.00
   	   28.00   -48.00     0.00    90.00
 119 	  900.00   155.88     0.00     0.00     0.00     0.00
 119 	  900.00   155.88     0.00     0.00     0.00     0.00
   	   28.00   -48.00     0.00    90.00
   	   28.00   -48.00     0.00    90.00
 120 	 -405.00   233.83     0.00     0.00     0.00     0.00
 120 	 -405.00   233.83     0.00     0.00     0.00     0.00
   	   28.00   -48.00     0.00    90.00
   	   28.00   -48.00     0.00    90.00
 121 	 -315.00   233.83     0.00     0.00     0.00     0.00
 121 	 -315.00   233.83     0.00     0.00     0.00     0.00
   	   28.00   -48.00     0.00    90.00
   	   28.00   -48.00     0.00    90.00
 122 	 -225.00   233.83     0.00     0.00     0.00     0.00
 122 	 -225.00   233.83     0.00     0.00     0.00     0.00
   	   28.00   -48.00     0.00    90.00
   	   28.00   -48.00     0.00    90.00
 123 	 -135.00   233.83     0.00     0.00     0.00     0.00
 123 	 -135.00   233.83     0.00     0.00     0.00     0.00
   	   28.00   -48.00     0.00    90.00
   	   28.00   -48.00     0.00    90.00
 124 	  -45.00   233.83     0.00     0.00     0.00     0.00
 124 	  -45.00   233.83     0.00     0.00     0.00     0.00
   	   28.00   -48.00     0.00    90.00
   	   28.00   -48.00     0.00    90.00
 125 	   45.00   233.83     0.00     0.00     0.00     0.00
 125 	   45.00   233.83     0.00     0.00     0.00     0.00
   	   28.00   -48.00     0.00    90.00
   	   28.00   -48.00     0.00    90.00
 126 	  135.00   233.83     0.00     0.00     0.00     0.00
 126 	  135.00   233.83     0.00     0.00     0.00     0.00
   	   28.00   -48.00     0.00    90.00
   	   28.00   -48.00     0.00    90.00
 127 	  225.00   233.83     0.00     0.00     0.00     0.00
 127 	  225.00   233.83     0.00     0.00     0.00     0.00
   	   28.00   -48.00     0.00    90.00
   	   28.00   -48.00     0.00    90.00
 128 	  315.00   233.83     0.00     0.00     0.00     0.00
 128 	  315.00   233.83     0.00     0.00     0.00     0.00
   	   28.00   -48.00     0.00    90.00
   	   28.00   -48.00     0.00    90.00
 129 	  405.00   233.83     0.00     0.00     0.00     0.00
 129 	  405.00   233.83     0.00     0.00     0.00     0.00
   	   28.00   -48.00     0.00    90.00
   	   28.00   -48.00     0.00    90.00
 130 	  495.00   233.83     0.00     0.00     0.00     0.00
 130 	  495.00   233.83     0.00     0.00     0.00     0.00
   	   28.00   -48.00     0.00    90.00
   	   28.00   -48.00     0.00    90.00
 131 	  585.00   233.83     0.00     0.00     0.00     0.00
 131 	  585.00   233.83     0.00     0.00     0.00     0.00
   	   28.00   -48.00     0.00    90.00
   	   28.00   -48.00     0.00    90.00
 132 	  675.00   233.83     0.00     0.00     0.00     0.00
 132 	  675.00   233.83     0.00     0.00     0.00     0.00
   	   28.00   -48.00     0.00    90.00
   	   28.00   -48.00     0.00    90.00
 133 	  765.00   233.83     0.00     0.00     0.00     0.00
 133 	  765.00   233.83     0.00     0.00     0.00     0.00
   	   28.00   -48.00     0.00    90.00
   	   28.00   -48.00     0.00    90.00
 134 	  855.00   233.83     0.00     0.00     0.00     0.00
 134 	  855.00   233.83     0.00     0.00     0.00     0.00
   	   28.00   -48.00     0.00    90.00
   	   28.00   -48.00     0.00    90.00
 135 	  945.00   233.83     0.00     0.00     0.00     0.00
 135 	  945.00   233.83     0.00     0.00     0.00     0.00
   	   28.00   -48.00     0.00    90.00
   	   28.00   -48.00     0.00    90.00
 136 	 -360.00   311.77     0.00     0.00     0.00     0.00
 136 	 -360.00   311.77     0.00     0.00     0.00     0.00
   	   28.00   -48.00     0.00    90.00
   	   28.00   -48.00     0.00    90.00
 137 	 -270.00   311.77     0.00     0.00     0.00     0.00
 137 	 -270.00   311.77     0.00     0.00     0.00     0.00
   	   28.00   -48.00     0.00    90.00
   	   28.00   -48.00     0.00    90.00
 138 	 -180.00   311.77     0.00     0.00     0.00     0.00
 138 	 -180.00   311.77     0.00     0.00     0.00     0.00
   	   28.00   -48.00     0.00    90.00
   	   28.00   -48.00     0.00    90.00
 139 	  -90.00   311.77     0.00     0.00     0.00     0.00
 139 	  -90.00   311.77     0.00     0.00     0.00     0.00
   	   28.00   -48.00     0.00    90.00
   	   28.00   -48.00     0.00    90.00
 140 	   -0.00   311.77     0.00     0.00     0.00     0.00
 140 	   -0.00   311.77     0.00     0.00     0.00     0.00
   	   28.00   -48.00     0.00    90.00
   	   28.00   -48.00     0.00    90.00
 141 	   90.00   311.77     0.00     0.00     0.00     0.00
 141 	   90.00   311.77     0.00     0.00     0.00     0.00
   	   28.00   -48.00     0.00    90.00
   	   28.00   -48.00     0.00    90.00
 142 	  180.00   311.77     0.00     0.00     0.00     0.00
 142 	  180.00   311.77     0.00     0.00     0.00     0.00
   	   28.00   -48.00     0.00    90.00
   	   28.00   -48.00     0.00    90.00
 143 	  270.00   311.77     0.00     0.00     0.00     0.00
 143 	  270.00   311.77     0.00     0.00     0.00     0.00
   	   28.00   -48.00     0.00    90.00
   	   28.00   -48.00     0.00    90.00
 144 	  360.00   311.77     0.00     0.00     0.00     0.00
 144 	  360.00   311.77     0.00     0.00     0.00     0.00
   	   28.00   -48.00     0.00    90.00
   	   28.00   -48.00     0.00    90.00
 145 	  450.00   311.77     0.00     0.00     0.00     0.00
 145 	  450.00   311.77     0.00     0.00     0.00     0.00
   	   28.00   -48.00     0.00    90.00
   	   28.00   -48.00     0.00    90.00
 146 	  540.00   311.77     0.00     0.00     0.00     0.00
 146 	  540.00   311.77     0.00     0.00     0.00     0.00
   	   28.00   -48.00     0.00    90.00
   	   28.00   -48.00     0.00    90.00
 147 	  630.00   311.77     0.00     0.00     0.00     0.00
 147 	  630.00   311.77     0.00     0.00     0.00     0.00
   	   28.00   -48.00     0.00    90.00
   	   28.00   -48.00     0.00    90.00
 148 	  720.00   311.77     0.00     0.00     0.00     0.00
 148 	  720.00   311.77     0.00     0.00     0.00     0.00
   	   28.00   -48.00     0.00    90.00
   	   28.00   -48.00     0.00    90.00
 149 	  810.00   311.77     0.00     0.00     0.00     0.00
 149 	  810.00   311.77     0.00     0.00     0.00     0.00
   	   28.00   -48.00     0.00    90.00
   	   28.00   -48.00     0.00    90.00
 150 	  900.00   311.77     0.00     0.00     0.00     0.00
 150 	  900.00   311.77     0.00     0.00     0.00     0.00
   	   28.00   -48.00     0.00    90.00
   	   28.00   -48.00     0.00    90.00
 151 	  990.00   311.77     0.00     0.00     0.00     0.00
 151 	  990.00   311.77     0.00     0.00     0.00     0.00
   	   28.00   -48.00     0.00    90.00
   	   28.00   -48.00     0.00    90.00
 152 	 -315.00   389.71     0.00     0.00     0.00     0.00
 152 	 -315.00   389.71     0.00     0.00     0.00     0.00
   	   28.00   -48.00     0.00    90.00
   	   28.00   -48.00     0.00    90.00
 153 	 -225.00   389.71     0.00     0.00     0.00     0.00
 153 	 -225.00   389.71     0.00     0.00     0.00     0.00
   	   28.00   -48.00     0.00    90.00
   	   28.00   -48.00     0.00    90.00
 154 	 -135.00   389.71     0.00     0.00     0.00     0.00
 154 	 -135.00   389.71     0.00     0.00     0.00     0.00
   	   28.00   -48.00     0.00    90.00
   	   28.00   -48.00     0.00    90.00
 155 	  -45.00   389.71     0.00     0.00     0.00     0.00
 155 	  -45.00   389.71     0.00     0.00     0.00     0.00
   	   28.00   -48.00     0.00    90.00
   	   28.00   -48.00     0.00    90.00
 156 	   45.00   389.71     0.00     0.00     0.00     0.00
 156 	   45.00   389.71     0.00     0.00     0.00     0.00
   	   28.00   -48.00     0.00    90.00
   	   28.00   -48.00     0.00    90.00
 157 	  135.00   389.71     0.00     0.00     0.00     0.00
 157 	  135.00   389.71     0.00     0.00     0.00     0.00
   	   28.00   -48.00     0.00    90.00
   	   28.00   -48.00     0.00    90.00
 158 	  225.00   389.71     0.00     0.00     0.00     0.00
 158 	  225.00   389.71     0.00     0.00     0.00     0.00
   	   28.00   -48.00     0.00    90.00
   	   28.00   -48.00     0.00    90.00
 159 	  315.00   389.71     0.00     0.00     0.00     0.00
 159 	  315.00   389.71     0.00     0.00     0.00     0.00
   	   28.00   -48.00     0.00    90.00
   	   28.00   -48.00     0.00    90.00
 160 	  405.00   389.71     0.00     0.00     0.00     0.00
 160 	  405.00   389.71     0.00     0.00     0.00     0.00
   	   28.00   -48.00     0.00    90.00
   	   28.00   -48.00     0.00    90.00
 161 	  495.00   389.71     0.00     0.00     0.00     0.00
 161 	  495.00   389.71     0.00     0.00     0.00     0.00
   	   28.00   -48.00     0.00    90.00
   	   28.00   -48.00     0.00    90.00
 162 	  585.00   389.71     0.00     0.00     0.00     0.00
 162 	  585.00   389.71     0.00     0.00     0.00     0.00
   	   28.00   -48.00     0.00    90.00
   	   28.00   -48.00     0.00    90.00
 163 	  675.00   389.71     0.00     0.00     0.00     0.00
 163 	  675.00   389.71     0.00     0.00     0.00     0.00
   	   28.00   -48.00     0.00    90.00
   	   28.00   -48.00     0.00    90.00
 164 	  765.00   389.71     0.00     0.00     0.00     0.00
 164 	  765.00   389.71     0.00     0.00     0.00     0.00
   	   28.00   -48.00     0.00    90.00
   	   28.00   -48.00     0.00    90.00
 165 	  855.00   389.71     0.00     0.00     0.00     0.00
 165 	  855.00   389.71     0.00     0.00     0.00     0.00
   	   28.00   -48.00     0.00    90.00
   	   28.00   -48.00     0.00    90.00
 166 	  945.00   389.71     0.00     0.00     0.00     0.00
 166 	  945.00   389.71     0.00     0.00     0.00     0.00
   	   28.00   -48.00     0.00    90.00
   	   28.00   -48.00     0.00    90.00
 167 	 1035.00   389.71     0.00     0.00     0.00     0.00
 167 	 1035.00   389.71     0.00     0.00     0.00     0.00
   	   28.00   -48.00     0.00    90.00
   	   28.00   -48.00     0.00    90.00
 168 	 -270.00   467.65     0.00     0.00     0.00     0.00
 168 	 -270.00   467.65     0.00     0.00     0.00     0.00
   	   28.00   -48.00     0.00    90.00
   	   28.00   -48.00     0.00    90.00
 169 	 -180.00   467.65     0.00     0.00     0.00     0.00
 169 	 -180.00   467.65     0.00     0.00     0.00     0.00
   	   28.00   -48.00     0.00    90.00
   	   28.00   -48.00     0.00    90.00
 170 	  -90.00   467.65     0.00     0.00     0.00     0.00
 170 	  -90.00   467.65     0.00     0.00     0.00     0.00
   	   28.00   -48.00     0.00    90.00
   	   28.00   -48.00     0.00    90.00
 171 	   -0.00   467.65     0.00     0.00     0.00     0.00
 171 	   -0.00   467.65     0.00     0.00     0.00     0.00
   	   28.00   -48.00     0.00    90.00
   	   28.00   -48.00     0.00    90.00
 172 	   90.00   467.65     0.00     0.00     0.00     0.00
 172 	   90.00   467.65     0.00     0.00     0.00     0.00
   	   28.00   -48.00     0.00    90.00
   	   28.00   -48.00     0.00    90.00
 173 	  180.00   467.65     0.00     0.00     0.00     0.00
 173 	  180.00   467.65     0.00     0.00     0.00     0.00
   	   28.00   -48.00     0.00    90.00
   	   28.00   -48.00     0.00    90.00
 174 	  270.00   467.65     0.00     0.00     0.00     0.00
 174 	  270.00   467.65     0.00     0.00     0.00     0.00
   	   28.00   -48.00     0.00    90.00
   	   28.00   -48.00     0.00    90.00
 175 	  360.00   467.65     0.00     0.00     0.00     0.00
 175 	  360.00   467.65     0.00     0.00     0.00     0.00
   	   28.00   -48.00     0.00    90.00
   	   28.00   -48.00     0.00    90.00
 176 	  450.00   467.65     0.00     0.00     0.00     0.00
 176 	  450.00   467.65     0.00     0.00     0.00     0.00
   	   28.00   -48.00     0.00    90.00
   	   28.00   -48.00     0.00    90.00
 177 	  540.00   467.65     0.00     0.00     0.00     0.00
 177 	  540.00   467.65     0.00     0.00     0.00     0.00
   	   28.00   -48.00     0.00    90.00
   	   28.00   -48.00     0.00    90.00
 178 	  630.00   467.65     0.00     0.00     0.00     0.00
 178 	  630.00   467.65     0.00     0.00     0.00     0.00
   	   28.00   -48.00     0.00    90.00
   	   28.00   -48.00     0.00    90.00
 179 	  720.00   467.65     0.00     0.00     0.00     0.00
 179 	  720.00   467.65     0.00     0.00     0.00     0.00
   	   28.00   -48.00     0.00    90.00
   	   28.00   -48.00     0.00    90.00
 180 	  810.00   467.65     0.00     0.00     0.00     0.00
 180 	  810.00   467.65     0.00     0.00     0.00     0.00
   	   28.00   -48.00     0.00    90.00
   	   28.00   -48.00     0.00    90.00
 181 	  900.00   467.65     0.00     0.00     0.00     0.00
 181 	  900.00   467.65     0.00     0.00     0.00     0.00
   	   28.00   -48.00     0.00    90.00
   	   28.00   -48.00     0.00    90.00
 182 	  990.00   467.65     0.00     0.00     0.00     0.00
 182 	  990.00   467.65     0.00     0.00     0.00     0.00
   	   28.00   -48.00     0.00    90.00
   	   28.00   -48.00     0.00    90.00
 183 	 1080.00   467.65     0.00     0.00     0.00     0.00
 183 	 1080.00   467.65     0.00     0.00     0.00     0.00
   	   28.00   -48.00     0.00    90.00
   	   28.00   -48.00     0.00    90.00
 184 	 -765.00  -389.71     0.00     0.00     0.00     0.00
 184 	 -765.00  -389.71     0.00     0.00     0.00     0.00
   	   28.00   -48.00     0.00    90.00
   	   28.00   -48.00     0.00    90.00
 185 	 -675.00  -389.71     0.00     0.00     0.00     0.00
 185 	 -675.00  -389.71     0.00     0.00     0.00     0.00
   	   28.00   -48.00     0.00    90.00
   	   28.00   -48.00     0.00    90.00
 186 	 -720.00  -311.77     0.00     0.00     0.00     0.00
 186 	 -720.00  -311.77     0.00     0.00     0.00     0.00
   	   28.00   -48.00     0.00    90.00
   	   28.00   -48.00     0.00    90.00
 187 	 -630.00  -311.77     0.00     0.00     0.00     0.00
 187 	 -630.00  -311.77     0.00     0.00     0.00     0.00
   	   28.00   -48.00     0.00    90.00
   	   28.00   -48.00     0.00    90.00
 188 	  135.00   389.71     0.00     0.00     0.00     0.00
 188 	  135.00   389.71     0.00     0.00     0.00     0.00
   	   28.00   -48.00     0.00    90.00
   	   28.00   -48.00     0.00    90.00
 189 	  225.00   389.71     0.00     0.00     0.00     0.00
 189 	  225.00   389.71     0.00     0.00     0.00     0.00
   	   28.00   -48.00     0.00    90.00
   	   28.00   -48.00     0.00    90.00
 190 	  270.00   311.77     0.00     0.00     0.00     0.00
 190 	  270.00   311.77     0.00     0.00     0.00     0.00
   	   28.00   -48.00     0.00    90.00
   	   28.00   -48.00     0.00    90.00
 191 	  225.00   233.83     0.00     0.00     0.00     0.00
 191 	  225.00   233.83     0.00     0.00     0.00     0.00
   	   28.00   -48.00     0.00    90.00
   	   28.00   -48.00     0.00    90.00
 192 	  135.00   233.83     0.00     0.00     0.00     0.00
 192 	  135.00   233.83     0.00     0.00     0.00     0.00
   	   28.00   -48.00     0.00    90.00
   	   28.00   -48.00     0.00    90.00
 193 	   90.00   311.77     0.00     0.00     0.00     0.00
 193 	   90.00   311.77     0.00     0.00     0.00     0.00
   	   28.00   -48.00     0.00    90.00
   	   28.00   -48.00     0.00    90.00
 194 	  180.00   311.77     0.00     0.00     0.00     0.00
 194 	  180.00   311.77     0.00     0.00     0.00     0.00
   	   28.00   -48.00     0.00    90.00
   	   28.00   -48.00     0.00    90.00

** End writing output file: ../inputs/gr50.dat 
