*******************************************************************************
                         ARRAY PREPROCESSOR ver. 1.0
*******************************************************************************



   1	GROUP testgroup
   3	 GRID TRIANGULAR
   4	 ELEMENT
   5	 GEOMETRY CIRCULAR 69
   7	 ADD NODE 2 0
   8	 ADD BLOCK 4 -2 1 5
   9	 ADD BLOCK -6 1 9 5
  11	 GROUP_EXCITATION
  12	 AMPLITUDE UNIFORM 32
  13	 PHASE UNIFORM -3
  14	 END

** WARNING B2: GRID step(s) too small for specified element in GROUP: testgroup
** Generating GROUP: testgroup.
** PSTEP,QSTEP set to:138.000000,138.000000
** Grid ANGLE set to:60.000000 
** Group ROT_ANGLE set to: 0.000000 

** Writing output file: ../inputs/gr501.dat

NEL 
NPORTS
IDUM      REXA     REYA     REZA     THEA     PHEA     PSEA 
          AMP      PSH      PSC      PHEPOL
 113
 113
   1
   1
   1 	  276.00     0.00     0.00     0.00     0.00     0.00
   1 	  276.00     0.00     0.00     0.00     0.00     0.00
   	   32.00    -3.00     0.00    90.00
   	   32.00    -3.00     0.00    90.00
   2 	    0.00  -239.02     0.00     0.00     0.00     0.00
   2 	    0.00  -239.02     0.00     0.00     0.00     0.00
   	   32.00    -3.00     0.00    90.00
   	   32.00    -3.00     0.00    90.00
   3 	  138.00  -239.02     0.00     0.00     0.00     0.00
   3 	  138.00  -239.02     0.00     0.00     0.00     0.00
   	   32.00    -3.00     0.00    90.00
   	   32.00    -3.00     0.00    90.00
   4 	  276.00  -239.02     0.00     0.00     0.00     0.00
   4 	  276.00  -239.02     0.00     0.00     0.00     0.00
   	   32.00    -3.00     0.00    90.00
   	   32.00    -3.00     0.00    90.00
   5 	  414.00  -239.02     0.00     0.00     0.00     0.00
   5 	  414.00  -239.02     0.00     0.00     0.00     0.00
   	   32.00    -3.00     0.00    90.00
   	   32.00    -3.00     0.00    90.00
   6 	   69.00  -119.51     0.00     0.00     0.00     0.00
   6 	   69.00  -119.51     0.00     0.00     0.00     0.00
   	   32.00    -3.00     0.00    90.00
   	   32.00    -3.00     0.00    90.00
   7 	  207.00  -119.51     0.00     0.00     0.00     0.00
   7 	  207.00  -119.51     0.00     0.00     0.00     0.00
   	   32.00    -3.00     0.00    90.00
   	   32.00    -3.00     0.00    90.00
   8 	  345.00  -119.51     0.00     0.00     0.00     0.00
   8 	  345.00  -119.51     0.00     0.00     0.00     0.00
   	   32.00    -3.00     0.00    90.00
   	   32.00    -3.00     0.00    90.00
   9 	  483.00  -119.51     0.00     0.00     0.00     0.00
   9 	  483.00  -119.51     0.00     0.00     0.00     0.00
   	   32.00    -3.00     0.00    90.00
   	   32.00    -3.00     0.00    90.00
  10 	  138.00     0.00     0.00     0.00     0.00     0.00
  10 	  138.00     0.00     0.00     0.00     0.00     0.00
   	   32.00    -3.00     0.00    90.00
   	   32.00    -3.00     0.00    90.00
  11 	  276.00     0.00     0.00     0.00     0.00     0.00
  11 	  276.00     0.00     0.00     0.00     0.00     0.00
   	   32.00    -3.00     0.00    90.00
   	   32.00    -3.00     0.00    90.00
  12 	  414.00     0.00     0.00     0.00     0.00     0.00
  12 	  414.00     0.00     0.00     0.00     0.00     0.00
   	   32.00    -3.00     0.00    90.00
   	   32.00    -3.00     0.00    90.00
  13 	  552.00     0.00     0.00     0.00     0.00     0.00
  13 	  552.00     0.00     0.00     0.00     0.00     0.00
   	   32.00    -3.00     0.00    90.00
   	   32.00    -3.00     0.00    90.00
  14 	  207.00   119.51     0.00     0.00     0.00     0.00
  14 	  207.00   119.51     0.00     0.00     0.00     0.00
   	   32.00    -3.00     0.00    90.00
   	   32.00    -3.00     0.00    90.00
  15 	  345.00   119.51     0.00     0.00     0.00     0.00
  15 	  345.00   119.51     0.00     0.00     0.00     0.00
   	   32.00    -3.00     0.00    90.00
   	   32.00    -3.00     0.00    90.00
  16 	  483.00   119.51     0.00     0.00     0.00     0.00
  16 	  483.00   119.51     0.00     0.00     0.00     0.00
   	   32.00    -3.00     0.00    90.00
   	   32.00    -3.00     0.00    90.00
  17 	  621.00   119.51     0.00     0.00     0.00     0.00
  17 	  621.00   119.51     0.00     0.00     0.00     0.00
   	   32.00    -3.00     0.00    90.00
   	   32.00    -3.00     0.00    90.00
  18 	  276.00   239.02     0.00     0.00     0.00     0.00
  18 	  276.00   239.02     0.00     0.00     0.00     0.00
   	   32.00    -3.00     0.00    90.00
   	   32.00    -3.00     0.00    90.00
  19 	  414.00   239.02     0.00     0.00     0.00     0.00
  19 	  414.00   239.02     0.00     0.00     0.00     0.00
   	   32.00    -3.00     0.00    90.00
   	   32.00    -3.00     0.00    90.00
  20 	  552.00   239.02     0.00     0.00     0.00     0.00
  20 	  552.00   239.02     0.00     0.00     0.00     0.00
   	   32.00    -3.00     0.00    90.00
   	   32.00    -3.00     0.00    90.00
  21 	  690.00   239.02     0.00     0.00     0.00     0.00
  21 	  690.00   239.02     0.00     0.00     0.00     0.00
   	   32.00    -3.00     0.00    90.00
   	   32.00    -3.00     0.00    90.00
  22 	  345.00   358.53     0.00     0.00     0.00     0.00
  22 	  345.00   358.53     0.00     0.00     0.00     0.00
   	   32.00    -3.00     0.00    90.00
   	   32.00    -3.00     0.00    90.00
  23 	  483.00   358.53     0.00     0.00     0.00     0.00
  23 	  483.00   358.53     0.00     0.00     0.00     0.00
   	   32.00    -3.00     0.00    90.00
   	   32.00    -3.00     0.00    90.00
  24 	  621.00   358.53     0.00     0.00     0.00     0.00
  24 	  621.00   358.53     0.00     0.00     0.00     0.00
   	   32.00    -3.00     0.00    90.00
   	   32.00    -3.00     0.00    90.00
  25 	  759.00   358.53     0.00     0.00     0.00     0.00
  25 	  759.00   358.53     0.00     0.00     0.00     0.00
   	   32.00    -3.00     0.00    90.00
   	   32.00    -3.00     0.00    90.00
  26 	  414.00   478.05     0.00     0.00     0.00     0.00
  26 	  414.00   478.05     0.00     0.00     0.00     0.00
   	   32.00    -3.00     0.00    90.00
   	   32.00    -3.00     0.00    90.00
  27 	  552.00   478.05     0.00     0.00     0.00     0.00
  27 	  552.00   478.05     0.00     0.00     0.00     0.00
   	   32.00    -3.00     0.00    90.00
   	   32.00    -3.00     0.00    90.00
  28 	  690.00   478.05     0.00     0.00     0.00     0.00
  28 	  690.00   478.05     0.00     0.00     0.00     0.00
   	   32.00    -3.00     0.00    90.00
   	   32.00    -3.00     0.00    90.00
  29 	  828.00   478.05     0.00     0.00     0.00     0.00
  29 	  828.00   478.05     0.00     0.00     0.00     0.00
   	   32.00    -3.00     0.00    90.00
   	   32.00    -3.00     0.00    90.00
  30 	  483.00   597.56     0.00     0.00     0.00     0.00
  30 	  483.00   597.56     0.00     0.00     0.00     0.00
   	   32.00    -3.00     0.00    90.00
   	   32.00    -3.00     0.00    90.00
  31 	  621.00   597.56     0.00     0.00     0.00     0.00
  31 	  621.00   597.56     0.00     0.00     0.00     0.00
   	   32.00    -3.00     0.00    90.00
   	   32.00    -3.00     0.00    90.00
  32 	  759.00   597.56     0.00     0.00     0.00     0.00
  32 	  759.00   597.56     0.00     0.00     0.00     0.00
   	   32.00    -3.00     0.00    90.00
   	   32.00    -3.00     0.00    90.00
  33 	  897.00   597.56     0.00     0.00     0.00     0.00
  33 	  897.00   597.56     0.00     0.00     0.00     0.00
   	   32.00    -3.00     0.00    90.00
   	   32.00    -3.00     0.00    90.00
  34 	 -759.00   119.51     0.00     0.00     0.00     0.00
  34 	 -759.00   119.51     0.00     0.00     0.00     0.00
   	   32.00    -3.00     0.00    90.00
   	   32.00    -3.00     0.00    90.00
  35 	 -621.00   119.51     0.00     0.00     0.00     0.00
  35 	 -621.00   119.51     0.00     0.00     0.00     0.00
   	   32.00    -3.00     0.00    90.00
   	   32.00    -3.00     0.00    90.00
  36 	 -483.00   119.51     0.00     0.00     0.00     0.00
  36 	 -483.00   119.51     0.00     0.00     0.00     0.00
   	   32.00    -3.00     0.00    90.00
   	   32.00    -3.00     0.00    90.00
  37 	 -345.00   119.51     0.00     0.00     0.00     0.00
  37 	 -345.00   119.51     0.00     0.00     0.00     0.00
   	   32.00    -3.00     0.00    90.00
   	   32.00    -3.00     0.00    90.00
  38 	 -207.00   119.51     0.00     0.00     0.00     0.00
  38 	 -207.00   119.51     0.00     0.00     0.00     0.00
   	   32.00    -3.00     0.00    90.00
   	   32.00    -3.00     0.00    90.00
  39 	  -69.00   119.51     0.00     0.00     0.00     0.00
  39 	  -69.00   119.51     0.00     0.00     0.00     0.00
   	   32.00    -3.00     0.00    90.00
   	   32.00    -3.00     0.00    90.00
  40 	   69.00   119.51     0.00     0.00     0.00     0.00
  40 	   69.00   119.51     0.00     0.00     0.00     0.00
   	   32.00    -3.00     0.00    90.00
   	   32.00    -3.00     0.00    90.00
  41 	  207.00   119.51     0.00     0.00     0.00     0.00
  41 	  207.00   119.51     0.00     0.00     0.00     0.00
   	   32.00    -3.00     0.00    90.00
   	   32.00    -3.00     0.00    90.00
  42 	  345.00   119.51     0.00     0.00     0.00     0.00
  42 	  345.00   119.51     0.00     0.00     0.00     0.00
   	   32.00    -3.00     0.00    90.00
   	   32.00    -3.00     0.00    90.00
  43 	  483.00   119.51     0.00     0.00     0.00     0.00
  43 	  483.00   119.51     0.00     0.00     0.00     0.00
   	   32.00    -3.00     0.00    90.00
   	   32.00    -3.00     0.00    90.00
  44 	  621.00   119.51     0.00     0.00     0.00     0.00
  44 	  621.00   119.51     0.00     0.00     0.00     0.00
   	   32.00    -3.00     0.00    90.00
   	   32.00    -3.00     0.00    90.00
  45 	  759.00   119.51     0.00     0.00     0.00     0.00
  45 	  759.00   119.51     0.00     0.00     0.00     0.00
   	   32.00    -3.00     0.00    90.00
   	   32.00    -3.00     0.00    90.00
  46 	  897.00   119.51     0.00     0.00     0.00     0.00
  46 	  897.00   119.51     0.00     0.00     0.00     0.00
   	   32.00    -3.00     0.00    90.00
   	   32.00    -3.00     0.00    90.00
  47 	 1035.00   119.51     0.00     0.00     0.00     0.00
  47 	 1035.00   119.51     0.00     0.00     0.00     0.00
   	   32.00    -3.00     0.00    90.00
   	   32.00    -3.00     0.00    90.00
  48 	 1173.00   119.51     0.00     0.00     0.00     0.00
  48 	 1173.00   119.51     0.00     0.00     0.00     0.00
   	   32.00    -3.00     0.00    90.00
   	   32.00    -3.00     0.00    90.00
  49 	 1311.00   119.51     0.00     0.00     0.00     0.00
  49 	 1311.00   119.51     0.00     0.00     0.00     0.00
   	   32.00    -3.00     0.00    90.00
   	   32.00    -3.00     0.00    90.00
  50 	 -690.00   239.02     0.00     0.00     0.00     0.00
  50 	 -690.00   239.02     0.00     0.00     0.00     0.00
   	   32.00    -3.00     0.00    90.00
   	   32.00    -3.00     0.00    90.00
  51 	 -552.00   239.02     0.00     0.00     0.00     0.00
  51 	 -552.00   239.02     0.00     0.00     0.00     0.00
   	   32.00    -3.00     0.00    90.00
   	   32.00    -3.00     0.00    90.00
  52 	 -414.00   239.02     0.00     0.00     0.00     0.00
  52 	 -414.00   239.02     0.00     0.00     0.00     0.00
   	   32.00    -3.00     0.00    90.00
   	   32.00    -3.00     0.00    90.00
  53 	 -276.00   239.02     0.00     0.00     0.00     0.00
  53 	 -276.00   239.02     0.00     0.00     0.00     0.00
   	   32.00    -3.00     0.00    90.00
   	   32.00    -3.00     0.00    90.00
  54 	 -138.00   239.02     0.00     0.00     0.00     0.00
  54 	 -138.00   239.02     0.00     0.00     0.00     0.00
   	   32.00    -3.00     0.00    90.00
   	   32.00    -3.00     0.00    90.00
  55 	   -0.00   239.02     0.00     0.00     0.00     0.00
  55 	   -0.00   239.02     0.00     0.00     0.00     0.00
   	   32.00    -3.00     0.00    90.00
   	   32.00    -3.00     0.00    90.00
  56 	  138.00   239.02     0.00     0.00     0.00     0.00
  56 	  138.00   239.02     0.00     0.00     0.00     0.00
   	   32.00    -3.00     0.00    90.00
   	   32.00    -3.00     0.00    90.00
  57 	  276.00   239.02     0.00     0.00     0.00     0.00
  57 	  276.00   239.02     0.00     0.00     0.00     0.00
   	   32.00    -3.00     0.00    90.00
   	   32.00    -3.00     0.00    90.00
  58 	  414.00   239.02     0.00     0.00     0.00     0.00
  58 	  414.00   239.02     0.00     0.00     0.00     0.00
   	   32.00    -3.00     0.00    90.00
   	   32.00    -3.00     0.00    90.00
  59 	  552.00   239.02     0.00     0.00     0.00     0.00
  59 	  552.00   239.02     0.00     0.00     0.00     0.00
   	   32.00    -3.00     0.00    90.00
   	   32.00    -3.00     0.00    90.00
  60 	  690.00   239.02     0.00     0.00     0.00     0.00
  60 	  690.00   239.02     0.00     0.00     0.00     0.00
   	   32.00    -3.00     0.00    90.00
   	   32.00    -3.00     0.00    90.00
  61 	  828.00   239.02     0.00     0.00     0.00     0.00
  61 	  828.00   239.02     0.00     0.00     0.00     0.00
   	   32.00    -3.00     0.00    90.00
   	   32.00    -3.00     0.00    90.00
  62 	  966.00   239.02     0.00     0.00     0.00     0.00
  62 	  966.00   239.02     0.00     0.00     0.00     0.00
   	   32.00    -3.00     0.00    90.00
   	   32.00    -3.00     0.00    90.00
  63 	 1104.00   239.02     0.00     0.00     0.00     0.00
  63 	 1104.00   239.02     0.00     0.00     0.00     0.00
   	   32.00    -3.00     0.00    90.00
   	   32.00    -3.00     0.00    90.00
  64 	 1242.00   239.02     0.00     0.00     0.00     0.00
  64 	 1242.00   239.02     0.00     0.00     0.00     0.00
   	   32.00    -3.00     0.00    90.00
   	   32.00    -3.00     0.00    90.00
  65 	 1380.00   239.02     0.00     0.00     0.00     0.00
  65 	 1380.00   239.02     0.00     0.00     0.00     0.00
   	   32.00    -3.00     0.00    90.00
   	   32.00    -3.00     0.00    90.00
  66 	 -621.00   358.53     0.00     0.00     0.00     0.00
  66 	 -621.00   358.53     0.00     0.00     0.00     0.00
   	   32.00    -3.00     0.00    90.00
   	   32.00    -3.00     0.00    90.00
  67 	 -483.00   358.53     0.00     0.00     0.00     0.00
  67 	 -483.00   358.53     0.00     0.00     0.00     0.00
   	   32.00    -3.00     0.00    90.00
   	   32.00    -3.00     0.00    90.00
  68 	 -345.00   358.53     0.00     0.00     0.00     0.00
  68 	 -345.00   358.53     0.00     0.00     0.00     0.00
   	   32.00    -3.00     0.00    90.00
   	   32.00    -3.00     0.00    90.00
  69 	 -207.00   358.53     0.00     0.00     0.00     0.00
  69 	 -207.00   358.53     0.00     0.00     0.00     0.00
   	   32.00    -3.00     0.00    90.00
   	   32.00    -3.00     0.00    90.00
  70 	  -69.00   358.53     0.00     0.00     0.00     0.00
  70 	  -69.00   358.53     0.00     0.00     0.00     0.00
   	   32.00    -3.00     0.00    90.00
   	   32.00    -3.00     0.00    90.00
  71 	   69.00   358.53     0.00     0.00     0.00     0.00
  71 	   69.00   358.53     0.00     0.00     0.00     0.00
   	   32.00    -3.00     0.00    90.00
   	   32.00    -3.00     0.00    90.00
  72 	  207.00   358.53     0.00     0.00     0.00     0.00
  72 	  207.00   358.53     0.00     0.00     0.00     0.00
   	   32.00    -3.00     0.00    90.00
   	   32.00    -3.00     0.00    90.00
  73 	  345.00   358.53     0.00     0.00     0.00     0.00
  73 	  345.00   358.53     0.00     0.00     0.00     0.00
   	   32.00    -3.00     0.00    90.00
   	   32.00    -3.00     0.00    90.00
  74 	  483.00   358.53     0.00     0.00     0.00     0.00
  74 	  483.00   358.53     0.00     0.00     0.00     0.00
   	   32.00    -3.00     0.00    90.00
   	   32.00    -3.00     0.00    90.00
  75 	  621.00   358.53     0.00     0.00     0.00     0.00
  75 	  621.00   358.53     0.00     0.00     0.00     0.00
   	   32.00    -3.00     0.00    90.00
   	   32.00    -3.00     0.00    90.00
  76 	  759.00   358.53     0.00     0.00     0.00     0.00
  76 	  759.00   358.53     0.00     0.00     0.00     0.00
   	   32.00    -3.00     0.00    90.00
   	   32.00    -3.00     0.00    90.00
  77 	  897.00   358.53     0.00     0.00     0.00     0.00
  77 	  897.00   358.53     0.00     0.00     0.00     0.00
   	   32.00    -3.00     0.00    90.00
   	   32.00    -3.00     0.00    90.00
  78 	 1035.00   358.53     0.00     0.00     0.00     0.00
  78 	 1035.00   358.53     0.00     0.00     0.00     0.00
   	   32.00    -3.00     0.00    90.00
   	   32.00    -3.00     0.00    90.00
  79 	 1173.00   358.53     0.00     0.00     0.00     0.00
  79 	 1173.00   358.53     0.00     0.00     0.00     0.00
   	   32.00    -3.00     0.00    90.00
   	   32.00    -3.00     0.00    90.00
  80 	 1311.00   358.53     0.00     0.00     0.00     0.00
  80 	 1311.00   358.53     0.00     0.00     0.00     0.00
   	   32.00    -3.00     0.00    90.00
   	   32.00    -3.00     0.00    90.00
  81 	 1449.00   358.53     0.00     0.00     0.00     0.00
  81 	 1449.00   358.53     0.00     0.00     0.00     0.00
   	   32.00    -3.00     0.00    90.00
   	   32.00    -3.00     0.00    90.00
  82 	 -552.00   478.05     0.00     0.00     0.00     0.00
  82 	 -552.00   478.05     0.00     0.00     0.00     0.00
   	   32.00    -3.00     0.00    90.00
   	   32.00    -3.00     0.00    90.00
  83 	 -414.00   478.05     0.00     0.00     0.00     0.00
  83 	 -414.00   478.05     0.00     0.00     0.00     0.00
   	   32.00    -3.00     0.00    90.00
   	   32.00    -3.00     0.00    90.00
  84 	 -276.00   478.05     0.00     0.00     0.00     0.00
  84 	 -276.00   478.05     0.00     0.00     0.00     0.00
   	   32.00    -3.00     0.00    90.00
   	   32.00    -3.00     0.00    90.00
  85 	 -138.00   478.05     0.00     0.00     0.00     0.00
  85 	 -138.00   478.05     0.00     0.00     0.00     0.00
   	   32.00    -3.00     0.00    90.00
   	   32.00    -3.00     0.00    90.00
  86 	   -0.00   478.05     0.00     0.00     0.00     0.00
  86 	   -0.00   478.05     0.00     0.00     0.00     0.00
   	   32.00    -3.00     0.00    90.00
   	   32.00    -3.00     0.00    90.00
  87 	  138.00   478.05     0.00     0.00     0.00     0.00
  87 	  138.00   478.05     0.00     0.00     0.00     0.00
   	   32.00    -3.00     0.00    90.00
   	   32.00    -3.00     0.00    90.00
  88 	  276.00   478.05     0.00     0.00     0.00     0.00
  88 	  276.00   478.05     0.00     0.00     0.00     0.00
   	   32.00    -3.00     0.00    90.00
   	   32.00    -3.00     0.00    90.00
  89 	  414.00   478.05     0.00     0.00     0.00     0.00
  89 	  414.00   478.05     0.00     0.00     0.00     0.00
   	   32.00    -3.00     0.00    90.00
   	   32.00    -3.00     0.00    90.00
  90 	  552.00   478.05     0.00     0.00     0.00     0.00
  90 	  552.00   478.05     0.00     0.00     0.00     0.00
   	   32.00    -3.00     0.00    90.00
   	   32.00    -3.00     0.00    90.00
  91 	  690.00   478.05     0.00     0.00     0.00     0.00
  91 	  690.00   478.05     0.00     0.00     0.00     0.00
   	   32.00    -3.00     0.00    90.00
   	   32.00    -3.00     0.00    90.00
  92 	  828.00   478.05     0.00     0.00     0.00     0.00
  92 	  828.00   478.05     0.00     0.00     0.00     0.00
   	   32.00    -3.00     0.00    90.00
   	   32.00    -3.00     0.00    90.00
  93 	  966.00   478.05     0.00     0.00     0.00     0.00
  93 	  966.00   478.05     0.00     0.00     0.00     0.00
   	   32.00    -3.00     0.00    90.00
   	   32.00    -3.00     0.00    90.00
  94 	 1104.00   478.05     0.00     0.00     0.00     0.00
  94 	 1104.00   478.05     0.00     0.00     0.00     0.00
   	   32.00    -3.00     0.00    90.00
   	   32.00    -3.00     0.00    90.00
  95 	 1242.00   478.05     0.00     0.00     0.00     0.00
  95 	 1242.00   478.05     0.00     0.00     0.00     0.00
   	   32.00    -3.00     0.00    90.00
   	   32.00    -3.00     0.00    90.00
  96 	 1380.00   478.05     0.00     0.00     0.00     0.00
  96 	 1380.00   478.05     0.00     0.00     0.00     0.00
   	   32.00    -3.00     0.00    90.00
   	   32.00    -3.00     0.00    90.00
  97 	 1518.00   478.05     0.00     0.00     0.00     0.00
  97 	 1518.00   478.05     0.00     0.00     0.00     0.00
   	   32.00    -3.00     0.00    90.00
   	   32.00    -3.00     0.00    90.00
  98 	 -483.00   597.56     0.00     0.00     0.00     0.00
  98 	 -483.00   597.56     0.00     0.00     0.00     0.00
   	   32.00    -3.00     0.00    90.00
   	   32.00    -3.00     0.00    90.00
  99 	 -345.00   597.56     0.00     0.00     0.00     0.00
  99 	 -345.00   597.56     0.00     0.00     0.00     0.00
   	   32.00    -3.00     0.00    90.00
   	   32.00    -3.00     0.00    90.00
 100 	 -207.00   597.56     0.00     0.00     0.00     0.00
 100 	 -207.00   597.56     0.00     0.00     0.00     0.00
   	   32.00    -3.00     0.00    90.00
   	   32.00    -3.00     0.00    90.00
 101 	  -69.00   597.56     0.00     0.00     0.00     0.00
 101 	  -69.00   597.56     0.00     0.00     0.00     0.00
   	   32.00    -3.00     0.00    90.00
   	   32.00    -3.00     0.00    90.00
 102 	   69.00   597.56     0.00     0.00     0.00     0.00
 102 	   69.00   597.56     0.00     0.00     0.00     0.00
   	   32.00    -3.00     0.00    90.00
   	   32.00    -3.00     0.00    90.00
 103 	  207.00   597.56     0.00     0.00     0.00     0.00
 103 	  207.00   597.56     0.00     0.00     0.00     0.00
   	   32.00    -3.00     0.00    90.00
   	   32.00    -3.00     0.00    90.00
 104 	  345.00   597.56     0.00     0.00     0.00     0.00
 104 	  345.00   597.56     0.00     0.00     0.00     0.00
   	   32.00    -3.00     0.00    90.00
   	   32.00    -3.00     0.00    90.00
 105 	  483.00   597.56     0.00     0.00     0.00     0.00
 105 	  483.00   597.56     0.00     0.00     0.00     0.00
   	   32.00    -3.00     0.00    90.00
   	   32.00    -3.00     0.00    90.00
 106 	  621.00   597.56     0.00     0.00     0.00     0.00
 106 	  621.00   597.56     0.00     0.00     0.00     0.00
   	   32.00    -3.00     0.00    90.00
   	   32.00    -3.00     0.00    90.00
 107 	  759.00   597.56     0.00     0.00     0.00     0.00
 107 	  759.00   597.56     0.00     0.00     0.00     0.00
   	   32.00    -3.00     0.00    90.00
   	   32.00    -3.00     0.00    90.00
 108 	  897.00   597.56     0.00     0.00     0.00     0.00
 108 	  897.00   597.56     0.00     0.00     0.00     0.00
   	   32.00    -3.00     0.00    90.00
   	   32.00    -3.00     0.00    90.00
 109 	 1035.00   597.56     0.00     0.00     0.00     0.00
 109 	 1035.00   597.56     0.00     0.00     0.00     0.00
   	   32.00    -3.00     0.00    90.00
   	   32.00    -3.00     0.00    90.00
 110 	 1173.00   597.56     0.00     0.00     0.00     0.00
 110 	 1173.00   597.56     0.00     0.00     0.00     0.00
   	   32.00    -3.00     0.00    90.00
   	   32.00    -3.00     0.00    90.00
 111 	 1311.00   597.56     0.00     0.00     0.00     0.00
 111 	 1311.00   597.56     0.00     0.00     0.00     0.00
   	   32.00    -3.00     0.00    90.00
   	   32.00    -3.00     0.00    90.00
 112 	 1449.00   597.56     0.00     0.00     0.00     0.00
 112 	 1449.00   597.56     0.00     0.00     0.00     0.00
   	   32.00    -3.00     0.00    90.00
   	   32.00    -3.00     0.00    90.00
 113 	 1587.00   597.56     0.00     0.00     0.00     0.00
 113 	 1587.00   597.56     0.00     0.00     0.00     0.00
   	   32.00    -3.00     0.00    90.00
   	   32.00    -3.00     0.00    90.00

** End writing output file: ../inputs/gr501.dat 
