*******************************************************************************
                         ARRAY PREPROCESSOR ver. 1.0
*******************************************************************************



   1	GROUP testgroup
   3	 GRID RECTANGULAR
   4	 ELEMENT
   5	 GEOMETRY CIRCULAR RADIUS 39
   7	 ADD BLOCK -8 -3 1 -8
   8	 ADD BLOCK -2 3 1 0
  10	 GROUP_EXCITATION
  11	 AMPLITUDE UNIFORM 22
  12	 PHASE UNIFORM 27
  13	 END

** Generating GROUP: testgroup.
** PSTEP,QSTEP set to:78.000000,78.000000
** Grid ANGLE set to:90.000000 
** Group ROT_ANGLE set to: 0.000000 

** Writing output file: ../inputs/gr504.dat

NEL 
NPORTS
IDUM      REXA     REYA     REZA     THEA     PHEA     PSEA 
          AMP      PSH      PSC      PHEPOL
  76
  76
   1
   1
   1 	 -624.00  -624.00     0.00     0.00     0.00     0.00
   1 	 -624.00  -624.00     0.00     0.00     0.00     0.00
   	   22.00    27.00     0.00    90.00
   	   22.00    27.00     0.00    90.00
   2 	 -546.00  -624.00     0.00     0.00     0.00     0.00
   2 	 -546.00  -624.00     0.00     0.00     0.00     0.00
   	   22.00    27.00     0.00    90.00
   	   22.00    27.00     0.00    90.00
   3 	 -468.00  -624.00     0.00     0.00     0.00     0.00
   3 	 -468.00  -624.00     0.00     0.00     0.00     0.00
   	   22.00    27.00     0.00    90.00
   	   22.00    27.00     0.00    90.00
   4 	 -390.00  -624.00     0.00     0.00     0.00     0.00
   4 	 -390.00  -624.00     0.00     0.00     0.00     0.00
   	   22.00    27.00     0.00    90.00
   	   22.00    27.00     0.00    90.00
   5 	 -312.00  -624.00     0.00     0.00     0.00     0.00
   5 	 -312.00  -624.00     0.00     0.00     0.00     0.00
   	   22.00    27.00     0.00    90.00
   	   22.00    27.00     0.00    90.00
   6 	 -234.00  -624.00     0.00     0.00     0.00     0.00
   6 	 -234.00  -624.00     0.00     0.00     0.00     0.00
   	   22.00    27.00     0.00    90.00
   	   22.00    27.00     0.00    90.00
   7 	 -156.00  -624.00     0.00     0.00     0.00     0.00
   7 	 -156.00  -624.00     0.00     0.00     0.00     0.00
   	   22.00    27.00     0.00    90.00
   	   22.00    27.00     0.00    90.00
   8 	  -78.00  -624.00     0.00     0.00     0.00     0.00
   8 	  -78.00  -624.00     0.00     0.00     0.00     0.00
   	   22.00    27.00     0.00    90.00
   	   22.00    27.00     0.00    90.00
   9 	    0.00  -624.00     0.00     0.00     0.00     0.00
   9 	    0.00  -624.00     0.00     0.00     0.00     0.00
   	   22.00    27.00     0.00    90.00
   	   22.00    27.00     0.00    90.00
  10 	   78.00  -624.00     0.00     0.00     0.00     0.00
  10 	   78.00  -624.00     0.00     0.00     0.00     0.00
   	   22.00    27.00     0.00    90.00
   	   22.00    27.00     0.00    90.00
  11 	 -624.00  -546.00     0.00     0.00     0.00     0.00
  11 	 -624.00  -546.00     0.00     0.00     0.00     0.00
   	   22.00    27.00     0.00    90.00
   	   22.00    27.00     0.00    90.00
  12 	 -546.00  -546.00     0.00     0.00     0.00     0.00
  12 	 -546.00  -546.00     0.00     0.00     0.00     0.00
   	   22.00    27.00     0.00    90.00
   	   22.00    27.00     0.00    90.00
  13 	 -468.00  -546.00     0.00     0.00     0.00     0.00
  13 	 -468.00  -546.00     0.00     0.00     0.00     0.00
   	   22.00    27.00     0.00    90.00
   	   22.00    27.00     0.00    90.00
  14 	 -390.00  -546.00     0.00     0.00     0.00     0.00
  14 	 -390.00  -546.00     0.00     0.00     0.00     0.00
   	   22.00    27.00     0.00    90.00
   	   22.00    27.00     0.00    90.00
  15 	 -312.00  -546.00     0.00     0.00     0.00     0.00
  15 	 -312.00  -546.00     0.00     0.00     0.00     0.00
   	   22.00    27.00     0.00    90.00
   	   22.00    27.00     0.00    90.00
  16 	 -234.00  -546.00     0.00     0.00     0.00     0.00
  16 	 -234.00  -546.00     0.00     0.00     0.00     0.00
   	   22.00    27.00     0.00    90.00
   	   22.00    27.00     0.00    90.00
  17 	 -156.00  -546.00     0.00     0.00     0.00     0.00
  17 	 -156.00  -546.00     0.00     0.00     0.00     0.00
   	   22.00    27.00     0.00    90.00
   	   22.00    27.00     0.00    90.00
  18 	  -78.00  -546.00     0.00     0.00     0.00     0.00
  18 	  -78.00  -546.00     0.00     0.00     0.00     0.00
   	   22.00    27.00     0.00    90.00
   	   22.00    27.00     0.00    90.00
  19 	    0.00  -546.00     0.00     0.00     0.00     0.00
  19 	    0.00  -546.00     0.00     0.00     0.00     0.00
   	   22.00    27.00     0.00    90.00
   	   22.00    27.00     0.00    90.00
  20 	   78.00  -546.00     0.00     0.00     0.00     0.00
  20 	   78.00  -546.00     0.00     0.00     0.00     0.00
   	   22.00    27.00     0.00    90.00
   	   22.00    27.00     0.00    90.00
  21 	 -624.00  -468.00     0.00     0.00     0.00     0.00
  21 	 -624.00  -468.00     0.00     0.00     0.00     0.00
   	   22.00    27.00     0.00    90.00
   	   22.00    27.00     0.00    90.00
  22 	 -546.00  -468.00     0.00     0.00     0.00     0.00
  22 	 -546.00  -468.00     0.00     0.00     0.00     0.00
   	   22.00    27.00     0.00    90.00
   	   22.00    27.00     0.00    90.00
  23 	 -468.00  -468.00     0.00     0.00     0.00     0.00
  23 	 -468.00  -468.00     0.00     0.00     0.00     0.00
   	   22.00    27.00     0.00    90.00
   	   22.00    27.00     0.00    90.00
  24 	 -390.00  -468.00     0.00     0.00     0.00     0.00
  24 	 -390.00  -468.00     0.00     0.00     0.00     0.00
   	   22.00    27.00     0.00    90.00
   	   22.00    27.00     0.00    90.00
  25 	 -312.00  -468.00     0.00     0.00     0.00     0.00
  25 	 -312.00  -468.00     0.00     0.00     0.00     0.00
   	   22.00    27.00     0.00    90.00
   	   22.00    27.00     0.00    90.00
  26 	 -234.00  -468.00     0.00     0.00     0.00     0.00
  26 	 -234.00  -468.00     0.00     0.00     0.00     0.00
   	   22.00    27.00     0.00    90.00
   	   22.00    27.00     0.00    90.00
  27 	 -156.00  -468.00     0.00     0.00     0.00     0.00
  27 	 -156.00  -468.00     0.00     0.00     0.00     0.00
   	   22.00    27.00     0.00    90.00
   	   22.00    27.00     0.00    90.00
  28 	  -78.00  -468.00     0.00     0.00     0.00     0.00
  28 	  -78.00  -468.00     0.00     0.00     0.00     0.00
   	   22.00    27.00     0.00    90.00
   	   22.00    27.00     0.00    90.00
  29 	    0.00  -468.00     0.00     0.00     0.00     0.00
  29 	    0.00  -468.00     0.00     0.00     0.00     0.00
   	   22.00    27.00     0.00    90.00
   	   22.00    27.00     0.00    90.00
  30 	   78.00  -468.00     0.00     0.00     0.00     0.00
  30 	   78.00  -468.00     0.00     0.00     0.00     0.00
   	   22.00    27.00     0.00    90.00
   	   22.00    27.00     0.00    90.00
  31 	 -624.00  -390.00     0.00     0.00     0.00     0.00
  31 	 -624.00  -390.00     0.00     0.00     0.00     0.00
   	   22.00    27.00     0.00    90.00
   	   22.00    27.00     0.00    90.00
  32 	 -546.00  -390.00     0.00     0.00     0.00     0.00
  32 	 -546.00  -390.00     0.00     0.00     0.00     0.00
   	   22.00    27.00     0.00    90.00
   	   22.00    27.00     0.00    90.00
  33 	 -468.00  -390.00     0.00     0.00     0.00     0.00
  33 	 -468.00  -390.00     0.00     0.00     0.00     0.00
   	   22.00    27.00     0.00    90.00
   	   22.00    27.00     0.00    90.00
  34 	 -390.00  -390.00     0.00     0.00     0.00     0.00
  34 	 -390.00  -390.00     0.00     0.00     0.00     0.00
   	   22.00    27.00     0.00    90.00
   	   22.00    27.00     0.00    90.00
  35 	 -312.00  -390.00     0.00     0.00     0.00     0.00
  35 	 -312.00  -390.00     0.00     0.00     0.00     0.00
   	   22.00    27.00     0.00    90.00
   	   22.00    27.00     0.00    90.00
  36 	 -234.00  -390.00     0.00     0.00     0.00     0.00
  36 	 -234.00  -390.00     0.00     0.00     0.00     0.00
   	   22.00    27.00     0.00    90.00
   	   22.00    27.00     0.00    90.00
  37 	 -156.00  -390.00     0.00     0.00     0.00     0.00
  37 	 -156.00  -390.00     0.00     0.00     0.00     0.00
   	   22.00    27.00     0.00    90.00
   	   22.00    27.00     0.00    90.00
  38 	  -78.00  -390.00     0.00     0.00     0.00     0.00
  38 	  -78.00  -390.00     0.00     0.00     0.00     0.00
   	   22.00    27.00     0.00    90.00
   	   22.00    27.00     0.00    90.00
  39 	    0.00  -390.00     0.00     0.00     0.00     0.00
  39 	    0.00  -390.00     0.00     0.00     0.00     0.00
   	   22.00    27.00     0.00    90.00
   	   22.00    27.00     0.00    90.00
  40 	   78.00  -390.00     0.00     0.00     0.00     0.00
  40 	   78.00  -390.00     0.00     0.00     0.00     0.00
   	   22.00    27.00     0.00    90.00
   	   22.00    27.00     0.00    90.00
  41 	 -624.00  -312.00     0.00     0.00     0.00     0.00
  41 	 -624.00  -312.00     0.00     0.00     0.00     0.00
   	   22.00    27.00     0.00    90.00
   	   22.00    27.00     0.00    90.00
  42 	 -546.00  -312.00     0.00     0.00     0.00     0.00
  42 	 -546.00  -312.00     0.00     0.00     0.00     0.00
   	   22.00    27.00     0.00    90.00
   	   22.00    27.00     0.00    90.00
  43 	 -468.00  -312.00     0.00     0.00     0.00     0.00
  43 	 -468.00  -312.00     0.00     0.00     0.00     0.00
   	   22.00    27.00     0.00    90.00
   	   22.00    27.00     0.00    90.00
  44 	 -390.00  -312.00     0.00     0.00     0.00     0.00
  44 	 -390.00  -312.00     0.00     0.00     0.00     0.00
   	   22.00    27.00     0.00    90.00
   	   22.00    27.00     0.00    90.00
  45 	 -312.00  -312.00     0.00     0.00     0.00     0.00
  45 	 -312.00  -312.00     0.00     0.00     0.00     0.00
   	   22.00    27.00     0.00    90.00
   	   22.00    27.00     0.00    90.00
  46 	 -234.00  -312.00     0.00     0.00     0.00     0.00
  46 	 -234.00  -312.00     0.00     0.00     0.00     0.00
   	   22.00    27.00     0.00    90.00
   	   22.00    27.00     0.00    90.00
  47 	 -156.00  -312.00     0.00     0.00     0.00     0.00
  47 	 -156.00  -312.00     0.00     0.00     0.00     0.00
   	   22.00    27.00     0.00    90.00
   	   22.00    27.00     0.00    90.00
  48 	  -78.00  -312.00     0.00     0.00     0.00     0.00
  48 	  -78.00  -312.00     0.00     0.00     0.00     0.00
   	   22.00    27.00     0.00    90.00
   	   22.00    27.00     0.00    90.00
  49 	    0.00  -312.00     0.00     0.00     0.00     0.00
  49 	    0.00  -312.00     0.00     0.00     0.00     0.00
   	   22.00    27.00     0.00    90.00
   	   22.00    27.00     0.00    90.00
  50 	   78.00  -312.00     0.00     0.00     0.00     0.00
  50 	   78.00  -312.00     0.00     0.00     0.00     0.00
   	   22.00    27.00     0.00    90.00
   	   22.00    27.00     0.00    90.00
  51 	 -624.00  -234.00     0.00     0.00     0.00     0.00
  51 	 -624.00  -234.00     0.00     0.00     0.00     0.00
   	   22.00    27.00     0.00    90.00
   	   22.00    27.00     0.00    90.00
  52 	 -546.00  -234.00     0.00     0.00     0.00     0.00
  52 	 -546.00  -234.00     0.00     0.00     0.00     0.00
   	   22.00    27.00     0.00    90.00
   	   22.00    27.00     0.00    90.00
  53 	 -468.00  -234.00     0.00     0.00     0.00     0.00
  53 	 -468.00  -234.00     0.00     0.00     0.00     0.00
   	   22.00    27.00     0.00    90.00
   	   22.00    27.00     0.00    90.00
  54 	 -390.00  -234.00     0.00     0.00     0.00     0.00
  54 	 -390.00  -234.00     0.00     0.00     0.00     0.00
   	   22.00    27.00     0.00    90.00
   	   22.00    27.00     0.00    90.00
  55 	 -312.00  -234.00     0.00     0.00     0.00     0.00
  55 	 -312.00  -234.00     0.00     0.00     0.00     0.00
   	   22.00    27.00     0.00    90.00
   	   22.00    27.00     0.00    90.00
  56 	 -234.00  -234.00     0.00     0.00     0.00     0.00
  56 	 -234.00  -234.00     0.00     0.00     0.00     0.00
   	   22.00    27.00     0.00    90.00
   	   22.00    27.00     0.00    90.00
  57 	 -156.00  -234.00     0.00     0.00     0.00     0.00
  57 	 -156.00  -234.00     0.00     0.00     0.00     0.00
   	   22.00    27.00     0.00    90.00
   	   22.00    27.00     0.00    90.00
  58 	  -78.00  -234.00     0.00     0.00     0.00     0.00
  58 	  -78.00  -234.00     0.00     0.00     0.00     0.00
   	   22.00    27.00     0.00    90.00
   	   22.00    27.00     0.00    90.00
  59 	    0.00  -234.00     0.00     0.00     0.00     0.00
  59 	    0.00  -234.00     0.00     0.00     0.00     0.00
   	   22.00    27.00     0.00    90.00
   	   22.00    27.00     0.00    90.00
  60 	   78.00  -234.00     0.00     0.00     0.00     0.00
  60 	   78.00  -234.00     0.00     0.00     0.00     0.00
   	   22.00    27.00     0.00    90.00
   	   22.00    27.00     0.00    90.00
  61 	 -156.00     0.00     0.00     0.00     0.00     0.00
  61 	 -156.00     0.00     0.00     0.00     0.00     0.00
   	   22.00    27.00     0.00    90.00
   	   22.00    27.00     0.00    90.00
  62 	  -78.00     0.00     0.00     0.00     0.00     0.00
  62 	  -78.00     0.00     0.00     0.00     0.00     0.00
   	   22.00    27.00     0.00    90.00
   	   22.00    27.00     0.00    90.00
  63 	    0.00     0.00     0.00     0.00     0.00     0.00
  63 	    0.00     0.00     0.00     0.00     0.00     0.00
   	   22.00    27.00     0.00    90.00
   	   22.00    27.00     0.00    90.00
  64 	   78.00     0.00     0.00     0.00     0.00     0.00
  64 	   78.00     0.00     0.00     0.00     0.00     0.00
   	   22.00    27.00     0.00    90.00
   	   22.00    27.00     0.00    90.00
  65 	 -156.00    78.00     0.00     0.00     0.00     0.00
  65 	 -156.00    78.00     0.00     0.00     0.00     0.00
   	   22.00    27.00     0.00    90.00
   	   22.00    27.00     0.00    90.00
  66 	  -78.00    78.00     0.00     0.00     0.00     0.00
  66 	  -78.00    78.00     0.00     0.00     0.00     0.00
   	   22.00    27.00     0.00    90.00
   	   22.00    27.00     0.00    90.00
  67 	   -0.00    78.00     0.00     0.00     0.00     0.00
  67 	   -0.00    78.00     0.00     0.00     0.00     0.00
   	   22.00    27.00     0.00    90.00
   	   22.00    27.00     0.00    90.00
  68 	   78.00    78.00     0.00     0.00     0.00     0.00
  68 	   78.00    78.00     0.00     0.00     0.00     0.00
   	   22.00    27.00     0.00    90.00
   	   22.00    27.00     0.00    90.00
  69 	 -156.00   156.00     0.00     0.00     0.00     0.00
  69 	 -156.00   156.00     0.00     0.00     0.00     0.00
   	   22.00    27.00     0.00    90.00
   	   22.00    27.00     0.00    90.00
  70 	  -78.00   156.00     0.00     0.00     0.00     0.00
  70 	  -78.00   156.00     0.00     0.00     0.00     0.00
   	   22.00    27.00     0.00    90.00
   	   22.00    27.00     0.00    90.00
  71 	   -0.00   156.00     0.00     0.00     0.00     0.00
  71 	   -0.00   156.00     0.00     0.00     0.00     0.00
   	   22.00    27.00     0.00    90.00
   	   22.00    27.00     0.00    90.00
  72 	   78.00   156.00     0.00     0.00     0.00     0.00
  72 	   78.00   156.00     0.00     0.00     0.00     0.00
   	   22.00    27.00     0.00    90.00
   	   22.00    27.00     0.00    90.00
  73 	 -156.00   234.00     0.00     0.00     0.00     0.00
  73 	 -156.00   234.00     0.00     0.00     0.00     0.00
   	   22.00    27.00     0.00    90.00
   	   22.00    27.00     0.00    90.00
  74 	  -78.00   234.00     0.00     0.00     0.00     0.00
  74 	  -78.00   234.00     0.00     0.00     0.00     0.00
   	   22.00    27.00     0.00    90.00
   	   22.00    27.00     0.00    90.00
  75 	   -0.00   234.00     0.00     0.00     0.00     0.00
  75 	   -0.00   234.00     0.00     0.00     0.00     0.00
   	   22.00    27.00     0.00    90.00
   	   22.00    27.00     0.00    90.00
  76 	   78.00   234.00     0.00     0.00     0.00     0.00
  76 	   78.00   234.00     0.00     0.00     0.00     0.00
   	   22.00    27.00     0.00    90.00
   	   22.00    27.00     0.00    90.00

** End writing output file: ../inputs/gr504.dat 
