*******************************************************************************
                         ARRAY PREPROCESSOR ver. 1.0
*******************************************************************************



   1	GROUP testgroup
   3	 GRID HEXAGONAL
   4	 ELEMENT
   5	 GEOMETRY CIRCULAR 69
   6	 POLARIZATION CIRCULAR
   7	 PORTS 3
   8	 PORT 1
   9	 AMPLITUDE 64
  11	 PORT 2
  12	 AMPLITUDE 74
  14	 PHASE_POL_ARRANG 207
  15	 PORT 3
  16	 AMPLITUDE 56
  18	 PHASE_SCANNING 406 deg
  19	 PHASE_POL_ARRANG 563
  20	 ADD BLOCK -6 6 -9 6
  22	 GROUP_EXCITATION
  23	 AMPLITUDE UNIFORM 25
  24	 PHASE UNIFORM -41
  25	 END

** Generating GROUP: testgroup.
** PSTEP,QSTEP set to:138.000000,138.000000
** Grid ANGLE set to:60.000000 
** Group ROT_ANGLE set to: 0.000000 

** Writing output file: ../inputs/gr505.dat

NEL 
NPORTS
IDUM      REXA     REYA     REZA     THEA     PHEA     PSEA 
          AMP      PSH      PSC      PHEPOL
   4
   4
   3
   3
   1 	 -828.00   717.07     0.00     0.00     0.00     0.00
   1 	 -828.00   717.07     0.00     0.00     0.00     0.00
   	 1600.00   -41.00     0.00    90.00
   	 1600.00   -41.00     0.00    90.00
   	 1850.00   166.00     0.00    90.00
   	 1850.00   166.00     0.00    90.00
   	 1400.00   522.00   406.00    90.00
   	 1400.00   522.00   406.00    90.00
   2 	 -690.00   717.07     0.00     0.00     0.00     0.00
   2 	 -690.00   717.07     0.00     0.00     0.00     0.00
   	 1600.00   -41.00     0.00    90.00
   	 1600.00   -41.00     0.00    90.00
   	 1850.00   166.00     0.00    90.00
   	 1850.00   166.00     0.00    90.00
   	 1400.00   522.00   406.00    90.00
   	 1400.00   522.00   406.00    90.00
   3 	 -552.00   717.07     0.00     0.00     0.00     0.00
   3 	 -552.00   717.07     0.00     0.00     0.00     0.00
   	 1600.00   -41.00     0.00    90.00
   	 1600.00   -41.00     0.00    90.00
   	 1850.00   166.00     0.00    90.00
   	 1850.00   166.00     0.00    90.00
   	 1400.00   522.00   406.00    90.00
   	 1400.00   522.00   406.00    90.00
   4 	 -414.00   717.07     0.00     0.00     0.00     0.00
   4 	 -414.00   717.07     0.00     0.00     0.00     0.00
   	 1600.00   -41.00     0.00    90.00
   	 1600.00   -41.00     0.00    90.00
   	 1850.00   166.00     0.00    90.00
   	 1850.00   166.00     0.00    90.00
   	 1400.00   522.00   406.00    90.00
   	 1400.00   522.00   406.00    90.00

** End writing output file: ../inputs/gr505.dat 
