*******************************************************************************
                         ARRAY PREPROCESSOR ver. 1.0
*******************************************************************************



   1	GROUP testgroup
   3	 GRID HEXAGONAL STEP 68
   4	 ELEMENT
   5	 GEOMETRY CIRCULAR 63
   7	 ADD BLOCK 0 1 -2 7
   9	 GROUP_EXCITATION
  10	 AMPLITUDE UNIFORM 21
  11	 PHASE UNIFORM -138
  12	 END

** WARNING B2: GRID step(s) too small for specified element in GROUP: testgroup
** Generating GROUP: testgroup.
** PSTEP,QSTEP set to:68.000000,68.000000
** Grid ANGLE set to:60.000000 
** Group ROT_ANGLE set to: 0.000000 

** Writing output file: ../inputs/gr507.dat

NEL 
NPORTS
IDUM      REXA     REYA     REZA     THEA     PHEA     PSEA 
          AMP      PSH      PSC      PHEPOL
  21
  21
   1
   1
   1 	 -102.00    58.89     0.00     0.00     0.00     0.00
   1 	 -102.00    58.89     0.00     0.00     0.00     0.00
   	   21.00  -138.00     0.00    90.00
   	   21.00  -138.00     0.00    90.00
   2 	  -34.00    58.89     0.00     0.00     0.00     0.00
   2 	  -34.00    58.89     0.00     0.00     0.00     0.00
   	   21.00  -138.00     0.00    90.00
   	   21.00  -138.00     0.00    90.00
   3 	   34.00    58.89     0.00     0.00     0.00     0.00
   3 	   34.00    58.89     0.00     0.00     0.00     0.00
   	   21.00  -138.00     0.00    90.00
   	   21.00  -138.00     0.00    90.00
   4 	  -68.00   117.78     0.00     0.00     0.00     0.00
   4 	  -68.00   117.78     0.00     0.00     0.00     0.00
   	   21.00  -138.00     0.00    90.00
   	   21.00  -138.00     0.00    90.00
   5 	   -0.00   117.78     0.00     0.00     0.00     0.00
   5 	   -0.00   117.78     0.00     0.00     0.00     0.00
   	   21.00  -138.00     0.00    90.00
   	   21.00  -138.00     0.00    90.00
   6 	   68.00   117.78     0.00     0.00     0.00     0.00
   6 	   68.00   117.78     0.00     0.00     0.00     0.00
   	   21.00  -138.00     0.00    90.00
   	   21.00  -138.00     0.00    90.00
   7 	  -34.00   176.67     0.00     0.00     0.00     0.00
   7 	  -34.00   176.67     0.00     0.00     0.00     0.00
   	   21.00  -138.00     0.00    90.00
   	   21.00  -138.00     0.00    90.00
   8 	   34.00   176.67     0.00     0.00     0.00     0.00
   8 	   34.00   176.67     0.00     0.00     0.00     0.00
   	   21.00  -138.00     0.00    90.00
   	   21.00  -138.00     0.00    90.00
   9 	  102.00   176.67     0.00     0.00     0.00     0.00
   9 	  102.00   176.67     0.00     0.00     0.00     0.00
   	   21.00  -138.00     0.00    90.00
   	   21.00  -138.00     0.00    90.00
  10 	   -0.00   235.56     0.00     0.00     0.00     0.00
  10 	   -0.00   235.56     0.00     0.00     0.00     0.00
   	   21.00  -138.00     0.00    90.00
   	   21.00  -138.00     0.00    90.00
  11 	   68.00   235.56     0.00     0.00     0.00     0.00
  11 	   68.00   235.56     0.00     0.00     0.00     0.00
   	   21.00  -138.00     0.00    90.00
   	   21.00  -138.00     0.00    90.00
  12 	  136.00   235.56     0.00     0.00     0.00     0.00
  12 	  136.00   235.56     0.00     0.00     0.00     0.00
   	   21.00  -138.00     0.00    90.00
   	   21.00  -138.00     0.00    90.00
  13 	   34.00   294.45     0.00     0.00     0.00     0.00
  13 	   34.00   294.45     0.00     0.00     0.00     0.00
   	   21.00  -138.00     0.00    90.00
   	   21.00  -138.00     0.00    90.00
  14 	  102.00   294.45     0.00     0.00     0.00     0.00
  14 	  102.00   294.45     0.00     0.00     0.00     0.00
   	   21.00  -138.00     0.00    90.00
   	   21.00  -138.00     0.00    90.00
  15 	  170.00   294.45     0.00     0.00     0.00     0.00
  15 	  170.00   294.45     0.00     0.00     0.00     0.00
   	   21.00  -138.00     0.00    90.00
   	   21.00  -138.00     0.00    90.00
  16 	   68.00   353.34     0.00     0.00     0.00     0.00
  16 	   68.00   353.34     0.00     0.00     0.00     0.00
   	   21.00  -138.00     0.00    90.00
   	   21.00  -138.00     0.00    90.00
  17 	  136.00   353.34     0.00     0.00     0.00     0.00
  17 	  136.00   353.34     0.00     0.00     0.00     0.00
   	   21.00  -138.00     0.00    90.00
   	   21.00  -138.00     0.00    90.00
  18 	  204.00   353.34     0.00     0.00     0.00     0.00
  18 	  204.00   353.34     0.00     0.00     0.00     0.00
   	   21.00  -138.00     0.00    90.00
   	   21.00  -138.00     0.00    90.00
  19 	  102.00   412.23     0.00     0.00     0.00     0.00
  19 	  102.00   412.23     0.00     0.00     0.00     0.00
   	   21.00  -138.00     0.00    90.00
   	   21.00  -138.00     0.00    90.00
  20 	  170.00   412.23     0.00     0.00     0.00     0.00
  20 	  170.00   412.23     0.00     0.00     0.00     0.00
   	   21.00  -138.00     0.00    90.00
   	   21.00  -138.00     0.00    90.00
  21 	  238.00   412.23     0.00     0.00     0.00     0.00
  21 	  238.00   412.23     0.00     0.00     0.00     0.00
   	   21.00  -138.00     0.00    90.00
   	   21.00  -138.00     0.00    90.00

** End writing output file: ../inputs/gr507.dat 
