*******************************************************************************
                         ARRAY PREPROCESSOR ver. 1.0
*******************************************************************************



   1	GROUP testgroup
   3	 GRID RECTANGULAR
   4	 ELEMENT
   5	 GEOMETRY CIRCULAR 61
   7	 ADD BLOCK 6 -2 0 3
   8	 ADD BLOCK -4 4 -1 2
  10	 GROUP_EXCITATION
  11	 AMPLITUDE UNIFORM 17
  12	 PHASE UNIFORM -120
  13	 END

** Generating GROUP: testgroup.
** PSTEP,QSTEP set to:122.000000,122.000000
** Grid ANGLE set to:90.000000 
** Group ROT_ANGLE set to: 0.000000 

** Writing output file: ../inputs/gr518.dat

NEL 
NPORTS
IDUM      REXA     REYA     REZA     THEA     PHEA     PSEA 
          AMP      PSH      PSC      PHEPOL
  54
  54
   1
   1
   1 	    0.00  -244.00     0.00     0.00     0.00     0.00
   1 	    0.00  -244.00     0.00     0.00     0.00     0.00
   	   17.00  -120.00     0.00    90.00
   	   17.00  -120.00     0.00    90.00
   2 	  122.00  -244.00     0.00     0.00     0.00     0.00
   2 	  122.00  -244.00     0.00     0.00     0.00     0.00
   	   17.00  -120.00     0.00    90.00
   	   17.00  -120.00     0.00    90.00
   3 	  244.00  -244.00     0.00     0.00     0.00     0.00
   3 	  244.00  -244.00     0.00     0.00     0.00     0.00
   	   17.00  -120.00     0.00    90.00
   	   17.00  -120.00     0.00    90.00
   4 	  366.00  -244.00     0.00     0.00     0.00     0.00
   4 	  366.00  -244.00     0.00     0.00     0.00     0.00
   	   17.00  -120.00     0.00    90.00
   	   17.00  -120.00     0.00    90.00
   5 	  488.00  -244.00     0.00     0.00     0.00     0.00
   5 	  488.00  -244.00     0.00     0.00     0.00     0.00
   	   17.00  -120.00     0.00    90.00
   	   17.00  -120.00     0.00    90.00
   6 	  610.00  -244.00     0.00     0.00     0.00     0.00
   6 	  610.00  -244.00     0.00     0.00     0.00     0.00
   	   17.00  -120.00     0.00    90.00
   	   17.00  -120.00     0.00    90.00
   7 	  732.00  -244.00     0.00     0.00     0.00     0.00
   7 	  732.00  -244.00     0.00     0.00     0.00     0.00
   	   17.00  -120.00     0.00    90.00
   	   17.00  -120.00     0.00    90.00
   8 	    0.00  -122.00     0.00     0.00     0.00     0.00
   8 	    0.00  -122.00     0.00     0.00     0.00     0.00
   	   17.00  -120.00     0.00    90.00
   	   17.00  -120.00     0.00    90.00
   9 	  122.00  -122.00     0.00     0.00     0.00     0.00
   9 	  122.00  -122.00     0.00     0.00     0.00     0.00
   	   17.00  -120.00     0.00    90.00
   	   17.00  -120.00     0.00    90.00
  10 	  244.00  -122.00     0.00     0.00     0.00     0.00
  10 	  244.00  -122.00     0.00     0.00     0.00     0.00
   	   17.00  -120.00     0.00    90.00
   	   17.00  -120.00     0.00    90.00
  11 	  366.00  -122.00     0.00     0.00     0.00     0.00
  11 	  366.00  -122.00     0.00     0.00     0.00     0.00
   	   17.00  -120.00     0.00    90.00
   	   17.00  -120.00     0.00    90.00
  12 	  488.00  -122.00     0.00     0.00     0.00     0.00
  12 	  488.00  -122.00     0.00     0.00     0.00     0.00
   	   17.00  -120.00     0.00    90.00
   	   17.00  -120.00     0.00    90.00
  13 	  610.00  -122.00     0.00     0.00     0.00     0.00
  13 	  610.00  -122.00     0.00     0.00     0.00     0.00
   	   17.00  -120.00     0.00    90.00
   	   17.00  -120.00     0.00    90.00
  14 	  732.00  -122.00     0.00     0.00     0.00     0.00
  14 	  732.00  -122.00     0.00     0.00     0.00     0.00
   	   17.00  -120.00     0.00    90.00
   	   17.00  -120.00     0.00    90.00
  15 	    0.00     0.00     0.00     0.00     0.00     0.00
  15 	    0.00     0.00     0.00     0.00     0.00     0.00
   	   17.00  -120.00     0.00    90.00
   	   17.00  -120.00     0.00    90.00
  16 	  122.00     0.00     0.00     0.00     0.00     0.00
  16 	  122.00     0.00     0.00     0.00     0.00     0.00
   	   17.00  -120.00     0.00    90.00
   	   17.00  -120.00     0.00    90.00
  17 	  244.00     0.00     0.00     0.00     0.00     0.00
  17 	  244.00     0.00     0.00     0.00     0.00     0.00
   	   17.00  -120.00     0.00    90.00
   	   17.00  -120.00     0.00    90.00
  18 	  366.00     0.00     0.00     0.00     0.00     0.00
  18 	  366.00     0.00     0.00     0.00     0.00     0.00
   	   17.00  -120.00     0.00    90.00
   	   17.00  -120.00     0.00    90.00
  19 	  488.00     0.00     0.00     0.00     0.00     0.00
  19 	  488.00     0.00     0.00     0.00     0.00     0.00
   	   17.00  -120.00     0.00    90.00
   	   17.00  -120.00     0.00    90.00
  20 	  610.00     0.00     0.00     0.00     0.00     0.00
  20 	  610.00     0.00     0.00     0.00     0.00     0.00
   	   17.00  -120.00     0.00    90.00
   	   17.00  -120.00     0.00    90.00
  21 	  732.00     0.00     0.00     0.00     0.00     0.00
  21 	  732.00     0.00     0.00     0.00     0.00     0.00
   	   17.00  -120.00     0.00    90.00
   	   17.00  -120.00     0.00    90.00
  22 	   -0.00   122.00     0.00     0.00     0.00     0.00
  22 	   -0.00   122.00     0.00     0.00     0.00     0.00
   	   17.00  -120.00     0.00    90.00
   	   17.00  -120.00     0.00    90.00
  23 	  122.00   122.00     0.00     0.00     0.00     0.00
  23 	  122.00   122.00     0.00     0.00     0.00     0.00
   	   17.00  -120.00     0.00    90.00
   	   17.00  -120.00     0.00    90.00
  24 	  244.00   122.00     0.00     0.00     0.00     0.00
  24 	  244.00   122.00     0.00     0.00     0.00     0.00
   	   17.00  -120.00     0.00    90.00
   	   17.00  -120.00     0.00    90.00
  25 	  366.00   122.00     0.00     0.00     0.00     0.00
  25 	  366.00   122.00     0.00     0.00     0.00     0.00
   	   17.00  -120.00     0.00    90.00
   	   17.00  -120.00     0.00    90.00
  26 	  488.00   122.00     0.00     0.00     0.00     0.00
  26 	  488.00   122.00     0.00     0.00     0.00     0.00
   	   17.00  -120.00     0.00    90.00
   	   17.00  -120.00     0.00    90.00
  27 	  610.00   122.00     0.00     0.00     0.00     0.00
  27 	  610.00   122.00     0.00     0.00     0.00     0.00
   	   17.00  -120.00     0.00    90.00
   	   17.00  -120.00     0.00    90.00
  28 	  732.00   122.00     0.00     0.00     0.00     0.00
  28 	  732.00   122.00     0.00     0.00     0.00     0.00
   	   17.00  -120.00     0.00    90.00
   	   17.00  -120.00     0.00    90.00
  29 	   -0.00   244.00     0.00     0.00     0.00     0.00
  29 	   -0.00   244.00     0.00     0.00     0.00     0.00
   	   17.00  -120.00     0.00    90.00
   	   17.00  -120.00     0.00    90.00
  30 	  122.00   244.00     0.00     0.00     0.00     0.00
  30 	  122.00   244.00     0.00     0.00     0.00     0.00
   	   17.00  -120.00     0.00    90.00
   	   17.00  -120.00     0.00    90.00
  31 	  244.00   244.00     0.00     0.00     0.00     0.00
  31 	  244.00   244.00     0.00     0.00     0.00     0.00
   	   17.00  -120.00     0.00    90.00
   	   17.00  -120.00     0.00    90.00
  32 	  366.00   244.00     0.00     0.00     0.00     0.00
  32 	  366.00   244.00     0.00     0.00     0.00     0.00
   	   17.00  -120.00     0.00    90.00
   	   17.00  -120.00     0.00    90.00
  33 	  488.00   244.00     0.00     0.00     0.00     0.00
  33 	  488.00   244.00     0.00     0.00     0.00     0.00
   	   17.00  -120.00     0.00    90.00
   	   17.00  -120.00     0.00    90.00
  34 	  610.00   244.00     0.00     0.00     0.00     0.00
  34 	  610.00   244.00     0.00     0.00     0.00     0.00
   	   17.00  -120.00     0.00    90.00
   	   17.00  -120.00     0.00    90.00
  35 	  732.00   244.00     0.00     0.00     0.00     0.00
  35 	  732.00   244.00     0.00     0.00     0.00     0.00
   	   17.00  -120.00     0.00    90.00
   	   17.00  -120.00     0.00    90.00
  36 	   -0.00   366.00     0.00     0.00     0.00     0.00
  36 	   -0.00   366.00     0.00     0.00     0.00     0.00
   	   17.00  -120.00     0.00    90.00
   	   17.00  -120.00     0.00    90.00
  37 	  122.00   366.00     0.00     0.00     0.00     0.00
  37 	  122.00   366.00     0.00     0.00     0.00     0.00
   	   17.00  -120.00     0.00    90.00
   	   17.00  -120.00     0.00    90.00
  38 	  244.00   366.00     0.00     0.00     0.00     0.00
  38 	  244.00   366.00     0.00     0.00     0.00     0.00
   	   17.00  -120.00     0.00    90.00
   	   17.00  -120.00     0.00    90.00
  39 	  366.00   366.00     0.00     0.00     0.00     0.00
  39 	  366.00   366.00     0.00     0.00     0.00     0.00
   	   17.00  -120.00     0.00    90.00
   	   17.00  -120.00     0.00    90.00
  40 	  488.00   366.00     0.00     0.00     0.00     0.00
  40 	  488.00   366.00     0.00     0.00     0.00     0.00
   	   17.00  -120.00     0.00    90.00
   	   17.00  -120.00     0.00    90.00
  41 	  610.00   366.00     0.00     0.00     0.00     0.00
  41 	  610.00   366.00     0.00     0.00     0.00     0.00
   	   17.00  -120.00     0.00    90.00
   	   17.00  -120.00     0.00    90.00
  42 	  732.00   366.00     0.00     0.00     0.00     0.00
  42 	  732.00   366.00     0.00     0.00     0.00     0.00
   	   17.00  -120.00     0.00    90.00
   	   17.00  -120.00     0.00    90.00
  43 	 -488.00   244.00     0.00     0.00     0.00     0.00
  43 	 -488.00   244.00     0.00     0.00     0.00     0.00
   	   17.00  -120.00     0.00    90.00
   	   17.00  -120.00     0.00    90.00
  44 	 -366.00   244.00     0.00     0.00     0.00     0.00
  44 	 -366.00   244.00     0.00     0.00     0.00     0.00
   	   17.00  -120.00     0.00    90.00
   	   17.00  -120.00     0.00    90.00
  45 	 -244.00   244.00     0.00     0.00     0.00     0.00
  45 	 -244.00   244.00     0.00     0.00     0.00     0.00
   	   17.00  -120.00     0.00    90.00
   	   17.00  -120.00     0.00    90.00
  46 	 -122.00   244.00     0.00     0.00     0.00     0.00
  46 	 -122.00   244.00     0.00     0.00     0.00     0.00
   	   17.00  -120.00     0.00    90.00
   	   17.00  -120.00     0.00    90.00
  47 	 -488.00   366.00     0.00     0.00     0.00     0.00
  47 	 -488.00   366.00     0.00     0.00     0.00     0.00
   	   17.00  -120.00     0.00    90.00
   	   17.00  -120.00     0.00    90.00
  48 	 -366.00   366.00     0.00     0.00     0.00     0.00
  48 	 -366.00   366.00     0.00     0.00     0.00     0.00
   	   17.00  -120.00     0.00    90.00
   	   17.00  -120.00     0.00    90.00
  49 	 -244.00   366.00     0.00     0.00     0.00     0.00
  49 	 -244.00   366.00     0.00     0.00     0.00     0.00
   	   17.00  -120.00     0.00    90.00
   	   17.00  -120.00     0.00    90.00
  50 	 -122.00   366.00     0.00     0.00     0.00     0.00
  50 	 -122.00   366.00     0.00     0.00     0.00     0.00
   	   17.00  -120.00     0.00    90.00
   	   17.00  -120.00     0.00    90.00
  51 	 -488.00   488.00     0.00     0.00     0.00     0.00
  51 	 -488.00   488.00     0.00     0.00     0.00     0.00
   	   17.00  -120.00     0.00    90.00
   	   17.00  -120.00     0.00    90.00
  52 	 -366.00   488.00     0.00     0.00     0.00     0.00
  52 	 -366.00   488.00     0.00     0.00     0.00     0.00
   	   17.00  -120.00     0.00    90.00
   	   17.00  -120.00     0.00    90.00
  53 	 -244.00   488.00     0.00     0.00     0.00     0.00
  53 	 -244.00   488.00     0.00     0.00     0.00     0.00
   	   17.00  -120.00     0.00    90.00
   	   17.00  -120.00     0.00    90.00
  54 	 -122.00   488.00     0.00     0.00     0.00     0.00
  54 	 -122.00   488.00     0.00     0.00     0.00     0.00
   	   17.00  -120.00     0.00    90.00
   	   17.00  -120.00     0.00    90.00

** End writing output file: ../inputs/gr518.dat 
