*******************************************************************************
                         ARRAY PREPROCESSOR ver. 1.0
*******************************************************************************



   1	GROUP testgroup
   3	 GRID HEXAGONAL
   4	 ELEMENT
   5	 GEOMETRY CIRCULAR 40
   6	 POLARIZATION LINEAR
   7	 ADD BLOCK 9 5 -10 -3
   9	 GROUP_EXCITATION
  10	 AMPLITUDE UNIFORM 27
  11	 PHASE UNIFORM 10 deg
  12	 END

** Generating GROUP: testgroup.
** PSTEP,QSTEP set to:80.000000,80.000000
** Grid ANGLE set to:60.000000 
** Group ROT_ANGLE set to: 0.000000 

** Writing output file: ../inputs/gr519.dat

NEL 
NPORTS
IDUM      REXA     REYA     REZA     THEA     PHEA     PSEA 
          AMP      PSH      PSC      PHEPOL
 180
 180
   1
   1
   1 	 -920.00  -207.85     0.00     0.00     0.00     0.00
   1 	 -920.00  -207.85     0.00     0.00     0.00     0.00
   	   27.00    10.00     0.00    90.00
   	   27.00    10.00     0.00    90.00
   2 	 -840.00  -207.85     0.00     0.00     0.00     0.00
   2 	 -840.00  -207.85     0.00     0.00     0.00     0.00
   	   27.00    10.00     0.00    90.00
   	   27.00    10.00     0.00    90.00
   3 	 -760.00  -207.85     0.00     0.00     0.00     0.00
   3 	 -760.00  -207.85     0.00     0.00     0.00     0.00
   	   27.00    10.00     0.00    90.00
   	   27.00    10.00     0.00    90.00
   4 	 -680.00  -207.85     0.00     0.00     0.00     0.00
   4 	 -680.00  -207.85     0.00     0.00     0.00     0.00
   	   27.00    10.00     0.00    90.00
   	   27.00    10.00     0.00    90.00
   5 	 -600.00  -207.85     0.00     0.00     0.00     0.00
   5 	 -600.00  -207.85     0.00     0.00     0.00     0.00
   	   27.00    10.00     0.00    90.00
   	   27.00    10.00     0.00    90.00
   6 	 -520.00  -207.85     0.00     0.00     0.00     0.00
   6 	 -520.00  -207.85     0.00     0.00     0.00     0.00
   	   27.00    10.00     0.00    90.00
   	   27.00    10.00     0.00    90.00
   7 	 -440.00  -207.85     0.00     0.00     0.00     0.00
   7 	 -440.00  -207.85     0.00     0.00     0.00     0.00
   	   27.00    10.00     0.00    90.00
   	   27.00    10.00     0.00    90.00
   8 	 -360.00  -207.85     0.00     0.00     0.00     0.00
   8 	 -360.00  -207.85     0.00     0.00     0.00     0.00
   	   27.00    10.00     0.00    90.00
   	   27.00    10.00     0.00    90.00
   9 	 -280.00  -207.85     0.00     0.00     0.00     0.00
   9 	 -280.00  -207.85     0.00     0.00     0.00     0.00
   	   27.00    10.00     0.00    90.00
   	   27.00    10.00     0.00    90.00
  10 	 -200.00  -207.85     0.00     0.00     0.00     0.00
  10 	 -200.00  -207.85     0.00     0.00     0.00     0.00
   	   27.00    10.00     0.00    90.00
   	   27.00    10.00     0.00    90.00
  11 	 -120.00  -207.85     0.00     0.00     0.00     0.00
  11 	 -120.00  -207.85     0.00     0.00     0.00     0.00
   	   27.00    10.00     0.00    90.00
   	   27.00    10.00     0.00    90.00
  12 	  -40.00  -207.85     0.00     0.00     0.00     0.00
  12 	  -40.00  -207.85     0.00     0.00     0.00     0.00
   	   27.00    10.00     0.00    90.00
   	   27.00    10.00     0.00    90.00
  13 	   40.00  -207.85     0.00     0.00     0.00     0.00
  13 	   40.00  -207.85     0.00     0.00     0.00     0.00
   	   27.00    10.00     0.00    90.00
   	   27.00    10.00     0.00    90.00
  14 	  120.00  -207.85     0.00     0.00     0.00     0.00
  14 	  120.00  -207.85     0.00     0.00     0.00     0.00
   	   27.00    10.00     0.00    90.00
   	   27.00    10.00     0.00    90.00
  15 	  200.00  -207.85     0.00     0.00     0.00     0.00
  15 	  200.00  -207.85     0.00     0.00     0.00     0.00
   	   27.00    10.00     0.00    90.00
   	   27.00    10.00     0.00    90.00
  16 	  280.00  -207.85     0.00     0.00     0.00     0.00
  16 	  280.00  -207.85     0.00     0.00     0.00     0.00
   	   27.00    10.00     0.00    90.00
   	   27.00    10.00     0.00    90.00
  17 	  360.00  -207.85     0.00     0.00     0.00     0.00
  17 	  360.00  -207.85     0.00     0.00     0.00     0.00
   	   27.00    10.00     0.00    90.00
   	   27.00    10.00     0.00    90.00
  18 	  440.00  -207.85     0.00     0.00     0.00     0.00
  18 	  440.00  -207.85     0.00     0.00     0.00     0.00
   	   27.00    10.00     0.00    90.00
   	   27.00    10.00     0.00    90.00
  19 	  520.00  -207.85     0.00     0.00     0.00     0.00
  19 	  520.00  -207.85     0.00     0.00     0.00     0.00
   	   27.00    10.00     0.00    90.00
   	   27.00    10.00     0.00    90.00
  20 	  600.00  -207.85     0.00     0.00     0.00     0.00
  20 	  600.00  -207.85     0.00     0.00     0.00     0.00
   	   27.00    10.00     0.00    90.00
   	   27.00    10.00     0.00    90.00
  21 	 -880.00  -138.56     0.00     0.00     0.00     0.00
  21 	 -880.00  -138.56     0.00     0.00     0.00     0.00
   	   27.00    10.00     0.00    90.00
   	   27.00    10.00     0.00    90.00
  22 	 -800.00  -138.56     0.00     0.00     0.00     0.00
  22 	 -800.00  -138.56     0.00     0.00     0.00     0.00
   	   27.00    10.00     0.00    90.00
   	   27.00    10.00     0.00    90.00
  23 	 -720.00  -138.56     0.00     0.00     0.00     0.00
  23 	 -720.00  -138.56     0.00     0.00     0.00     0.00
   	   27.00    10.00     0.00    90.00
   	   27.00    10.00     0.00    90.00
  24 	 -640.00  -138.56     0.00     0.00     0.00     0.00
  24 	 -640.00  -138.56     0.00     0.00     0.00     0.00
   	   27.00    10.00     0.00    90.00
   	   27.00    10.00     0.00    90.00
  25 	 -560.00  -138.56     0.00     0.00     0.00     0.00
  25 	 -560.00  -138.56     0.00     0.00     0.00     0.00
   	   27.00    10.00     0.00    90.00
   	   27.00    10.00     0.00    90.00
  26 	 -480.00  -138.56     0.00     0.00     0.00     0.00
  26 	 -480.00  -138.56     0.00     0.00     0.00     0.00
   	   27.00    10.00     0.00    90.00
   	   27.00    10.00     0.00    90.00
  27 	 -400.00  -138.56     0.00     0.00     0.00     0.00
  27 	 -400.00  -138.56     0.00     0.00     0.00     0.00
   	   27.00    10.00     0.00    90.00
   	   27.00    10.00     0.00    90.00
  28 	 -320.00  -138.56     0.00     0.00     0.00     0.00
  28 	 -320.00  -138.56     0.00     0.00     0.00     0.00
   	   27.00    10.00     0.00    90.00
   	   27.00    10.00     0.00    90.00
  29 	 -240.00  -138.56     0.00     0.00     0.00     0.00
  29 	 -240.00  -138.56     0.00     0.00     0.00     0.00
   	   27.00    10.00     0.00    90.00
   	   27.00    10.00     0.00    90.00
  30 	 -160.00  -138.56     0.00     0.00     0.00     0.00
  30 	 -160.00  -138.56     0.00     0.00     0.00     0.00
   	   27.00    10.00     0.00    90.00
   	   27.00    10.00     0.00    90.00
  31 	  -80.00  -138.56     0.00     0.00     0.00     0.00
  31 	  -80.00  -138.56     0.00     0.00     0.00     0.00
   	   27.00    10.00     0.00    90.00
   	   27.00    10.00     0.00    90.00
  32 	    0.00  -138.56     0.00     0.00     0.00     0.00
  32 	    0.00  -138.56     0.00     0.00     0.00     0.00
   	   27.00    10.00     0.00    90.00
   	   27.00    10.00     0.00    90.00
  33 	   80.00  -138.56     0.00     0.00     0.00     0.00
  33 	   80.00  -138.56     0.00     0.00     0.00     0.00
   	   27.00    10.00     0.00    90.00
   	   27.00    10.00     0.00    90.00
  34 	  160.00  -138.56     0.00     0.00     0.00     0.00
  34 	  160.00  -138.56     0.00     0.00     0.00     0.00
   	   27.00    10.00     0.00    90.00
   	   27.00    10.00     0.00    90.00
  35 	  240.00  -138.56     0.00     0.00     0.00     0.00
  35 	  240.00  -138.56     0.00     0.00     0.00     0.00
   	   27.00    10.00     0.00    90.00
   	   27.00    10.00     0.00    90.00
  36 	  320.00  -138.56     0.00     0.00     0.00     0.00
  36 	  320.00  -138.56     0.00     0.00     0.00     0.00
   	   27.00    10.00     0.00    90.00
   	   27.00    10.00     0.00    90.00
  37 	  400.00  -138.56     0.00     0.00     0.00     0.00
  37 	  400.00  -138.56     0.00     0.00     0.00     0.00
   	   27.00    10.00     0.00    90.00
   	   27.00    10.00     0.00    90.00
  38 	  480.00  -138.56     0.00     0.00     0.00     0.00
  38 	  480.00  -138.56     0.00     0.00     0.00     0.00
   	   27.00    10.00     0.00    90.00
   	   27.00    10.00     0.00    90.00
  39 	  560.00  -138.56     0.00     0.00     0.00     0.00
  39 	  560.00  -138.56     0.00     0.00     0.00     0.00
   	   27.00    10.00     0.00    90.00
   	   27.00    10.00     0.00    90.00
  40 	  640.00  -138.56     0.00     0.00     0.00     0.00
  40 	  640.00  -138.56     0.00     0.00     0.00     0.00
   	   27.00    10.00     0.00    90.00
   	   27.00    10.00     0.00    90.00
  41 	 -840.00   -69.28     0.00     0.00     0.00     0.00
  41 	 -840.00   -69.28     0.00     0.00     0.00     0.00
   	   27.00    10.00     0.00    90.00
   	   27.00    10.00     0.00    90.00
  42 	 -760.00   -69.28     0.00     0.00     0.00     0.00
  42 	 -760.00   -69.28     0.00     0.00     0.00     0.00
   	   27.00    10.00     0.00    90.00
   	   27.00    10.00     0.00    90.00
  43 	 -680.00   -69.28     0.00     0.00     0.00     0.00
  43 	 -680.00   -69.28     0.00     0.00     0.00     0.00
   	   27.00    10.00     0.00    90.00
   	   27.00    10.00     0.00    90.00
  44 	 -600.00   -69.28     0.00     0.00     0.00     0.00
  44 	 -600.00   -69.28     0.00     0.00     0.00     0.00
   	   27.00    10.00     0.00    90.00
   	   27.00    10.00     0.00    90.00
  45 	 -520.00   -69.28     0.00     0.00     0.00     0.00
  45 	 -520.00   -69.28     0.00     0.00     0.00     0.00
   	   27.00    10.00     0.00    90.00
   	   27.00    10.00     0.00    90.00
  46 	 -440.00   -69.28     0.00     0.00     0.00     0.00
  46 	 -440.00   -69.28     0.00     0.00     0.00     0.00
   	   27.00    10.00     0.00    90.00
   	   27.00    10.00     0.00    90.00
  47 	 -360.00   -69.28     0.00     0.00     0.00     0.00
  47 	 -360.00   -69.28     0.00     0.00     0.00     0.00
   	   27.00    10.00     0.00    90.00
   	   27.00    10.00     0.00    90.00
  48 	 -280.00   -69.28     0.00     0.00     0.00     0.00
  48 	 -280.00   -69.28     0.00     0.00     0.00     0.00
   	   27.00    10.00     0.00    90.00
   	   27.00    10.00     0.00    90.00
  49 	 -200.00   -69.28     0.00     0.00     0.00     0.00
  49 	 -200.00   -69.28     0.00     0.00     0.00     0.00
   	   27.00    10.00     0.00    90.00
   	   27.00    10.00     0.00    90.00
  50 	 -120.00   -69.28     0.00     0.00     0.00     0.00
  50 	 -120.00   -69.28     0.00     0.00     0.00     0.00
   	   27.00    10.00     0.00    90.00
   	   27.00    10.00     0.00    90.00
  51 	  -40.00   -69.28     0.00     0.00     0.00     0.00
  51 	  -40.00   -69.28     0.00     0.00     0.00     0.00
   	   27.00    10.00     0.00    90.00
   	   27.00    10.00     0.00    90.00
  52 	   40.00   -69.28     0.00     0.00     0.00     0.00
  52 	   40.00   -69.28     0.00     0.00     0.00     0.00
   	   27.00    10.00     0.00    90.00
   	   27.00    10.00     0.00    90.00
  53 	  120.00   -69.28     0.00     0.00     0.00     0.00
  53 	  120.00   -69.28     0.00     0.00     0.00     0.00
   	   27.00    10.00     0.00    90.00
   	   27.00    10.00     0.00    90.00
  54 	  200.00   -69.28     0.00     0.00     0.00     0.00
  54 	  200.00   -69.28     0.00     0.00     0.00     0.00
   	   27.00    10.00     0.00    90.00
   	   27.00    10.00     0.00    90.00
  55 	  280.00   -69.28     0.00     0.00     0.00     0.00
  55 	  280.00   -69.28     0.00     0.00     0.00     0.00
   	   27.00    10.00     0.00    90.00
   	   27.00    10.00     0.00    90.00
  56 	  360.00   -69.28     0.00     0.00     0.00     0.00
  56 	  360.00   -69.28     0.00     0.00     0.00     0.00
   	   27.00    10.00     0.00    90.00
   	   27.00    10.00     0.00    90.00
  57 	  440.00   -69.28     0.00     0.00     0.00     0.00
  57 	  440.00   -69.28     0.00     0.00     0.00     0.00
   	   27.00    10.00     0.00    90.00
   	   27.00    10.00     0.00    90.00
  58 	  520.00   -69.28     0.00     0.00     0.00     0.00
  58 	  520.00   -69.28     0.00     0.00     0.00     0.00
   	   27.00    10.00     0.00    90.00
   	   27.00    10.00     0.00    90.00
  59 	  600.00   -69.28     0.00     0.00     0.00     0.00
  59 	  600.00   -69.28     0.00     0.00     0.00     0.00
   	   27.00    10.00     0.00    90.00
   	   27.00    10.00     0.00    90.00
  60 	  680.00   -69.28     0.00     0.00     0.00     0.00
  60 	  680.00   -69.28     0.00     0.00     0.00     0.00
   	   27.00    10.00     0.00    90.00
   	   27.00    10.00     0.00    90.00
  61 	 -800.00     0.00     0.00     0.00     0.00     0.00
  61 	 -800.00     0.00     0.00     0.00     0.00     0.00
   	   27.00    10.00     0.00    90.00
   	   27.00    10.00     0.00    90.00
  62 	 -720.00     0.00     0.00     0.00     0.00     0.00
  62 	 -720.00     0.00     0.00     0.00     0.00     0.00
   	   27.00    10.00     0.00    90.00
   	   27.00    10.00     0.00    90.00
  63 	 -640.00     0.00     0.00     0.00     0.00     0.00
  63 	 -640.00     0.00     0.00     0.00     0.00     0.00
   	   27.00    10.00     0.00    90.00
   	   27.00    10.00     0.00    90.00
  64 	 -560.00     0.00     0.00     0.00     0.00     0.00
  64 	 -560.00     0.00     0.00     0.00     0.00     0.00
   	   27.00    10.00     0.00    90.00
   	   27.00    10.00     0.00    90.00
  65 	 -480.00     0.00     0.00     0.00     0.00     0.00
  65 	 -480.00     0.00     0.00     0.00     0.00     0.00
   	   27.00    10.00     0.00    90.00
   	   27.00    10.00     0.00    90.00
  66 	 -400.00     0.00     0.00     0.00     0.00     0.00
  66 	 -400.00     0.00     0.00     0.00     0.00     0.00
   	   27.00    10.00     0.00    90.00
   	   27.00    10.00     0.00    90.00
  67 	 -320.00     0.00     0.00     0.00     0.00     0.00
  67 	 -320.00     0.00     0.00     0.00     0.00     0.00
   	   27.00    10.00     0.00    90.00
   	   27.00    10.00     0.00    90.00
  68 	 -240.00     0.00     0.00     0.00     0.00     0.00
  68 	 -240.00     0.00     0.00     0.00     0.00     0.00
   	   27.00    10.00     0.00    90.00
   	   27.00    10.00     0.00    90.00
  69 	 -160.00     0.00     0.00     0.00     0.00     0.00
  69 	 -160.00     0.00     0.00     0.00     0.00     0.00
   	   27.00    10.00     0.00    90.00
   	   27.00    10.00     0.00    90.00
  70 	  -80.00     0.00     0.00     0.00     0.00     0.00
  70 	  -80.00     0.00     0.00     0.00     0.00     0.00
   	   27.00    10.00     0.00    90.00
   	   27.00    10.00     0.00    90.00
  71 	    0.00     0.00     0.00     0.00     0.00     0.00
  71 	    0.00     0.00     0.00     0.00     0.00     0.00
   	   27.00    10.00     0.00    90.00
   	   27.00    10.00     0.00    90.00
  72 	   80.00     0.00     0.00     0.00     0.00     0.00
  72 	   80.00     0.00     0.00     0.00     0.00     0.00
   	   27.00    10.00     0.00    90.00
   	   27.00    10.00     0.00    90.00
  73 	  160.00     0.00     0.00     0.00     0.00     0.00
  73 	  160.00     0.00     0.00     0.00     0.00     0.00
   	   27.00    10.00     0.00    90.00
   	   27.00    10.00     0.00    90.00
  74 	  240.00     0.00     0.00     0.00     0.00     0.00
  74 	  240.00     0.00     0.00     0.00     0.00     0.00
   	   27.00    10.00     0.00    90.00
   	   27.00    10.00     0.00    90.00
  75 	  320.00     0.00     0.00     0.00     0.00     0.00
  75 	  320.00     0.00     0.00     0.00     0.00     0.00
   	   27.00    10.00     0.00    90.00
   	   27.00    10.00     0.00    90.00
  76 	  400.00     0.00     0.00     0.00     0.00     0.00
  76 	  400.00     0.00     0.00     0.00     0.00     0.00
   	   27.00    10.00     0.00    90.00
   	   27.00    10.00     0.00    90.00
  77 	  480.00     0.00     0.00     0.00     0.00     0.00
  77 	  480.00     0.00     0.00     0.00     0.00     0.00
   	   27.00    10.00     0.00    90.00
   	   27.00    10.00     0.00    90.00
  78 	  560.00     0.00     0.00     0.00     0.00     0.00
  78 	  560.00     0.00     0.00     0.00     0.00     0.00
   	   27.00    10.00     0.00    90.00
   	   27.00    10.00     0.00    90.00
  79 	  640.00     0.00     0.00     0.00     0.00     0.00
  79 	  640.00     0.00     0.00     0.00     0.00     0.00
   	   27.00    10.00     0.00    90.00
   	   27.00    10.00     0.00    90.00
  80 	  720.00     0.00     0.00     0.00     0.00     0.00
  80 	  720.00     0.00     0.00     0.00     0.00     0.00
   	   27.00    10.00     0.00    90.00
   	   27.00    10.00     0.00    90.00
  81 	 -760.00    69.28     0.00     0.00     0.00     0.00
  81 	 -760.00    69.28     0.00     0.00     0.00     0.00
   	   27.00    10.00     0.00    90.00
   	   27.00    10.00     0.00    90.00
  82 	 -680.00    69.28     0.00     0.00     0.00     0.00
  82 	 -680.00    69.28     0.00     0.00     0.00     0.00
   	   27.00    10.00     0.00    90.00
   	   27.00    10.00     0.00    90.00
  83 	 -600.00    69.28     0.00     0.00     0.00     0.00
  83 	 -600.00    69.28     0.00     0.00     0.00     0.00
   	   27.00    10.00     0.00    90.00
   	   27.00    10.00     0.00    90.00
  84 	 -520.00    69.28     0.00     0.00     0.00     0.00
  84 	 -520.00    69.28     0.00     0.00     0.00     0.00
   	   27.00    10.00     0.00    90.00
   	   27.00    10.00     0.00    90.00
  85 	 -440.00    69.28     0.00     0.00     0.00     0.00
  85 	 -440.00    69.28     0.00     0.00     0.00     0.00
   	   27.00    10.00     0.00    90.00
   	   27.00    10.00     0.00    90.00
  86 	 -360.00    69.28     0.00     0.00     0.00     0.00
  86 	 -360.00    69.28     0.00     0.00     0.00     0.00
   	   27.00    10.00     0.00    90.00
   	   27.00    10.00     0.00    90.00
  87 	 -280.00    69.28     0.00     0.00     0.00     0.00
  87 	 -280.00    69.28     0.00     0.00     0.00     0.00
   	   27.00    10.00     0.00    90.00
   	   27.00    10.00     0.00    90.00
  88 	 -200.00    69.28     0.00     0.00     0.00     0.00
  88 	 -200.00    69.28     0.00     0.00     0.00     0.00
   	   27.00    10.00     0.00    90.00
   	   27.00    10.00     0.00    90.00
  89 	 -120.00    69.28     0.00     0.00     0.00     0.00
  89 	 -120.00    69.28     0.00     0.00     0.00     0.00
   	   27.00    10.00     0.00    90.00
   	   27.00    10.00     0.00    90.00
  90 	  -40.00    69.28     0.00     0.00     0.00     0.00
  90 	  -40.00    69.28     0.00     0.00     0.00     0.00
   	   27.00    10.00     0.00    90.00
   	   27.00    10.00     0.00    90.00
  91 	   40.00    69.28     0.00     0.00     0.00     0.00
  91 	   40.00    69.28     0.00     0.00     0.00     0.00
   	   27.00    10.00     0.00    90.00
   	   27.00    10.00     0.00    90.00
  92 	  120.00    69.28     0.00     0.00     0.00     0.00
  92 	  120.00    69.28     0.00     0.00     0.00     0.00
   	   27.00    10.00     0.00    90.00
   	   27.00    10.00     0.00    90.00
  93 	  200.00    69.28     0.00     0.00     0.00     0.00
  93 	  200.00    69.28     0.00     0.00     0.00     0.00
   	   27.00    10.00     0.00    90.00
   	   27.00    10.00     0.00    90.00
  94 	  280.00    69.28     0.00     0.00     0.00     0.00
  94 	  280.00    69.28     0.00     0.00     0.00     0.00
   	   27.00    10.00     0.00    90.00
   	   27.00    10.00     0.00    90.00
  95 	  360.00    69.28     0.00     0.00     0.00     0.00
  95 	  360.00    69.28     0.00     0.00     0.00     0.00
   	   27.00    10.00     0.00    90.00
   	   27.00    10.00     0.00    90.00
  96 	  440.00    69.28     0.00     0.00     0.00     0.00
  96 	  440.00    69.28     0.00     0.00     0.00     0.00
   	   27.00    10.00     0.00    90.00
   	   27.00    10.00     0.00    90.00
  97 	  520.00    69.28     0.00     0.00     0.00     0.00
  97 	  520.00    69.28     0.00     0.00     0.00     0.00
   	   27.00    10.00     0.00    90.00
   	   27.00    10.00     0.00    90.00
  98 	  600.00    69.28     0.00     0.00     0.00     0.00
  98 	  600.00    69.28     0.00     0.00     0.00     0.00
   	   27.00    10.00     0.00    90.00
   	   27.00    10.00     0.00    90.00
  99 	  680.00    69.28     0.00     0.00     0.00     0.00
  99 	  680.00    69.28     0.00     0.00     0.00     0.00
   	   27.00    10.00     0.00    90.00
   	   27.00    10.00     0.00    90.00
 100 	  760.00    69.28     0.00     0.00     0.00     0.00
 100 	  760.00    69.28     0.00     0.00     0.00     0.00
   	   27.00    10.00     0.00    90.00
   	   27.00    10.00     0.00    90.00
 101 	 -720.00   138.56     0.00     0.00     0.00     0.00
 101 	 -720.00   138.56     0.00     0.00     0.00     0.00
   	   27.00    10.00     0.00    90.00
   	   27.00    10.00     0.00    90.00
 102 	 -640.00   138.56     0.00     0.00     0.00     0.00
 102 	 -640.00   138.56     0.00     0.00     0.00     0.00
   	   27.00    10.00     0.00    90.00
   	   27.00    10.00     0.00    90.00
 103 	 -560.00   138.56     0.00     0.00     0.00     0.00
 103 	 -560.00   138.56     0.00     0.00     0.00     0.00
   	   27.00    10.00     0.00    90.00
   	   27.00    10.00     0.00    90.00
 104 	 -480.00   138.56     0.00     0.00     0.00     0.00
 104 	 -480.00   138.56     0.00     0.00     0.00     0.00
   	   27.00    10.00     0.00    90.00
   	   27.00    10.00     0.00    90.00
 105 	 -400.00   138.56     0.00     0.00     0.00     0.00
 105 	 -400.00   138.56     0.00     0.00     0.00     0.00
   	   27.00    10.00     0.00    90.00
   	   27.00    10.00     0.00    90.00
 106 	 -320.00   138.56     0.00     0.00     0.00     0.00
 106 	 -320.00   138.56     0.00     0.00     0.00     0.00
   	   27.00    10.00     0.00    90.00
   	   27.00    10.00     0.00    90.00
 107 	 -240.00   138.56     0.00     0.00     0.00     0.00
 107 	 -240.00   138.56     0.00     0.00     0.00     0.00
   	   27.00    10.00     0.00    90.00
   	   27.00    10.00     0.00    90.00
 108 	 -160.00   138.56     0.00     0.00     0.00     0.00
 108 	 -160.00   138.56     0.00     0.00     0.00     0.00
   	   27.00    10.00     0.00    90.00
   	   27.00    10.00     0.00    90.00
 109 	  -80.00   138.56     0.00     0.00     0.00     0.00
 109 	  -80.00   138.56     0.00     0.00     0.00     0.00
   	   27.00    10.00     0.00    90.00
   	   27.00    10.00     0.00    90.00
 110 	   -0.00   138.56     0.00     0.00     0.00     0.00
 110 	   -0.00   138.56     0.00     0.00     0.00     0.00
   	   27.00    10.00     0.00    90.00
   	   27.00    10.00     0.00    90.00
 111 	   80.00   138.56     0.00     0.00     0.00     0.00
 111 	   80.00   138.56     0.00     0.00     0.00     0.00
   	   27.00    10.00     0.00    90.00
   	   27.00    10.00     0.00    90.00
 112 	  160.00   138.56     0.00     0.00     0.00     0.00
 112 	  160.00   138.56     0.00     0.00     0.00     0.00
   	   27.00    10.00     0.00    90.00
   	   27.00    10.00     0.00    90.00
 113 	  240.00   138.56     0.00     0.00     0.00     0.00
 113 	  240.00   138.56     0.00     0.00     0.00     0.00
   	   27.00    10.00     0.00    90.00
   	   27.00    10.00     0.00    90.00
 114 	  320.00   138.56     0.00     0.00     0.00     0.00
 114 	  320.00   138.56     0.00     0.00     0.00     0.00
   	   27.00    10.00     0.00    90.00
   	   27.00    10.00     0.00    90.00
 115 	  400.00   138.56     0.00     0.00     0.00     0.00
 115 	  400.00   138.56     0.00     0.00     0.00     0.00
   	   27.00    10.00     0.00    90.00
   	   27.00    10.00     0.00    90.00
 116 	  480.00   138.56     0.00     0.00     0.00     0.00
 116 	  480.00   138.56     0.00     0.00     0.00     0.00
   	   27.00    10.00     0.00    90.00
   	   27.00    10.00     0.00    90.00
 117 	  560.00   138.56     0.00     0.00     0.00     0.00
 117 	  560.00   138.56     0.00     0.00     0.00     0.00
   	   27.00    10.00     0.00    90.00
   	   27.00    10.00     0.00    90.00
 118 	  640.00   138.56     0.00     0.00     0.00     0.00
 118 	  640.00   138.56     0.00     0.00     0.00     0.00
   	   27.00    10.00     0.00    90.00
   	   27.00    10.00     0.00    90.00
 119 	  720.00   138.56     0.00     0.00     0.00     0.00
 119 	  720.00   138.56     0.00     0.00     0.00     0.00
   	   27.00    10.00     0.00    90.00
   	   27.00    10.00     0.00    90.00
 120 	  800.00   138.56     0.00     0.00     0.00     0.00
 120 	  800.00   138.56     0.00     0.00     0.00     0.00
   	   27.00    10.00     0.00    90.00
   	   27.00    10.00     0.00    90.00
 121 	 -680.00   207.85     0.00     0.00     0.00     0.00
 121 	 -680.00   207.85     0.00     0.00     0.00     0.00
   	   27.00    10.00     0.00    90.00
   	   27.00    10.00     0.00    90.00
 122 	 -600.00   207.85     0.00     0.00     0.00     0.00
 122 	 -600.00   207.85     0.00     0.00     0.00     0.00
   	   27.00    10.00     0.00    90.00
   	   27.00    10.00     0.00    90.00
 123 	 -520.00   207.85     0.00     0.00     0.00     0.00
 123 	 -520.00   207.85     0.00     0.00     0.00     0.00
   	   27.00    10.00     0.00    90.00
   	   27.00    10.00     0.00    90.00
 124 	 -440.00   207.85     0.00     0.00     0.00     0.00
 124 	 -440.00   207.85     0.00     0.00     0.00     0.00
   	   27.00    10.00     0.00    90.00
   	   27.00    10.00     0.00    90.00
 125 	 -360.00   207.85     0.00     0.00     0.00     0.00
 125 	 -360.00   207.85     0.00     0.00     0.00     0.00
   	   27.00    10.00     0.00    90.00
   	   27.00    10.00     0.00    90.00
 126 	 -280.00   207.85     0.00     0.00     0.00     0.00
 126 	 -280.00   207.85     0.00     0.00     0.00     0.00
   	   27.00    10.00     0.00    90.00
   	   27.00    10.00     0.00    90.00
 127 	 -200.00   207.85     0.00     0.00     0.00     0.00
 127 	 -200.00   207.85     0.00     0.00     0.00     0.00
   	   27.00    10.00     0.00    90.00
   	   27.00    10.00     0.00    90.00
 128 	 -120.00   207.85     0.00     0.00     0.00     0.00
 128 	 -120.00   207.85     0.00     0.00     0.00     0.00
   	   27.00    10.00     0.00    90.00
   	   27.00    10.00     0.00    90.00
 129 	  -40.00   207.85     0.00     0.00     0.00     0.00
 129 	  -40.00   207.85     0.00     0.00     0.00     0.00
   	   27.00    10.00     0.00    90.00
   	   27.00    10.00     0.00    90.00
 130 	   40.00   207.85     0.00     0.00     0.00     0.00
 130 	   40.00   207.85     0.00     0.00     0.00     0.00
   	   27.00    10.00     0.00    90.00
   	   27.00    10.00     0.00    90.00
 131 	  120.00   207.85     0.00     0.00     0.00     0.00
 131 	  120.00   207.85     0.00     0.00     0.00     0.00
   	   27.00    10.00     0.00    90.00
   	   27.00    10.00     0.00    90.00
 132 	  200.00   207.85     0.00     0.00     0.00     0.00
 132 	  200.00   207.85     0.00     0.00     0.00     0.00
   	   27.00    10.00     0.00    90.00
   	   27.00    10.00     0.00    90.00
 133 	  280.00   207.85     0.00     0.00     0.00     0.00
 133 	  280.00   207.85     0.00     0.00     0.00     0.00
   	   27.00    10.00     0.00    90.00
   	   27.00    10.00     0.00    90.00
 134 	  360.00   207.85     0.00     0.00     0.00     0.00
 134 	  360.00   207.85     0.00     0.00     0.00     0.00
   	   27.00    10.00     0.00    90.00
   	   27.00    10.00     0.00    90.00
 135 	  440.00   207.85     0.00     0.00     0.00     0.00
 135 	  440.00   207.85     0.00     0.00     0.00     0.00
   	   27.00    10.00     0.00    90.00
   	   27.00    10.00     0.00    90.00
 136 	  520.00   207.85     0.00     0.00     0.00     0.00
 136 	  520.00   207.85     0.00     0.00     0.00     0.00
   	   27.00    10.00     0.00    90.00
   	   27.00    10.00     0.00    90.00
 137 	  600.00   207.85     0.00     0.00     0.00     0.00
 137 	  600.00   207.85     0.00     0.00     0.00     0.00
   	   27.00    10.00     0.00    90.00
   	   27.00    10.00     0.00    90.00
 138 	  680.00   207.85     0.00     0.00     0.00     0.00
 138 	  680.00   207.85     0.00     0.00     0.00     0.00
   	   27.00    10.00     0.00    90.00
   	   27.00    10.00     0.00    90.00
 139 	  760.00   207.85     0.00     0.00     0.00     0.00
 139 	  760.00   207.85     0.00     0.00     0.00     0.00
   	   27.00    10.00     0.00    90.00
   	   27.00    10.00     0.00    90.00
 140 	  840.00   207.85     0.00     0.00     0.00     0.00
 140 	  840.00   207.85     0.00     0.00     0.00     0.00
   	   27.00    10.00     0.00    90.00
   	   27.00    10.00     0.00    90.00
 141 	 -640.00   277.13     0.00     0.00     0.00     0.00
 141 	 -640.00   277.13     0.00     0.00     0.00     0.00
   	   27.00    10.00     0.00    90.00
   	   27.00    10.00     0.00    90.00
 142 	 -560.00   277.13     0.00     0.00     0.00     0.00
 142 	 -560.00   277.13     0.00     0.00     0.00     0.00
   	   27.00    10.00     0.00    90.00
   	   27.00    10.00     0.00    90.00
 143 	 -480.00   277.13     0.00     0.00     0.00     0.00
 143 	 -480.00   277.13     0.00     0.00     0.00     0.00
   	   27.00    10.00     0.00    90.00
   	   27.00    10.00     0.00    90.00
 144 	 -400.00   277.13     0.00     0.00     0.00     0.00
 144 	 -400.00   277.13     0.00     0.00     0.00     0.00
   	   27.00    10.00     0.00    90.00
   	   27.00    10.00     0.00    90.00
 145 	 -320.00   277.13     0.00     0.00     0.00     0.00
 145 	 -320.00   277.13     0.00     0.00     0.00     0.00
   	   27.00    10.00     0.00    90.00
   	   27.00    10.00     0.00    90.00
 146 	 -240.00   277.13     0.00     0.00     0.00     0.00
 146 	 -240.00   277.13     0.00     0.00     0.00     0.00
   	   27.00    10.00     0.00    90.00
   	   27.00    10.00     0.00    90.00
 147 	 -160.00   277.13     0.00     0.00     0.00     0.00
 147 	 -160.00   277.13     0.00     0.00     0.00     0.00
   	   27.00    10.00     0.00    90.00
   	   27.00    10.00     0.00    90.00
 148 	  -80.00   277.13     0.00     0.00     0.00     0.00
 148 	  -80.00   277.13     0.00     0.00     0.00     0.00
   	   27.00    10.00     0.00    90.00
   	   27.00    10.00     0.00    90.00
 149 	   -0.00   277.13     0.00     0.00     0.00     0.00
 149 	   -0.00   277.13     0.00     0.00     0.00     0.00
   	   27.00    10.00     0.00    90.00
   	   27.00    10.00     0.00    90.00
 150 	   80.00   277.13     0.00     0.00     0.00     0.00
 150 	   80.00   277.13     0.00     0.00     0.00     0.00
   	   27.00    10.00     0.00    90.00
   	   27.00    10.00     0.00    90.00
 151 	  160.00   277.13     0.00     0.00     0.00     0.00
 151 	  160.00   277.13     0.00     0.00     0.00     0.00
   	   27.00    10.00     0.00    90.00
   	   27.00    10.00     0.00    90.00
 152 	  240.00   277.13     0.00     0.00     0.00     0.00
 152 	  240.00   277.13     0.00     0.00     0.00     0.00
   	   27.00    10.00     0.00    90.00
   	   27.00    10.00     0.00    90.00
 153 	  320.00   277.13     0.00     0.00     0.00     0.00
 153 	  320.00   277.13     0.00     0.00     0.00     0.00
   	   27.00    10.00     0.00    90.00
   	   27.00    10.00     0.00    90.00
 154 	  400.00   277.13     0.00     0.00     0.00     0.00
 154 	  400.00   277.13     0.00     0.00     0.00     0.00
   	   27.00    10.00     0.00    90.00
   	   27.00    10.00     0.00    90.00
 155 	  480.00   277.13     0.00     0.00     0.00     0.00
 155 	  480.00   277.13     0.00     0.00     0.00     0.00
   	   27.00    10.00     0.00    90.00
   	   27.00    10.00     0.00    90.00
 156 	  560.00   277.13     0.00     0.00     0.00     0.00
 156 	  560.00   277.13     0.00     0.00     0.00     0.00
   	   27.00    10.00     0.00    90.00
   	   27.00    10.00     0.00    90.00
 157 	  640.00   277.13     0.00     0.00     0.00     0.00
 157 	  640.00   277.13     0.00     0.00     0.00     0.00
   	   27.00    10.00     0.00    90.00
   	   27.00    10.00     0.00    90.00
 158 	  720.00   277.13     0.00     0.00     0.00     0.00
 158 	  720.00   277.13     0.00     0.00     0.00     0.00
   	   27.00    10.00     0.00    90.00
   	   27.00    10.00     0.00    90.00
 159 	  800.00   277.13     0.00     0.00     0.00     0.00
 159 	  800.00   277.13     0.00     0.00     0.00     0.00
   	   27.00    10.00     0.00    90.00
   	   27.00    10.00     0.00    90.00
 160 	  880.00   277.13     0.00     0.00     0.00     0.00
 160 	  880.00   277.13     0.00     0.00     0.00     0.00
   	   27.00    10.00     0.00    90.00
   	   27.00    10.00     0.00    90.00
 161 	 -600.00   346.41     0.00     0.00     0.00     0.00
 161 	 -600.00   346.41     0.00     0.00     0.00     0.00
   	   27.00    10.00     0.00    90.00
   	   27.00    10.00     0.00    90.00
 162 	 -520.00   346.41     0.00     0.00     0.00     0.00
 162 	 -520.00   346.41     0.00     0.00     0.00     0.00
   	   27.00    10.00     0.00    90.00
   	   27.00    10.00     0.00    90.00
 163 	 -440.00   346.41     0.00     0.00     0.00     0.00
 163 	 -440.00   346.41     0.00     0.00     0.00     0.00
   	   27.00    10.00     0.00    90.00
   	   27.00    10.00     0.00    90.00
 164 	 -360.00   346.41     0.00     0.00     0.00     0.00
 164 	 -360.00   346.41     0.00     0.00     0.00     0.00
   	   27.00    10.00     0.00    90.00
   	   27.00    10.00     0.00    90.00
 165 	 -280.00   346.41     0.00     0.00     0.00     0.00
 165 	 -280.00   346.41     0.00     0.00     0.00     0.00
   	   27.00    10.00     0.00    90.00
   	   27.00    10.00     0.00    90.00
 166 	 -200.00   346.41     0.00     0.00     0.00     0.00
 166 	 -200.00   346.41     0.00     0.00     0.00     0.00
   	   27.00    10.00     0.00    90.00
   	   27.00    10.00     0.00    90.00
 167 	 -120.00   346.41     0.00     0.00     0.00     0.00
 167 	 -120.00   346.41     0.00     0.00     0.00     0.00
   	   27.00    10.00     0.00    90.00
   	   27.00    10.00     0.00    90.00
 168 	  -40.00   346.41     0.00     0.00     0.00     0.00
 168 	  -40.00   346.41     0.00     0.00     0.00     0.00
   	   27.00    10.00     0.00    90.00
   	   27.00    10.00     0.00    90.00
 169 	   40.00   346.41     0.00     0.00     0.00     0.00
 169 	   40.00   346.41     0.00     0.00     0.00     0.00
   	   27.00    10.00     0.00    90.00
   	   27.00    10.00     0.00    90.00
 170 	  120.00   346.41     0.00     0.00     0.00     0.00
 170 	  120.00   346.41     0.00     0.00     0.00     0.00
   	   27.00    10.00     0.00    90.00
   	   27.00    10.00     0.00    90.00
 171 	  200.00   346.41     0.00     0.00     0.00     0.00
 171 	  200.00   346.41     0.00     0.00     0.00     0.00
   	   27.00    10.00     0.00    90.00
   	   27.00    10.00     0.00    90.00
 172 	  280.00   346.41     0.00     0.00     0.00     0.00
 172 	  280.00   346.41     0.00     0.00     0.00     0.00
   	   27.00    10.00     0.00    90.00
   	   27.00    10.00     0.00    90.00
 173 	  360.00   346.41     0.00     0.00     0.00     0.00
 173 	  360.00   346.41     0.00     0.00     0.00     0.00
   	   27.00    10.00     0.00    90.00
   	   27.00    10.00     0.00    90.00
 174 	  440.00   346.41     0.00     0.00     0.00     0.00
 174 	  440.00   346.41     0.00     0.00     0.00     0.00
   	   27.00    10.00     0.00    90.00
   	   27.00    10.00     0.00    90.00
 175 	  520.00   346.41     0.00     0.00     0.00     0.00
 175 	  520.00   346.41     0.00     0.00     0.00     0.00
   	   27.00    10.00     0.00    90.00
   	   27.00    10.00     0.00    90.00
 176 	  600.00   346.41     0.00     0.00     0.00     0.00
 176 	  600.00   346.41     0.00     0.00     0.00     0.00
   	   27.00    10.00     0.00    90.00
   	   27.00    10.00     0.00    90.00
 177 	  680.00   346.41     0.00     0.00     0.00     0.00
 177 	  680.00   346.41     0.00     0.00     0.00     0.00
   	   27.00    10.00     0.00    90.00
   	   27.00    10.00     0.00    90.00
 178 	  760.00   346.41     0.00     0.00     0.00     0.00
 178 	  760.00   346.41     0.00     0.00     0.00     0.00
   	   27.00    10.00     0.00    90.00
   	   27.00    10.00     0.00    90.00
 179 	  840.00   346.41     0.00     0.00     0.00     0.00
 179 	  840.00   346.41     0.00     0.00     0.00     0.00
   	   27.00    10.00     0.00    90.00
   	   27.00    10.00     0.00    90.00
 180 	  920.00   346.41     0.00     0.00     0.00     0.00
 180 	  920.00   346.41     0.00     0.00     0.00     0.00
   	   27.00    10.00     0.00    90.00
   	   27.00    10.00     0.00    90.00

** End writing output file: ../inputs/gr519.dat 
