*******************************************************************************
                         ARRAY PREPROCESSOR ver. 1.0
*******************************************************************************



   1	GROUP testgroup
   3	 GRID RECTANGULAR
   4	 ELEMENT
   5	 GEOMETRY CIRCULAR RADIUS 50
   6	 POLARIZATION CIRCULAR
   7	 ADD BLOCK 6 0 6 -8
   9	 GROUP_EXCITATION
  10	 AMPLITUDE UNIFORM 27
  11	 PHASE UNIFORM 91
  12	 END

** Generating GROUP: testgroup.
** PSTEP,QSTEP set to:100.000000,100.000000
** Grid ANGLE set to:90.000000 
** Group ROT_ANGLE set to: 0.000000 

** Writing output file: ../inputs/gr520.dat

NEL 
NPORTS
IDUM      REXA     REYA     REZA     THEA     PHEA     PSEA 
          AMP      PSH      PSC      PHEPOL
   9
   9
   1
   1
   1 	  600.00  -800.00     0.00     0.00     0.00     0.00
   1 	  600.00  -800.00     0.00     0.00     0.00     0.00
   	   27.00    91.00     0.00    90.00
   	   27.00    91.00     0.00    90.00
   2 	  600.00  -700.00     0.00     0.00     0.00     0.00
   2 	  600.00  -700.00     0.00     0.00     0.00     0.00
   	   27.00    91.00     0.00    90.00
   	   27.00    91.00     0.00    90.00
   3 	  600.00  -600.00     0.00     0.00     0.00     0.00
   3 	  600.00  -600.00     0.00     0.00     0.00     0.00
   	   27.00    91.00     0.00    90.00
   	   27.00    91.00     0.00    90.00
   4 	  600.00  -500.00     0.00     0.00     0.00     0.00
   4 	  600.00  -500.00     0.00     0.00     0.00     0.00
   	   27.00    91.00     0.00    90.00
   	   27.00    91.00     0.00    90.00
   5 	  600.00  -400.00     0.00     0.00     0.00     0.00
   5 	  600.00  -400.00     0.00     0.00     0.00     0.00
   	   27.00    91.00     0.00    90.00
   	   27.00    91.00     0.00    90.00
   6 	  600.00  -300.00     0.00     0.00     0.00     0.00
   6 	  600.00  -300.00     0.00     0.00     0.00     0.00
   	   27.00    91.00     0.00    90.00
   	   27.00    91.00     0.00    90.00
   7 	  600.00  -200.00     0.00     0.00     0.00     0.00
   7 	  600.00  -200.00     0.00     0.00     0.00     0.00
   	   27.00    91.00     0.00    90.00
   	   27.00    91.00     0.00    90.00
   8 	  600.00  -100.00     0.00     0.00     0.00     0.00
   8 	  600.00  -100.00     0.00     0.00     0.00     0.00
   	   27.00    91.00     0.00    90.00
   	   27.00    91.00     0.00    90.00
   9 	  600.00     0.00     0.00     0.00     0.00     0.00
   9 	  600.00     0.00     0.00     0.00     0.00     0.00
   	   27.00    91.00     0.00    90.00
   	   27.00    91.00     0.00    90.00

** End writing output file: ../inputs/gr520.dat 
