*******************************************************************************
                         ARRAY PREPROCESSOR ver. 1.0
*******************************************************************************



   1	GROUP testgroup
   3	 GRID TRIANGULAR
   4	 ELEMENT
   5	 GEOMETRY CIRCULAR RADIUS 31
   6	 POLARIZATION LINEAR
   7	 ADD BLOCK 1 8 4 -2
   9	 GROUP_EXCITATION
  10	 AMPLITUDE UNIFORM 17
  11	 PHASE UNIFORM -177
  12	 END

** WARNING B2: GRID step(s) too small for specified element in GROUP: testgroup
** Generating GROUP: testgroup.
** PSTEP,QSTEP set to:62.000000,62.000000
** Grid ANGLE set to:60.000000 
** Group ROT_ANGLE set to: 0.000000 

** Writing output file: ../inputs/gr522.dat

NEL 
NPORTS
IDUM      REXA     REYA     REZA     THEA     PHEA     PSEA 
          AMP      PSH      PSC      PHEPOL
  44
  44
   1
   1
   1 	    0.00  -107.39     0.00     0.00     0.00     0.00
   1 	    0.00  -107.39     0.00     0.00     0.00     0.00
   	   17.00  -177.00     0.00    90.00
   	   17.00  -177.00     0.00    90.00
   2 	   62.00  -107.39     0.00     0.00     0.00     0.00
   2 	   62.00  -107.39     0.00     0.00     0.00     0.00
   	   17.00  -177.00     0.00    90.00
   	   17.00  -177.00     0.00    90.00
   3 	  124.00  -107.39     0.00     0.00     0.00     0.00
   3 	  124.00  -107.39     0.00     0.00     0.00     0.00
   	   17.00  -177.00     0.00    90.00
   	   17.00  -177.00     0.00    90.00
   4 	  186.00  -107.39     0.00     0.00     0.00     0.00
   4 	  186.00  -107.39     0.00     0.00     0.00     0.00
   	   17.00  -177.00     0.00    90.00
   	   17.00  -177.00     0.00    90.00
   5 	   31.00   -53.69     0.00     0.00     0.00     0.00
   5 	   31.00   -53.69     0.00     0.00     0.00     0.00
   	   17.00  -177.00     0.00    90.00
   	   17.00  -177.00     0.00    90.00
   6 	   93.00   -53.69     0.00     0.00     0.00     0.00
   6 	   93.00   -53.69     0.00     0.00     0.00     0.00
   	   17.00  -177.00     0.00    90.00
   	   17.00  -177.00     0.00    90.00
   7 	  155.00   -53.69     0.00     0.00     0.00     0.00
   7 	  155.00   -53.69     0.00     0.00     0.00     0.00
   	   17.00  -177.00     0.00    90.00
   	   17.00  -177.00     0.00    90.00
   8 	  217.00   -53.69     0.00     0.00     0.00     0.00
   8 	  217.00   -53.69     0.00     0.00     0.00     0.00
   	   17.00  -177.00     0.00    90.00
   	   17.00  -177.00     0.00    90.00
   9 	   62.00     0.00     0.00     0.00     0.00     0.00
   9 	   62.00     0.00     0.00     0.00     0.00     0.00
   	   17.00  -177.00     0.00    90.00
   	   17.00  -177.00     0.00    90.00
  10 	  124.00     0.00     0.00     0.00     0.00     0.00
  10 	  124.00     0.00     0.00     0.00     0.00     0.00
   	   17.00  -177.00     0.00    90.00
   	   17.00  -177.00     0.00    90.00
  11 	  186.00     0.00     0.00     0.00     0.00     0.00
  11 	  186.00     0.00     0.00     0.00     0.00     0.00
   	   17.00  -177.00     0.00    90.00
   	   17.00  -177.00     0.00    90.00
  12 	  248.00     0.00     0.00     0.00     0.00     0.00
  12 	  248.00     0.00     0.00     0.00     0.00     0.00
   	   17.00  -177.00     0.00    90.00
   	   17.00  -177.00     0.00    90.00
  13 	   93.00    53.69     0.00     0.00     0.00     0.00
  13 	   93.00    53.69     0.00     0.00     0.00     0.00
   	   17.00  -177.00     0.00    90.00
   	   17.00  -177.00     0.00    90.00
  14 	  155.00    53.69     0.00     0.00     0.00     0.00
  14 	  155.00    53.69     0.00     0.00     0.00     0.00
   	   17.00  -177.00     0.00    90.00
   	   17.00  -177.00     0.00    90.00
  15 	  217.00    53.69     0.00     0.00     0.00     0.00
  15 	  217.00    53.69     0.00     0.00     0.00     0.00
   	   17.00  -177.00     0.00    90.00
   	   17.00  -177.00     0.00    90.00
  16 	  279.00    53.69     0.00     0.00     0.00     0.00
  16 	  279.00    53.69     0.00     0.00     0.00     0.00
   	   17.00  -177.00     0.00    90.00
   	   17.00  -177.00     0.00    90.00
  17 	  124.00   107.39     0.00     0.00     0.00     0.00
  17 	  124.00   107.39     0.00     0.00     0.00     0.00
   	   17.00  -177.00     0.00    90.00
   	   17.00  -177.00     0.00    90.00
  18 	  186.00   107.39     0.00     0.00     0.00     0.00
  18 	  186.00   107.39     0.00     0.00     0.00     0.00
   	   17.00  -177.00     0.00    90.00
   	   17.00  -177.00     0.00    90.00
  19 	  248.00   107.39     0.00     0.00     0.00     0.00
  19 	  248.00   107.39     0.00     0.00     0.00     0.00
   	   17.00  -177.00     0.00    90.00
   	   17.00  -177.00     0.00    90.00
  20 	  310.00   107.39     0.00     0.00     0.00     0.00
  20 	  310.00   107.39     0.00     0.00     0.00     0.00
   	   17.00  -177.00     0.00    90.00
   	   17.00  -177.00     0.00    90.00
  21 	  155.00   161.08     0.00     0.00     0.00     0.00
  21 	  155.00   161.08     0.00     0.00     0.00     0.00
   	   17.00  -177.00     0.00    90.00
   	   17.00  -177.00     0.00    90.00
  22 	  217.00   161.08     0.00     0.00     0.00     0.00
  22 	  217.00   161.08     0.00     0.00     0.00     0.00
   	   17.00  -177.00     0.00    90.00
   	   17.00  -177.00     0.00    90.00
  23 	  279.00   161.08     0.00     0.00     0.00     0.00
  23 	  279.00   161.08     0.00     0.00     0.00     0.00
   	   17.00  -177.00     0.00    90.00
   	   17.00  -177.00     0.00    90.00
  24 	  341.00   161.08     0.00     0.00     0.00     0.00
  24 	  341.00   161.08     0.00     0.00     0.00     0.00
   	   17.00  -177.00     0.00    90.00
   	   17.00  -177.00     0.00    90.00
  25 	  186.00   214.77     0.00     0.00     0.00     0.00
  25 	  186.00   214.77     0.00     0.00     0.00     0.00
   	   17.00  -177.00     0.00    90.00
   	   17.00  -177.00     0.00    90.00
  26 	  248.00   214.77     0.00     0.00     0.00     0.00
  26 	  248.00   214.77     0.00     0.00     0.00     0.00
   	   17.00  -177.00     0.00    90.00
   	   17.00  -177.00     0.00    90.00
  27 	  310.00   214.77     0.00     0.00     0.00     0.00
  27 	  310.00   214.77     0.00     0.00     0.00     0.00
   	   17.00  -177.00     0.00    90.00
   	   17.00  -177.00     0.00    90.00
  28 	  372.00   214.77     0.00     0.00     0.00     0.00
  28 	  372.00   214.77     0.00     0.00     0.00     0.00
   	   17.00  -177.00     0.00    90.00
   	   17.00  -177.00     0.00    90.00
  29 	  217.00   268.47     0.00     0.00     0.00     0.00
  29 	  217.00   268.47     0.00     0.00     0.00     0.00
   	   17.00  -177.00     0.00    90.00
   	   17.00  -177.00     0.00    90.00
  30 	  279.00   268.47     0.00     0.00     0.00     0.00
  30 	  279.00   268.47     0.00     0.00     0.00     0.00
   	   17.00  -177.00     0.00    90.00
   	   17.00  -177.00     0.00    90.00
  31 	  341.00   268.47     0.00     0.00     0.00     0.00
  31 	  341.00   268.47     0.00     0.00     0.00     0.00
   	   17.00  -177.00     0.00    90.00
   	   17.00  -177.00     0.00    90.00
  32 	  403.00   268.47     0.00     0.00     0.00     0.00
  32 	  403.00   268.47     0.00     0.00     0.00     0.00
   	   17.00  -177.00     0.00    90.00
   	   17.00  -177.00     0.00    90.00
  33 	  248.00   322.16     0.00     0.00     0.00     0.00
  33 	  248.00   322.16     0.00     0.00     0.00     0.00
   	   17.00  -177.00     0.00    90.00
   	   17.00  -177.00     0.00    90.00
  34 	  310.00   322.16     0.00     0.00     0.00     0.00
  34 	  310.00   322.16     0.00     0.00     0.00     0.00
   	   17.00  -177.00     0.00    90.00
   	   17.00  -177.00     0.00    90.00
  35 	  372.00   322.16     0.00     0.00     0.00     0.00
  35 	  372.00   322.16     0.00     0.00     0.00     0.00
   	   17.00  -177.00     0.00    90.00
   	   17.00  -177.00     0.00    90.00
  36 	  434.00   322.16     0.00     0.00     0.00     0.00
  36 	  434.00   322.16     0.00     0.00     0.00     0.00
   	   17.00  -177.00     0.00    90.00
   	   17.00  -177.00     0.00    90.00
  37 	  279.00   375.86     0.00     0.00     0.00     0.00
  37 	  279.00   375.86     0.00     0.00     0.00     0.00
   	   17.00  -177.00     0.00    90.00
   	   17.00  -177.00     0.00    90.00
  38 	  341.00   375.86     0.00     0.00     0.00     0.00
  38 	  341.00   375.86     0.00     0.00     0.00     0.00
   	   17.00  -177.00     0.00    90.00
   	   17.00  -177.00     0.00    90.00
  39 	  403.00   375.86     0.00     0.00     0.00     0.00
  39 	  403.00   375.86     0.00     0.00     0.00     0.00
   	   17.00  -177.00     0.00    90.00
   	   17.00  -177.00     0.00    90.00
  40 	  465.00   375.86     0.00     0.00     0.00     0.00
  40 	  465.00   375.86     0.00     0.00     0.00     0.00
   	   17.00  -177.00     0.00    90.00
   	   17.00  -177.00     0.00    90.00
  41 	  310.00   429.55     0.00     0.00     0.00     0.00
  41 	  310.00   429.55     0.00     0.00     0.00     0.00
   	   17.00  -177.00     0.00    90.00
   	   17.00  -177.00     0.00    90.00
  42 	  372.00   429.55     0.00     0.00     0.00     0.00
  42 	  372.00   429.55     0.00     0.00     0.00     0.00
   	   17.00  -177.00     0.00    90.00
   	   17.00  -177.00     0.00    90.00
  43 	  434.00   429.55     0.00     0.00     0.00     0.00
  43 	  434.00   429.55     0.00     0.00     0.00     0.00
   	   17.00  -177.00     0.00    90.00
   	   17.00  -177.00     0.00    90.00
  44 	  496.00   429.55     0.00     0.00     0.00     0.00
  44 	  496.00   429.55     0.00     0.00     0.00     0.00
   	   17.00  -177.00     0.00    90.00
   	   17.00  -177.00     0.00    90.00

** End writing output file: ../inputs/gr522.dat 
