*******************************************************************************
                         ARRAY PREPROCESSOR ver. 1.0
*******************************************************************************



   1	GROUP testgroup
   3	 GRID HEXAGONAL STEP 45
   4	 ELEMENT
   5	 GEOMETRY CIRCULAR 71
   6	 POLARIZATION LINEAR
   7	 PORTS 1
   8	 PORT 1
   9	 POL_ORIENT X AMPLITUDE 110
  10	 PHASE_POL_ARRANG 361
  11	 ADD HEXAGON 0 -7
  12	 ADD BLOCK 2 -2 -1 0
  14	 GROUP_EXCITATION
  15	 AMPLITUDE UNIFORM 18
  16	 PHASE UNIFORM 90
  17	 END

** WARNING B2: GRID step(s) too small for specified element in GROUP: testgroup
** Generating GROUP: testgroup.
** PSTEP,QSTEP set to:45.000000,45.000000
** Grid ANGLE set to:60.000000 
** Group ROT_ANGLE set to: 0.000000 

** Writing output file: ../inputs/gr524.dat

NEL 
NPORTS
IDUM      REXA     REYA     REZA     THEA     PHEA     PSEA 
          AMP      PSH      PSC      PHEPOL
  19
  19
   1
   1
   1 	 -180.00  -233.83     0.00     0.00     0.00     0.00
   1 	 -180.00  -233.83     0.00     0.00     0.00     0.00
   	 1980.00   451.00     0.00     0.00
   	 1980.00   451.00     0.00     0.00
   2 	 -135.00  -233.83     0.00     0.00     0.00     0.00
   2 	 -135.00  -233.83     0.00     0.00     0.00     0.00
   	 1980.00   451.00     0.00     0.00
   	 1980.00   451.00     0.00     0.00
   3 	 -112.50  -272.80     0.00     0.00     0.00     0.00
   3 	 -112.50  -272.80     0.00     0.00     0.00     0.00
   	 1980.00   451.00     0.00     0.00
   	 1980.00   451.00     0.00     0.00
   4 	 -135.00  -311.77     0.00     0.00     0.00     0.00
   4 	 -135.00  -311.77     0.00     0.00     0.00     0.00
   	 1980.00   451.00     0.00     0.00
   	 1980.00   451.00     0.00     0.00
   5 	 -180.00  -311.77     0.00     0.00     0.00     0.00
   5 	 -180.00  -311.77     0.00     0.00     0.00     0.00
   	 1980.00   451.00     0.00     0.00
   	 1980.00   451.00     0.00     0.00
   6 	 -202.50  -272.80     0.00     0.00     0.00     0.00
   6 	 -202.50  -272.80     0.00     0.00     0.00     0.00
   	 1980.00   451.00     0.00     0.00
   	 1980.00   451.00     0.00     0.00
   7 	 -157.50  -272.80     0.00     0.00     0.00     0.00
   7 	 -157.50  -272.80     0.00     0.00     0.00     0.00
   	 1980.00   451.00     0.00     0.00
   	 1980.00   451.00     0.00     0.00
   8 	  -90.00   -77.94     0.00     0.00     0.00     0.00
   8 	  -90.00   -77.94     0.00     0.00     0.00     0.00
   	 1980.00   451.00     0.00     0.00
   	 1980.00   451.00     0.00     0.00
   9 	  -45.00   -77.94     0.00     0.00     0.00     0.00
   9 	  -45.00   -77.94     0.00     0.00     0.00     0.00
   	 1980.00   451.00     0.00     0.00
   	 1980.00   451.00     0.00     0.00
  10 	    0.00   -77.94     0.00     0.00     0.00     0.00
  10 	    0.00   -77.94     0.00     0.00     0.00     0.00
   	 1980.00   451.00     0.00     0.00
   	 1980.00   451.00     0.00     0.00
  11 	   45.00   -77.94     0.00     0.00     0.00     0.00
  11 	   45.00   -77.94     0.00     0.00     0.00     0.00
   	 1980.00   451.00     0.00     0.00
   	 1980.00   451.00     0.00     0.00
  12 	  -67.50   -38.97     0.00     0.00     0.00     0.00
  12 	  -67.50   -38.97     0.00     0.00     0.00     0.00
   	 1980.00   451.00     0.00     0.00
   	 1980.00   451.00     0.00     0.00
  13 	  -22.50   -38.97     0.00     0.00     0.00     0.00
  13 	  -22.50   -38.97     0.00     0.00     0.00     0.00
   	 1980.00   451.00     0.00     0.00
   	 1980.00   451.00     0.00     0.00
  14 	   22.50   -38.97     0.00     0.00     0.00     0.00
  14 	   22.50   -38.97     0.00     0.00     0.00     0.00
   	 1980.00   451.00     0.00     0.00
   	 1980.00   451.00     0.00     0.00
  15 	   67.50   -38.97     0.00     0.00     0.00     0.00
  15 	   67.50   -38.97     0.00     0.00     0.00     0.00
   	 1980.00   451.00     0.00     0.00
   	 1980.00   451.00     0.00     0.00
  16 	  -45.00     0.00     0.00     0.00     0.00     0.00
  16 	  -45.00     0.00     0.00     0.00     0.00     0.00
   	 1980.00   451.00     0.00     0.00
   	 1980.00   451.00     0.00     0.00
  17 	    0.00     0.00     0.00     0.00     0.00     0.00
  17 	    0.00     0.00     0.00     0.00     0.00     0.00
   	 1980.00   451.00     0.00     0.00
   	 1980.00   451.00     0.00     0.00
  18 	   45.00     0.00     0.00     0.00     0.00     0.00
  18 	   45.00     0.00     0.00     0.00     0.00     0.00
   	 1980.00   451.00     0.00     0.00
   	 1980.00   451.00     0.00     0.00
  19 	   90.00     0.00     0.00     0.00     0.00     0.00
  19 	   90.00     0.00     0.00     0.00     0.00     0.00
   	 1980.00   451.00     0.00     0.00
   	 1980.00   451.00     0.00     0.00

** End writing output file: ../inputs/gr524.dat 
