*******************************************************************************
                         ARRAY PREPROCESSOR ver. 1.0
*******************************************************************************



   1	GROUP testgroup
   3	 GRID RECTANGULAR PSTEP 30 QSTEP 68
   4	 ELEMENT
   5	 GEOMETRY CIRCULAR 80
   7	 PORTS 2
   8	 PORT 1
   9	 AMPLITUDE 25
  10	 PORT 2
  11	 POL_ORIENT 61 deg
  12	 AMPLITUDE 24
  13	 PHASE_SCANNING 616
  14	 PHASE_POL_ARRANG 628
  15	 ADD BLOCK -4 1 0 13
  17	 GROUP_EXCITATION
  18	 AMPLITUDE UNIFORM 29
  19	 PHASE UNIFORM -101
  20	 END

** WARNING B2: GRID step(s) too small for specified element in GROUP: testgroup
** Generating GROUP: testgroup.
** PSTEP,QSTEP set to:30.000000,68.000000
** Grid ANGLE set to:90.000000 
** Group ROT_ANGLE set to: 0.000000 

** Writing output file: ../inputs/gr529.dat

NEL 
NPORTS
IDUM      REXA     REYA     REZA     THEA     PHEA     PSEA 
          AMP      PSH      PSC      PHEPOL
  65
  65
   2
   2
   1 	 -120.00    68.00     0.00     0.00     0.00     0.00
   1 	 -120.00    68.00     0.00     0.00     0.00     0.00
   	  725.00  -101.00     0.00    90.00
   	  725.00  -101.00     0.00    90.00
   	  696.00   527.00   616.00    61.00
   	  696.00   527.00   616.00    61.00
   2 	  -90.00    68.00     0.00     0.00     0.00     0.00
   2 	  -90.00    68.00     0.00     0.00     0.00     0.00
   	  725.00  -101.00     0.00    90.00
   	  725.00  -101.00     0.00    90.00
   	  696.00   527.00   616.00    61.00
   	  696.00   527.00   616.00    61.00
   3 	  -60.00    68.00     0.00     0.00     0.00     0.00
   3 	  -60.00    68.00     0.00     0.00     0.00     0.00
   	  725.00  -101.00     0.00    90.00
   	  725.00  -101.00     0.00    90.00
   	  696.00   527.00   616.00    61.00
   	  696.00   527.00   616.00    61.00
   4 	  -30.00    68.00     0.00     0.00     0.00     0.00
   4 	  -30.00    68.00     0.00     0.00     0.00     0.00
   	  725.00  -101.00     0.00    90.00
   	  725.00  -101.00     0.00    90.00
   	  696.00   527.00   616.00    61.00
   	  696.00   527.00   616.00    61.00
   5 	   -0.00    68.00     0.00     0.00     0.00     0.00
   5 	   -0.00    68.00     0.00     0.00     0.00     0.00
   	  725.00  -101.00     0.00    90.00
   	  725.00  -101.00     0.00    90.00
   	  696.00   527.00   616.00    61.00
   	  696.00   527.00   616.00    61.00
   6 	 -120.00   136.00     0.00     0.00     0.00     0.00
   6 	 -120.00   136.00     0.00     0.00     0.00     0.00
   	  725.00  -101.00     0.00    90.00
   	  725.00  -101.00     0.00    90.00
   	  696.00   527.00   616.00    61.00
   	  696.00   527.00   616.00    61.00
   7 	  -90.00   136.00     0.00     0.00     0.00     0.00
   7 	  -90.00   136.00     0.00     0.00     0.00     0.00
   	  725.00  -101.00     0.00    90.00
   	  725.00  -101.00     0.00    90.00
   	  696.00   527.00   616.00    61.00
   	  696.00   527.00   616.00    61.00
   8 	  -60.00   136.00     0.00     0.00     0.00     0.00
   8 	  -60.00   136.00     0.00     0.00     0.00     0.00
   	  725.00  -101.00     0.00    90.00
   	  725.00  -101.00     0.00    90.00
   	  696.00   527.00   616.00    61.00
   	  696.00   527.00   616.00    61.00
   9 	  -30.00   136.00     0.00     0.00     0.00     0.00
   9 	  -30.00   136.00     0.00     0.00     0.00     0.00
   	  725.00  -101.00     0.00    90.00
   	  725.00  -101.00     0.00    90.00
   	  696.00   527.00   616.00    61.00
   	  696.00   527.00   616.00    61.00
  10 	   -0.00   136.00     0.00     0.00     0.00     0.00
  10 	   -0.00   136.00     0.00     0.00     0.00     0.00
   	  725.00  -101.00     0.00    90.00
   	  725.00  -101.00     0.00    90.00
   	  696.00   527.00   616.00    61.00
   	  696.00   527.00   616.00    61.00
  11 	 -120.00   204.00     0.00     0.00     0.00     0.00
  11 	 -120.00   204.00     0.00     0.00     0.00     0.00
   	  725.00  -101.00     0.00    90.00
   	  725.00  -101.00     0.00    90.00
   	  696.00   527.00   616.00    61.00
   	  696.00   527.00   616.00    61.00
  12 	  -90.00   204.00     0.00     0.00     0.00     0.00
  12 	  -90.00   204.00     0.00     0.00     0.00     0.00
   	  725.00  -101.00     0.00    90.00
   	  725.00  -101.00     0.00    90.00
   	  696.00   527.00   616.00    61.00
   	  696.00   527.00   616.00    61.00
  13 	  -60.00   204.00     0.00     0.00     0.00     0.00
  13 	  -60.00   204.00     0.00     0.00     0.00     0.00
   	  725.00  -101.00     0.00    90.00
   	  725.00  -101.00     0.00    90.00
   	  696.00   527.00   616.00    61.00
   	  696.00   527.00   616.00    61.00
  14 	  -30.00   204.00     0.00     0.00     0.00     0.00
  14 	  -30.00   204.00     0.00     0.00     0.00     0.00
   	  725.00  -101.00     0.00    90.00
   	  725.00  -101.00     0.00    90.00
   	  696.00   527.00   616.00    61.00
   	  696.00   527.00   616.00    61.00
  15 	   -0.00   204.00     0.00     0.00     0.00     0.00
  15 	   -0.00   204.00     0.00     0.00     0.00     0.00
   	  725.00  -101.00     0.00    90.00
   	  725.00  -101.00     0.00    90.00
   	  696.00   527.00   616.00    61.00
   	  696.00   527.00   616.00    61.00
  16 	 -120.00   272.00     0.00     0.00     0.00     0.00
  16 	 -120.00   272.00     0.00     0.00     0.00     0.00
   	  725.00  -101.00     0.00    90.00
   	  725.00  -101.00     0.00    90.00
   	  696.00   527.00   616.00    61.00
   	  696.00   527.00   616.00    61.00
  17 	  -90.00   272.00     0.00     0.00     0.00     0.00
  17 	  -90.00   272.00     0.00     0.00     0.00     0.00
   	  725.00  -101.00     0.00    90.00
   	  725.00  -101.00     0.00    90.00
   	  696.00   527.00   616.00    61.00
   	  696.00   527.00   616.00    61.00
  18 	  -60.00   272.00     0.00     0.00     0.00     0.00
  18 	  -60.00   272.00     0.00     0.00     0.00     0.00
   	  725.00  -101.00     0.00    90.00
   	  725.00  -101.00     0.00    90.00
   	  696.00   527.00   616.00    61.00
   	  696.00   527.00   616.00    61.00
  19 	  -30.00   272.00     0.00     0.00     0.00     0.00
  19 	  -30.00   272.00     0.00     0.00     0.00     0.00
   	  725.00  -101.00     0.00    90.00
   	  725.00  -101.00     0.00    90.00
   	  696.00   527.00   616.00    61.00
   	  696.00   527.00   616.00    61.00
  20 	   -0.00   272.00     0.00     0.00     0.00     0.00
  20 	   -0.00   272.00     0.00     0.00     0.00     0.00
   	  725.00  -101.00     0.00    90.00
   	  725.00  -101.00     0.00    90.00
   	  696.00   527.00   616.00    61.00
   	  696.00   527.00   616.00    61.00
  21 	 -120.00   340.00     0.00     0.00     0.00     0.00
  21 	 -120.00   340.00     0.00     0.00     0.00     0.00
   	  725.00  -101.00     0.00    90.00
   	  725.00  -101.00     0.00    90.00
   	  696.00   527.00   616.00    61.00
   	  696.00   527.00   616.00    61.00
  22 	  -90.00   340.00     0.00     0.00     0.00     0.00
  22 	  -90.00   340.00     0.00     0.00     0.00     0.00
   	  725.00  -101.00     0.00    90.00
   	  725.00  -101.00     0.00    90.00
   	  696.00   527.00   616.00    61.00
   	  696.00   527.00   616.00    61.00
  23 	  -60.00   340.00     0.00     0.00     0.00     0.00
  23 	  -60.00   340.00     0.00     0.00     0.00     0.00
   	  725.00  -101.00     0.00    90.00
   	  725.00  -101.00     0.00    90.00
   	  696.00   527.00   616.00    61.00
   	  696.00   527.00   616.00    61.00
  24 	  -30.00   340.00     0.00     0.00     0.00     0.00
  24 	  -30.00   340.00     0.00     0.00     0.00     0.00
   	  725.00  -101.00     0.00    90.00
   	  725.00  -101.00     0.00    90.00
   	  696.00   527.00   616.00    61.00
   	  696.00   527.00   616.00    61.00
  25 	   -0.00   340.00     0.00     0.00     0.00     0.00
  25 	   -0.00   340.00     0.00     0.00     0.00     0.00
   	  725.00  -101.00     0.00    90.00
   	  725.00  -101.00     0.00    90.00
   	  696.00   527.00   616.00    61.00
   	  696.00   527.00   616.00    61.00
  26 	 -120.00   408.00     0.00     0.00     0.00     0.00
  26 	 -120.00   408.00     0.00     0.00     0.00     0.00
   	  725.00  -101.00     0.00    90.00
   	  725.00  -101.00     0.00    90.00
   	  696.00   527.00   616.00    61.00
   	  696.00   527.00   616.00    61.00
  27 	  -90.00   408.00     0.00     0.00     0.00     0.00
  27 	  -90.00   408.00     0.00     0.00     0.00     0.00
   	  725.00  -101.00     0.00    90.00
   	  725.00  -101.00     0.00    90.00
   	  696.00   527.00   616.00    61.00
   	  696.00   527.00   616.00    61.00
  28 	  -60.00   408.00     0.00     0.00     0.00     0.00
  28 	  -60.00   408.00     0.00     0.00     0.00     0.00
   	  725.00  -101.00     0.00    90.00
   	  725.00  -101.00     0.00    90.00
   	  696.00   527.00   616.00    61.00
   	  696.00   527.00   616.00    61.00
  29 	  -30.00   408.00     0.00     0.00     0.00     0.00
  29 	  -30.00   408.00     0.00     0.00     0.00     0.00
   	  725.00  -101.00     0.00    90.00
   	  725.00  -101.00     0.00    90.00
   	  696.00   527.00   616.00    61.00
   	  696.00   527.00   616.00    61.00
  30 	   -0.00   408.00     0.00     0.00     0.00     0.00
  30 	   -0.00   408.00     0.00     0.00     0.00     0.00
   	  725.00  -101.00     0.00    90.00
   	  725.00  -101.00     0.00    90.00
   	  696.00   527.00   616.00    61.00
   	  696.00   527.00   616.00    61.00
  31 	 -120.00   476.00     0.00     0.00     0.00     0.00
  31 	 -120.00   476.00     0.00     0.00     0.00     0.00
   	  725.00  -101.00     0.00    90.00
   	  725.00  -101.00     0.00    90.00
   	  696.00   527.00   616.00    61.00
   	  696.00   527.00   616.00    61.00
  32 	  -90.00   476.00     0.00     0.00     0.00     0.00
  32 	  -90.00   476.00     0.00     0.00     0.00     0.00
   	  725.00  -101.00     0.00    90.00
   	  725.00  -101.00     0.00    90.00
   	  696.00   527.00   616.00    61.00
   	  696.00   527.00   616.00    61.00
  33 	  -60.00   476.00     0.00     0.00     0.00     0.00
  33 	  -60.00   476.00     0.00     0.00     0.00     0.00
   	  725.00  -101.00     0.00    90.00
   	  725.00  -101.00     0.00    90.00
   	  696.00   527.00   616.00    61.00
   	  696.00   527.00   616.00    61.00
  34 	  -30.00   476.00     0.00     0.00     0.00     0.00
  34 	  -30.00   476.00     0.00     0.00     0.00     0.00
   	  725.00  -101.00     0.00    90.00
   	  725.00  -101.00     0.00    90.00
   	  696.00   527.00   616.00    61.00
   	  696.00   527.00   616.00    61.00
  35 	   -0.00   476.00     0.00     0.00     0.00     0.00
  35 	   -0.00   476.00     0.00     0.00     0.00     0.00
   	  725.00  -101.00     0.00    90.00
   	  725.00  -101.00     0.00    90.00
   	  696.00   527.00   616.00    61.00
   	  696.00   527.00   616.00    61.00
  36 	 -120.00   544.00     0.00     0.00     0.00     0.00
  36 	 -120.00   544.00     0.00     0.00     0.00     0.00
   	  725.00  -101.00     0.00    90.00
   	  725.00  -101.00     0.00    90.00
   	  696.00   527.00   616.00    61.00
   	  696.00   527.00   616.00    61.00
  37 	  -90.00   544.00     0.00     0.00     0.00     0.00
  37 	  -90.00   544.00     0.00     0.00     0.00     0.00
   	  725.00  -101.00     0.00    90.00
   	  725.00  -101.00     0.00    90.00
   	  696.00   527.00   616.00    61.00
   	  696.00   527.00   616.00    61.00
  38 	  -60.00   544.00     0.00     0.00     0.00     0.00
  38 	  -60.00   544.00     0.00     0.00     0.00     0.00
   	  725.00  -101.00     0.00    90.00
   	  725.00  -101.00     0.00    90.00
   	  696.00   527.00   616.00    61.00
   	  696.00   527.00   616.00    61.00
  39 	  -30.00   544.00     0.00     0.00     0.00     0.00
  39 	  -30.00   544.00     0.00     0.00     0.00     0.00
   	  725.00  -101.00     0.00    90.00
   	  725.00  -101.00     0.00    90.00
   	  696.00   527.00   616.00    61.00
   	  696.00   527.00   616.00    61.00
  40 	   -0.00   544.00     0.00     0.00     0.00     0.00
  40 	   -0.00   544.00     0.00     0.00     0.00     0.00
   	  725.00  -101.00     0.00    90.00
   	  725.00  -101.00     0.00    90.00
   	  696.00   527.00   616.00    61.00
   	  696.00   527.00   616.00    61.00
  41 	 -120.00   612.00     0.00     0.00     0.00     0.00
  41 	 -120.00   612.00     0.00     0.00     0.00     0.00
   	  725.00  -101.00     0.00    90.00
   	  725.00  -101.00     0.00    90.00
   	  696.00   527.00   616.00    61.00
   	  696.00   527.00   616.00    61.00
  42 	  -90.00   612.00     0.00     0.00     0.00     0.00
  42 	  -90.00   612.00     0.00     0.00     0.00     0.00
   	  725.00  -101.00     0.00    90.00
   	  725.00  -101.00     0.00    90.00
   	  696.00   527.00   616.00    61.00
   	  696.00   527.00   616.00    61.00
  43 	  -60.00   612.00     0.00     0.00     0.00     0.00
  43 	  -60.00   612.00     0.00     0.00     0.00     0.00
   	  725.00  -101.00     0.00    90.00
   	  725.00  -101.00     0.00    90.00
   	  696.00   527.00   616.00    61.00
   	  696.00   527.00   616.00    61.00
  44 	  -30.00   612.00     0.00     0.00     0.00     0.00
  44 	  -30.00   612.00     0.00     0.00     0.00     0.00
   	  725.00  -101.00     0.00    90.00
   	  725.00  -101.00     0.00    90.00
   	  696.00   527.00   616.00    61.00
   	  696.00   527.00   616.00    61.00
  45 	   -0.00   612.00     0.00     0.00     0.00     0.00
  45 	   -0.00   612.00     0.00     0.00     0.00     0.00
   	  725.00  -101.00     0.00    90.00
   	  725.00  -101.00     0.00    90.00
   	  696.00   527.00   616.00    61.00
   	  696.00   527.00   616.00    61.00
  46 	 -120.00   680.00     0.00     0.00     0.00     0.00
  46 	 -120.00   680.00     0.00     0.00     0.00     0.00
   	  725.00  -101.00     0.00    90.00
   	  725.00  -101.00     0.00    90.00
   	  696.00   527.00   616.00    61.00
   	  696.00   527.00   616.00    61.00
  47 	  -90.00   680.00     0.00     0.00     0.00     0.00
  47 	  -90.00   680.00     0.00     0.00     0.00     0.00
   	  725.00  -101.00     0.00    90.00
   	  725.00  -101.00     0.00    90.00
   	  696.00   527.00   616.00    61.00
   	  696.00   527.00   616.00    61.00
  48 	  -60.00   680.00     0.00     0.00     0.00     0.00
  48 	  -60.00   680.00     0.00     0.00     0.00     0.00
   	  725.00  -101.00     0.00    90.00
   	  725.00  -101.00     0.00    90.00
   	  696.00   527.00   616.00    61.00
   	  696.00   527.00   616.00    61.00
  49 	  -30.00   680.00     0.00     0.00     0.00     0.00
  49 	  -30.00   680.00     0.00     0.00     0.00     0.00
   	  725.00  -101.00     0.00    90.00
   	  725.00  -101.00     0.00    90.00
   	  696.00   527.00   616.00    61.00
   	  696.00   527.00   616.00    61.00
  50 	   -0.00   680.00     0.00     0.00     0.00     0.00
  50 	   -0.00   680.00     0.00     0.00     0.00     0.00
   	  725.00  -101.00     0.00    90.00
   	  725.00  -101.00     0.00    90.00
   	  696.00   527.00   616.00    61.00
   	  696.00   527.00   616.00    61.00
  51 	 -120.00   748.00     0.00     0.00     0.00     0.00
  51 	 -120.00   748.00     0.00     0.00     0.00     0.00
   	  725.00  -101.00     0.00    90.00
   	  725.00  -101.00     0.00    90.00
   	  696.00   527.00   616.00    61.00
   	  696.00   527.00   616.00    61.00
  52 	  -90.00   748.00     0.00     0.00     0.00     0.00
  52 	  -90.00   748.00     0.00     0.00     0.00     0.00
   	  725.00  -101.00     0.00    90.00
   	  725.00  -101.00     0.00    90.00
   	  696.00   527.00   616.00    61.00
   	  696.00   527.00   616.00    61.00
  53 	  -60.00   748.00     0.00     0.00     0.00     0.00
  53 	  -60.00   748.00     0.00     0.00     0.00     0.00
   	  725.00  -101.00     0.00    90.00
   	  725.00  -101.00     0.00    90.00
   	  696.00   527.00   616.00    61.00
   	  696.00   527.00   616.00    61.00
  54 	  -30.00   748.00     0.00     0.00     0.00     0.00
  54 	  -30.00   748.00     0.00     0.00     0.00     0.00
   	  725.00  -101.00     0.00    90.00
   	  725.00  -101.00     0.00    90.00
   	  696.00   527.00   616.00    61.00
   	  696.00   527.00   616.00    61.00
  55 	   -0.00   748.00     0.00     0.00     0.00     0.00
  55 	   -0.00   748.00     0.00     0.00     0.00     0.00
   	  725.00  -101.00     0.00    90.00
   	  725.00  -101.00     0.00    90.00
   	  696.00   527.00   616.00    61.00
   	  696.00   527.00   616.00    61.00
  56 	 -120.00   816.00     0.00     0.00     0.00     0.00
  56 	 -120.00   816.00     0.00     0.00     0.00     0.00
   	  725.00  -101.00     0.00    90.00
   	  725.00  -101.00     0.00    90.00
   	  696.00   527.00   616.00    61.00
   	  696.00   527.00   616.00    61.00
  57 	  -90.00   816.00     0.00     0.00     0.00     0.00
  57 	  -90.00   816.00     0.00     0.00     0.00     0.00
   	  725.00  -101.00     0.00    90.00
   	  725.00  -101.00     0.00    90.00
   	  696.00   527.00   616.00    61.00
   	  696.00   527.00   616.00    61.00
  58 	  -60.00   816.00     0.00     0.00     0.00     0.00
  58 	  -60.00   816.00     0.00     0.00     0.00     0.00
   	  725.00  -101.00     0.00    90.00
   	  725.00  -101.00     0.00    90.00
   	  696.00   527.00   616.00    61.00
   	  696.00   527.00   616.00    61.00
  59 	  -30.00   816.00     0.00     0.00     0.00     0.00
  59 	  -30.00   816.00     0.00     0.00     0.00     0.00
   	  725.00  -101.00     0.00    90.00
   	  725.00  -101.00     0.00    90.00
   	  696.00   527.00   616.00    61.00
   	  696.00   527.00   616.00    61.00
  60 	   -0.00   816.00     0.00     0.00     0.00     0.00
  60 	   -0.00   816.00     0.00     0.00     0.00     0.00
   	  725.00  -101.00     0.00    90.00
   	  725.00  -101.00     0.00    90.00
   	  696.00   527.00   616.00    61.00
   	  696.00   527.00   616.00    61.00
  61 	 -120.00   884.00     0.00     0.00     0.00     0.00
  61 	 -120.00   884.00     0.00     0.00     0.00     0.00
   	  725.00  -101.00     0.00    90.00
   	  725.00  -101.00     0.00    90.00
   	  696.00   527.00   616.00    61.00
   	  696.00   527.00   616.00    61.00
  62 	  -90.00   884.00     0.00     0.00     0.00     0.00
  62 	  -90.00   884.00     0.00     0.00     0.00     0.00
   	  725.00  -101.00     0.00    90.00
   	  725.00  -101.00     0.00    90.00
   	  696.00   527.00   616.00    61.00
   	  696.00   527.00   616.00    61.00
  63 	  -60.00   884.00     0.00     0.00     0.00     0.00
  63 	  -60.00   884.00     0.00     0.00     0.00     0.00
   	  725.00  -101.00     0.00    90.00
   	  725.00  -101.00     0.00    90.00
   	  696.00   527.00   616.00    61.00
   	  696.00   527.00   616.00    61.00
  64 	  -30.00   884.00     0.00     0.00     0.00     0.00
  64 	  -30.00   884.00     0.00     0.00     0.00     0.00
   	  725.00  -101.00     0.00    90.00
   	  725.00  -101.00     0.00    90.00
   	  696.00   527.00   616.00    61.00
   	  696.00   527.00   616.00    61.00
  65 	   -0.00   884.00     0.00     0.00     0.00     0.00
  65 	   -0.00   884.00     0.00     0.00     0.00     0.00
   	  725.00  -101.00     0.00    90.00
   	  725.00  -101.00     0.00    90.00
   	  696.00   527.00   616.00    61.00
   	  696.00   527.00   616.00    61.00

** End writing output file: ../inputs/gr529.dat 
