*******************************************************************************
                         ARRAY PREPROCESSOR ver. 1.0
*******************************************************************************



   1	GROUP testgroup
   3	 GRID RECTANGULAR PSTEP 44 QSTEP 44
   4	 ELEMENT
   5	 GEOMETRY CIRCULAR RADIUS 60 mm
   6	 POLARIZATION CIRCULAR RH
   8	 PORTS 1
   9	 PORT 1
  10	 AMPLITUDE 21
  11	 PHASE_SHAPING 526
  12	 PHASE_SCANNING 626 deg
  13	 PHASE_POL_ARRANG 406 deg
  14	 ADD BLOCK 1 4 -1 -5
  16	 GROUP_EXCITATION
  17	 AMPLITUDE UNIFORM 26
  18	 PHASE UNIFORM -39
  19	 END

** WARNING B2: GRID step(s) too small for specified element in GROUP: testgroup
** Generating GROUP: testgroup.
** PSTEP,QSTEP set to:44.000000,44.000000
** Grid ANGLE set to:90.000000 
** Group ROT_ANGLE set to: 0.000000 

** Writing output file: ../inputs/gr533.dat

NEL 
NPORTS
IDUM      REXA     REYA     REZA     THEA     PHEA     PSEA 
          AMP      PSH      PSC      PHEPOL
  30
  30
   1
   1
   1 	  -44.00  -220.00     0.00     0.00     0.00     0.00
   1 	  -44.00  -220.00     0.00     0.00     0.00     0.00
   	  546.00   893.00   626.00    90.00
   	  546.00   893.00   626.00    90.00
   2 	    0.00  -220.00     0.00     0.00     0.00     0.00
   2 	    0.00  -220.00     0.00     0.00     0.00     0.00
   	  546.00   893.00   626.00    90.00
   	  546.00   893.00   626.00    90.00
   3 	   44.00  -220.00     0.00     0.00     0.00     0.00
   3 	   44.00  -220.00     0.00     0.00     0.00     0.00
   	  546.00   893.00   626.00    90.00
   	  546.00   893.00   626.00    90.00
   4 	  -44.00  -176.00     0.00     0.00     0.00     0.00
   4 	  -44.00  -176.00     0.00     0.00     0.00     0.00
   	  546.00   893.00   626.00    90.00
   	  546.00   893.00   626.00    90.00
   5 	    0.00  -176.00     0.00     0.00     0.00     0.00
   5 	    0.00  -176.00     0.00     0.00     0.00     0.00
   	  546.00   893.00   626.00    90.00
   	  546.00   893.00   626.00    90.00
   6 	   44.00  -176.00     0.00     0.00     0.00     0.00
   6 	   44.00  -176.00     0.00     0.00     0.00     0.00
   	  546.00   893.00   626.00    90.00
   	  546.00   893.00   626.00    90.00
   7 	  -44.00  -132.00     0.00     0.00     0.00     0.00
   7 	  -44.00  -132.00     0.00     0.00     0.00     0.00
   	  546.00   893.00   626.00    90.00
   	  546.00   893.00   626.00    90.00
   8 	    0.00  -132.00     0.00     0.00     0.00     0.00
   8 	    0.00  -132.00     0.00     0.00     0.00     0.00
   	  546.00   893.00   626.00    90.00
   	  546.00   893.00   626.00    90.00
   9 	   44.00  -132.00     0.00     0.00     0.00     0.00
   9 	   44.00  -132.00     0.00     0.00     0.00     0.00
   	  546.00   893.00   626.00    90.00
   	  546.00   893.00   626.00    90.00
  10 	  -44.00   -88.00     0.00     0.00     0.00     0.00
  10 	  -44.00   -88.00     0.00     0.00     0.00     0.00
   	  546.00   893.00   626.00    90.00
   	  546.00   893.00   626.00    90.00
  11 	    0.00   -88.00     0.00     0.00     0.00     0.00
  11 	    0.00   -88.00     0.00     0.00     0.00     0.00
   	  546.00   893.00   626.00    90.00
   	  546.00   893.00   626.00    90.00
  12 	   44.00   -88.00     0.00     0.00     0.00     0.00
  12 	   44.00   -88.00     0.00     0.00     0.00     0.00
   	  546.00   893.00   626.00    90.00
   	  546.00   893.00   626.00    90.00
  13 	  -44.00   -44.00     0.00     0.00     0.00     0.00
  13 	  -44.00   -44.00     0.00     0.00     0.00     0.00
   	  546.00   893.00   626.00    90.00
   	  546.00   893.00   626.00    90.00
  14 	    0.00   -44.00     0.00     0.00     0.00     0.00
  14 	    0.00   -44.00     0.00     0.00     0.00     0.00
   	  546.00   893.00   626.00    90.00
   	  546.00   893.00   626.00    90.00
  15 	   44.00   -44.00     0.00     0.00     0.00     0.00
  15 	   44.00   -44.00     0.00     0.00     0.00     0.00
   	  546.00   893.00   626.00    90.00
   	  546.00   893.00   626.00    90.00
  16 	  -44.00     0.00     0.00     0.00     0.00     0.00
  16 	  -44.00     0.00     0.00     0.00     0.00     0.00
   	  546.00   893.00   626.00    90.00
   	  546.00   893.00   626.00    90.00
  17 	    0.00     0.00     0.00     0.00     0.00     0.00
  17 	    0.00     0.00     0.00     0.00     0.00     0.00
   	  546.00   893.00   626.00    90.00
   	  546.00   893.00   626.00    90.00
  18 	   44.00     0.00     0.00     0.00     0.00     0.00
  18 	   44.00     0.00     0.00     0.00     0.00     0.00
   	  546.00   893.00   626.00    90.00
   	  546.00   893.00   626.00    90.00
  19 	  -44.00    44.00     0.00     0.00     0.00     0.00
  19 	  -44.00    44.00     0.00     0.00     0.00     0.00
   	  546.00   893.00   626.00    90.00
   	  546.00   893.00   626.00    90.00
  20 	   -0.00    44.00     0.00     0.00     0.00     0.00
  20 	   -0.00    44.00     0.00     0.00     0.00     0.00
   	  546.00   893.00   626.00    90.00
   	  546.00   893.00   626.00    90.00
  21 	   44.00    44.00     0.00     0.00     0.00     0.00
  21 	   44.00    44.00     0.00     0.00     0.00     0.00
   	  546.00   893.00   626.00    90.00
   	  546.00   893.00   626.00    90.00
  22 	  -44.00    88.00     0.00     0.00     0.00     0.00
  22 	  -44.00    88.00     0.00     0.00     0.00     0.00
   	  546.00   893.00   626.00    90.00
   	  546.00   893.00   626.00    90.00
  23 	   -0.00    88.00     0.00     0.00     0.00     0.00
  23 	   -0.00    88.00     0.00     0.00     0.00     0.00
   	  546.00   893.00   626.00    90.00
   	  546.00   893.00   626.00    90.00
  24 	   44.00    88.00     0.00     0.00     0.00     0.00
  24 	   44.00    88.00     0.00     0.00     0.00     0.00
   	  546.00   893.00   626.00    90.00
   	  546.00   893.00   626.00    90.00
  25 	  -44.00   132.00     0.00     0.00     0.00     0.00
  25 	  -44.00   132.00     0.00     0.00     0.00     0.00
   	  546.00   893.00   626.00    90.00
   	  546.00   893.00   626.00    90.00
  26 	   -0.00   132.00     0.00     0.00     0.00     0.00
  26 	   -0.00   132.00     0.00     0.00     0.00     0.00
   	  546.00   893.00   626.00    90.00
   	  546.00   893.00   626.00    90.00
  27 	   44.00   132.00     0.00     0.00     0.00     0.00
  27 	   44.00   132.00     0.00     0.00     0.00     0.00
   	  546.00   893.00   626.00    90.00
   	  546.00   893.00   626.00    90.00
  28 	  -44.00   176.00     0.00     0.00     0.00     0.00
  28 	  -44.00   176.00     0.00     0.00     0.00     0.00
   	  546.00   893.00   626.00    90.00
   	  546.00   893.00   626.00    90.00
  29 	   -0.00   176.00     0.00     0.00     0.00     0.00
  29 	   -0.00   176.00     0.00     0.00     0.00     0.00
   	  546.00   893.00   626.00    90.00
   	  546.00   893.00   626.00    90.00
  30 	   44.00   176.00     0.00     0.00     0.00     0.00
  30 	   44.00   176.00     0.00     0.00     0.00     0.00
   	  546.00   893.00   626.00    90.00
   	  546.00   893.00   626.00    90.00

** End writing output file: ../inputs/gr533.dat 
