*******************************************************************************
                         ARRAY PREPROCESSOR ver. 1.0
*******************************************************************************



   1	GROUP testgroup
   3	 GRID RECTANGULAR PSTEP 75 QSTEP 43
   4	 ELEMENT
   5	 GEOMETRY RECTANGULAR 56 76
   8	 ADD BLOCK -2 0 -2 7
  10	 GROUP_EXCITATION
  11	 AMPLITUDE UNIFORM 19
  12	 PHASE UNIFORM 4 deg
  13	 END

** WARNING B2: GRID step(s) too small for specified element in GROUP: testgroup
** Generating GROUP: testgroup.
** PSTEP,QSTEP set to:75.000000,43.000000
** Grid ANGLE set to:90.000000 
** Group ROT_ANGLE set to: 0.000000 

** Writing output file: ../inputs/gr535.dat

NEL 
NPORTS
IDUM      REXA     REYA     REZA     THEA     PHEA     PSEA 
          AMP      PSH      PSC      PHEPOL
   8
   8
   1
   1
   1 	 -150.00     0.00     0.00     0.00     0.00     0.00
   1 	 -150.00     0.00     0.00     0.00     0.00     0.00
   	   19.00     4.00     0.00    90.00
   	   19.00     4.00     0.00    90.00
   2 	 -150.00    43.00     0.00     0.00     0.00     0.00
   2 	 -150.00    43.00     0.00     0.00     0.00     0.00
   	   19.00     4.00     0.00    90.00
   	   19.00     4.00     0.00    90.00
   3 	 -150.00    86.00     0.00     0.00     0.00     0.00
   3 	 -150.00    86.00     0.00     0.00     0.00     0.00
   	   19.00     4.00     0.00    90.00
   	   19.00     4.00     0.00    90.00
   4 	 -150.00   129.00     0.00     0.00     0.00     0.00
   4 	 -150.00   129.00     0.00     0.00     0.00     0.00
   	   19.00     4.00     0.00    90.00
   	   19.00     4.00     0.00    90.00
   5 	 -150.00   172.00     0.00     0.00     0.00     0.00
   5 	 -150.00   172.00     0.00     0.00     0.00     0.00
   	   19.00     4.00     0.00    90.00
   	   19.00     4.00     0.00    90.00
   6 	 -150.00   215.00     0.00     0.00     0.00     0.00
   6 	 -150.00   215.00     0.00     0.00     0.00     0.00
   	   19.00     4.00     0.00    90.00
   	   19.00     4.00     0.00    90.00
   7 	 -150.00   258.00     0.00     0.00     0.00     0.00
   7 	 -150.00   258.00     0.00     0.00     0.00     0.00
   	   19.00     4.00     0.00    90.00
   	   19.00     4.00     0.00    90.00
   8 	 -150.00   301.00     0.00     0.00     0.00     0.00
   8 	 -150.00   301.00     0.00     0.00     0.00     0.00
   	   19.00     4.00     0.00    90.00
   	   19.00     4.00     0.00    90.00

** End writing output file: ../inputs/gr535.dat 
