*******************************************************************************
                         ARRAY PREPROCESSOR ver. 1.0
*******************************************************************************



   1	GROUP testgroup
   3	 GRID HEXAGONAL
   4	 ELEMENT
   5	 GEOMETRY CIRCULAR 37
   7	 ADD HEXAGON -2 5
   9	 GROUP_EXCITATION
  10	 AMPLITUDE SECOND ORDER 27 23 20 17 24
  11	 PHASE SECOND ORDER 16 19 22 19 27
  12	 END

** Generating GROUP: testgroup.
** PSTEP,QSTEP set to:74.000000,74.000000
** Grid ANGLE set to:60.000000 
** Group ROT_ANGLE set to: 0.000000 

** Writing output file: ../inputs/gr538.dat

NEL 
NPORTS
IDUM      REXA     REYA     REZA     THEA     PHEA     PSEA 
          AMP      PSH      PSC      PHEPOL
   7
   7
   1
   1
   1 	   -0.00   384.52     0.00     0.00     0.00     0.00
   1 	   -0.00   384.52     0.00     0.00     0.00     0.00
   	   27.00    16.00     0.00    90.00
   	   27.00    16.00     0.00    90.00
   2 	   74.00   384.52     0.00     0.00     0.00     0.00
   2 	   74.00   384.52     0.00     0.00     0.00     0.00
   	   20.00    22.00     0.00    90.00
   	   20.00    22.00     0.00    90.00
   3 	  111.00   320.43     0.00     0.00     0.00     0.00
   3 	  111.00   320.43     0.00     0.00     0.00     0.00
   	   12.50    32.13     0.00    90.00
   	   12.50    32.13     0.00    90.00
   4 	   74.00   256.34     0.00     0.00     0.00     0.00
   4 	   74.00   256.34     0.00     0.00     0.00     0.00
   	   17.00    33.00     0.00    90.00
   	   17.00    33.00     0.00    90.00
   5 	   -0.00   256.34     0.00     0.00     0.00     0.00
   5 	   -0.00   256.34     0.00     0.00     0.00     0.00
   	   24.00    27.00     0.00    90.00
   	   24.00    27.00     0.00    90.00
   6 	  -37.00   320.43     0.00     0.00     0.00     0.00
   6 	  -37.00   320.43     0.00     0.00     0.00     0.00
   	   26.50    20.12     0.00    90.00
   	   26.50    20.12     0.00    90.00
   7 	   37.00   320.43     0.00     0.00     0.00     0.00
   7 	   37.00   320.43     0.00     0.00     0.00     0.00
   	   25.00    21.63     0.00    90.00
   	   25.00    21.63     0.00    90.00

** End writing output file: ../inputs/gr538.dat 
