*******************************************************************************
                         ARRAY PREPROCESSOR ver. 1.0
*******************************************************************************



   1	GROUP testgroup
   3	 GRID HEXAGONAL
   4	 ELEMENT
   5	 GEOMETRY CIRCULAR 82
   6	 POLARIZATION CIRCULAR LH
   8	 ADD HEXAGON 4 7
  10	 GROUP_EXCITATION
  11	 AMPLITUDE UNIFORM 29
  12	 PHASE SECOND ORDER CENTRE 26 P1_VAL 30 P2_VAL 24 Q1_VAL 24 Q2_VAL 28
  13	 END

** Generating GROUP: testgroup.
** PSTEP,QSTEP set to:164.000000,164.000000
** Grid ANGLE set to:60.000000 
** Group ROT_ANGLE set to: 0.000000 

** Writing output file: ../inputs/gr540.dat

NEL 
NPORTS
IDUM      REXA     REYA     REZA     THEA     PHEA     PSEA 
          AMP      PSH      PSC      PHEPOL
   7
   7
   1
   1
   1 	 1148.00  1136.23     0.00     0.00     0.00     0.00
   1 	 1148.00  1136.23     0.00     0.00     0.00     0.00
   	   29.00    26.00     0.00    90.00
   	   29.00    26.00     0.00    90.00
   2 	 1312.00  1136.23     0.00     0.00     0.00     0.00
   2 	 1312.00  1136.23     0.00     0.00     0.00     0.00
   	   29.00    24.00     0.00    90.00
   	   29.00    24.00     0.00    90.00
   3 	 1394.00   994.20     0.00     0.00     0.00     0.00
   3 	 1394.00   994.20     0.00     0.00     0.00     0.00
   	   29.00    24.75     0.00    90.00
   	   29.00    24.75     0.00    90.00
   4 	 1312.00   852.17     0.00     0.00     0.00     0.00
   4 	 1312.00   852.17     0.00     0.00     0.00     0.00
   	   29.00    26.00     0.00    90.00
   	   29.00    26.00     0.00    90.00
   5 	 1148.00   852.17     0.00     0.00     0.00     0.00
   5 	 1148.00   852.17     0.00     0.00     0.00     0.00
   	   29.00    28.00     0.00    90.00
   	   29.00    28.00     0.00    90.00
   6 	 1066.00   994.20     0.00     0.00     0.00     0.00
   6 	 1066.00   994.20     0.00     0.00     0.00     0.00
   	   29.00    28.75     0.00    90.00
   	   29.00    28.75     0.00    90.00
   7 	 1230.00   994.20     0.00     0.00     0.00     0.00
   7 	 1230.00   994.20     0.00     0.00     0.00     0.00
   	   29.00    25.75     0.00    90.00
   	   29.00    25.75     0.00    90.00

** End writing output file: ../inputs/gr540.dat 
