*******************************************************************************
                         ARRAY PREPROCESSOR ver. 1.0
*******************************************************************************



   1	GROUP testgroup
   3	 GRID RECTANGULAR
   4	 ELEMENT
   5	 GEOMETRY RECTANGULAR 40 74 mm
   8	 ADD BLOCK 0 -1 0 0
   9	 ADD BLOCK 5 0 0 -1
  10	 ADD BLOCK -1 -7 -7 2
  12	 GROUP_EXCITATION
  13	 AMPLITUDE UNIFORM 25
  14	 PHASE UNIFORM 49
  15	 END

** Generating GROUP: testgroup.
** PSTEP,QSTEP set to:40.000000,74.000000
** Grid ANGLE set to:90.000000 
** Group ROT_ANGLE set to: 0.000000 

** Writing output file: ../inputs/gr541.dat

NEL 
NPORTS
IDUM      REXA     REYA     REZA     THEA     PHEA     PSEA 
          AMP      PSH      PSC      PHEPOL
  84
  84
   1
   1
   1 	    0.00   -74.00     0.00     0.00     0.00     0.00
   1 	    0.00   -74.00     0.00     0.00     0.00     0.00
   	   25.00    49.00     0.00    90.00
   	   25.00    49.00     0.00    90.00
   2 	    0.00     0.00     0.00     0.00     0.00     0.00
   2 	    0.00     0.00     0.00     0.00     0.00     0.00
   	   25.00    49.00     0.00    90.00
   	   25.00    49.00     0.00    90.00
   3 	    0.00   -74.00     0.00     0.00     0.00     0.00
   3 	    0.00   -74.00     0.00     0.00     0.00     0.00
   	   25.00    49.00     0.00    90.00
   	   25.00    49.00     0.00    90.00
   4 	   40.00   -74.00     0.00     0.00     0.00     0.00
   4 	   40.00   -74.00     0.00     0.00     0.00     0.00
   	   25.00    49.00     0.00    90.00
   	   25.00    49.00     0.00    90.00
   5 	   80.00   -74.00     0.00     0.00     0.00     0.00
   5 	   80.00   -74.00     0.00     0.00     0.00     0.00
   	   25.00    49.00     0.00    90.00
   	   25.00    49.00     0.00    90.00
   6 	  120.00   -74.00     0.00     0.00     0.00     0.00
   6 	  120.00   -74.00     0.00     0.00     0.00     0.00
   	   25.00    49.00     0.00    90.00
   	   25.00    49.00     0.00    90.00
   7 	  160.00   -74.00     0.00     0.00     0.00     0.00
   7 	  160.00   -74.00     0.00     0.00     0.00     0.00
   	   25.00    49.00     0.00    90.00
   	   25.00    49.00     0.00    90.00
   8 	  200.00   -74.00     0.00     0.00     0.00     0.00
   8 	  200.00   -74.00     0.00     0.00     0.00     0.00
   	   25.00    49.00     0.00    90.00
   	   25.00    49.00     0.00    90.00
   9 	    0.00     0.00     0.00     0.00     0.00     0.00
   9 	    0.00     0.00     0.00     0.00     0.00     0.00
   	   25.00    49.00     0.00    90.00
   	   25.00    49.00     0.00    90.00
  10 	   40.00     0.00     0.00     0.00     0.00     0.00
  10 	   40.00     0.00     0.00     0.00     0.00     0.00
   	   25.00    49.00     0.00    90.00
   	   25.00    49.00     0.00    90.00
  11 	   80.00     0.00     0.00     0.00     0.00     0.00
  11 	   80.00     0.00     0.00     0.00     0.00     0.00
   	   25.00    49.00     0.00    90.00
   	   25.00    49.00     0.00    90.00
  12 	  120.00     0.00     0.00     0.00     0.00     0.00
  12 	  120.00     0.00     0.00     0.00     0.00     0.00
   	   25.00    49.00     0.00    90.00
   	   25.00    49.00     0.00    90.00
  13 	  160.00     0.00     0.00     0.00     0.00     0.00
  13 	  160.00     0.00     0.00     0.00     0.00     0.00
   	   25.00    49.00     0.00    90.00
   	   25.00    49.00     0.00    90.00
  14 	  200.00     0.00     0.00     0.00     0.00     0.00
  14 	  200.00     0.00     0.00     0.00     0.00     0.00
   	   25.00    49.00     0.00    90.00
   	   25.00    49.00     0.00    90.00
  15 	 -280.00  -518.00     0.00     0.00     0.00     0.00
  15 	 -280.00  -518.00     0.00     0.00     0.00     0.00
   	   25.00    49.00     0.00    90.00
   	   25.00    49.00     0.00    90.00
  16 	 -240.00  -518.00     0.00     0.00     0.00     0.00
  16 	 -240.00  -518.00     0.00     0.00     0.00     0.00
   	   25.00    49.00     0.00    90.00
   	   25.00    49.00     0.00    90.00
  17 	 -200.00  -518.00     0.00     0.00     0.00     0.00
  17 	 -200.00  -518.00     0.00     0.00     0.00     0.00
   	   25.00    49.00     0.00    90.00
   	   25.00    49.00     0.00    90.00
  18 	 -160.00  -518.00     0.00     0.00     0.00     0.00
  18 	 -160.00  -518.00     0.00     0.00     0.00     0.00
   	   25.00    49.00     0.00    90.00
   	   25.00    49.00     0.00    90.00
  19 	 -120.00  -518.00     0.00     0.00     0.00     0.00
  19 	 -120.00  -518.00     0.00     0.00     0.00     0.00
   	   25.00    49.00     0.00    90.00
   	   25.00    49.00     0.00    90.00
  20 	  -80.00  -518.00     0.00     0.00     0.00     0.00
  20 	  -80.00  -518.00     0.00     0.00     0.00     0.00
   	   25.00    49.00     0.00    90.00
   	   25.00    49.00     0.00    90.00
  21 	  -40.00  -518.00     0.00     0.00     0.00     0.00
  21 	  -40.00  -518.00     0.00     0.00     0.00     0.00
   	   25.00    49.00     0.00    90.00
   	   25.00    49.00     0.00    90.00
  22 	 -280.00  -444.00     0.00     0.00     0.00     0.00
  22 	 -280.00  -444.00     0.00     0.00     0.00     0.00
   	   25.00    49.00     0.00    90.00
   	   25.00    49.00     0.00    90.00
  23 	 -240.00  -444.00     0.00     0.00     0.00     0.00
  23 	 -240.00  -444.00     0.00     0.00     0.00     0.00
   	   25.00    49.00     0.00    90.00
   	   25.00    49.00     0.00    90.00
  24 	 -200.00  -444.00     0.00     0.00     0.00     0.00
  24 	 -200.00  -444.00     0.00     0.00     0.00     0.00
   	   25.00    49.00     0.00    90.00
   	   25.00    49.00     0.00    90.00
  25 	 -160.00  -444.00     0.00     0.00     0.00     0.00
  25 	 -160.00  -444.00     0.00     0.00     0.00     0.00
   	   25.00    49.00     0.00    90.00
   	   25.00    49.00     0.00    90.00
  26 	 -120.00  -444.00     0.00     0.00     0.00     0.00
  26 	 -120.00  -444.00     0.00     0.00     0.00     0.00
   	   25.00    49.00     0.00    90.00
   	   25.00    49.00     0.00    90.00
  27 	  -80.00  -444.00     0.00     0.00     0.00     0.00
  27 	  -80.00  -444.00     0.00     0.00     0.00     0.00
   	   25.00    49.00     0.00    90.00
   	   25.00    49.00     0.00    90.00
  28 	  -40.00  -444.00     0.00     0.00     0.00     0.00
  28 	  -40.00  -444.00     0.00     0.00     0.00     0.00
   	   25.00    49.00     0.00    90.00
   	   25.00    49.00     0.00    90.00
  29 	 -280.00  -370.00     0.00     0.00     0.00     0.00
  29 	 -280.00  -370.00     0.00     0.00     0.00     0.00
   	   25.00    49.00     0.00    90.00
   	   25.00    49.00     0.00    90.00
  30 	 -240.00  -370.00     0.00     0.00     0.00     0.00
  30 	 -240.00  -370.00     0.00     0.00     0.00     0.00
   	   25.00    49.00     0.00    90.00
   	   25.00    49.00     0.00    90.00
  31 	 -200.00  -370.00     0.00     0.00     0.00     0.00
  31 	 -200.00  -370.00     0.00     0.00     0.00     0.00
   	   25.00    49.00     0.00    90.00
   	   25.00    49.00     0.00    90.00
  32 	 -160.00  -370.00     0.00     0.00     0.00     0.00
  32 	 -160.00  -370.00     0.00     0.00     0.00     0.00
   	   25.00    49.00     0.00    90.00
   	   25.00    49.00     0.00    90.00
  33 	 -120.00  -370.00     0.00     0.00     0.00     0.00
  33 	 -120.00  -370.00     0.00     0.00     0.00     0.00
   	   25.00    49.00     0.00    90.00
   	   25.00    49.00     0.00    90.00
  34 	  -80.00  -370.00     0.00     0.00     0.00     0.00
  34 	  -80.00  -370.00     0.00     0.00     0.00     0.00
   	   25.00    49.00     0.00    90.00
   	   25.00    49.00     0.00    90.00
  35 	  -40.00  -370.00     0.00     0.00     0.00     0.00
  35 	  -40.00  -370.00     0.00     0.00     0.00     0.00
   	   25.00    49.00     0.00    90.00
   	   25.00    49.00     0.00    90.00
  36 	 -280.00  -296.00     0.00     0.00     0.00     0.00
  36 	 -280.00  -296.00     0.00     0.00     0.00     0.00
   	   25.00    49.00     0.00    90.00
   	   25.00    49.00     0.00    90.00
  37 	 -240.00  -296.00     0.00     0.00     0.00     0.00
  37 	 -240.00  -296.00     0.00     0.00     0.00     0.00
   	   25.00    49.00     0.00    90.00
   	   25.00    49.00     0.00    90.00
  38 	 -200.00  -296.00     0.00     0.00     0.00     0.00
  38 	 -200.00  -296.00     0.00     0.00     0.00     0.00
   	   25.00    49.00     0.00    90.00
   	   25.00    49.00     0.00    90.00
  39 	 -160.00  -296.00     0.00     0.00     0.00     0.00
  39 	 -160.00  -296.00     0.00     0.00     0.00     0.00
   	   25.00    49.00     0.00    90.00
   	   25.00    49.00     0.00    90.00
  40 	 -120.00  -296.00     0.00     0.00     0.00     0.00
  40 	 -120.00  -296.00     0.00     0.00     0.00     0.00
   	   25.00    49.00     0.00    90.00
   	   25.00    49.00     0.00    90.00
  41 	  -80.00  -296.00     0.00     0.00     0.00     0.00
  41 	  -80.00  -296.00     0.00     0.00     0.00     0.00
   	   25.00    49.00     0.00    90.00
   	   25.00    49.00     0.00    90.00
  42 	  -40.00  -296.00     0.00     0.00     0.00     0.00
  42 	  -40.00  -296.00     0.00     0.00     0.00     0.00
   	   25.00    49.00     0.00    90.00
   	   25.00    49.00     0.00    90.00
  43 	 -280.00  -222.00     0.00     0.00     0.00     0.00
  43 	 -280.00  -222.00     0.00     0.00     0.00     0.00
   	   25.00    49.00     0.00    90.00
   	   25.00    49.00     0.00    90.00
  44 	 -240.00  -222.00     0.00     0.00     0.00     0.00
  44 	 -240.00  -222.00     0.00     0.00     0.00     0.00
   	   25.00    49.00     0.00    90.00
   	   25.00    49.00     0.00    90.00
  45 	 -200.00  -222.00     0.00     0.00     0.00     0.00
  45 	 -200.00  -222.00     0.00     0.00     0.00     0.00
   	   25.00    49.00     0.00    90.00
   	   25.00    49.00     0.00    90.00
  46 	 -160.00  -222.00     0.00     0.00     0.00     0.00
  46 	 -160.00  -222.00     0.00     0.00     0.00     0.00
   	   25.00    49.00     0.00    90.00
   	   25.00    49.00     0.00    90.00
  47 	 -120.00  -222.00     0.00     0.00     0.00     0.00
  47 	 -120.00  -222.00     0.00     0.00     0.00     0.00
   	   25.00    49.00     0.00    90.00
   	   25.00    49.00     0.00    90.00
  48 	  -80.00  -222.00     0.00     0.00     0.00     0.00
  48 	  -80.00  -222.00     0.00     0.00     0.00     0.00
   	   25.00    49.00     0.00    90.00
   	   25.00    49.00     0.00    90.00
  49 	  -40.00  -222.00     0.00     0.00     0.00     0.00
  49 	  -40.00  -222.00     0.00     0.00     0.00     0.00
   	   25.00    49.00     0.00    90.00
   	   25.00    49.00     0.00    90.00
  50 	 -280.00  -148.00     0.00     0.00     0.00     0.00
  50 	 -280.00  -148.00     0.00     0.00     0.00     0.00
   	   25.00    49.00     0.00    90.00
   	   25.00    49.00     0.00    90.00
  51 	 -240.00  -148.00     0.00     0.00     0.00     0.00
  51 	 -240.00  -148.00     0.00     0.00     0.00     0.00
   	   25.00    49.00     0.00    90.00
   	   25.00    49.00     0.00    90.00
  52 	 -200.00  -148.00     0.00     0.00     0.00     0.00
  52 	 -200.00  -148.00     0.00     0.00     0.00     0.00
   	   25.00    49.00     0.00    90.00
   	   25.00    49.00     0.00    90.00
  53 	 -160.00  -148.00     0.00     0.00     0.00     0.00
  53 	 -160.00  -148.00     0.00     0.00     0.00     0.00
   	   25.00    49.00     0.00    90.00
   	   25.00    49.00     0.00    90.00
  54 	 -120.00  -148.00     0.00     0.00     0.00     0.00
  54 	 -120.00  -148.00     0.00     0.00     0.00     0.00
   	   25.00    49.00     0.00    90.00
   	   25.00    49.00     0.00    90.00
  55 	  -80.00  -148.00     0.00     0.00     0.00     0.00
  55 	  -80.00  -148.00     0.00     0.00     0.00     0.00
   	   25.00    49.00     0.00    90.00
   	   25.00    49.00     0.00    90.00
  56 	  -40.00  -148.00     0.00     0.00     0.00     0.00
  56 	  -40.00  -148.00     0.00     0.00     0.00     0.00
   	   25.00    49.00     0.00    90.00
   	   25.00    49.00     0.00    90.00
  57 	 -280.00   -74.00     0.00     0.00     0.00     0.00
  57 	 -280.00   -74.00     0.00     0.00     0.00     0.00
   	   25.00    49.00     0.00    90.00
   	   25.00    49.00     0.00    90.00
  58 	 -240.00   -74.00     0.00     0.00     0.00     0.00
  58 	 -240.00   -74.00     0.00     0.00     0.00     0.00
   	   25.00    49.00     0.00    90.00
   	   25.00    49.00     0.00    90.00
  59 	 -200.00   -74.00     0.00     0.00     0.00     0.00
  59 	 -200.00   -74.00     0.00     0.00     0.00     0.00
   	   25.00    49.00     0.00    90.00
   	   25.00    49.00     0.00    90.00
  60 	 -160.00   -74.00     0.00     0.00     0.00     0.00
  60 	 -160.00   -74.00     0.00     0.00     0.00     0.00
   	   25.00    49.00     0.00    90.00
   	   25.00    49.00     0.00    90.00
  61 	 -120.00   -74.00     0.00     0.00     0.00     0.00
  61 	 -120.00   -74.00     0.00     0.00     0.00     0.00
   	   25.00    49.00     0.00    90.00
   	   25.00    49.00     0.00    90.00
  62 	  -80.00   -74.00     0.00     0.00     0.00     0.00
  62 	  -80.00   -74.00     0.00     0.00     0.00     0.00
   	   25.00    49.00     0.00    90.00
   	   25.00    49.00     0.00    90.00
  63 	  -40.00   -74.00     0.00     0.00     0.00     0.00
  63 	  -40.00   -74.00     0.00     0.00     0.00     0.00
   	   25.00    49.00     0.00    90.00
   	   25.00    49.00     0.00    90.00
  64 	 -280.00     0.00     0.00     0.00     0.00     0.00
  64 	 -280.00     0.00     0.00     0.00     0.00     0.00
   	   25.00    49.00     0.00    90.00
   	   25.00    49.00     0.00    90.00
  65 	 -240.00     0.00     0.00     0.00     0.00     0.00
  65 	 -240.00     0.00     0.00     0.00     0.00     0.00
   	   25.00    49.00     0.00    90.00
   	   25.00    49.00     0.00    90.00
  66 	 -200.00     0.00     0.00     0.00     0.00     0.00
  66 	 -200.00     0.00     0.00     0.00     0.00     0.00
   	   25.00    49.00     0.00    90.00
   	   25.00    49.00     0.00    90.00
  67 	 -160.00     0.00     0.00     0.00     0.00     0.00
  67 	 -160.00     0.00     0.00     0.00     0.00     0.00
   	   25.00    49.00     0.00    90.00
   	   25.00    49.00     0.00    90.00
  68 	 -120.00     0.00     0.00     0.00     0.00     0.00
  68 	 -120.00     0.00     0.00     0.00     0.00     0.00
   	   25.00    49.00     0.00    90.00
   	   25.00    49.00     0.00    90.00
  69 	  -80.00     0.00     0.00     0.00     0.00     0.00
  69 	  -80.00     0.00     0.00     0.00     0.00     0.00
   	   25.00    49.00     0.00    90.00
   	   25.00    49.00     0.00    90.00
  70 	  -40.00     0.00     0.00     0.00     0.00     0.00
  70 	  -40.00     0.00     0.00     0.00     0.00     0.00
   	   25.00    49.00     0.00    90.00
   	   25.00    49.00     0.00    90.00
  71 	 -280.00    74.00     0.00     0.00     0.00     0.00
  71 	 -280.00    74.00     0.00     0.00     0.00     0.00
   	   25.00    49.00     0.00    90.00
   	   25.00    49.00     0.00    90.00
  72 	 -240.00    74.00     0.00     0.00     0.00     0.00
  72 	 -240.00    74.00     0.00     0.00     0.00     0.00
   	   25.00    49.00     0.00    90.00
   	   25.00    49.00     0.00    90.00
  73 	 -200.00    74.00     0.00     0.00     0.00     0.00
  73 	 -200.00    74.00     0.00     0.00     0.00     0.00
   	   25.00    49.00     0.00    90.00
   	   25.00    49.00     0.00    90.00
  74 	 -160.00    74.00     0.00     0.00     0.00     0.00
  74 	 -160.00    74.00     0.00     0.00     0.00     0.00
   	   25.00    49.00     0.00    90.00
   	   25.00    49.00     0.00    90.00
  75 	 -120.00    74.00     0.00     0.00     0.00     0.00
  75 	 -120.00    74.00     0.00     0.00     0.00     0.00
   	   25.00    49.00     0.00    90.00
   	   25.00    49.00     0.00    90.00
  76 	  -80.00    74.00     0.00     0.00     0.00     0.00
  76 	  -80.00    74.00     0.00     0.00     0.00     0.00
   	   25.00    49.00     0.00    90.00
   	   25.00    49.00     0.00    90.00
  77 	  -40.00    74.00     0.00     0.00     0.00     0.00
  77 	  -40.00    74.00     0.00     0.00     0.00     0.00
   	   25.00    49.00     0.00    90.00
   	   25.00    49.00     0.00    90.00
  78 	 -280.00   148.00     0.00     0.00     0.00     0.00
  78 	 -280.00   148.00     0.00     0.00     0.00     0.00
   	   25.00    49.00     0.00    90.00
   	   25.00    49.00     0.00    90.00
  79 	 -240.00   148.00     0.00     0.00     0.00     0.00
  79 	 -240.00   148.00     0.00     0.00     0.00     0.00
   	   25.00    49.00     0.00    90.00
   	   25.00    49.00     0.00    90.00
  80 	 -200.00   148.00     0.00     0.00     0.00     0.00
  80 	 -200.00   148.00     0.00     0.00     0.00     0.00
   	   25.00    49.00     0.00    90.00
   	   25.00    49.00     0.00    90.00
  81 	 -160.00   148.00     0.00     0.00     0.00     0.00
  81 	 -160.00   148.00     0.00     0.00     0.00     0.00
   	   25.00    49.00     0.00    90.00
   	   25.00    49.00     0.00    90.00
  82 	 -120.00   148.00     0.00     0.00     0.00     0.00
  82 	 -120.00   148.00     0.00     0.00     0.00     0.00
   	   25.00    49.00     0.00    90.00
   	   25.00    49.00     0.00    90.00
  83 	  -80.00   148.00     0.00     0.00     0.00     0.00
  83 	  -80.00   148.00     0.00     0.00     0.00     0.00
   	   25.00    49.00     0.00    90.00
   	   25.00    49.00     0.00    90.00
  84 	  -40.00   148.00     0.00     0.00     0.00     0.00
  84 	  -40.00   148.00     0.00     0.00     0.00     0.00
   	   25.00    49.00     0.00    90.00
   	   25.00    49.00     0.00    90.00

** End writing output file: ../inputs/gr541.dat 
