*******************************************************************************
                         ARRAY PREPROCESSOR ver. 1.0
*******************************************************************************



   1	GROUP testgroup
   3	 GRID HEXAGONAL STEP 47
   4	 ELEMENT
   5	 GEOMETRY CIRCULAR RADIUS 15
   6	 POLARIZATION LINEAR
   7	 PORTS 3
   8	 PORT 1
   9	 AMPLITUDE 78
  10	 PHASE_SCANNING 563
  11	 PHASE_POL_ARRANG 799
  12	 PORT 2
  13	 AMPLITUDE 24
  14	 PHASE_SHAPING 765
  15	 PHASE_SCANNING 497
  16	 PHASE_POL_ARRANG 687
  17	 PORT 3
  18	 AMPLITUDE 18
  19	 PHASE_SHAPING 509
  20	 ADD BLOCK -2 0 4 0
  22	 GROUP_EXCITATION
  23	 AMPLITUDE UNIFORM 28
  24	 PHASE UNIFORM 90
  25	 END

** Generating GROUP: testgroup.
** PSTEP,QSTEP set to:47.000000,47.000000
** Grid ANGLE set to:60.000000 
** Group ROT_ANGLE set to: 0.000000 

** Writing output file: ../inputs/gr544.dat

NEL 
NPORTS
IDUM      REXA     REYA     REZA     THEA     PHEA     PSEA 
          AMP      PSH      PSC      PHEPOL
   7
   7
   3
   3
   1 	  -94.00     0.00     0.00     0.00     0.00     0.00
   1 	  -94.00     0.00     0.00     0.00     0.00     0.00
   	 2184.00   889.00   563.00    90.00
   	 2184.00   889.00   563.00    90.00
   	  672.00  1542.00   497.00    90.00
   	  672.00  1542.00   497.00    90.00
   	  504.00   599.00     0.00    90.00
   	  504.00   599.00     0.00    90.00
   2 	  -47.00     0.00     0.00     0.00     0.00     0.00
   2 	  -47.00     0.00     0.00     0.00     0.00     0.00
   	 2184.00   889.00   563.00    90.00
   	 2184.00   889.00   563.00    90.00
   	  672.00  1542.00   497.00    90.00
   	  672.00  1542.00   497.00    90.00
   	  504.00   599.00     0.00    90.00
   	  504.00   599.00     0.00    90.00
   3 	    0.00     0.00     0.00     0.00     0.00     0.00
   3 	    0.00     0.00     0.00     0.00     0.00     0.00
   	 2184.00   889.00   563.00    90.00
   	 2184.00   889.00   563.00    90.00
   	  672.00  1542.00   497.00    90.00
   	  672.00  1542.00   497.00    90.00
   	  504.00   599.00     0.00    90.00
   	  504.00   599.00     0.00    90.00
   4 	   47.00     0.00     0.00     0.00     0.00     0.00
   4 	   47.00     0.00     0.00     0.00     0.00     0.00
   	 2184.00   889.00   563.00    90.00
   	 2184.00   889.00   563.00    90.00
   	  672.00  1542.00   497.00    90.00
   	  672.00  1542.00   497.00    90.00
   	  504.00   599.00     0.00    90.00
   	  504.00   599.00     0.00    90.00
   5 	   94.00     0.00     0.00     0.00     0.00     0.00
   5 	   94.00     0.00     0.00     0.00     0.00     0.00
   	 2184.00   889.00   563.00    90.00
   	 2184.00   889.00   563.00    90.00
   	  672.00  1542.00   497.00    90.00
   	  672.00  1542.00   497.00    90.00
   	  504.00   599.00     0.00    90.00
   	  504.00   599.00     0.00    90.00
   6 	  141.00     0.00     0.00     0.00     0.00     0.00
   6 	  141.00     0.00     0.00     0.00     0.00     0.00
   	 2184.00   889.00   563.00    90.00
   	 2184.00   889.00   563.00    90.00
   	  672.00  1542.00   497.00    90.00
   	  672.00  1542.00   497.00    90.00
   	  504.00   599.00     0.00    90.00
   	  504.00   599.00     0.00    90.00
   7 	  188.00     0.00     0.00     0.00     0.00     0.00
   7 	  188.00     0.00     0.00     0.00     0.00     0.00
   	 2184.00   889.00   563.00    90.00
   	 2184.00   889.00   563.00    90.00
   	  672.00  1542.00   497.00    90.00
   	  672.00  1542.00   497.00    90.00
   	  504.00   599.00     0.00    90.00
   	  504.00   599.00     0.00    90.00

** End writing output file: ../inputs/gr544.dat 
