*******************************************************************************
                         ARRAY PREPROCESSOR ver. 1.0
*******************************************************************************



   1	GROUP testgroup
   3	 GRID SQUARE
   4	 ELEMENT
   5	 GEOMETRY CIRCULAR 51
   7	 ADD HEXAGON 6 5
   8	 ADD HEXAGON -1 9
  10	 GROUP_EXCITATION
  11	 AMPLITUDE UNIFORM 16
  12	 PHASE UNIFORM -26
  13	 END

** Generating GROUP: testgroup.
** PSTEP,QSTEP set to:102.000000,102.000000
** Grid ANGLE set to:90.000000 
** Group ROT_ANGLE set to: 0.000000 

** Writing output file: ../inputs/gr547.dat

NEL 
NPORTS
IDUM      REXA     REYA     REZA     THEA     PHEA     PSEA 
          AMP      PSH      PSC      PHEPOL
  14
  14
   1
   1
   1 	  510.00   612.00     0.00     0.00     0.00     0.00
   1 	  510.00   612.00     0.00     0.00     0.00     0.00
   	   16.00   -26.00     0.00    90.00
   	   16.00   -26.00     0.00    90.00
   2 	  612.00   612.00     0.00     0.00     0.00     0.00
   2 	  612.00   612.00     0.00     0.00     0.00     0.00
   	   16.00   -26.00     0.00    90.00
   	   16.00   -26.00     0.00    90.00
   3 	  714.00   510.00     0.00     0.00     0.00     0.00
   3 	  714.00   510.00     0.00     0.00     0.00     0.00
   	   16.00   -26.00     0.00    90.00
   	   16.00   -26.00     0.00    90.00
   4 	  714.00   408.00     0.00     0.00     0.00     0.00
   4 	  714.00   408.00     0.00     0.00     0.00     0.00
   	   16.00   -26.00     0.00    90.00
   	   16.00   -26.00     0.00    90.00
   5 	  612.00   408.00     0.00     0.00     0.00     0.00
   5 	  612.00   408.00     0.00     0.00     0.00     0.00
   	   16.00   -26.00     0.00    90.00
   	   16.00   -26.00     0.00    90.00
   6 	  510.00   510.00     0.00     0.00     0.00     0.00
   6 	  510.00   510.00     0.00     0.00     0.00     0.00
   	   16.00   -26.00     0.00    90.00
   	   16.00   -26.00     0.00    90.00
   7 	  612.00   510.00     0.00     0.00     0.00     0.00
   7 	  612.00   510.00     0.00     0.00     0.00     0.00
   	   16.00   -26.00     0.00    90.00
   	   16.00   -26.00     0.00    90.00
   8 	 -204.00  1020.00     0.00     0.00     0.00     0.00
   8 	 -204.00  1020.00     0.00     0.00     0.00     0.00
   	   16.00   -26.00     0.00    90.00
   	   16.00   -26.00     0.00    90.00
   9 	 -102.00  1020.00     0.00     0.00     0.00     0.00
   9 	 -102.00  1020.00     0.00     0.00     0.00     0.00
   	   16.00   -26.00     0.00    90.00
   	   16.00   -26.00     0.00    90.00
  10 	   -0.00   918.00     0.00     0.00     0.00     0.00
  10 	   -0.00   918.00     0.00     0.00     0.00     0.00
   	   16.00   -26.00     0.00    90.00
   	   16.00   -26.00     0.00    90.00
  11 	   -0.00   816.00     0.00     0.00     0.00     0.00
  11 	   -0.00   816.00     0.00     0.00     0.00     0.00
   	   16.00   -26.00     0.00    90.00
   	   16.00   -26.00     0.00    90.00
  12 	 -102.00   816.00     0.00     0.00     0.00     0.00
  12 	 -102.00   816.00     0.00     0.00     0.00     0.00
   	   16.00   -26.00     0.00    90.00
   	   16.00   -26.00     0.00    90.00
  13 	 -204.00   918.00     0.00     0.00     0.00     0.00
  13 	 -204.00   918.00     0.00     0.00     0.00     0.00
   	   16.00   -26.00     0.00    90.00
   	   16.00   -26.00     0.00    90.00
  14 	 -102.00   918.00     0.00     0.00     0.00     0.00
  14 	 -102.00   918.00     0.00     0.00     0.00     0.00
   	   16.00   -26.00     0.00    90.00
   	   16.00   -26.00     0.00    90.00

** End writing output file: ../inputs/gr547.dat 
