*******************************************************************************
                         ARRAY PREPROCESSOR ver. 1.0
*******************************************************************************



   1	GROUP testgroup
   3	 GRID TRIANGULAR
   4	 PX -6
   5	 PY -20
   6	 QX 11
   7	 QY -5
   8	 ELEMENT
   9	 GEOMETRY CIRCULAR 42
  10	 POLARIZATION LINEAR ORIENTATION 31
  11	 ADD BLOCK -6 1 -1 4
  13	 GROUP_EXCITATION
  14	 AMPLITUDE UNIFORM 33
  15	 PHASE UNIFORM -55
  16	 END

** WARNING B2: GRID step(s) too small for specified element in GROUP: testgroup
** Generating GROUP: testgroup.
** PSTEP,QSTEP set to:20.880613,12.083046
** Grid ANGLE set to:82.255289 
** Group ROT_ANGLE set to: 106.699244 

** Writing output file: ../inputs/gr552.dat

NEL 
NPORTS
IDUM      REXA     REYA     REZA     THEA     PHEA     PSEA 
          AMP      PSH      PSC      PHEPOL
  24
  24
   1
   1
   1 	   24.06  -121.88     0.00     0.00   106.70     0.00
   1 	   24.06  -121.88     0.00     0.00   106.70     0.00
   	   33.00   -55.00     0.00    31.00
   	   33.00   -55.00     0.00    31.00
   2 	   18.06  -101.88     0.00     0.00   106.70     0.00
   2 	   18.06  -101.88     0.00     0.00   106.70     0.00
   	   33.00   -55.00     0.00    31.00
   	   33.00   -55.00     0.00    31.00
   3 	   12.06   -81.88     0.00     0.00   106.70     0.00
   3 	   12.06   -81.88     0.00     0.00   106.70     0.00
   	   33.00   -55.00     0.00    31.00
   	   33.00   -55.00     0.00    31.00
   4 	    6.06   -61.88     0.00     0.00   106.70     0.00
   4 	    6.06   -61.88     0.00     0.00   106.70     0.00
   	   33.00   -55.00     0.00    31.00
   	   33.00   -55.00     0.00    31.00
   5 	    0.06   -41.88     0.00     0.00   106.70     0.00
   5 	    0.06   -41.88     0.00     0.00   106.70     0.00
   	   33.00   -55.00     0.00    31.00
   	   33.00   -55.00     0.00    31.00
   6 	   -5.94   -21.88     0.00     0.00   106.70     0.00
   6 	   -5.94   -21.88     0.00     0.00   106.70     0.00
   	   33.00   -55.00     0.00    31.00
   	   33.00   -55.00     0.00    31.00
   7 	   12.13  -123.76     0.00     0.00   106.70     0.00
   7 	   12.13  -123.76     0.00     0.00   106.70     0.00
   	   33.00   -55.00     0.00    31.00
   	   33.00   -55.00     0.00    31.00
   8 	    6.13  -103.76     0.00     0.00   106.70     0.00
   8 	    6.13  -103.76     0.00     0.00   106.70     0.00
   	   33.00   -55.00     0.00    31.00
   	   33.00   -55.00     0.00    31.00
   9 	    0.13   -83.76     0.00     0.00   106.70     0.00
   9 	    0.13   -83.76     0.00     0.00   106.70     0.00
   	   33.00   -55.00     0.00    31.00
   	   33.00   -55.00     0.00    31.00
  10 	   -5.87   -63.76     0.00     0.00   106.70     0.00
  10 	   -5.87   -63.76     0.00     0.00   106.70     0.00
   	   33.00   -55.00     0.00    31.00
   	   33.00   -55.00     0.00    31.00
  11 	  -11.87   -43.76     0.00     0.00   106.70     0.00
  11 	  -11.87   -43.76     0.00     0.00   106.70     0.00
   	   33.00   -55.00     0.00    31.00
   	   33.00   -55.00     0.00    31.00
  12 	  -17.87   -23.76     0.00     0.00   106.70     0.00
  12 	  -17.87   -23.76     0.00     0.00   106.70     0.00
   	   33.00   -55.00     0.00    31.00
   	   33.00   -55.00     0.00    31.00
  13 	    0.19  -125.64     0.00     0.00   106.70     0.00
  13 	    0.19  -125.64     0.00     0.00   106.70     0.00
   	   33.00   -55.00     0.00    31.00
   	   33.00   -55.00     0.00    31.00
  14 	   -5.81  -105.64     0.00     0.00   106.70     0.00
  14 	   -5.81  -105.64     0.00     0.00   106.70     0.00
   	   33.00   -55.00     0.00    31.00
   	   33.00   -55.00     0.00    31.00
  15 	  -11.81   -85.64     0.00     0.00   106.70     0.00
  15 	  -11.81   -85.64     0.00     0.00   106.70     0.00
   	   33.00   -55.00     0.00    31.00
   	   33.00   -55.00     0.00    31.00
  16 	  -17.81   -65.64     0.00     0.00   106.70     0.00
  16 	  -17.81   -65.64     0.00     0.00   106.70     0.00
   	   33.00   -55.00     0.00    31.00
   	   33.00   -55.00     0.00    31.00
  17 	  -23.81   -45.64     0.00     0.00   106.70     0.00
  17 	  -23.81   -45.64     0.00     0.00   106.70     0.00
   	   33.00   -55.00     0.00    31.00
   	   33.00   -55.00     0.00    31.00
  18 	  -29.81   -25.64     0.00     0.00   106.70     0.00
  18 	  -29.81   -25.64     0.00     0.00   106.70     0.00
   	   33.00   -55.00     0.00    31.00
   	   33.00   -55.00     0.00    31.00
  19 	  -11.74  -127.52     0.00     0.00   106.70     0.00
  19 	  -11.74  -127.52     0.00     0.00   106.70     0.00
   	   33.00   -55.00     0.00    31.00
   	   33.00   -55.00     0.00    31.00
  20 	  -17.74  -107.52     0.00     0.00   106.70     0.00
  20 	  -17.74  -107.52     0.00     0.00   106.70     0.00
   	   33.00   -55.00     0.00    31.00
   	   33.00   -55.00     0.00    31.00
  21 	  -23.74   -87.52     0.00     0.00   106.70     0.00
  21 	  -23.74   -87.52     0.00     0.00   106.70     0.00
   	   33.00   -55.00     0.00    31.00
   	   33.00   -55.00     0.00    31.00
  22 	  -29.74   -67.52     0.00     0.00   106.70     0.00
  22 	  -29.74   -67.52     0.00     0.00   106.70     0.00
   	   33.00   -55.00     0.00    31.00
   	   33.00   -55.00     0.00    31.00
  23 	  -35.74   -47.52     0.00     0.00   106.70     0.00
  23 	  -35.74   -47.52     0.00     0.00   106.70     0.00
   	   33.00   -55.00     0.00    31.00
   	   33.00   -55.00     0.00    31.00
  24 	  -41.74   -27.52     0.00     0.00   106.70     0.00
  24 	  -41.74   -27.52     0.00     0.00   106.70     0.00
   	   33.00   -55.00     0.00    31.00
   	   33.00   -55.00     0.00    31.00

** End writing output file: ../inputs/gr552.dat 
