*******************************************************************************
                         ARRAY PREPROCESSOR ver. 1.0
*******************************************************************************



   1	GROUP testgroup
   3	 GRID RECTANGULAR
   4	 ELEMENT
   5	 GEOMETRY RECTANGULAR PDIM 27 QDIM 72
   7	 POLARIZATION LINEAR ORIENTATION Y
   8	 ADD BLOCK -1 -9 -1 1
  10	 GROUP_EXCITATION
  11	 AMPLITUDE UNIFORM 25
  12	 PHASE SECOND ORDER 25 25 26 24 22
  13	 END

** Generating GROUP: testgroup.
** PSTEP,QSTEP set to:27.000000,72.000000
** Grid ANGLE set to:90.000000 
** Group ROT_ANGLE set to: 0.000000 

** Writing output file: ../inputs/gr558.dat

NEL 
NPORTS
IDUM      REXA     REYA     REZA     THEA     PHEA     PSEA 
          AMP      PSH      PSC      PHEPOL
  11
  11
   1
   1
   1 	  -27.00  -648.00     0.00     0.00     0.00     0.00
   1 	  -27.00  -648.00     0.00     0.00     0.00     0.00
   	   25.00    24.00     0.00    90.00
   	   25.00    24.00     0.00    90.00
   2 	  -27.00  -576.00     0.00     0.00     0.00     0.00
   2 	  -27.00  -576.00     0.00     0.00     0.00     0.00
   	   25.00    24.52     0.00    90.00
   	   25.00    24.52     0.00    90.00
   3 	  -27.00  -504.00     0.00     0.00     0.00     0.00
   3 	  -27.00  -504.00     0.00     0.00     0.00     0.00
   	   25.00    24.88     0.00    90.00
   	   25.00    24.88     0.00    90.00
   4 	  -27.00  -432.00     0.00     0.00     0.00     0.00
   4 	  -27.00  -432.00     0.00     0.00     0.00     0.00
   	   25.00    25.08     0.00    90.00
   	   25.00    25.08     0.00    90.00
   5 	  -27.00  -360.00     0.00     0.00     0.00     0.00
   5 	  -27.00  -360.00     0.00     0.00     0.00     0.00
   	   25.00    25.12     0.00    90.00
   	   25.00    25.12     0.00    90.00
   6 	  -27.00  -288.00     0.00     0.00     0.00     0.00
   6 	  -27.00  -288.00     0.00     0.00     0.00     0.00
   	   25.00    25.00     0.00    90.00
   	   25.00    25.00     0.00    90.00
   7 	  -27.00  -216.00     0.00     0.00     0.00     0.00
   7 	  -27.00  -216.00     0.00     0.00     0.00     0.00
   	   25.00    24.72     0.00    90.00
   	   25.00    24.72     0.00    90.00
   8 	  -27.00  -144.00     0.00     0.00     0.00     0.00
   8 	  -27.00  -144.00     0.00     0.00     0.00     0.00
   	   25.00    24.28     0.00    90.00
   	   25.00    24.28     0.00    90.00
   9 	  -27.00   -72.00     0.00     0.00     0.00     0.00
   9 	  -27.00   -72.00     0.00     0.00     0.00     0.00
   	   25.00    23.68     0.00    90.00
   	   25.00    23.68     0.00    90.00
  10 	  -27.00     0.00     0.00     0.00     0.00     0.00
  10 	  -27.00     0.00     0.00     0.00     0.00     0.00
   	   25.00    22.92     0.00    90.00
   	   25.00    22.92     0.00    90.00
  11 	  -27.00    72.00     0.00     0.00     0.00     0.00
  11 	  -27.00    72.00     0.00     0.00     0.00     0.00
   	   25.00    22.00     0.00    90.00
   	   25.00    22.00     0.00    90.00

** End writing output file: ../inputs/gr558.dat 
