*******************************************************************************
                         ARRAY PREPROCESSOR ver. 1.0
*******************************************************************************



   1	GROUP testgroup
   3	 GRID HEXAGONAL
   4	 ELEMENT
   5	 GEOMETRY CIRCULAR RADIUS 31
   7	 ADD HEXAGON -1 -1
   8	 ADD HEXAGON 0 4
   9	 ADD HEXAGON -4 -1
  10	 ADD BLOCK 5 -4 -1 -2
  12	 GROUP_EXCITATION
  13	 AMPLITUDE UNIFORM 23
  14	 PHASE UNIFORM -156
  15	 END

** Generating GROUP: testgroup.
** PSTEP,QSTEP set to:62.000000,62.000000
** Grid ANGLE set to:60.000000 
** Group ROT_ANGLE set to: 0.000000 

** Writing output file: ../inputs/gr56.dat

NEL 
NPORTS
IDUM      REXA     REYA     REZA     THEA     PHEA     PSEA 
          AMP      PSH      PSC      PHEPOL
  42
  42
   1
   1
   1 	 -124.00     0.00     0.00     0.00     0.00     0.00
   1 	 -124.00     0.00     0.00     0.00     0.00     0.00
   	   23.00  -156.00     0.00    90.00
   	   23.00  -156.00     0.00    90.00
   2 	  -62.00     0.00     0.00     0.00     0.00     0.00
   2 	  -62.00     0.00     0.00     0.00     0.00     0.00
   	   23.00  -156.00     0.00    90.00
   	   23.00  -156.00     0.00    90.00
   3 	  -31.00   -53.69     0.00     0.00     0.00     0.00
   3 	  -31.00   -53.69     0.00     0.00     0.00     0.00
   	   23.00  -156.00     0.00    90.00
   	   23.00  -156.00     0.00    90.00
   4 	  -62.00  -107.39     0.00     0.00     0.00     0.00
   4 	  -62.00  -107.39     0.00     0.00     0.00     0.00
   	   23.00  -156.00     0.00    90.00
   	   23.00  -156.00     0.00    90.00
   5 	 -124.00  -107.39     0.00     0.00     0.00     0.00
   5 	 -124.00  -107.39     0.00     0.00     0.00     0.00
   	   23.00  -156.00     0.00    90.00
   	   23.00  -156.00     0.00    90.00
   6 	 -155.00   -53.69     0.00     0.00     0.00     0.00
   6 	 -155.00   -53.69     0.00     0.00     0.00     0.00
   	   23.00  -156.00     0.00    90.00
   	   23.00  -156.00     0.00    90.00
   7 	  -93.00   -53.69     0.00     0.00     0.00     0.00
   7 	  -93.00   -53.69     0.00     0.00     0.00     0.00
   	   23.00  -156.00     0.00    90.00
   	   23.00  -156.00     0.00    90.00
   8 	   93.00   268.47     0.00     0.00     0.00     0.00
   8 	   93.00   268.47     0.00     0.00     0.00     0.00
   	   23.00  -156.00     0.00    90.00
   	   23.00  -156.00     0.00    90.00
   9 	  155.00   268.47     0.00     0.00     0.00     0.00
   9 	  155.00   268.47     0.00     0.00     0.00     0.00
   	   23.00  -156.00     0.00    90.00
   	   23.00  -156.00     0.00    90.00
  10 	  186.00   214.77     0.00     0.00     0.00     0.00
  10 	  186.00   214.77     0.00     0.00     0.00     0.00
   	   23.00  -156.00     0.00    90.00
   	   23.00  -156.00     0.00    90.00
  11 	  155.00   161.08     0.00     0.00     0.00     0.00
  11 	  155.00   161.08     0.00     0.00     0.00     0.00
   	   23.00  -156.00     0.00    90.00
   	   23.00  -156.00     0.00    90.00
  12 	   93.00   161.08     0.00     0.00     0.00     0.00
  12 	   93.00   161.08     0.00     0.00     0.00     0.00
   	   23.00  -156.00     0.00    90.00
   	   23.00  -156.00     0.00    90.00
  13 	   62.00   214.77     0.00     0.00     0.00     0.00
  13 	   62.00   214.77     0.00     0.00     0.00     0.00
   	   23.00  -156.00     0.00    90.00
   	   23.00  -156.00     0.00    90.00
  14 	  124.00   214.77     0.00     0.00     0.00     0.00
  14 	  124.00   214.77     0.00     0.00     0.00     0.00
   	   23.00  -156.00     0.00    90.00
   	   23.00  -156.00     0.00    90.00
  15 	 -310.00     0.00     0.00     0.00     0.00     0.00
  15 	 -310.00     0.00     0.00     0.00     0.00     0.00
   	   23.00  -156.00     0.00    90.00
   	   23.00  -156.00     0.00    90.00
  16 	 -248.00     0.00     0.00     0.00     0.00     0.00
  16 	 -248.00     0.00     0.00     0.00     0.00     0.00
   	   23.00  -156.00     0.00    90.00
   	   23.00  -156.00     0.00    90.00
  17 	 -217.00   -53.69     0.00     0.00     0.00     0.00
  17 	 -217.00   -53.69     0.00     0.00     0.00     0.00
   	   23.00  -156.00     0.00    90.00
   	   23.00  -156.00     0.00    90.00
  18 	 -248.00  -107.39     0.00     0.00     0.00     0.00
  18 	 -248.00  -107.39     0.00     0.00     0.00     0.00
   	   23.00  -156.00     0.00    90.00
   	   23.00  -156.00     0.00    90.00
  19 	 -310.00  -107.39     0.00     0.00     0.00     0.00
  19 	 -310.00  -107.39     0.00     0.00     0.00     0.00
   	   23.00  -156.00     0.00    90.00
   	   23.00  -156.00     0.00    90.00
  20 	 -341.00   -53.69     0.00     0.00     0.00     0.00
  20 	 -341.00   -53.69     0.00     0.00     0.00     0.00
   	   23.00  -156.00     0.00    90.00
   	   23.00  -156.00     0.00    90.00
  21 	 -279.00   -53.69     0.00     0.00     0.00     0.00
  21 	 -279.00   -53.69     0.00     0.00     0.00     0.00
   	   23.00  -156.00     0.00    90.00
   	   23.00  -156.00     0.00    90.00
  22 	 -186.00  -214.77     0.00     0.00     0.00     0.00
  22 	 -186.00  -214.77     0.00     0.00     0.00     0.00
   	   23.00  -156.00     0.00    90.00
   	   23.00  -156.00     0.00    90.00
  23 	 -124.00  -214.77     0.00     0.00     0.00     0.00
  23 	 -124.00  -214.77     0.00     0.00     0.00     0.00
   	   23.00  -156.00     0.00    90.00
   	   23.00  -156.00     0.00    90.00
  24 	  -62.00  -214.77     0.00     0.00     0.00     0.00
  24 	  -62.00  -214.77     0.00     0.00     0.00     0.00
   	   23.00  -156.00     0.00    90.00
   	   23.00  -156.00     0.00    90.00
  25 	    0.00  -214.77     0.00     0.00     0.00     0.00
  25 	    0.00  -214.77     0.00     0.00     0.00     0.00
   	   23.00  -156.00     0.00    90.00
   	   23.00  -156.00     0.00    90.00
  26 	   62.00  -214.77     0.00     0.00     0.00     0.00
  26 	   62.00  -214.77     0.00     0.00     0.00     0.00
   	   23.00  -156.00     0.00    90.00
   	   23.00  -156.00     0.00    90.00
  27 	  124.00  -214.77     0.00     0.00     0.00     0.00
  27 	  124.00  -214.77     0.00     0.00     0.00     0.00
   	   23.00  -156.00     0.00    90.00
   	   23.00  -156.00     0.00    90.00
  28 	  186.00  -214.77     0.00     0.00     0.00     0.00
  28 	  186.00  -214.77     0.00     0.00     0.00     0.00
   	   23.00  -156.00     0.00    90.00
   	   23.00  -156.00     0.00    90.00
  29 	 -155.00  -161.08     0.00     0.00     0.00     0.00
  29 	 -155.00  -161.08     0.00     0.00     0.00     0.00
   	   23.00  -156.00     0.00    90.00
   	   23.00  -156.00     0.00    90.00
  30 	  -93.00  -161.08     0.00     0.00     0.00     0.00
  30 	  -93.00  -161.08     0.00     0.00     0.00     0.00
   	   23.00  -156.00     0.00    90.00
   	   23.00  -156.00     0.00    90.00
  31 	  -31.00  -161.08     0.00     0.00     0.00     0.00
  31 	  -31.00  -161.08     0.00     0.00     0.00     0.00
   	   23.00  -156.00     0.00    90.00
   	   23.00  -156.00     0.00    90.00
  32 	   31.00  -161.08     0.00     0.00     0.00     0.00
  32 	   31.00  -161.08     0.00     0.00     0.00     0.00
   	   23.00  -156.00     0.00    90.00
   	   23.00  -156.00     0.00    90.00
  33 	   93.00  -161.08     0.00     0.00     0.00     0.00
  33 	   93.00  -161.08     0.00     0.00     0.00     0.00
   	   23.00  -156.00     0.00    90.00
   	   23.00  -156.00     0.00    90.00
  34 	  155.00  -161.08     0.00     0.00     0.00     0.00
  34 	  155.00  -161.08     0.00     0.00     0.00     0.00
   	   23.00  -156.00     0.00    90.00
   	   23.00  -156.00     0.00    90.00
  35 	  217.00  -161.08     0.00     0.00     0.00     0.00
  35 	  217.00  -161.08     0.00     0.00     0.00     0.00
   	   23.00  -156.00     0.00    90.00
   	   23.00  -156.00     0.00    90.00
  36 	 -124.00  -107.39     0.00     0.00     0.00     0.00
  36 	 -124.00  -107.39     0.00     0.00     0.00     0.00
   	   23.00  -156.00     0.00    90.00
   	   23.00  -156.00     0.00    90.00
  37 	  -62.00  -107.39     0.00     0.00     0.00     0.00
  37 	  -62.00  -107.39     0.00     0.00     0.00     0.00
   	   23.00  -156.00     0.00    90.00
   	   23.00  -156.00     0.00    90.00
  38 	    0.00  -107.39     0.00     0.00     0.00     0.00
  38 	    0.00  -107.39     0.00     0.00     0.00     0.00
   	   23.00  -156.00     0.00    90.00
   	   23.00  -156.00     0.00    90.00
  39 	   62.00  -107.39     0.00     0.00     0.00     0.00
  39 	   62.00  -107.39     0.00     0.00     0.00     0.00
   	   23.00  -156.00     0.00    90.00
   	   23.00  -156.00     0.00    90.00
  40 	  124.00  -107.39     0.00     0.00     0.00     0.00
  40 	  124.00  -107.39     0.00     0.00     0.00     0.00
   	   23.00  -156.00     0.00    90.00
   	   23.00  -156.00     0.00    90.00
  41 	  186.00  -107.39     0.00     0.00     0.00     0.00
  41 	  186.00  -107.39     0.00     0.00     0.00     0.00
   	   23.00  -156.00     0.00    90.00
   	   23.00  -156.00     0.00    90.00
  42 	  248.00  -107.39     0.00     0.00     0.00     0.00
  42 	  248.00  -107.39     0.00     0.00     0.00     0.00
   	   23.00  -156.00     0.00    90.00
   	   23.00  -156.00     0.00    90.00

** End writing output file: ../inputs/gr56.dat 
