*******************************************************************************
                         ARRAY PREPROCESSOR ver. 1.0
*******************************************************************************



   1	GROUP testgroup
   3	 GRID RECTANGULAR
   4	 ELEMENT
   5	 GEOMETRY CIRCULAR RADIUS 51 mm
   6	 POLARIZATION LINEAR
   7	 ADD BLOCK -3 1 7 7
   9	 GROUP_EXCITATION
  10	 AMPLITUDE UNIFORM 14
  11	 PHASE UNIFORM 80
  12	 END

** Generating GROUP: testgroup.
** PSTEP,QSTEP set to:102.000000,102.000000
** Grid ANGLE set to:90.000000 
** Group ROT_ANGLE set to: 0.000000 

** Writing output file: ../inputs/gr567.dat

NEL 
NPORTS
IDUM      REXA     REYA     REZA     THEA     PHEA     PSEA 
          AMP      PSH      PSC      PHEPOL
  77
  77
   1
   1
   1 	 -306.00   102.00     0.00     0.00     0.00     0.00
   1 	 -306.00   102.00     0.00     0.00     0.00     0.00
   	   14.00    80.00     0.00    90.00
   	   14.00    80.00     0.00    90.00
   2 	 -204.00   102.00     0.00     0.00     0.00     0.00
   2 	 -204.00   102.00     0.00     0.00     0.00     0.00
   	   14.00    80.00     0.00    90.00
   	   14.00    80.00     0.00    90.00
   3 	 -102.00   102.00     0.00     0.00     0.00     0.00
   3 	 -102.00   102.00     0.00     0.00     0.00     0.00
   	   14.00    80.00     0.00    90.00
   	   14.00    80.00     0.00    90.00
   4 	   -0.00   102.00     0.00     0.00     0.00     0.00
   4 	   -0.00   102.00     0.00     0.00     0.00     0.00
   	   14.00    80.00     0.00    90.00
   	   14.00    80.00     0.00    90.00
   5 	  102.00   102.00     0.00     0.00     0.00     0.00
   5 	  102.00   102.00     0.00     0.00     0.00     0.00
   	   14.00    80.00     0.00    90.00
   	   14.00    80.00     0.00    90.00
   6 	  204.00   102.00     0.00     0.00     0.00     0.00
   6 	  204.00   102.00     0.00     0.00     0.00     0.00
   	   14.00    80.00     0.00    90.00
   	   14.00    80.00     0.00    90.00
   7 	  306.00   102.00     0.00     0.00     0.00     0.00
   7 	  306.00   102.00     0.00     0.00     0.00     0.00
   	   14.00    80.00     0.00    90.00
   	   14.00    80.00     0.00    90.00
   8 	  408.00   102.00     0.00     0.00     0.00     0.00
   8 	  408.00   102.00     0.00     0.00     0.00     0.00
   	   14.00    80.00     0.00    90.00
   	   14.00    80.00     0.00    90.00
   9 	  510.00   102.00     0.00     0.00     0.00     0.00
   9 	  510.00   102.00     0.00     0.00     0.00     0.00
   	   14.00    80.00     0.00    90.00
   	   14.00    80.00     0.00    90.00
  10 	  612.00   102.00     0.00     0.00     0.00     0.00
  10 	  612.00   102.00     0.00     0.00     0.00     0.00
   	   14.00    80.00     0.00    90.00
   	   14.00    80.00     0.00    90.00
  11 	  714.00   102.00     0.00     0.00     0.00     0.00
  11 	  714.00   102.00     0.00     0.00     0.00     0.00
   	   14.00    80.00     0.00    90.00
   	   14.00    80.00     0.00    90.00
  12 	 -306.00   204.00     0.00     0.00     0.00     0.00
  12 	 -306.00   204.00     0.00     0.00     0.00     0.00
   	   14.00    80.00     0.00    90.00
   	   14.00    80.00     0.00    90.00
  13 	 -204.00   204.00     0.00     0.00     0.00     0.00
  13 	 -204.00   204.00     0.00     0.00     0.00     0.00
   	   14.00    80.00     0.00    90.00
   	   14.00    80.00     0.00    90.00
  14 	 -102.00   204.00     0.00     0.00     0.00     0.00
  14 	 -102.00   204.00     0.00     0.00     0.00     0.00
   	   14.00    80.00     0.00    90.00
   	   14.00    80.00     0.00    90.00
  15 	   -0.00   204.00     0.00     0.00     0.00     0.00
  15 	   -0.00   204.00     0.00     0.00     0.00     0.00
   	   14.00    80.00     0.00    90.00
   	   14.00    80.00     0.00    90.00
  16 	  102.00   204.00     0.00     0.00     0.00     0.00
  16 	  102.00   204.00     0.00     0.00     0.00     0.00
   	   14.00    80.00     0.00    90.00
   	   14.00    80.00     0.00    90.00
  17 	  204.00   204.00     0.00     0.00     0.00     0.00
  17 	  204.00   204.00     0.00     0.00     0.00     0.00
   	   14.00    80.00     0.00    90.00
   	   14.00    80.00     0.00    90.00
  18 	  306.00   204.00     0.00     0.00     0.00     0.00
  18 	  306.00   204.00     0.00     0.00     0.00     0.00
   	   14.00    80.00     0.00    90.00
   	   14.00    80.00     0.00    90.00
  19 	  408.00   204.00     0.00     0.00     0.00     0.00
  19 	  408.00   204.00     0.00     0.00     0.00     0.00
   	   14.00    80.00     0.00    90.00
   	   14.00    80.00     0.00    90.00
  20 	  510.00   204.00     0.00     0.00     0.00     0.00
  20 	  510.00   204.00     0.00     0.00     0.00     0.00
   	   14.00    80.00     0.00    90.00
   	   14.00    80.00     0.00    90.00
  21 	  612.00   204.00     0.00     0.00     0.00     0.00
  21 	  612.00   204.00     0.00     0.00     0.00     0.00
   	   14.00    80.00     0.00    90.00
   	   14.00    80.00     0.00    90.00
  22 	  714.00   204.00     0.00     0.00     0.00     0.00
  22 	  714.00   204.00     0.00     0.00     0.00     0.00
   	   14.00    80.00     0.00    90.00
   	   14.00    80.00     0.00    90.00
  23 	 -306.00   306.00     0.00     0.00     0.00     0.00
  23 	 -306.00   306.00     0.00     0.00     0.00     0.00
   	   14.00    80.00     0.00    90.00
   	   14.00    80.00     0.00    90.00
  24 	 -204.00   306.00     0.00     0.00     0.00     0.00
  24 	 -204.00   306.00     0.00     0.00     0.00     0.00
   	   14.00    80.00     0.00    90.00
   	   14.00    80.00     0.00    90.00
  25 	 -102.00   306.00     0.00     0.00     0.00     0.00
  25 	 -102.00   306.00     0.00     0.00     0.00     0.00
   	   14.00    80.00     0.00    90.00
   	   14.00    80.00     0.00    90.00
  26 	   -0.00   306.00     0.00     0.00     0.00     0.00
  26 	   -0.00   306.00     0.00     0.00     0.00     0.00
   	   14.00    80.00     0.00    90.00
   	   14.00    80.00     0.00    90.00
  27 	  102.00   306.00     0.00     0.00     0.00     0.00
  27 	  102.00   306.00     0.00     0.00     0.00     0.00
   	   14.00    80.00     0.00    90.00
   	   14.00    80.00     0.00    90.00
  28 	  204.00   306.00     0.00     0.00     0.00     0.00
  28 	  204.00   306.00     0.00     0.00     0.00     0.00
   	   14.00    80.00     0.00    90.00
   	   14.00    80.00     0.00    90.00
  29 	  306.00   306.00     0.00     0.00     0.00     0.00
  29 	  306.00   306.00     0.00     0.00     0.00     0.00
   	   14.00    80.00     0.00    90.00
   	   14.00    80.00     0.00    90.00
  30 	  408.00   306.00     0.00     0.00     0.00     0.00
  30 	  408.00   306.00     0.00     0.00     0.00     0.00
   	   14.00    80.00     0.00    90.00
   	   14.00    80.00     0.00    90.00
  31 	  510.00   306.00     0.00     0.00     0.00     0.00
  31 	  510.00   306.00     0.00     0.00     0.00     0.00
   	   14.00    80.00     0.00    90.00
   	   14.00    80.00     0.00    90.00
  32 	  612.00   306.00     0.00     0.00     0.00     0.00
  32 	  612.00   306.00     0.00     0.00     0.00     0.00
   	   14.00    80.00     0.00    90.00
   	   14.00    80.00     0.00    90.00
  33 	  714.00   306.00     0.00     0.00     0.00     0.00
  33 	  714.00   306.00     0.00     0.00     0.00     0.00
   	   14.00    80.00     0.00    90.00
   	   14.00    80.00     0.00    90.00
  34 	 -306.00   408.00     0.00     0.00     0.00     0.00
  34 	 -306.00   408.00     0.00     0.00     0.00     0.00
   	   14.00    80.00     0.00    90.00
   	   14.00    80.00     0.00    90.00
  35 	 -204.00   408.00     0.00     0.00     0.00     0.00
  35 	 -204.00   408.00     0.00     0.00     0.00     0.00
   	   14.00    80.00     0.00    90.00
   	   14.00    80.00     0.00    90.00
  36 	 -102.00   408.00     0.00     0.00     0.00     0.00
  36 	 -102.00   408.00     0.00     0.00     0.00     0.00
   	   14.00    80.00     0.00    90.00
   	   14.00    80.00     0.00    90.00
  37 	   -0.00   408.00     0.00     0.00     0.00     0.00
  37 	   -0.00   408.00     0.00     0.00     0.00     0.00
   	   14.00    80.00     0.00    90.00
   	   14.00    80.00     0.00    90.00
  38 	  102.00   408.00     0.00     0.00     0.00     0.00
  38 	  102.00   408.00     0.00     0.00     0.00     0.00
   	   14.00    80.00     0.00    90.00
   	   14.00    80.00     0.00    90.00
  39 	  204.00   408.00     0.00     0.00     0.00     0.00
  39 	  204.00   408.00     0.00     0.00     0.00     0.00
   	   14.00    80.00     0.00    90.00
   	   14.00    80.00     0.00    90.00
  40 	  306.00   408.00     0.00     0.00     0.00     0.00
  40 	  306.00   408.00     0.00     0.00     0.00     0.00
   	   14.00    80.00     0.00    90.00
   	   14.00    80.00     0.00    90.00
  41 	  408.00   408.00     0.00     0.00     0.00     0.00
  41 	  408.00   408.00     0.00     0.00     0.00     0.00
   	   14.00    80.00     0.00    90.00
   	   14.00    80.00     0.00    90.00
  42 	  510.00   408.00     0.00     0.00     0.00     0.00
  42 	  510.00   408.00     0.00     0.00     0.00     0.00
   	   14.00    80.00     0.00    90.00
   	   14.00    80.00     0.00    90.00
  43 	  612.00   408.00     0.00     0.00     0.00     0.00
  43 	  612.00   408.00     0.00     0.00     0.00     0.00
   	   14.00    80.00     0.00    90.00
   	   14.00    80.00     0.00    90.00
  44 	  714.00   408.00     0.00     0.00     0.00     0.00
  44 	  714.00   408.00     0.00     0.00     0.00     0.00
   	   14.00    80.00     0.00    90.00
   	   14.00    80.00     0.00    90.00
  45 	 -306.00   510.00     0.00     0.00     0.00     0.00
  45 	 -306.00   510.00     0.00     0.00     0.00     0.00
   	   14.00    80.00     0.00    90.00
   	   14.00    80.00     0.00    90.00
  46 	 -204.00   510.00     0.00     0.00     0.00     0.00
  46 	 -204.00   510.00     0.00     0.00     0.00     0.00
   	   14.00    80.00     0.00    90.00
   	   14.00    80.00     0.00    90.00
  47 	 -102.00   510.00     0.00     0.00     0.00     0.00
  47 	 -102.00   510.00     0.00     0.00     0.00     0.00
   	   14.00    80.00     0.00    90.00
   	   14.00    80.00     0.00    90.00
  48 	   -0.00   510.00     0.00     0.00     0.00     0.00
  48 	   -0.00   510.00     0.00     0.00     0.00     0.00
   	   14.00    80.00     0.00    90.00
   	   14.00    80.00     0.00    90.00
  49 	  102.00   510.00     0.00     0.00     0.00     0.00
  49 	  102.00   510.00     0.00     0.00     0.00     0.00
   	   14.00    80.00     0.00    90.00
   	   14.00    80.00     0.00    90.00
  50 	  204.00   510.00     0.00     0.00     0.00     0.00
  50 	  204.00   510.00     0.00     0.00     0.00     0.00
   	   14.00    80.00     0.00    90.00
   	   14.00    80.00     0.00    90.00
  51 	  306.00   510.00     0.00     0.00     0.00     0.00
  51 	  306.00   510.00     0.00     0.00     0.00     0.00
   	   14.00    80.00     0.00    90.00
   	   14.00    80.00     0.00    90.00
  52 	  408.00   510.00     0.00     0.00     0.00     0.00
  52 	  408.00   510.00     0.00     0.00     0.00     0.00
   	   14.00    80.00     0.00    90.00
   	   14.00    80.00     0.00    90.00
  53 	  510.00   510.00     0.00     0.00     0.00     0.00
  53 	  510.00   510.00     0.00     0.00     0.00     0.00
   	   14.00    80.00     0.00    90.00
   	   14.00    80.00     0.00    90.00
  54 	  612.00   510.00     0.00     0.00     0.00     0.00
  54 	  612.00   510.00     0.00     0.00     0.00     0.00
   	   14.00    80.00     0.00    90.00
   	   14.00    80.00     0.00    90.00
  55 	  714.00   510.00     0.00     0.00     0.00     0.00
  55 	  714.00   510.00     0.00     0.00     0.00     0.00
   	   14.00    80.00     0.00    90.00
   	   14.00    80.00     0.00    90.00
  56 	 -306.00   612.00     0.00     0.00     0.00     0.00
  56 	 -306.00   612.00     0.00     0.00     0.00     0.00
   	   14.00    80.00     0.00    90.00
   	   14.00    80.00     0.00    90.00
  57 	 -204.00   612.00     0.00     0.00     0.00     0.00
  57 	 -204.00   612.00     0.00     0.00     0.00     0.00
   	   14.00    80.00     0.00    90.00
   	   14.00    80.00     0.00    90.00
  58 	 -102.00   612.00     0.00     0.00     0.00     0.00
  58 	 -102.00   612.00     0.00     0.00     0.00     0.00
   	   14.00    80.00     0.00    90.00
   	   14.00    80.00     0.00    90.00
  59 	   -0.00   612.00     0.00     0.00     0.00     0.00
  59 	   -0.00   612.00     0.00     0.00     0.00     0.00
   	   14.00    80.00     0.00    90.00
   	   14.00    80.00     0.00    90.00
  60 	  102.00   612.00     0.00     0.00     0.00     0.00
  60 	  102.00   612.00     0.00     0.00     0.00     0.00
   	   14.00    80.00     0.00    90.00
   	   14.00    80.00     0.00    90.00
  61 	  204.00   612.00     0.00     0.00     0.00     0.00
  61 	  204.00   612.00     0.00     0.00     0.00     0.00
   	   14.00    80.00     0.00    90.00
   	   14.00    80.00     0.00    90.00
  62 	  306.00   612.00     0.00     0.00     0.00     0.00
  62 	  306.00   612.00     0.00     0.00     0.00     0.00
   	   14.00    80.00     0.00    90.00
   	   14.00    80.00     0.00    90.00
  63 	  408.00   612.00     0.00     0.00     0.00     0.00
  63 	  408.00   612.00     0.00     0.00     0.00     0.00
   	   14.00    80.00     0.00    90.00
   	   14.00    80.00     0.00    90.00
  64 	  510.00   612.00     0.00     0.00     0.00     0.00
  64 	  510.00   612.00     0.00     0.00     0.00     0.00
   	   14.00    80.00     0.00    90.00
   	   14.00    80.00     0.00    90.00
  65 	  612.00   612.00     0.00     0.00     0.00     0.00
  65 	  612.00   612.00     0.00     0.00     0.00     0.00
   	   14.00    80.00     0.00    90.00
   	   14.00    80.00     0.00    90.00
  66 	  714.00   612.00     0.00     0.00     0.00     0.00
  66 	  714.00   612.00     0.00     0.00     0.00     0.00
   	   14.00    80.00     0.00    90.00
   	   14.00    80.00     0.00    90.00
  67 	 -306.00   714.00     0.00     0.00     0.00     0.00
  67 	 -306.00   714.00     0.00     0.00     0.00     0.00
   	   14.00    80.00     0.00    90.00
   	   14.00    80.00     0.00    90.00
  68 	 -204.00   714.00     0.00     0.00     0.00     0.00
  68 	 -204.00   714.00     0.00     0.00     0.00     0.00
   	   14.00    80.00     0.00    90.00
   	   14.00    80.00     0.00    90.00
  69 	 -102.00   714.00     0.00     0.00     0.00     0.00
  69 	 -102.00   714.00     0.00     0.00     0.00     0.00
   	   14.00    80.00     0.00    90.00
   	   14.00    80.00     0.00    90.00
  70 	   -0.00   714.00     0.00     0.00     0.00     0.00
  70 	   -0.00   714.00     0.00     0.00     0.00     0.00
   	   14.00    80.00     0.00    90.00
   	   14.00    80.00     0.00    90.00
  71 	  102.00   714.00     0.00     0.00     0.00     0.00
  71 	  102.00   714.00     0.00     0.00     0.00     0.00
   	   14.00    80.00     0.00    90.00
   	   14.00    80.00     0.00    90.00
  72 	  204.00   714.00     0.00     0.00     0.00     0.00
  72 	  204.00   714.00     0.00     0.00     0.00     0.00
   	   14.00    80.00     0.00    90.00
   	   14.00    80.00     0.00    90.00
  73 	  306.00   714.00     0.00     0.00     0.00     0.00
  73 	  306.00   714.00     0.00     0.00     0.00     0.00
   	   14.00    80.00     0.00    90.00
   	   14.00    80.00     0.00    90.00
  74 	  408.00   714.00     0.00     0.00     0.00     0.00
  74 	  408.00   714.00     0.00     0.00     0.00     0.00
   	   14.00    80.00     0.00    90.00
   	   14.00    80.00     0.00    90.00
  75 	  510.00   714.00     0.00     0.00     0.00     0.00
  75 	  510.00   714.00     0.00     0.00     0.00     0.00
   	   14.00    80.00     0.00    90.00
   	   14.00    80.00     0.00    90.00
  76 	  612.00   714.00     0.00     0.00     0.00     0.00
  76 	  612.00   714.00     0.00     0.00     0.00     0.00
   	   14.00    80.00     0.00    90.00
   	   14.00    80.00     0.00    90.00
  77 	  714.00   714.00     0.00     0.00     0.00     0.00
  77 	  714.00   714.00     0.00     0.00     0.00     0.00
   	   14.00    80.00     0.00    90.00
   	   14.00    80.00     0.00    90.00

** End writing output file: ../inputs/gr567.dat 
