*******************************************************************************
                         ARRAY PREPROCESSOR ver. 1.0
*******************************************************************************



   1	GROUP testgroup
   3	 GRID RECTANGULAR
   4	 ELEMENT
   5	 GEOMETRY CIRCULAR 64
   7	 ADD BLOCK 0 6 4 -3
   9	 GROUP_EXCITATION
  10	 AMPLITUDE UNIFORM 30
  11	 PHASE UNIFORM 42
  12	 END

** Generating GROUP: testgroup.
** PSTEP,QSTEP set to:128.000000,128.000000
** Grid ANGLE set to:90.000000 
** Group ROT_ANGLE set to: 0.000000 

** Writing output file: ../inputs/gr569.dat

NEL 
NPORTS
IDUM      REXA     REYA     REZA     THEA     PHEA     PSEA 
          AMP      PSH      PSC      PHEPOL
  50
  50
   1
   1
   1 	    0.00  -384.00     0.00     0.00     0.00     0.00
   1 	    0.00  -384.00     0.00     0.00     0.00     0.00
   	   30.00    42.00     0.00    90.00
   	   30.00    42.00     0.00    90.00
   2 	  128.00  -384.00     0.00     0.00     0.00     0.00
   2 	  128.00  -384.00     0.00     0.00     0.00     0.00
   	   30.00    42.00     0.00    90.00
   	   30.00    42.00     0.00    90.00
   3 	  256.00  -384.00     0.00     0.00     0.00     0.00
   3 	  256.00  -384.00     0.00     0.00     0.00     0.00
   	   30.00    42.00     0.00    90.00
   	   30.00    42.00     0.00    90.00
   4 	  384.00  -384.00     0.00     0.00     0.00     0.00
   4 	  384.00  -384.00     0.00     0.00     0.00     0.00
   	   30.00    42.00     0.00    90.00
   	   30.00    42.00     0.00    90.00
   5 	  512.00  -384.00     0.00     0.00     0.00     0.00
   5 	  512.00  -384.00     0.00     0.00     0.00     0.00
   	   30.00    42.00     0.00    90.00
   	   30.00    42.00     0.00    90.00
   6 	    0.00  -256.00     0.00     0.00     0.00     0.00
   6 	    0.00  -256.00     0.00     0.00     0.00     0.00
   	   30.00    42.00     0.00    90.00
   	   30.00    42.00     0.00    90.00
   7 	  128.00  -256.00     0.00     0.00     0.00     0.00
   7 	  128.00  -256.00     0.00     0.00     0.00     0.00
   	   30.00    42.00     0.00    90.00
   	   30.00    42.00     0.00    90.00
   8 	  256.00  -256.00     0.00     0.00     0.00     0.00
   8 	  256.00  -256.00     0.00     0.00     0.00     0.00
   	   30.00    42.00     0.00    90.00
   	   30.00    42.00     0.00    90.00
   9 	  384.00  -256.00     0.00     0.00     0.00     0.00
   9 	  384.00  -256.00     0.00     0.00     0.00     0.00
   	   30.00    42.00     0.00    90.00
   	   30.00    42.00     0.00    90.00
  10 	  512.00  -256.00     0.00     0.00     0.00     0.00
  10 	  512.00  -256.00     0.00     0.00     0.00     0.00
   	   30.00    42.00     0.00    90.00
   	   30.00    42.00     0.00    90.00
  11 	    0.00  -128.00     0.00     0.00     0.00     0.00
  11 	    0.00  -128.00     0.00     0.00     0.00     0.00
   	   30.00    42.00     0.00    90.00
   	   30.00    42.00     0.00    90.00
  12 	  128.00  -128.00     0.00     0.00     0.00     0.00
  12 	  128.00  -128.00     0.00     0.00     0.00     0.00
   	   30.00    42.00     0.00    90.00
   	   30.00    42.00     0.00    90.00
  13 	  256.00  -128.00     0.00     0.00     0.00     0.00
  13 	  256.00  -128.00     0.00     0.00     0.00     0.00
   	   30.00    42.00     0.00    90.00
   	   30.00    42.00     0.00    90.00
  14 	  384.00  -128.00     0.00     0.00     0.00     0.00
  14 	  384.00  -128.00     0.00     0.00     0.00     0.00
   	   30.00    42.00     0.00    90.00
   	   30.00    42.00     0.00    90.00
  15 	  512.00  -128.00     0.00     0.00     0.00     0.00
  15 	  512.00  -128.00     0.00     0.00     0.00     0.00
   	   30.00    42.00     0.00    90.00
   	   30.00    42.00     0.00    90.00
  16 	    0.00     0.00     0.00     0.00     0.00     0.00
  16 	    0.00     0.00     0.00     0.00     0.00     0.00
   	   30.00    42.00     0.00    90.00
   	   30.00    42.00     0.00    90.00
  17 	  128.00     0.00     0.00     0.00     0.00     0.00
  17 	  128.00     0.00     0.00     0.00     0.00     0.00
   	   30.00    42.00     0.00    90.00
   	   30.00    42.00     0.00    90.00
  18 	  256.00     0.00     0.00     0.00     0.00     0.00
  18 	  256.00     0.00     0.00     0.00     0.00     0.00
   	   30.00    42.00     0.00    90.00
   	   30.00    42.00     0.00    90.00
  19 	  384.00     0.00     0.00     0.00     0.00     0.00
  19 	  384.00     0.00     0.00     0.00     0.00     0.00
   	   30.00    42.00     0.00    90.00
   	   30.00    42.00     0.00    90.00
  20 	  512.00     0.00     0.00     0.00     0.00     0.00
  20 	  512.00     0.00     0.00     0.00     0.00     0.00
   	   30.00    42.00     0.00    90.00
   	   30.00    42.00     0.00    90.00
  21 	   -0.00   128.00     0.00     0.00     0.00     0.00
  21 	   -0.00   128.00     0.00     0.00     0.00     0.00
   	   30.00    42.00     0.00    90.00
   	   30.00    42.00     0.00    90.00
  22 	  128.00   128.00     0.00     0.00     0.00     0.00
  22 	  128.00   128.00     0.00     0.00     0.00     0.00
   	   30.00    42.00     0.00    90.00
   	   30.00    42.00     0.00    90.00
  23 	  256.00   128.00     0.00     0.00     0.00     0.00
  23 	  256.00   128.00     0.00     0.00     0.00     0.00
   	   30.00    42.00     0.00    90.00
   	   30.00    42.00     0.00    90.00
  24 	  384.00   128.00     0.00     0.00     0.00     0.00
  24 	  384.00   128.00     0.00     0.00     0.00     0.00
   	   30.00    42.00     0.00    90.00
   	   30.00    42.00     0.00    90.00
  25 	  512.00   128.00     0.00     0.00     0.00     0.00
  25 	  512.00   128.00     0.00     0.00     0.00     0.00
   	   30.00    42.00     0.00    90.00
   	   30.00    42.00     0.00    90.00
  26 	   -0.00   256.00     0.00     0.00     0.00     0.00
  26 	   -0.00   256.00     0.00     0.00     0.00     0.00
   	   30.00    42.00     0.00    90.00
   	   30.00    42.00     0.00    90.00
  27 	  128.00   256.00     0.00     0.00     0.00     0.00
  27 	  128.00   256.00     0.00     0.00     0.00     0.00
   	   30.00    42.00     0.00    90.00
   	   30.00    42.00     0.00    90.00
  28 	  256.00   256.00     0.00     0.00     0.00     0.00
  28 	  256.00   256.00     0.00     0.00     0.00     0.00
   	   30.00    42.00     0.00    90.00
   	   30.00    42.00     0.00    90.00
  29 	  384.00   256.00     0.00     0.00     0.00     0.00
  29 	  384.00   256.00     0.00     0.00     0.00     0.00
   	   30.00    42.00     0.00    90.00
   	   30.00    42.00     0.00    90.00
  30 	  512.00   256.00     0.00     0.00     0.00     0.00
  30 	  512.00   256.00     0.00     0.00     0.00     0.00
   	   30.00    42.00     0.00    90.00
   	   30.00    42.00     0.00    90.00
  31 	   -0.00   384.00     0.00     0.00     0.00     0.00
  31 	   -0.00   384.00     0.00     0.00     0.00     0.00
   	   30.00    42.00     0.00    90.00
   	   30.00    42.00     0.00    90.00
  32 	  128.00   384.00     0.00     0.00     0.00     0.00
  32 	  128.00   384.00     0.00     0.00     0.00     0.00
   	   30.00    42.00     0.00    90.00
   	   30.00    42.00     0.00    90.00
  33 	  256.00   384.00     0.00     0.00     0.00     0.00
  33 	  256.00   384.00     0.00     0.00     0.00     0.00
   	   30.00    42.00     0.00    90.00
   	   30.00    42.00     0.00    90.00
  34 	  384.00   384.00     0.00     0.00     0.00     0.00
  34 	  384.00   384.00     0.00     0.00     0.00     0.00
   	   30.00    42.00     0.00    90.00
   	   30.00    42.00     0.00    90.00
  35 	  512.00   384.00     0.00     0.00     0.00     0.00
  35 	  512.00   384.00     0.00     0.00     0.00     0.00
   	   30.00    42.00     0.00    90.00
   	   30.00    42.00     0.00    90.00
  36 	   -0.00   512.00     0.00     0.00     0.00     0.00
  36 	   -0.00   512.00     0.00     0.00     0.00     0.00
   	   30.00    42.00     0.00    90.00
   	   30.00    42.00     0.00    90.00
  37 	  128.00   512.00     0.00     0.00     0.00     0.00
  37 	  128.00   512.00     0.00     0.00     0.00     0.00
   	   30.00    42.00     0.00    90.00
   	   30.00    42.00     0.00    90.00
  38 	  256.00   512.00     0.00     0.00     0.00     0.00
  38 	  256.00   512.00     0.00     0.00     0.00     0.00
   	   30.00    42.00     0.00    90.00
   	   30.00    42.00     0.00    90.00
  39 	  384.00   512.00     0.00     0.00     0.00     0.00
  39 	  384.00   512.00     0.00     0.00     0.00     0.00
   	   30.00    42.00     0.00    90.00
   	   30.00    42.00     0.00    90.00
  40 	  512.00   512.00     0.00     0.00     0.00     0.00
  40 	  512.00   512.00     0.00     0.00     0.00     0.00
   	   30.00    42.00     0.00    90.00
   	   30.00    42.00     0.00    90.00
  41 	   -0.00   640.00     0.00     0.00     0.00     0.00
  41 	   -0.00   640.00     0.00     0.00     0.00     0.00
   	   30.00    42.00     0.00    90.00
   	   30.00    42.00     0.00    90.00
  42 	  128.00   640.00     0.00     0.00     0.00     0.00
  42 	  128.00   640.00     0.00     0.00     0.00     0.00
   	   30.00    42.00     0.00    90.00
   	   30.00    42.00     0.00    90.00
  43 	  256.00   640.00     0.00     0.00     0.00     0.00
  43 	  256.00   640.00     0.00     0.00     0.00     0.00
   	   30.00    42.00     0.00    90.00
   	   30.00    42.00     0.00    90.00
  44 	  384.00   640.00     0.00     0.00     0.00     0.00
  44 	  384.00   640.00     0.00     0.00     0.00     0.00
   	   30.00    42.00     0.00    90.00
   	   30.00    42.00     0.00    90.00
  45 	  512.00   640.00     0.00     0.00     0.00     0.00
  45 	  512.00   640.00     0.00     0.00     0.00     0.00
   	   30.00    42.00     0.00    90.00
   	   30.00    42.00     0.00    90.00
  46 	   -0.00   768.00     0.00     0.00     0.00     0.00
  46 	   -0.00   768.00     0.00     0.00     0.00     0.00
   	   30.00    42.00     0.00    90.00
   	   30.00    42.00     0.00    90.00
  47 	  128.00   768.00     0.00     0.00     0.00     0.00
  47 	  128.00   768.00     0.00     0.00     0.00     0.00
   	   30.00    42.00     0.00    90.00
   	   30.00    42.00     0.00    90.00
  48 	  256.00   768.00     0.00     0.00     0.00     0.00
  48 	  256.00   768.00     0.00     0.00     0.00     0.00
   	   30.00    42.00     0.00    90.00
   	   30.00    42.00     0.00    90.00
  49 	  384.00   768.00     0.00     0.00     0.00     0.00
  49 	  384.00   768.00     0.00     0.00     0.00     0.00
   	   30.00    42.00     0.00    90.00
   	   30.00    42.00     0.00    90.00
  50 	  512.00   768.00     0.00     0.00     0.00     0.00
  50 	  512.00   768.00     0.00     0.00     0.00     0.00
   	   30.00    42.00     0.00    90.00
   	   30.00    42.00     0.00    90.00

** End writing output file: ../inputs/gr569.dat 
