*******************************************************************************
                         ARRAY PREPROCESSOR ver. 1.0
*******************************************************************************



   1	GROUP testgroup
   3	 GRID HEXAGONAL
   4	 ELEMENT
   5	 GEOMETRY CIRCULAR RADIUS 64
   7	 ADD BLOCK 12 0 -14 -2
   8	 ADD BLOCK -9 5 -4 7
   9	 ADD BLOCK 8 3 0 -6
  11	 GROUP_EXCITATION
  12	 AMPLITUDE UNIFORM 27
  13	 PHASE UNIFORM 58
  14	 END

** Generating GROUP: testgroup.
** PSTEP,QSTEP set to:128.000000,128.000000
** Grid ANGLE set to:60.000000 
** Group ROT_ANGLE set to: 0.000000 

** Writing output file: ../inputs/gr570.dat

NEL 
NPORTS
IDUM      REXA     REYA     REZA     THEA     PHEA     PSEA 
          AMP      PSH      PSC      PHEPOL
 189
 189
   1
   1
   1 	-1920.00  -221.70     0.00     0.00     0.00     0.00
   1 	-1920.00  -221.70     0.00     0.00     0.00     0.00
   	   27.00    58.00     0.00    90.00
   	   27.00    58.00     0.00    90.00
   2 	-1792.00  -221.70     0.00     0.00     0.00     0.00
   2 	-1792.00  -221.70     0.00     0.00     0.00     0.00
   	   27.00    58.00     0.00    90.00
   	   27.00    58.00     0.00    90.00
   3 	-1664.00  -221.70     0.00     0.00     0.00     0.00
   3 	-1664.00  -221.70     0.00     0.00     0.00     0.00
   	   27.00    58.00     0.00    90.00
   	   27.00    58.00     0.00    90.00
   4 	-1536.00  -221.70     0.00     0.00     0.00     0.00
   4 	-1536.00  -221.70     0.00     0.00     0.00     0.00
   	   27.00    58.00     0.00    90.00
   	   27.00    58.00     0.00    90.00
   5 	-1408.00  -221.70     0.00     0.00     0.00     0.00
   5 	-1408.00  -221.70     0.00     0.00     0.00     0.00
   	   27.00    58.00     0.00    90.00
   	   27.00    58.00     0.00    90.00
   6 	-1280.00  -221.70     0.00     0.00     0.00     0.00
   6 	-1280.00  -221.70     0.00     0.00     0.00     0.00
   	   27.00    58.00     0.00    90.00
   	   27.00    58.00     0.00    90.00
   7 	-1152.00  -221.70     0.00     0.00     0.00     0.00
   7 	-1152.00  -221.70     0.00     0.00     0.00     0.00
   	   27.00    58.00     0.00    90.00
   	   27.00    58.00     0.00    90.00
   8 	-1024.00  -221.70     0.00     0.00     0.00     0.00
   8 	-1024.00  -221.70     0.00     0.00     0.00     0.00
   	   27.00    58.00     0.00    90.00
   	   27.00    58.00     0.00    90.00
   9 	 -896.00  -221.70     0.00     0.00     0.00     0.00
   9 	 -896.00  -221.70     0.00     0.00     0.00     0.00
   	   27.00    58.00     0.00    90.00
   	   27.00    58.00     0.00    90.00
  10 	 -768.00  -221.70     0.00     0.00     0.00     0.00
  10 	 -768.00  -221.70     0.00     0.00     0.00     0.00
   	   27.00    58.00     0.00    90.00
   	   27.00    58.00     0.00    90.00
  11 	 -640.00  -221.70     0.00     0.00     0.00     0.00
  11 	 -640.00  -221.70     0.00     0.00     0.00     0.00
   	   27.00    58.00     0.00    90.00
   	   27.00    58.00     0.00    90.00
  12 	 -512.00  -221.70     0.00     0.00     0.00     0.00
  12 	 -512.00  -221.70     0.00     0.00     0.00     0.00
   	   27.00    58.00     0.00    90.00
   	   27.00    58.00     0.00    90.00
  13 	 -384.00  -221.70     0.00     0.00     0.00     0.00
  13 	 -384.00  -221.70     0.00     0.00     0.00     0.00
   	   27.00    58.00     0.00    90.00
   	   27.00    58.00     0.00    90.00
  14 	 -256.00  -221.70     0.00     0.00     0.00     0.00
  14 	 -256.00  -221.70     0.00     0.00     0.00     0.00
   	   27.00    58.00     0.00    90.00
   	   27.00    58.00     0.00    90.00
  15 	 -128.00  -221.70     0.00     0.00     0.00     0.00
  15 	 -128.00  -221.70     0.00     0.00     0.00     0.00
   	   27.00    58.00     0.00    90.00
   	   27.00    58.00     0.00    90.00
  16 	    0.00  -221.70     0.00     0.00     0.00     0.00
  16 	    0.00  -221.70     0.00     0.00     0.00     0.00
   	   27.00    58.00     0.00    90.00
   	   27.00    58.00     0.00    90.00
  17 	  128.00  -221.70     0.00     0.00     0.00     0.00
  17 	  128.00  -221.70     0.00     0.00     0.00     0.00
   	   27.00    58.00     0.00    90.00
   	   27.00    58.00     0.00    90.00
  18 	  256.00  -221.70     0.00     0.00     0.00     0.00
  18 	  256.00  -221.70     0.00     0.00     0.00     0.00
   	   27.00    58.00     0.00    90.00
   	   27.00    58.00     0.00    90.00
  19 	  384.00  -221.70     0.00     0.00     0.00     0.00
  19 	  384.00  -221.70     0.00     0.00     0.00     0.00
   	   27.00    58.00     0.00    90.00
   	   27.00    58.00     0.00    90.00
  20 	  512.00  -221.70     0.00     0.00     0.00     0.00
  20 	  512.00  -221.70     0.00     0.00     0.00     0.00
   	   27.00    58.00     0.00    90.00
   	   27.00    58.00     0.00    90.00
  21 	  640.00  -221.70     0.00     0.00     0.00     0.00
  21 	  640.00  -221.70     0.00     0.00     0.00     0.00
   	   27.00    58.00     0.00    90.00
   	   27.00    58.00     0.00    90.00
  22 	  768.00  -221.70     0.00     0.00     0.00     0.00
  22 	  768.00  -221.70     0.00     0.00     0.00     0.00
   	   27.00    58.00     0.00    90.00
   	   27.00    58.00     0.00    90.00
  23 	  896.00  -221.70     0.00     0.00     0.00     0.00
  23 	  896.00  -221.70     0.00     0.00     0.00     0.00
   	   27.00    58.00     0.00    90.00
   	   27.00    58.00     0.00    90.00
  24 	 1024.00  -221.70     0.00     0.00     0.00     0.00
  24 	 1024.00  -221.70     0.00     0.00     0.00     0.00
   	   27.00    58.00     0.00    90.00
   	   27.00    58.00     0.00    90.00
  25 	 1152.00  -221.70     0.00     0.00     0.00     0.00
  25 	 1152.00  -221.70     0.00     0.00     0.00     0.00
   	   27.00    58.00     0.00    90.00
   	   27.00    58.00     0.00    90.00
  26 	 1280.00  -221.70     0.00     0.00     0.00     0.00
  26 	 1280.00  -221.70     0.00     0.00     0.00     0.00
   	   27.00    58.00     0.00    90.00
   	   27.00    58.00     0.00    90.00
  27 	 1408.00  -221.70     0.00     0.00     0.00     0.00
  27 	 1408.00  -221.70     0.00     0.00     0.00     0.00
   	   27.00    58.00     0.00    90.00
   	   27.00    58.00     0.00    90.00
  28 	-1856.00  -110.85     0.00     0.00     0.00     0.00
  28 	-1856.00  -110.85     0.00     0.00     0.00     0.00
   	   27.00    58.00     0.00    90.00
   	   27.00    58.00     0.00    90.00
  29 	-1728.00  -110.85     0.00     0.00     0.00     0.00
  29 	-1728.00  -110.85     0.00     0.00     0.00     0.00
   	   27.00    58.00     0.00    90.00
   	   27.00    58.00     0.00    90.00
  30 	-1600.00  -110.85     0.00     0.00     0.00     0.00
  30 	-1600.00  -110.85     0.00     0.00     0.00     0.00
   	   27.00    58.00     0.00    90.00
   	   27.00    58.00     0.00    90.00
  31 	-1472.00  -110.85     0.00     0.00     0.00     0.00
  31 	-1472.00  -110.85     0.00     0.00     0.00     0.00
   	   27.00    58.00     0.00    90.00
   	   27.00    58.00     0.00    90.00
  32 	-1344.00  -110.85     0.00     0.00     0.00     0.00
  32 	-1344.00  -110.85     0.00     0.00     0.00     0.00
   	   27.00    58.00     0.00    90.00
   	   27.00    58.00     0.00    90.00
  33 	-1216.00  -110.85     0.00     0.00     0.00     0.00
  33 	-1216.00  -110.85     0.00     0.00     0.00     0.00
   	   27.00    58.00     0.00    90.00
   	   27.00    58.00     0.00    90.00
  34 	-1088.00  -110.85     0.00     0.00     0.00     0.00
  34 	-1088.00  -110.85     0.00     0.00     0.00     0.00
   	   27.00    58.00     0.00    90.00
   	   27.00    58.00     0.00    90.00
  35 	 -960.00  -110.85     0.00     0.00     0.00     0.00
  35 	 -960.00  -110.85     0.00     0.00     0.00     0.00
   	   27.00    58.00     0.00    90.00
   	   27.00    58.00     0.00    90.00
  36 	 -832.00  -110.85     0.00     0.00     0.00     0.00
  36 	 -832.00  -110.85     0.00     0.00     0.00     0.00
   	   27.00    58.00     0.00    90.00
   	   27.00    58.00     0.00    90.00
  37 	 -704.00  -110.85     0.00     0.00     0.00     0.00
  37 	 -704.00  -110.85     0.00     0.00     0.00     0.00
   	   27.00    58.00     0.00    90.00
   	   27.00    58.00     0.00    90.00
  38 	 -576.00  -110.85     0.00     0.00     0.00     0.00
  38 	 -576.00  -110.85     0.00     0.00     0.00     0.00
   	   27.00    58.00     0.00    90.00
   	   27.00    58.00     0.00    90.00
  39 	 -448.00  -110.85     0.00     0.00     0.00     0.00
  39 	 -448.00  -110.85     0.00     0.00     0.00     0.00
   	   27.00    58.00     0.00    90.00
   	   27.00    58.00     0.00    90.00
  40 	 -320.00  -110.85     0.00     0.00     0.00     0.00
  40 	 -320.00  -110.85     0.00     0.00     0.00     0.00
   	   27.00    58.00     0.00    90.00
   	   27.00    58.00     0.00    90.00
  41 	 -192.00  -110.85     0.00     0.00     0.00     0.00
  41 	 -192.00  -110.85     0.00     0.00     0.00     0.00
   	   27.00    58.00     0.00    90.00
   	   27.00    58.00     0.00    90.00
  42 	  -64.00  -110.85     0.00     0.00     0.00     0.00
  42 	  -64.00  -110.85     0.00     0.00     0.00     0.00
   	   27.00    58.00     0.00    90.00
   	   27.00    58.00     0.00    90.00
  43 	   64.00  -110.85     0.00     0.00     0.00     0.00
  43 	   64.00  -110.85     0.00     0.00     0.00     0.00
   	   27.00    58.00     0.00    90.00
   	   27.00    58.00     0.00    90.00
  44 	  192.00  -110.85     0.00     0.00     0.00     0.00
  44 	  192.00  -110.85     0.00     0.00     0.00     0.00
   	   27.00    58.00     0.00    90.00
   	   27.00    58.00     0.00    90.00
  45 	  320.00  -110.85     0.00     0.00     0.00     0.00
  45 	  320.00  -110.85     0.00     0.00     0.00     0.00
   	   27.00    58.00     0.00    90.00
   	   27.00    58.00     0.00    90.00
  46 	  448.00  -110.85     0.00     0.00     0.00     0.00
  46 	  448.00  -110.85     0.00     0.00     0.00     0.00
   	   27.00    58.00     0.00    90.00
   	   27.00    58.00     0.00    90.00
  47 	  576.00  -110.85     0.00     0.00     0.00     0.00
  47 	  576.00  -110.85     0.00     0.00     0.00     0.00
   	   27.00    58.00     0.00    90.00
   	   27.00    58.00     0.00    90.00
  48 	  704.00  -110.85     0.00     0.00     0.00     0.00
  48 	  704.00  -110.85     0.00     0.00     0.00     0.00
   	   27.00    58.00     0.00    90.00
   	   27.00    58.00     0.00    90.00
  49 	  832.00  -110.85     0.00     0.00     0.00     0.00
  49 	  832.00  -110.85     0.00     0.00     0.00     0.00
   	   27.00    58.00     0.00    90.00
   	   27.00    58.00     0.00    90.00
  50 	  960.00  -110.85     0.00     0.00     0.00     0.00
  50 	  960.00  -110.85     0.00     0.00     0.00     0.00
   	   27.00    58.00     0.00    90.00
   	   27.00    58.00     0.00    90.00
  51 	 1088.00  -110.85     0.00     0.00     0.00     0.00
  51 	 1088.00  -110.85     0.00     0.00     0.00     0.00
   	   27.00    58.00     0.00    90.00
   	   27.00    58.00     0.00    90.00
  52 	 1216.00  -110.85     0.00     0.00     0.00     0.00
  52 	 1216.00  -110.85     0.00     0.00     0.00     0.00
   	   27.00    58.00     0.00    90.00
   	   27.00    58.00     0.00    90.00
  53 	 1344.00  -110.85     0.00     0.00     0.00     0.00
  53 	 1344.00  -110.85     0.00     0.00     0.00     0.00
   	   27.00    58.00     0.00    90.00
   	   27.00    58.00     0.00    90.00
  54 	 1472.00  -110.85     0.00     0.00     0.00     0.00
  54 	 1472.00  -110.85     0.00     0.00     0.00     0.00
   	   27.00    58.00     0.00    90.00
   	   27.00    58.00     0.00    90.00
  55 	-1792.00     0.00     0.00     0.00     0.00     0.00
  55 	-1792.00     0.00     0.00     0.00     0.00     0.00
   	   27.00    58.00     0.00    90.00
   	   27.00    58.00     0.00    90.00
  56 	-1664.00     0.00     0.00     0.00     0.00     0.00
  56 	-1664.00     0.00     0.00     0.00     0.00     0.00
   	   27.00    58.00     0.00    90.00
   	   27.00    58.00     0.00    90.00
  57 	-1536.00     0.00     0.00     0.00     0.00     0.00
  57 	-1536.00     0.00     0.00     0.00     0.00     0.00
   	   27.00    58.00     0.00    90.00
   	   27.00    58.00     0.00    90.00
  58 	-1408.00     0.00     0.00     0.00     0.00     0.00
  58 	-1408.00     0.00     0.00     0.00     0.00     0.00
   	   27.00    58.00     0.00    90.00
   	   27.00    58.00     0.00    90.00
  59 	-1280.00     0.00     0.00     0.00     0.00     0.00
  59 	-1280.00     0.00     0.00     0.00     0.00     0.00
   	   27.00    58.00     0.00    90.00
   	   27.00    58.00     0.00    90.00
  60 	-1152.00     0.00     0.00     0.00     0.00     0.00
  60 	-1152.00     0.00     0.00     0.00     0.00     0.00
   	   27.00    58.00     0.00    90.00
   	   27.00    58.00     0.00    90.00
  61 	-1024.00     0.00     0.00     0.00     0.00     0.00
  61 	-1024.00     0.00     0.00     0.00     0.00     0.00
   	   27.00    58.00     0.00    90.00
   	   27.00    58.00     0.00    90.00
  62 	 -896.00     0.00     0.00     0.00     0.00     0.00
  62 	 -896.00     0.00     0.00     0.00     0.00     0.00
   	   27.00    58.00     0.00    90.00
   	   27.00    58.00     0.00    90.00
  63 	 -768.00     0.00     0.00     0.00     0.00     0.00
  63 	 -768.00     0.00     0.00     0.00     0.00     0.00
   	   27.00    58.00     0.00    90.00
   	   27.00    58.00     0.00    90.00
  64 	 -640.00     0.00     0.00     0.00     0.00     0.00
  64 	 -640.00     0.00     0.00     0.00     0.00     0.00
   	   27.00    58.00     0.00    90.00
   	   27.00    58.00     0.00    90.00
  65 	 -512.00     0.00     0.00     0.00     0.00     0.00
  65 	 -512.00     0.00     0.00     0.00     0.00     0.00
   	   27.00    58.00     0.00    90.00
   	   27.00    58.00     0.00    90.00
  66 	 -384.00     0.00     0.00     0.00     0.00     0.00
  66 	 -384.00     0.00     0.00     0.00     0.00     0.00
   	   27.00    58.00     0.00    90.00
   	   27.00    58.00     0.00    90.00
  67 	 -256.00     0.00     0.00     0.00     0.00     0.00
  67 	 -256.00     0.00     0.00     0.00     0.00     0.00
   	   27.00    58.00     0.00    90.00
   	   27.00    58.00     0.00    90.00
  68 	 -128.00     0.00     0.00     0.00     0.00     0.00
  68 	 -128.00     0.00     0.00     0.00     0.00     0.00
   	   27.00    58.00     0.00    90.00
   	   27.00    58.00     0.00    90.00
  69 	    0.00     0.00     0.00     0.00     0.00     0.00
  69 	    0.00     0.00     0.00     0.00     0.00     0.00
   	   27.00    58.00     0.00    90.00
   	   27.00    58.00     0.00    90.00
  70 	  128.00     0.00     0.00     0.00     0.00     0.00
  70 	  128.00     0.00     0.00     0.00     0.00     0.00
   	   27.00    58.00     0.00    90.00
   	   27.00    58.00     0.00    90.00
  71 	  256.00     0.00     0.00     0.00     0.00     0.00
  71 	  256.00     0.00     0.00     0.00     0.00     0.00
   	   27.00    58.00     0.00    90.00
   	   27.00    58.00     0.00    90.00
  72 	  384.00     0.00     0.00     0.00     0.00     0.00
  72 	  384.00     0.00     0.00     0.00     0.00     0.00
   	   27.00    58.00     0.00    90.00
   	   27.00    58.00     0.00    90.00
  73 	  512.00     0.00     0.00     0.00     0.00     0.00
  73 	  512.00     0.00     0.00     0.00     0.00     0.00
   	   27.00    58.00     0.00    90.00
   	   27.00    58.00     0.00    90.00
  74 	  640.00     0.00     0.00     0.00     0.00     0.00
  74 	  640.00     0.00     0.00     0.00     0.00     0.00
   	   27.00    58.00     0.00    90.00
   	   27.00    58.00     0.00    90.00
  75 	  768.00     0.00     0.00     0.00     0.00     0.00
  75 	  768.00     0.00     0.00     0.00     0.00     0.00
   	   27.00    58.00     0.00    90.00
   	   27.00    58.00     0.00    90.00
  76 	  896.00     0.00     0.00     0.00     0.00     0.00
  76 	  896.00     0.00     0.00     0.00     0.00     0.00
   	   27.00    58.00     0.00    90.00
   	   27.00    58.00     0.00    90.00
  77 	 1024.00     0.00     0.00     0.00     0.00     0.00
  77 	 1024.00     0.00     0.00     0.00     0.00     0.00
   	   27.00    58.00     0.00    90.00
   	   27.00    58.00     0.00    90.00
  78 	 1152.00     0.00     0.00     0.00     0.00     0.00
  78 	 1152.00     0.00     0.00     0.00     0.00     0.00
   	   27.00    58.00     0.00    90.00
   	   27.00    58.00     0.00    90.00
  79 	 1280.00     0.00     0.00     0.00     0.00     0.00
  79 	 1280.00     0.00     0.00     0.00     0.00     0.00
   	   27.00    58.00     0.00    90.00
   	   27.00    58.00     0.00    90.00
  80 	 1408.00     0.00     0.00     0.00     0.00     0.00
  80 	 1408.00     0.00     0.00     0.00     0.00     0.00
   	   27.00    58.00     0.00    90.00
   	   27.00    58.00     0.00    90.00
  81 	 1536.00     0.00     0.00     0.00     0.00     0.00
  81 	 1536.00     0.00     0.00     0.00     0.00     0.00
   	   27.00    58.00     0.00    90.00
   	   27.00    58.00     0.00    90.00
  82 	 -832.00   554.26     0.00     0.00     0.00     0.00
  82 	 -832.00   554.26     0.00     0.00     0.00     0.00
   	   27.00    58.00     0.00    90.00
   	   27.00    58.00     0.00    90.00
  83 	 -704.00   554.26     0.00     0.00     0.00     0.00
  83 	 -704.00   554.26     0.00     0.00     0.00     0.00
   	   27.00    58.00     0.00    90.00
   	   27.00    58.00     0.00    90.00
  84 	 -576.00   554.26     0.00     0.00     0.00     0.00
  84 	 -576.00   554.26     0.00     0.00     0.00     0.00
   	   27.00    58.00     0.00    90.00
   	   27.00    58.00     0.00    90.00
  85 	 -448.00   554.26     0.00     0.00     0.00     0.00
  85 	 -448.00   554.26     0.00     0.00     0.00     0.00
   	   27.00    58.00     0.00    90.00
   	   27.00    58.00     0.00    90.00
  86 	 -320.00   554.26     0.00     0.00     0.00     0.00
  86 	 -320.00   554.26     0.00     0.00     0.00     0.00
   	   27.00    58.00     0.00    90.00
   	   27.00    58.00     0.00    90.00
  87 	 -192.00   554.26     0.00     0.00     0.00     0.00
  87 	 -192.00   554.26     0.00     0.00     0.00     0.00
   	   27.00    58.00     0.00    90.00
   	   27.00    58.00     0.00    90.00
  88 	 -768.00   665.11     0.00     0.00     0.00     0.00
  88 	 -768.00   665.11     0.00     0.00     0.00     0.00
   	   27.00    58.00     0.00    90.00
   	   27.00    58.00     0.00    90.00
  89 	 -640.00   665.11     0.00     0.00     0.00     0.00
  89 	 -640.00   665.11     0.00     0.00     0.00     0.00
   	   27.00    58.00     0.00    90.00
   	   27.00    58.00     0.00    90.00
  90 	 -512.00   665.11     0.00     0.00     0.00     0.00
  90 	 -512.00   665.11     0.00     0.00     0.00     0.00
   	   27.00    58.00     0.00    90.00
   	   27.00    58.00     0.00    90.00
  91 	 -384.00   665.11     0.00     0.00     0.00     0.00
  91 	 -384.00   665.11     0.00     0.00     0.00     0.00
   	   27.00    58.00     0.00    90.00
   	   27.00    58.00     0.00    90.00
  92 	 -256.00   665.11     0.00     0.00     0.00     0.00
  92 	 -256.00   665.11     0.00     0.00     0.00     0.00
   	   27.00    58.00     0.00    90.00
   	   27.00    58.00     0.00    90.00
  93 	 -128.00   665.11     0.00     0.00     0.00     0.00
  93 	 -128.00   665.11     0.00     0.00     0.00     0.00
   	   27.00    58.00     0.00    90.00
   	   27.00    58.00     0.00    90.00
  94 	 -704.00   775.96     0.00     0.00     0.00     0.00
  94 	 -704.00   775.96     0.00     0.00     0.00     0.00
   	   27.00    58.00     0.00    90.00
   	   27.00    58.00     0.00    90.00
  95 	 -576.00   775.96     0.00     0.00     0.00     0.00
  95 	 -576.00   775.96     0.00     0.00     0.00     0.00
   	   27.00    58.00     0.00    90.00
   	   27.00    58.00     0.00    90.00
  96 	 -448.00   775.96     0.00     0.00     0.00     0.00
  96 	 -448.00   775.96     0.00     0.00     0.00     0.00
   	   27.00    58.00     0.00    90.00
   	   27.00    58.00     0.00    90.00
  97 	 -320.00   775.96     0.00     0.00     0.00     0.00
  97 	 -320.00   775.96     0.00     0.00     0.00     0.00
   	   27.00    58.00     0.00    90.00
   	   27.00    58.00     0.00    90.00
  98 	 -192.00   775.96     0.00     0.00     0.00     0.00
  98 	 -192.00   775.96     0.00     0.00     0.00     0.00
   	   27.00    58.00     0.00    90.00
   	   27.00    58.00     0.00    90.00
  99 	  -64.00   775.96     0.00     0.00     0.00     0.00
  99 	  -64.00   775.96     0.00     0.00     0.00     0.00
   	   27.00    58.00     0.00    90.00
   	   27.00    58.00     0.00    90.00
 100 	 -384.00  -665.11     0.00     0.00     0.00     0.00
 100 	 -384.00  -665.11     0.00     0.00     0.00     0.00
   	   27.00    58.00     0.00    90.00
   	   27.00    58.00     0.00    90.00
 101 	 -256.00  -665.11     0.00     0.00     0.00     0.00
 101 	 -256.00  -665.11     0.00     0.00     0.00     0.00
   	   27.00    58.00     0.00    90.00
   	   27.00    58.00     0.00    90.00
 102 	 -128.00  -665.11     0.00     0.00     0.00     0.00
 102 	 -128.00  -665.11     0.00     0.00     0.00     0.00
   	   27.00    58.00     0.00    90.00
   	   27.00    58.00     0.00    90.00
 103 	    0.00  -665.11     0.00     0.00     0.00     0.00
 103 	    0.00  -665.11     0.00     0.00     0.00     0.00
   	   27.00    58.00     0.00    90.00
   	   27.00    58.00     0.00    90.00
 104 	  128.00  -665.11     0.00     0.00     0.00     0.00
 104 	  128.00  -665.11     0.00     0.00     0.00     0.00
   	   27.00    58.00     0.00    90.00
   	   27.00    58.00     0.00    90.00
 105 	  256.00  -665.11     0.00     0.00     0.00     0.00
 105 	  256.00  -665.11     0.00     0.00     0.00     0.00
   	   27.00    58.00     0.00    90.00
   	   27.00    58.00     0.00    90.00
 106 	  384.00  -665.11     0.00     0.00     0.00     0.00
 106 	  384.00  -665.11     0.00     0.00     0.00     0.00
   	   27.00    58.00     0.00    90.00
   	   27.00    58.00     0.00    90.00
 107 	  512.00  -665.11     0.00     0.00     0.00     0.00
 107 	  512.00  -665.11     0.00     0.00     0.00     0.00
   	   27.00    58.00     0.00    90.00
   	   27.00    58.00     0.00    90.00
 108 	  640.00  -665.11     0.00     0.00     0.00     0.00
 108 	  640.00  -665.11     0.00     0.00     0.00     0.00
   	   27.00    58.00     0.00    90.00
   	   27.00    58.00     0.00    90.00
 109 	 -320.00  -554.26     0.00     0.00     0.00     0.00
 109 	 -320.00  -554.26     0.00     0.00     0.00     0.00
   	   27.00    58.00     0.00    90.00
   	   27.00    58.00     0.00    90.00
 110 	 -192.00  -554.26     0.00     0.00     0.00     0.00
 110 	 -192.00  -554.26     0.00     0.00     0.00     0.00
   	   27.00    58.00     0.00    90.00
   	   27.00    58.00     0.00    90.00
 111 	  -64.00  -554.26     0.00     0.00     0.00     0.00
 111 	  -64.00  -554.26     0.00     0.00     0.00     0.00
   	   27.00    58.00     0.00    90.00
   	   27.00    58.00     0.00    90.00
 112 	   64.00  -554.26     0.00     0.00     0.00     0.00
 112 	   64.00  -554.26     0.00     0.00     0.00     0.00
   	   27.00    58.00     0.00    90.00
   	   27.00    58.00     0.00    90.00
 113 	  192.00  -554.26     0.00     0.00     0.00     0.00
 113 	  192.00  -554.26     0.00     0.00     0.00     0.00
   	   27.00    58.00     0.00    90.00
   	   27.00    58.00     0.00    90.00
 114 	  320.00  -554.26     0.00     0.00     0.00     0.00
 114 	  320.00  -554.26     0.00     0.00     0.00     0.00
   	   27.00    58.00     0.00    90.00
   	   27.00    58.00     0.00    90.00
 115 	  448.00  -554.26     0.00     0.00     0.00     0.00
 115 	  448.00  -554.26     0.00     0.00     0.00     0.00
   	   27.00    58.00     0.00    90.00
   	   27.00    58.00     0.00    90.00
 116 	  576.00  -554.26     0.00     0.00     0.00     0.00
 116 	  576.00  -554.26     0.00     0.00     0.00     0.00
   	   27.00    58.00     0.00    90.00
   	   27.00    58.00     0.00    90.00
 117 	  704.00  -554.26     0.00     0.00     0.00     0.00
 117 	  704.00  -554.26     0.00     0.00     0.00     0.00
   	   27.00    58.00     0.00    90.00
   	   27.00    58.00     0.00    90.00
 118 	 -256.00  -443.41     0.00     0.00     0.00     0.00
 118 	 -256.00  -443.41     0.00     0.00     0.00     0.00
   	   27.00    58.00     0.00    90.00
   	   27.00    58.00     0.00    90.00
 119 	 -128.00  -443.41     0.00     0.00     0.00     0.00
 119 	 -128.00  -443.41     0.00     0.00     0.00     0.00
   	   27.00    58.00     0.00    90.00
   	   27.00    58.00     0.00    90.00
 120 	    0.00  -443.41     0.00     0.00     0.00     0.00
 120 	    0.00  -443.41     0.00     0.00     0.00     0.00
   	   27.00    58.00     0.00    90.00
   	   27.00    58.00     0.00    90.00
 121 	  128.00  -443.41     0.00     0.00     0.00     0.00
 121 	  128.00  -443.41     0.00     0.00     0.00     0.00
   	   27.00    58.00     0.00    90.00
   	   27.00    58.00     0.00    90.00
 122 	  256.00  -443.41     0.00     0.00     0.00     0.00
 122 	  256.00  -443.41     0.00     0.00     0.00     0.00
   	   27.00    58.00     0.00    90.00
   	   27.00    58.00     0.00    90.00
 123 	  384.00  -443.41     0.00     0.00     0.00     0.00
 123 	  384.00  -443.41     0.00     0.00     0.00     0.00
   	   27.00    58.00     0.00    90.00
   	   27.00    58.00     0.00    90.00
 124 	  512.00  -443.41     0.00     0.00     0.00     0.00
 124 	  512.00  -443.41     0.00     0.00     0.00     0.00
   	   27.00    58.00     0.00    90.00
   	   27.00    58.00     0.00    90.00
 125 	  640.00  -443.41     0.00     0.00     0.00     0.00
 125 	  640.00  -443.41     0.00     0.00     0.00     0.00
   	   27.00    58.00     0.00    90.00
   	   27.00    58.00     0.00    90.00
 126 	  768.00  -443.41     0.00     0.00     0.00     0.00
 126 	  768.00  -443.41     0.00     0.00     0.00     0.00
   	   27.00    58.00     0.00    90.00
   	   27.00    58.00     0.00    90.00
 127 	 -192.00  -332.55     0.00     0.00     0.00     0.00
 127 	 -192.00  -332.55     0.00     0.00     0.00     0.00
   	   27.00    58.00     0.00    90.00
   	   27.00    58.00     0.00    90.00
 128 	  -64.00  -332.55     0.00     0.00     0.00     0.00
 128 	  -64.00  -332.55     0.00     0.00     0.00     0.00
   	   27.00    58.00     0.00    90.00
   	   27.00    58.00     0.00    90.00
 129 	   64.00  -332.55     0.00     0.00     0.00     0.00
 129 	   64.00  -332.55     0.00     0.00     0.00     0.00
   	   27.00    58.00     0.00    90.00
   	   27.00    58.00     0.00    90.00
 130 	  192.00  -332.55     0.00     0.00     0.00     0.00
 130 	  192.00  -332.55     0.00     0.00     0.00     0.00
   	   27.00    58.00     0.00    90.00
   	   27.00    58.00     0.00    90.00
 131 	  320.00  -332.55     0.00     0.00     0.00     0.00
 131 	  320.00  -332.55     0.00     0.00     0.00     0.00
   	   27.00    58.00     0.00    90.00
   	   27.00    58.00     0.00    90.00
 132 	  448.00  -332.55     0.00     0.00     0.00     0.00
 132 	  448.00  -332.55     0.00     0.00     0.00     0.00
   	   27.00    58.00     0.00    90.00
   	   27.00    58.00     0.00    90.00
 133 	  576.00  -332.55     0.00     0.00     0.00     0.00
 133 	  576.00  -332.55     0.00     0.00     0.00     0.00
   	   27.00    58.00     0.00    90.00
   	   27.00    58.00     0.00    90.00
 134 	  704.00  -332.55     0.00     0.00     0.00     0.00
 134 	  704.00  -332.55     0.00     0.00     0.00     0.00
   	   27.00    58.00     0.00    90.00
   	   27.00    58.00     0.00    90.00
 135 	  832.00  -332.55     0.00     0.00     0.00     0.00
 135 	  832.00  -332.55     0.00     0.00     0.00     0.00
   	   27.00    58.00     0.00    90.00
   	   27.00    58.00     0.00    90.00
 136 	 -128.00  -221.70     0.00     0.00     0.00     0.00
 136 	 -128.00  -221.70     0.00     0.00     0.00     0.00
   	   27.00    58.00     0.00    90.00
   	   27.00    58.00     0.00    90.00
 137 	    0.00  -221.70     0.00     0.00     0.00     0.00
 137 	    0.00  -221.70     0.00     0.00     0.00     0.00
   	   27.00    58.00     0.00    90.00
   	   27.00    58.00     0.00    90.00
 138 	  128.00  -221.70     0.00     0.00     0.00     0.00
 138 	  128.00  -221.70     0.00     0.00     0.00     0.00
   	   27.00    58.00     0.00    90.00
   	   27.00    58.00     0.00    90.00
 139 	  256.00  -221.70     0.00     0.00     0.00     0.00
 139 	  256.00  -221.70     0.00     0.00     0.00     0.00
   	   27.00    58.00     0.00    90.00
   	   27.00    58.00     0.00    90.00
 140 	  384.00  -221.70     0.00     0.00     0.00     0.00
 140 	  384.00  -221.70     0.00     0.00     0.00     0.00
   	   27.00    58.00     0.00    90.00
   	   27.00    58.00     0.00    90.00
 141 	  512.00  -221.70     0.00     0.00     0.00     0.00
 141 	  512.00  -221.70     0.00     0.00     0.00     0.00
   	   27.00    58.00     0.00    90.00
   	   27.00    58.00     0.00    90.00
 142 	  640.00  -221.70     0.00     0.00     0.00     0.00
 142 	  640.00  -221.70     0.00     0.00     0.00     0.00
   	   27.00    58.00     0.00    90.00
   	   27.00    58.00     0.00    90.00
 143 	  768.00  -221.70     0.00     0.00     0.00     0.00
 143 	  768.00  -221.70     0.00     0.00     0.00     0.00
   	   27.00    58.00     0.00    90.00
   	   27.00    58.00     0.00    90.00
 144 	  896.00  -221.70     0.00     0.00     0.00     0.00
 144 	  896.00  -221.70     0.00     0.00     0.00     0.00
   	   27.00    58.00     0.00    90.00
   	   27.00    58.00     0.00    90.00
 145 	  -64.00  -110.85     0.00     0.00     0.00     0.00
 145 	  -64.00  -110.85     0.00     0.00     0.00     0.00
   	   27.00    58.00     0.00    90.00
   	   27.00    58.00     0.00    90.00
 146 	   64.00  -110.85     0.00     0.00     0.00     0.00
 146 	   64.00  -110.85     0.00     0.00     0.00     0.00
   	   27.00    58.00     0.00    90.00
   	   27.00    58.00     0.00    90.00
 147 	  192.00  -110.85     0.00     0.00     0.00     0.00
 147 	  192.00  -110.85     0.00     0.00     0.00     0.00
   	   27.00    58.00     0.00    90.00
   	   27.00    58.00     0.00    90.00
 148 	  320.00  -110.85     0.00     0.00     0.00     0.00
 148 	  320.00  -110.85     0.00     0.00     0.00     0.00
   	   27.00    58.00     0.00    90.00
   	   27.00    58.00     0.00    90.00
 149 	  448.00  -110.85     0.00     0.00     0.00     0.00
 149 	  448.00  -110.85     0.00     0.00     0.00     0.00
   	   27.00    58.00     0.00    90.00
   	   27.00    58.00     0.00    90.00
 150 	  576.00  -110.85     0.00     0.00     0.00     0.00
 150 	  576.00  -110.85     0.00     0.00     0.00     0.00
   	   27.00    58.00     0.00    90.00
   	   27.00    58.00     0.00    90.00
 151 	  704.00  -110.85     0.00     0.00     0.00     0.00
 151 	  704.00  -110.85     0.00     0.00     0.00     0.00
   	   27.00    58.00     0.00    90.00
   	   27.00    58.00     0.00    90.00
 152 	  832.00  -110.85     0.00     0.00     0.00     0.00
 152 	  832.00  -110.85     0.00     0.00     0.00     0.00
   	   27.00    58.00     0.00    90.00
   	   27.00    58.00     0.00    90.00
 153 	  960.00  -110.85     0.00     0.00     0.00     0.00
 153 	  960.00  -110.85     0.00     0.00     0.00     0.00
   	   27.00    58.00     0.00    90.00
   	   27.00    58.00     0.00    90.00
 154 	    0.00     0.00     0.00     0.00     0.00     0.00
 154 	    0.00     0.00     0.00     0.00     0.00     0.00
   	   27.00    58.00     0.00    90.00
   	   27.00    58.00     0.00    90.00
 155 	  128.00     0.00     0.00     0.00     0.00     0.00
 155 	  128.00     0.00     0.00     0.00     0.00     0.00
   	   27.00    58.00     0.00    90.00
   	   27.00    58.00     0.00    90.00
 156 	  256.00     0.00     0.00     0.00     0.00     0.00
 156 	  256.00     0.00     0.00     0.00     0.00     0.00
   	   27.00    58.00     0.00    90.00
   	   27.00    58.00     0.00    90.00
 157 	  384.00     0.00     0.00     0.00     0.00     0.00
 157 	  384.00     0.00     0.00     0.00     0.00     0.00
   	   27.00    58.00     0.00    90.00
   	   27.00    58.00     0.00    90.00
 158 	  512.00     0.00     0.00     0.00     0.00     0.00
 158 	  512.00     0.00     0.00     0.00     0.00     0.00
   	   27.00    58.00     0.00    90.00
   	   27.00    58.00     0.00    90.00
 159 	  640.00     0.00     0.00     0.00     0.00     0.00
 159 	  640.00     0.00     0.00     0.00     0.00     0.00
   	   27.00    58.00     0.00    90.00
   	   27.00    58.00     0.00    90.00
 160 	  768.00     0.00     0.00     0.00     0.00     0.00
 160 	  768.00     0.00     0.00     0.00     0.00     0.00
   	   27.00    58.00     0.00    90.00
   	   27.00    58.00     0.00    90.00
 161 	  896.00     0.00     0.00     0.00     0.00     0.00
 161 	  896.00     0.00     0.00     0.00     0.00     0.00
   	   27.00    58.00     0.00    90.00
   	   27.00    58.00     0.00    90.00
 162 	 1024.00     0.00     0.00     0.00     0.00     0.00
 162 	 1024.00     0.00     0.00     0.00     0.00     0.00
   	   27.00    58.00     0.00    90.00
   	   27.00    58.00     0.00    90.00
 163 	   64.00   110.85     0.00     0.00     0.00     0.00
 163 	   64.00   110.85     0.00     0.00     0.00     0.00
   	   27.00    58.00     0.00    90.00
   	   27.00    58.00     0.00    90.00
 164 	  192.00   110.85     0.00     0.00     0.00     0.00
 164 	  192.00   110.85     0.00     0.00     0.00     0.00
   	   27.00    58.00     0.00    90.00
   	   27.00    58.00     0.00    90.00
 165 	  320.00   110.85     0.00     0.00     0.00     0.00
 165 	  320.00   110.85     0.00     0.00     0.00     0.00
   	   27.00    58.00     0.00    90.00
   	   27.00    58.00     0.00    90.00
 166 	  448.00   110.85     0.00     0.00     0.00     0.00
 166 	  448.00   110.85     0.00     0.00     0.00     0.00
   	   27.00    58.00     0.00    90.00
   	   27.00    58.00     0.00    90.00
 167 	  576.00   110.85     0.00     0.00     0.00     0.00
 167 	  576.00   110.85     0.00     0.00     0.00     0.00
   	   27.00    58.00     0.00    90.00
   	   27.00    58.00     0.00    90.00
 168 	  704.00   110.85     0.00     0.00     0.00     0.00
 168 	  704.00   110.85     0.00     0.00     0.00     0.00
   	   27.00    58.00     0.00    90.00
   	   27.00    58.00     0.00    90.00
 169 	  832.00   110.85     0.00     0.00     0.00     0.00
 169 	  832.00   110.85     0.00     0.00     0.00     0.00
   	   27.00    58.00     0.00    90.00
   	   27.00    58.00     0.00    90.00
 170 	  960.00   110.85     0.00     0.00     0.00     0.00
 170 	  960.00   110.85     0.00     0.00     0.00     0.00
   	   27.00    58.00     0.00    90.00
   	   27.00    58.00     0.00    90.00
 171 	 1088.00   110.85     0.00     0.00     0.00     0.00
 171 	 1088.00   110.85     0.00     0.00     0.00     0.00
   	   27.00    58.00     0.00    90.00
   	   27.00    58.00     0.00    90.00
 172 	  128.00   221.70     0.00     0.00     0.00     0.00
 172 	  128.00   221.70     0.00     0.00     0.00     0.00
   	   27.00    58.00     0.00    90.00
   	   27.00    58.00     0.00    90.00
 173 	  256.00   221.70     0.00     0.00     0.00     0.00
 173 	  256.00   221.70     0.00     0.00     0.00     0.00
   	   27.00    58.00     0.00    90.00
   	   27.00    58.00     0.00    90.00
 174 	  384.00   221.70     0.00     0.00     0.00     0.00
 174 	  384.00   221.70     0.00     0.00     0.00     0.00
   	   27.00    58.00     0.00    90.00
   	   27.00    58.00     0.00    90.00
 175 	  512.00   221.70     0.00     0.00     0.00     0.00
 175 	  512.00   221.70     0.00     0.00     0.00     0.00
   	   27.00    58.00     0.00    90.00
   	   27.00    58.00     0.00    90.00
 176 	  640.00   221.70     0.00     0.00     0.00     0.00
 176 	  640.00   221.70     0.00     0.00     0.00     0.00
   	   27.00    58.00     0.00    90.00
   	   27.00    58.00     0.00    90.00
 177 	  768.00   221.70     0.00     0.00     0.00     0.00
 177 	  768.00   221.70     0.00     0.00     0.00     0.00
   	   27.00    58.00     0.00    90.00
   	   27.00    58.00     0.00    90.00
 178 	  896.00   221.70     0.00     0.00     0.00     0.00
 178 	  896.00   221.70     0.00     0.00     0.00     0.00
   	   27.00    58.00     0.00    90.00
   	   27.00    58.00     0.00    90.00
 179 	 1024.00   221.70     0.00     0.00     0.00     0.00
 179 	 1024.00   221.70     0.00     0.00     0.00     0.00
   	   27.00    58.00     0.00    90.00
   	   27.00    58.00     0.00    90.00
 180 	 1152.00   221.70     0.00     0.00     0.00     0.00
 180 	 1152.00   221.70     0.00     0.00     0.00     0.00
   	   27.00    58.00     0.00    90.00
   	   27.00    58.00     0.00    90.00
 181 	  192.00   332.55     0.00     0.00     0.00     0.00
 181 	  192.00   332.55     0.00     0.00     0.00     0.00
   	   27.00    58.00     0.00    90.00
   	   27.00    58.00     0.00    90.00
 182 	  320.00   332.55     0.00     0.00     0.00     0.00
 182 	  320.00   332.55     0.00     0.00     0.00     0.00
   	   27.00    58.00     0.00    90.00
   	   27.00    58.00     0.00    90.00
 183 	  448.00   332.55     0.00     0.00     0.00     0.00
 183 	  448.00   332.55     0.00     0.00     0.00     0.00
   	   27.00    58.00     0.00    90.00
   	   27.00    58.00     0.00    90.00
 184 	  576.00   332.55     0.00     0.00     0.00     0.00
 184 	  576.00   332.55     0.00     0.00     0.00     0.00
   	   27.00    58.00     0.00    90.00
   	   27.00    58.00     0.00    90.00
 185 	  704.00   332.55     0.00     0.00     0.00     0.00
 185 	  704.00   332.55     0.00     0.00     0.00     0.00
   	   27.00    58.00     0.00    90.00
   	   27.00    58.00     0.00    90.00
 186 	  832.00   332.55     0.00     0.00     0.00     0.00
 186 	  832.00   332.55     0.00     0.00     0.00     0.00
   	   27.00    58.00     0.00    90.00
   	   27.00    58.00     0.00    90.00
 187 	  960.00   332.55     0.00     0.00     0.00     0.00
 187 	  960.00   332.55     0.00     0.00     0.00     0.00
   	   27.00    58.00     0.00    90.00
   	   27.00    58.00     0.00    90.00
 188 	 1088.00   332.55     0.00     0.00     0.00     0.00
 188 	 1088.00   332.55     0.00     0.00     0.00     0.00
   	   27.00    58.00     0.00    90.00
   	   27.00    58.00     0.00    90.00
 189 	 1216.00   332.55     0.00     0.00     0.00     0.00
 189 	 1216.00   332.55     0.00     0.00     0.00     0.00
   	   27.00    58.00     0.00    90.00
   	   27.00    58.00     0.00    90.00

** End writing output file: ../inputs/gr570.dat 
