*******************************************************************************
                         ARRAY PREPROCESSOR ver. 1.0
*******************************************************************************



   1	GROUP testgroup
   3	 GRID SQUARE STEP 86
   4	 ELEMENT
   5	 GEOMETRY CIRCULAR RADIUS 67
   7	 ADD BLOCK -15 2 -8 2
   9	 GROUP_EXCITATION
  10	 AMPLITUDE UNIFORM 24
  11	 PHASE UNIFORM 119
  12	 END

** WARNING B2: GRID step(s) too small for specified element in GROUP: testgroup
** Generating GROUP: testgroup.
** PSTEP,QSTEP set to:86.000000,86.000000
** Grid ANGLE set to:90.000000 
** Group ROT_ANGLE set to: 0.000000 

** Writing output file: ../inputs/gr574.dat

NEL 
NPORTS
IDUM      REXA     REYA     REZA     THEA     PHEA     PSEA 
          AMP      PSH      PSC      PHEPOL
   8
   8
   1
   1
   1 	-1290.00   172.00     0.00     0.00     0.00     0.00
   1 	-1290.00   172.00     0.00     0.00     0.00     0.00
   	   24.00   119.00     0.00    90.00
   	   24.00   119.00     0.00    90.00
   2 	-1204.00   172.00     0.00     0.00     0.00     0.00
   2 	-1204.00   172.00     0.00     0.00     0.00     0.00
   	   24.00   119.00     0.00    90.00
   	   24.00   119.00     0.00    90.00
   3 	-1118.00   172.00     0.00     0.00     0.00     0.00
   3 	-1118.00   172.00     0.00     0.00     0.00     0.00
   	   24.00   119.00     0.00    90.00
   	   24.00   119.00     0.00    90.00
   4 	-1032.00   172.00     0.00     0.00     0.00     0.00
   4 	-1032.00   172.00     0.00     0.00     0.00     0.00
   	   24.00   119.00     0.00    90.00
   	   24.00   119.00     0.00    90.00
   5 	 -946.00   172.00     0.00     0.00     0.00     0.00
   5 	 -946.00   172.00     0.00     0.00     0.00     0.00
   	   24.00   119.00     0.00    90.00
   	   24.00   119.00     0.00    90.00
   6 	 -860.00   172.00     0.00     0.00     0.00     0.00
   6 	 -860.00   172.00     0.00     0.00     0.00     0.00
   	   24.00   119.00     0.00    90.00
   	   24.00   119.00     0.00    90.00
   7 	 -774.00   172.00     0.00     0.00     0.00     0.00
   7 	 -774.00   172.00     0.00     0.00     0.00     0.00
   	   24.00   119.00     0.00    90.00
   	   24.00   119.00     0.00    90.00
   8 	 -688.00   172.00     0.00     0.00     0.00     0.00
   8 	 -688.00   172.00     0.00     0.00     0.00     0.00
   	   24.00   119.00     0.00    90.00
   	   24.00   119.00     0.00    90.00

** End writing output file: ../inputs/gr574.dat 
