*******************************************************************************
                         ARRAY PREPROCESSOR ver. 1.0
*******************************************************************************



   1	GROUP testgroup
   3	 GRID HEXAGONAL STEP 84
   4	 ELEMENT
   5	 GEOMETRY CIRCULAR 73
   7	 ADD HEXAGON 0 1
   8	 ADD BLOCK -10 -2 0 4
  10	 GROUP_EXCITATION
  11	 AMPLITUDE UNIFORM 23
  12	 PHASE UNIFORM -56
  13	 END

** WARNING B2: GRID step(s) too small for specified element in GROUP: testgroup
** Generating GROUP: testgroup.
** PSTEP,QSTEP set to:84.000000,84.000000
** Grid ANGLE set to:60.000000 
** Group ROT_ANGLE set to: 0.000000 

** Writing output file: ../inputs/gr575.dat

NEL 
NPORTS
IDUM      REXA     REYA     REZA     THEA     PHEA     PSEA 
          AMP      PSH      PSC      PHEPOL
  84
  84
   1
   1
   1 	   -0.00   145.49     0.00     0.00     0.00     0.00
   1 	   -0.00   145.49     0.00     0.00     0.00     0.00
   	   23.00   -56.00     0.00    90.00
   	   23.00   -56.00     0.00    90.00
   2 	   84.00   145.49     0.00     0.00     0.00     0.00
   2 	   84.00   145.49     0.00     0.00     0.00     0.00
   	   23.00   -56.00     0.00    90.00
   	   23.00   -56.00     0.00    90.00
   3 	  126.00    72.75     0.00     0.00     0.00     0.00
   3 	  126.00    72.75     0.00     0.00     0.00     0.00
   	   23.00   -56.00     0.00    90.00
   	   23.00   -56.00     0.00    90.00
   4 	   84.00     0.00     0.00     0.00     0.00     0.00
   4 	   84.00     0.00     0.00     0.00     0.00     0.00
   	   23.00   -56.00     0.00    90.00
   	   23.00   -56.00     0.00    90.00
   5 	    0.00     0.00     0.00     0.00     0.00     0.00
   5 	    0.00     0.00     0.00     0.00     0.00     0.00
   	   23.00   -56.00     0.00    90.00
   	   23.00   -56.00     0.00    90.00
   6 	  -42.00    72.75     0.00     0.00     0.00     0.00
   6 	  -42.00    72.75     0.00     0.00     0.00     0.00
   	   23.00   -56.00     0.00    90.00
   	   23.00   -56.00     0.00    90.00
   7 	   42.00    72.75     0.00     0.00     0.00     0.00
   7 	   42.00    72.75     0.00     0.00     0.00     0.00
   	   23.00   -56.00     0.00    90.00
   	   23.00   -56.00     0.00    90.00
   8 	 -924.00  -145.49     0.00     0.00     0.00     0.00
   8 	 -924.00  -145.49     0.00     0.00     0.00     0.00
   	   23.00   -56.00     0.00    90.00
   	   23.00   -56.00     0.00    90.00
   9 	 -840.00  -145.49     0.00     0.00     0.00     0.00
   9 	 -840.00  -145.49     0.00     0.00     0.00     0.00
   	   23.00   -56.00     0.00    90.00
   	   23.00   -56.00     0.00    90.00
  10 	 -756.00  -145.49     0.00     0.00     0.00     0.00
  10 	 -756.00  -145.49     0.00     0.00     0.00     0.00
   	   23.00   -56.00     0.00    90.00
   	   23.00   -56.00     0.00    90.00
  11 	 -672.00  -145.49     0.00     0.00     0.00     0.00
  11 	 -672.00  -145.49     0.00     0.00     0.00     0.00
   	   23.00   -56.00     0.00    90.00
   	   23.00   -56.00     0.00    90.00
  12 	 -588.00  -145.49     0.00     0.00     0.00     0.00
  12 	 -588.00  -145.49     0.00     0.00     0.00     0.00
   	   23.00   -56.00     0.00    90.00
   	   23.00   -56.00     0.00    90.00
  13 	 -504.00  -145.49     0.00     0.00     0.00     0.00
  13 	 -504.00  -145.49     0.00     0.00     0.00     0.00
   	   23.00   -56.00     0.00    90.00
   	   23.00   -56.00     0.00    90.00
  14 	 -420.00  -145.49     0.00     0.00     0.00     0.00
  14 	 -420.00  -145.49     0.00     0.00     0.00     0.00
   	   23.00   -56.00     0.00    90.00
   	   23.00   -56.00     0.00    90.00
  15 	 -336.00  -145.49     0.00     0.00     0.00     0.00
  15 	 -336.00  -145.49     0.00     0.00     0.00     0.00
   	   23.00   -56.00     0.00    90.00
   	   23.00   -56.00     0.00    90.00
  16 	 -252.00  -145.49     0.00     0.00     0.00     0.00
  16 	 -252.00  -145.49     0.00     0.00     0.00     0.00
   	   23.00   -56.00     0.00    90.00
   	   23.00   -56.00     0.00    90.00
  17 	 -168.00  -145.49     0.00     0.00     0.00     0.00
  17 	 -168.00  -145.49     0.00     0.00     0.00     0.00
   	   23.00   -56.00     0.00    90.00
   	   23.00   -56.00     0.00    90.00
  18 	  -84.00  -145.49     0.00     0.00     0.00     0.00
  18 	  -84.00  -145.49     0.00     0.00     0.00     0.00
   	   23.00   -56.00     0.00    90.00
   	   23.00   -56.00     0.00    90.00
  19 	 -882.00   -72.75     0.00     0.00     0.00     0.00
  19 	 -882.00   -72.75     0.00     0.00     0.00     0.00
   	   23.00   -56.00     0.00    90.00
   	   23.00   -56.00     0.00    90.00
  20 	 -798.00   -72.75     0.00     0.00     0.00     0.00
  20 	 -798.00   -72.75     0.00     0.00     0.00     0.00
   	   23.00   -56.00     0.00    90.00
   	   23.00   -56.00     0.00    90.00
  21 	 -714.00   -72.75     0.00     0.00     0.00     0.00
  21 	 -714.00   -72.75     0.00     0.00     0.00     0.00
   	   23.00   -56.00     0.00    90.00
   	   23.00   -56.00     0.00    90.00
  22 	 -630.00   -72.75     0.00     0.00     0.00     0.00
  22 	 -630.00   -72.75     0.00     0.00     0.00     0.00
   	   23.00   -56.00     0.00    90.00
   	   23.00   -56.00     0.00    90.00
  23 	 -546.00   -72.75     0.00     0.00     0.00     0.00
  23 	 -546.00   -72.75     0.00     0.00     0.00     0.00
   	   23.00   -56.00     0.00    90.00
   	   23.00   -56.00     0.00    90.00
  24 	 -462.00   -72.75     0.00     0.00     0.00     0.00
  24 	 -462.00   -72.75     0.00     0.00     0.00     0.00
   	   23.00   -56.00     0.00    90.00
   	   23.00   -56.00     0.00    90.00
  25 	 -378.00   -72.75     0.00     0.00     0.00     0.00
  25 	 -378.00   -72.75     0.00     0.00     0.00     0.00
   	   23.00   -56.00     0.00    90.00
   	   23.00   -56.00     0.00    90.00
  26 	 -294.00   -72.75     0.00     0.00     0.00     0.00
  26 	 -294.00   -72.75     0.00     0.00     0.00     0.00
   	   23.00   -56.00     0.00    90.00
   	   23.00   -56.00     0.00    90.00
  27 	 -210.00   -72.75     0.00     0.00     0.00     0.00
  27 	 -210.00   -72.75     0.00     0.00     0.00     0.00
   	   23.00   -56.00     0.00    90.00
   	   23.00   -56.00     0.00    90.00
  28 	 -126.00   -72.75     0.00     0.00     0.00     0.00
  28 	 -126.00   -72.75     0.00     0.00     0.00     0.00
   	   23.00   -56.00     0.00    90.00
   	   23.00   -56.00     0.00    90.00
  29 	  -42.00   -72.75     0.00     0.00     0.00     0.00
  29 	  -42.00   -72.75     0.00     0.00     0.00     0.00
   	   23.00   -56.00     0.00    90.00
   	   23.00   -56.00     0.00    90.00
  30 	 -840.00     0.00     0.00     0.00     0.00     0.00
  30 	 -840.00     0.00     0.00     0.00     0.00     0.00
   	   23.00   -56.00     0.00    90.00
   	   23.00   -56.00     0.00    90.00
  31 	 -756.00     0.00     0.00     0.00     0.00     0.00
  31 	 -756.00     0.00     0.00     0.00     0.00     0.00
   	   23.00   -56.00     0.00    90.00
   	   23.00   -56.00     0.00    90.00
  32 	 -672.00     0.00     0.00     0.00     0.00     0.00
  32 	 -672.00     0.00     0.00     0.00     0.00     0.00
   	   23.00   -56.00     0.00    90.00
   	   23.00   -56.00     0.00    90.00
  33 	 -588.00     0.00     0.00     0.00     0.00     0.00
  33 	 -588.00     0.00     0.00     0.00     0.00     0.00
   	   23.00   -56.00     0.00    90.00
   	   23.00   -56.00     0.00    90.00
  34 	 -504.00     0.00     0.00     0.00     0.00     0.00
  34 	 -504.00     0.00     0.00     0.00     0.00     0.00
   	   23.00   -56.00     0.00    90.00
   	   23.00   -56.00     0.00    90.00
  35 	 -420.00     0.00     0.00     0.00     0.00     0.00
  35 	 -420.00     0.00     0.00     0.00     0.00     0.00
   	   23.00   -56.00     0.00    90.00
   	   23.00   -56.00     0.00    90.00
  36 	 -336.00     0.00     0.00     0.00     0.00     0.00
  36 	 -336.00     0.00     0.00     0.00     0.00     0.00
   	   23.00   -56.00     0.00    90.00
   	   23.00   -56.00     0.00    90.00
  37 	 -252.00     0.00     0.00     0.00     0.00     0.00
  37 	 -252.00     0.00     0.00     0.00     0.00     0.00
   	   23.00   -56.00     0.00    90.00
   	   23.00   -56.00     0.00    90.00
  38 	 -168.00     0.00     0.00     0.00     0.00     0.00
  38 	 -168.00     0.00     0.00     0.00     0.00     0.00
   	   23.00   -56.00     0.00    90.00
   	   23.00   -56.00     0.00    90.00
  39 	  -84.00     0.00     0.00     0.00     0.00     0.00
  39 	  -84.00     0.00     0.00     0.00     0.00     0.00
   	   23.00   -56.00     0.00    90.00
   	   23.00   -56.00     0.00    90.00
  40 	    0.00     0.00     0.00     0.00     0.00     0.00
  40 	    0.00     0.00     0.00     0.00     0.00     0.00
   	   23.00   -56.00     0.00    90.00
   	   23.00   -56.00     0.00    90.00
  41 	 -798.00    72.75     0.00     0.00     0.00     0.00
  41 	 -798.00    72.75     0.00     0.00     0.00     0.00
   	   23.00   -56.00     0.00    90.00
   	   23.00   -56.00     0.00    90.00
  42 	 -714.00    72.75     0.00     0.00     0.00     0.00
  42 	 -714.00    72.75     0.00     0.00     0.00     0.00
   	   23.00   -56.00     0.00    90.00
   	   23.00   -56.00     0.00    90.00
  43 	 -630.00    72.75     0.00     0.00     0.00     0.00
  43 	 -630.00    72.75     0.00     0.00     0.00     0.00
   	   23.00   -56.00     0.00    90.00
   	   23.00   -56.00     0.00    90.00
  44 	 -546.00    72.75     0.00     0.00     0.00     0.00
  44 	 -546.00    72.75     0.00     0.00     0.00     0.00
   	   23.00   -56.00     0.00    90.00
   	   23.00   -56.00     0.00    90.00
  45 	 -462.00    72.75     0.00     0.00     0.00     0.00
  45 	 -462.00    72.75     0.00     0.00     0.00     0.00
   	   23.00   -56.00     0.00    90.00
   	   23.00   -56.00     0.00    90.00
  46 	 -378.00    72.75     0.00     0.00     0.00     0.00
  46 	 -378.00    72.75     0.00     0.00     0.00     0.00
   	   23.00   -56.00     0.00    90.00
   	   23.00   -56.00     0.00    90.00
  47 	 -294.00    72.75     0.00     0.00     0.00     0.00
  47 	 -294.00    72.75     0.00     0.00     0.00     0.00
   	   23.00   -56.00     0.00    90.00
   	   23.00   -56.00     0.00    90.00
  48 	 -210.00    72.75     0.00     0.00     0.00     0.00
  48 	 -210.00    72.75     0.00     0.00     0.00     0.00
   	   23.00   -56.00     0.00    90.00
   	   23.00   -56.00     0.00    90.00
  49 	 -126.00    72.75     0.00     0.00     0.00     0.00
  49 	 -126.00    72.75     0.00     0.00     0.00     0.00
   	   23.00   -56.00     0.00    90.00
   	   23.00   -56.00     0.00    90.00
  50 	  -42.00    72.75     0.00     0.00     0.00     0.00
  50 	  -42.00    72.75     0.00     0.00     0.00     0.00
   	   23.00   -56.00     0.00    90.00
   	   23.00   -56.00     0.00    90.00
  51 	   42.00    72.75     0.00     0.00     0.00     0.00
  51 	   42.00    72.75     0.00     0.00     0.00     0.00
   	   23.00   -56.00     0.00    90.00
   	   23.00   -56.00     0.00    90.00
  52 	 -756.00   145.49     0.00     0.00     0.00     0.00
  52 	 -756.00   145.49     0.00     0.00     0.00     0.00
   	   23.00   -56.00     0.00    90.00
   	   23.00   -56.00     0.00    90.00
  53 	 -672.00   145.49     0.00     0.00     0.00     0.00
  53 	 -672.00   145.49     0.00     0.00     0.00     0.00
   	   23.00   -56.00     0.00    90.00
   	   23.00   -56.00     0.00    90.00
  54 	 -588.00   145.49     0.00     0.00     0.00     0.00
  54 	 -588.00   145.49     0.00     0.00     0.00     0.00
   	   23.00   -56.00     0.00    90.00
   	   23.00   -56.00     0.00    90.00
  55 	 -504.00   145.49     0.00     0.00     0.00     0.00
  55 	 -504.00   145.49     0.00     0.00     0.00     0.00
   	   23.00   -56.00     0.00    90.00
   	   23.00   -56.00     0.00    90.00
  56 	 -420.00   145.49     0.00     0.00     0.00     0.00
  56 	 -420.00   145.49     0.00     0.00     0.00     0.00
   	   23.00   -56.00     0.00    90.00
   	   23.00   -56.00     0.00    90.00
  57 	 -336.00   145.49     0.00     0.00     0.00     0.00
  57 	 -336.00   145.49     0.00     0.00     0.00     0.00
   	   23.00   -56.00     0.00    90.00
   	   23.00   -56.00     0.00    90.00
  58 	 -252.00   145.49     0.00     0.00     0.00     0.00
  58 	 -252.00   145.49     0.00     0.00     0.00     0.00
   	   23.00   -56.00     0.00    90.00
   	   23.00   -56.00     0.00    90.00
  59 	 -168.00   145.49     0.00     0.00     0.00     0.00
  59 	 -168.00   145.49     0.00     0.00     0.00     0.00
   	   23.00   -56.00     0.00    90.00
   	   23.00   -56.00     0.00    90.00
  60 	  -84.00   145.49     0.00     0.00     0.00     0.00
  60 	  -84.00   145.49     0.00     0.00     0.00     0.00
   	   23.00   -56.00     0.00    90.00
   	   23.00   -56.00     0.00    90.00
  61 	   -0.00   145.49     0.00     0.00     0.00     0.00
  61 	   -0.00   145.49     0.00     0.00     0.00     0.00
   	   23.00   -56.00     0.00    90.00
   	   23.00   -56.00     0.00    90.00
  62 	   84.00   145.49     0.00     0.00     0.00     0.00
  62 	   84.00   145.49     0.00     0.00     0.00     0.00
   	   23.00   -56.00     0.00    90.00
   	   23.00   -56.00     0.00    90.00
  63 	 -714.00   218.24     0.00     0.00     0.00     0.00
  63 	 -714.00   218.24     0.00     0.00     0.00     0.00
   	   23.00   -56.00     0.00    90.00
   	   23.00   -56.00     0.00    90.00
  64 	 -630.00   218.24     0.00     0.00     0.00     0.00
  64 	 -630.00   218.24     0.00     0.00     0.00     0.00
   	   23.00   -56.00     0.00    90.00
   	   23.00   -56.00     0.00    90.00
  65 	 -546.00   218.24     0.00     0.00     0.00     0.00
  65 	 -546.00   218.24     0.00     0.00     0.00     0.00
   	   23.00   -56.00     0.00    90.00
   	   23.00   -56.00     0.00    90.00
  66 	 -462.00   218.24     0.00     0.00     0.00     0.00
  66 	 -462.00   218.24     0.00     0.00     0.00     0.00
   	   23.00   -56.00     0.00    90.00
   	   23.00   -56.00     0.00    90.00
  67 	 -378.00   218.24     0.00     0.00     0.00     0.00
  67 	 -378.00   218.24     0.00     0.00     0.00     0.00
   	   23.00   -56.00     0.00    90.00
   	   23.00   -56.00     0.00    90.00
  68 	 -294.00   218.24     0.00     0.00     0.00     0.00
  68 	 -294.00   218.24     0.00     0.00     0.00     0.00
   	   23.00   -56.00     0.00    90.00
   	   23.00   -56.00     0.00    90.00
  69 	 -210.00   218.24     0.00     0.00     0.00     0.00
  69 	 -210.00   218.24     0.00     0.00     0.00     0.00
   	   23.00   -56.00     0.00    90.00
   	   23.00   -56.00     0.00    90.00
  70 	 -126.00   218.24     0.00     0.00     0.00     0.00
  70 	 -126.00   218.24     0.00     0.00     0.00     0.00
   	   23.00   -56.00     0.00    90.00
   	   23.00   -56.00     0.00    90.00
  71 	  -42.00   218.24     0.00     0.00     0.00     0.00
  71 	  -42.00   218.24     0.00     0.00     0.00     0.00
   	   23.00   -56.00     0.00    90.00
   	   23.00   -56.00     0.00    90.00
  72 	   42.00   218.24     0.00     0.00     0.00     0.00
  72 	   42.00   218.24     0.00     0.00     0.00     0.00
   	   23.00   -56.00     0.00    90.00
   	   23.00   -56.00     0.00    90.00
  73 	  126.00   218.24     0.00     0.00     0.00     0.00
  73 	  126.00   218.24     0.00     0.00     0.00     0.00
   	   23.00   -56.00     0.00    90.00
   	   23.00   -56.00     0.00    90.00
  74 	 -672.00   290.98     0.00     0.00     0.00     0.00
  74 	 -672.00   290.98     0.00     0.00     0.00     0.00
   	   23.00   -56.00     0.00    90.00
   	   23.00   -56.00     0.00    90.00
  75 	 -588.00   290.98     0.00     0.00     0.00     0.00
  75 	 -588.00   290.98     0.00     0.00     0.00     0.00
   	   23.00   -56.00     0.00    90.00
   	   23.00   -56.00     0.00    90.00
  76 	 -504.00   290.98     0.00     0.00     0.00     0.00
  76 	 -504.00   290.98     0.00     0.00     0.00     0.00
   	   23.00   -56.00     0.00    90.00
   	   23.00   -56.00     0.00    90.00
  77 	 -420.00   290.98     0.00     0.00     0.00     0.00
  77 	 -420.00   290.98     0.00     0.00     0.00     0.00
   	   23.00   -56.00     0.00    90.00
   	   23.00   -56.00     0.00    90.00
  78 	 -336.00   290.98     0.00     0.00     0.00     0.00
  78 	 -336.00   290.98     0.00     0.00     0.00     0.00
   	   23.00   -56.00     0.00    90.00
   	   23.00   -56.00     0.00    90.00
  79 	 -252.00   290.98     0.00     0.00     0.00     0.00
  79 	 -252.00   290.98     0.00     0.00     0.00     0.00
   	   23.00   -56.00     0.00    90.00
   	   23.00   -56.00     0.00    90.00
  80 	 -168.00   290.98     0.00     0.00     0.00     0.00
  80 	 -168.00   290.98     0.00     0.00     0.00     0.00
   	   23.00   -56.00     0.00    90.00
   	   23.00   -56.00     0.00    90.00
  81 	  -84.00   290.98     0.00     0.00     0.00     0.00
  81 	  -84.00   290.98     0.00     0.00     0.00     0.00
   	   23.00   -56.00     0.00    90.00
   	   23.00   -56.00     0.00    90.00
  82 	   -0.00   290.98     0.00     0.00     0.00     0.00
  82 	   -0.00   290.98     0.00     0.00     0.00     0.00
   	   23.00   -56.00     0.00    90.00
   	   23.00   -56.00     0.00    90.00
  83 	   84.00   290.98     0.00     0.00     0.00     0.00
  83 	   84.00   290.98     0.00     0.00     0.00     0.00
   	   23.00   -56.00     0.00    90.00
   	   23.00   -56.00     0.00    90.00
  84 	  168.00   290.98     0.00     0.00     0.00     0.00
  84 	  168.00   290.98     0.00     0.00     0.00     0.00
   	   23.00   -56.00     0.00    90.00
   	   23.00   -56.00     0.00    90.00

** End writing output file: ../inputs/gr575.dat 
