*******************************************************************************
                         ARRAY PREPROCESSOR ver. 1.0
*******************************************************************************



   1	GROUP testgroup
   3	 GRID RECTANGULAR
   4	 ELEMENT
   5	 GEOMETRY CIRCULAR RADIUS 61
   6	 POLARIZATION LINEAR
   7	 ADD BLOCK -3 -5 -4 3
   8	 ADD NODE -9 2
  10	 GROUP_EXCITATION
  11	 AMPLITUDE UNIFORM 26
  12	 PHASE UNIFORM 77
  13	 END

** Generating GROUP: testgroup.
** PSTEP,QSTEP set to:122.000000,122.000000
** Grid ANGLE set to:90.000000 
** Group ROT_ANGLE set to: 0.000000 

** Writing output file: ../inputs/gr577.dat

NEL 
NPORTS
IDUM      REXA     REYA     REZA     THEA     PHEA     PSEA 
          AMP      PSH      PSC      PHEPOL
  19
  19
   1
   1
   1 	 -488.00  -610.00     0.00     0.00     0.00     0.00
   1 	 -488.00  -610.00     0.00     0.00     0.00     0.00
   	   26.00    77.00     0.00    90.00
   	   26.00    77.00     0.00    90.00
   2 	 -366.00  -610.00     0.00     0.00     0.00     0.00
   2 	 -366.00  -610.00     0.00     0.00     0.00     0.00
   	   26.00    77.00     0.00    90.00
   	   26.00    77.00     0.00    90.00
   3 	 -488.00  -488.00     0.00     0.00     0.00     0.00
   3 	 -488.00  -488.00     0.00     0.00     0.00     0.00
   	   26.00    77.00     0.00    90.00
   	   26.00    77.00     0.00    90.00
   4 	 -366.00  -488.00     0.00     0.00     0.00     0.00
   4 	 -366.00  -488.00     0.00     0.00     0.00     0.00
   	   26.00    77.00     0.00    90.00
   	   26.00    77.00     0.00    90.00
   5 	 -488.00  -366.00     0.00     0.00     0.00     0.00
   5 	 -488.00  -366.00     0.00     0.00     0.00     0.00
   	   26.00    77.00     0.00    90.00
   	   26.00    77.00     0.00    90.00
   6 	 -366.00  -366.00     0.00     0.00     0.00     0.00
   6 	 -366.00  -366.00     0.00     0.00     0.00     0.00
   	   26.00    77.00     0.00    90.00
   	   26.00    77.00     0.00    90.00
   7 	 -488.00  -244.00     0.00     0.00     0.00     0.00
   7 	 -488.00  -244.00     0.00     0.00     0.00     0.00
   	   26.00    77.00     0.00    90.00
   	   26.00    77.00     0.00    90.00
   8 	 -366.00  -244.00     0.00     0.00     0.00     0.00
   8 	 -366.00  -244.00     0.00     0.00     0.00     0.00
   	   26.00    77.00     0.00    90.00
   	   26.00    77.00     0.00    90.00
   9 	 -488.00  -122.00     0.00     0.00     0.00     0.00
   9 	 -488.00  -122.00     0.00     0.00     0.00     0.00
   	   26.00    77.00     0.00    90.00
   	   26.00    77.00     0.00    90.00
  10 	 -366.00  -122.00     0.00     0.00     0.00     0.00
  10 	 -366.00  -122.00     0.00     0.00     0.00     0.00
   	   26.00    77.00     0.00    90.00
   	   26.00    77.00     0.00    90.00
  11 	 -488.00     0.00     0.00     0.00     0.00     0.00
  11 	 -488.00     0.00     0.00     0.00     0.00     0.00
   	   26.00    77.00     0.00    90.00
   	   26.00    77.00     0.00    90.00
  12 	 -366.00     0.00     0.00     0.00     0.00     0.00
  12 	 -366.00     0.00     0.00     0.00     0.00     0.00
   	   26.00    77.00     0.00    90.00
   	   26.00    77.00     0.00    90.00
  13 	 -488.00   122.00     0.00     0.00     0.00     0.00
  13 	 -488.00   122.00     0.00     0.00     0.00     0.00
   	   26.00    77.00     0.00    90.00
   	   26.00    77.00     0.00    90.00
  14 	 -366.00   122.00     0.00     0.00     0.00     0.00
  14 	 -366.00   122.00     0.00     0.00     0.00     0.00
   	   26.00    77.00     0.00    90.00
   	   26.00    77.00     0.00    90.00
  15 	 -488.00   244.00     0.00     0.00     0.00     0.00
  15 	 -488.00   244.00     0.00     0.00     0.00     0.00
   	   26.00    77.00     0.00    90.00
   	   26.00    77.00     0.00    90.00
  16 	 -366.00   244.00     0.00     0.00     0.00     0.00
  16 	 -366.00   244.00     0.00     0.00     0.00     0.00
   	   26.00    77.00     0.00    90.00
   	   26.00    77.00     0.00    90.00
  17 	 -488.00   366.00     0.00     0.00     0.00     0.00
  17 	 -488.00   366.00     0.00     0.00     0.00     0.00
   	   26.00    77.00     0.00    90.00
   	   26.00    77.00     0.00    90.00
  18 	 -366.00   366.00     0.00     0.00     0.00     0.00
  18 	 -366.00   366.00     0.00     0.00     0.00     0.00
   	   26.00    77.00     0.00    90.00
   	   26.00    77.00     0.00    90.00
  19 	-1098.00   244.00     0.00     0.00     0.00     0.00
  19 	-1098.00   244.00     0.00     0.00     0.00     0.00
   	   26.00    77.00     0.00    90.00
   	   26.00    77.00     0.00    90.00

** End writing output file: ../inputs/gr577.dat 
