*******************************************************************************
                         ARRAY PREPROCESSOR ver. 1.0
*******************************************************************************



   1	GROUP testgroup
   3	 GRID RECTANGULAR
   4	 ELEMENT
   5	 GEOMETRY CIRCULAR RADIUS 70
   6	 POLARIZATION CIRCULAR
   7	 ADD BLOCK 1 -9 3 -3
   8	 ADD BLOCK 9 7 5 2
   9	 ADD BLOCK 0 6 4 4
  11	 GROUP_EXCITATION
  12	 AMPLITUDE UNIFORM 22
  13	 PHASE UNIFORM -14
  14	 END

** Generating GROUP: testgroup.
** PSTEP,QSTEP set to:140.000000,140.000000
** Grid ANGLE set to:90.000000 
** Group ROT_ANGLE set to: 0.000000 

** Writing output file: ../inputs/gr583.dat

NEL 
NPORTS
IDUM      REXA     REYA     REZA     THEA     PHEA     PSEA 
          AMP      PSH      PSC      PHEPOL
  66
  66
   1
   1
   1 	  140.00 -1260.00     0.00     0.00     0.00     0.00
   1 	  140.00 -1260.00     0.00     0.00     0.00     0.00
   	   22.00   -14.00     0.00    90.00
   	   22.00   -14.00     0.00    90.00
   2 	  280.00 -1260.00     0.00     0.00     0.00     0.00
   2 	  280.00 -1260.00     0.00     0.00     0.00     0.00
   	   22.00   -14.00     0.00    90.00
   	   22.00   -14.00     0.00    90.00
   3 	  420.00 -1260.00     0.00     0.00     0.00     0.00
   3 	  420.00 -1260.00     0.00     0.00     0.00     0.00
   	   22.00   -14.00     0.00    90.00
   	   22.00   -14.00     0.00    90.00
   4 	  140.00 -1120.00     0.00     0.00     0.00     0.00
   4 	  140.00 -1120.00     0.00     0.00     0.00     0.00
   	   22.00   -14.00     0.00    90.00
   	   22.00   -14.00     0.00    90.00
   5 	  280.00 -1120.00     0.00     0.00     0.00     0.00
   5 	  280.00 -1120.00     0.00     0.00     0.00     0.00
   	   22.00   -14.00     0.00    90.00
   	   22.00   -14.00     0.00    90.00
   6 	  420.00 -1120.00     0.00     0.00     0.00     0.00
   6 	  420.00 -1120.00     0.00     0.00     0.00     0.00
   	   22.00   -14.00     0.00    90.00
   	   22.00   -14.00     0.00    90.00
   7 	  140.00  -980.00     0.00     0.00     0.00     0.00
   7 	  140.00  -980.00     0.00     0.00     0.00     0.00
   	   22.00   -14.00     0.00    90.00
   	   22.00   -14.00     0.00    90.00
   8 	  280.00  -980.00     0.00     0.00     0.00     0.00
   8 	  280.00  -980.00     0.00     0.00     0.00     0.00
   	   22.00   -14.00     0.00    90.00
   	   22.00   -14.00     0.00    90.00
   9 	  420.00  -980.00     0.00     0.00     0.00     0.00
   9 	  420.00  -980.00     0.00     0.00     0.00     0.00
   	   22.00   -14.00     0.00    90.00
   	   22.00   -14.00     0.00    90.00
  10 	  140.00  -840.00     0.00     0.00     0.00     0.00
  10 	  140.00  -840.00     0.00     0.00     0.00     0.00
   	   22.00   -14.00     0.00    90.00
   	   22.00   -14.00     0.00    90.00
  11 	  280.00  -840.00     0.00     0.00     0.00     0.00
  11 	  280.00  -840.00     0.00     0.00     0.00     0.00
   	   22.00   -14.00     0.00    90.00
   	   22.00   -14.00     0.00    90.00
  12 	  420.00  -840.00     0.00     0.00     0.00     0.00
  12 	  420.00  -840.00     0.00     0.00     0.00     0.00
   	   22.00   -14.00     0.00    90.00
   	   22.00   -14.00     0.00    90.00
  13 	  140.00  -700.00     0.00     0.00     0.00     0.00
  13 	  140.00  -700.00     0.00     0.00     0.00     0.00
   	   22.00   -14.00     0.00    90.00
   	   22.00   -14.00     0.00    90.00
  14 	  280.00  -700.00     0.00     0.00     0.00     0.00
  14 	  280.00  -700.00     0.00     0.00     0.00     0.00
   	   22.00   -14.00     0.00    90.00
   	   22.00   -14.00     0.00    90.00
  15 	  420.00  -700.00     0.00     0.00     0.00     0.00
  15 	  420.00  -700.00     0.00     0.00     0.00     0.00
   	   22.00   -14.00     0.00    90.00
   	   22.00   -14.00     0.00    90.00
  16 	  140.00  -560.00     0.00     0.00     0.00     0.00
  16 	  140.00  -560.00     0.00     0.00     0.00     0.00
   	   22.00   -14.00     0.00    90.00
   	   22.00   -14.00     0.00    90.00
  17 	  280.00  -560.00     0.00     0.00     0.00     0.00
  17 	  280.00  -560.00     0.00     0.00     0.00     0.00
   	   22.00   -14.00     0.00    90.00
   	   22.00   -14.00     0.00    90.00
  18 	  420.00  -560.00     0.00     0.00     0.00     0.00
  18 	  420.00  -560.00     0.00     0.00     0.00     0.00
   	   22.00   -14.00     0.00    90.00
   	   22.00   -14.00     0.00    90.00
  19 	  140.00  -420.00     0.00     0.00     0.00     0.00
  19 	  140.00  -420.00     0.00     0.00     0.00     0.00
   	   22.00   -14.00     0.00    90.00
   	   22.00   -14.00     0.00    90.00
  20 	  280.00  -420.00     0.00     0.00     0.00     0.00
  20 	  280.00  -420.00     0.00     0.00     0.00     0.00
   	   22.00   -14.00     0.00    90.00
   	   22.00   -14.00     0.00    90.00
  21 	  420.00  -420.00     0.00     0.00     0.00     0.00
  21 	  420.00  -420.00     0.00     0.00     0.00     0.00
   	   22.00   -14.00     0.00    90.00
   	   22.00   -14.00     0.00    90.00
  22 	  700.00   280.00     0.00     0.00     0.00     0.00
  22 	  700.00   280.00     0.00     0.00     0.00     0.00
   	   22.00   -14.00     0.00    90.00
   	   22.00   -14.00     0.00    90.00
  23 	  840.00   280.00     0.00     0.00     0.00     0.00
  23 	  840.00   280.00     0.00     0.00     0.00     0.00
   	   22.00   -14.00     0.00    90.00
   	   22.00   -14.00     0.00    90.00
  24 	  980.00   280.00     0.00     0.00     0.00     0.00
  24 	  980.00   280.00     0.00     0.00     0.00     0.00
   	   22.00   -14.00     0.00    90.00
   	   22.00   -14.00     0.00    90.00
  25 	 1120.00   280.00     0.00     0.00     0.00     0.00
  25 	 1120.00   280.00     0.00     0.00     0.00     0.00
   	   22.00   -14.00     0.00    90.00
   	   22.00   -14.00     0.00    90.00
  26 	 1260.00   280.00     0.00     0.00     0.00     0.00
  26 	 1260.00   280.00     0.00     0.00     0.00     0.00
   	   22.00   -14.00     0.00    90.00
   	   22.00   -14.00     0.00    90.00
  27 	  700.00   420.00     0.00     0.00     0.00     0.00
  27 	  700.00   420.00     0.00     0.00     0.00     0.00
   	   22.00   -14.00     0.00    90.00
   	   22.00   -14.00     0.00    90.00
  28 	  840.00   420.00     0.00     0.00     0.00     0.00
  28 	  840.00   420.00     0.00     0.00     0.00     0.00
   	   22.00   -14.00     0.00    90.00
   	   22.00   -14.00     0.00    90.00
  29 	  980.00   420.00     0.00     0.00     0.00     0.00
  29 	  980.00   420.00     0.00     0.00     0.00     0.00
   	   22.00   -14.00     0.00    90.00
   	   22.00   -14.00     0.00    90.00
  30 	 1120.00   420.00     0.00     0.00     0.00     0.00
  30 	 1120.00   420.00     0.00     0.00     0.00     0.00
   	   22.00   -14.00     0.00    90.00
   	   22.00   -14.00     0.00    90.00
  31 	 1260.00   420.00     0.00     0.00     0.00     0.00
  31 	 1260.00   420.00     0.00     0.00     0.00     0.00
   	   22.00   -14.00     0.00    90.00
   	   22.00   -14.00     0.00    90.00
  32 	  700.00   560.00     0.00     0.00     0.00     0.00
  32 	  700.00   560.00     0.00     0.00     0.00     0.00
   	   22.00   -14.00     0.00    90.00
   	   22.00   -14.00     0.00    90.00
  33 	  840.00   560.00     0.00     0.00     0.00     0.00
  33 	  840.00   560.00     0.00     0.00     0.00     0.00
   	   22.00   -14.00     0.00    90.00
   	   22.00   -14.00     0.00    90.00
  34 	  980.00   560.00     0.00     0.00     0.00     0.00
  34 	  980.00   560.00     0.00     0.00     0.00     0.00
   	   22.00   -14.00     0.00    90.00
   	   22.00   -14.00     0.00    90.00
  35 	 1120.00   560.00     0.00     0.00     0.00     0.00
  35 	 1120.00   560.00     0.00     0.00     0.00     0.00
   	   22.00   -14.00     0.00    90.00
   	   22.00   -14.00     0.00    90.00
  36 	 1260.00   560.00     0.00     0.00     0.00     0.00
  36 	 1260.00   560.00     0.00     0.00     0.00     0.00
   	   22.00   -14.00     0.00    90.00
   	   22.00   -14.00     0.00    90.00
  37 	  700.00   700.00     0.00     0.00     0.00     0.00
  37 	  700.00   700.00     0.00     0.00     0.00     0.00
   	   22.00   -14.00     0.00    90.00
   	   22.00   -14.00     0.00    90.00
  38 	  840.00   700.00     0.00     0.00     0.00     0.00
  38 	  840.00   700.00     0.00     0.00     0.00     0.00
   	   22.00   -14.00     0.00    90.00
   	   22.00   -14.00     0.00    90.00
  39 	  980.00   700.00     0.00     0.00     0.00     0.00
  39 	  980.00   700.00     0.00     0.00     0.00     0.00
   	   22.00   -14.00     0.00    90.00
   	   22.00   -14.00     0.00    90.00
  40 	 1120.00   700.00     0.00     0.00     0.00     0.00
  40 	 1120.00   700.00     0.00     0.00     0.00     0.00
   	   22.00   -14.00     0.00    90.00
   	   22.00   -14.00     0.00    90.00
  41 	 1260.00   700.00     0.00     0.00     0.00     0.00
  41 	 1260.00   700.00     0.00     0.00     0.00     0.00
   	   22.00   -14.00     0.00    90.00
   	   22.00   -14.00     0.00    90.00
  42 	  700.00   840.00     0.00     0.00     0.00     0.00
  42 	  700.00   840.00     0.00     0.00     0.00     0.00
   	   22.00   -14.00     0.00    90.00
   	   22.00   -14.00     0.00    90.00
  43 	  840.00   840.00     0.00     0.00     0.00     0.00
  43 	  840.00   840.00     0.00     0.00     0.00     0.00
   	   22.00   -14.00     0.00    90.00
   	   22.00   -14.00     0.00    90.00
  44 	  980.00   840.00     0.00     0.00     0.00     0.00
  44 	  980.00   840.00     0.00     0.00     0.00     0.00
   	   22.00   -14.00     0.00    90.00
   	   22.00   -14.00     0.00    90.00
  45 	 1120.00   840.00     0.00     0.00     0.00     0.00
  45 	 1120.00   840.00     0.00     0.00     0.00     0.00
   	   22.00   -14.00     0.00    90.00
   	   22.00   -14.00     0.00    90.00
  46 	 1260.00   840.00     0.00     0.00     0.00     0.00
  46 	 1260.00   840.00     0.00     0.00     0.00     0.00
   	   22.00   -14.00     0.00    90.00
   	   22.00   -14.00     0.00    90.00
  47 	  700.00   980.00     0.00     0.00     0.00     0.00
  47 	  700.00   980.00     0.00     0.00     0.00     0.00
   	   22.00   -14.00     0.00    90.00
   	   22.00   -14.00     0.00    90.00
  48 	  840.00   980.00     0.00     0.00     0.00     0.00
  48 	  840.00   980.00     0.00     0.00     0.00     0.00
   	   22.00   -14.00     0.00    90.00
   	   22.00   -14.00     0.00    90.00
  49 	  980.00   980.00     0.00     0.00     0.00     0.00
  49 	  980.00   980.00     0.00     0.00     0.00     0.00
   	   22.00   -14.00     0.00    90.00
   	   22.00   -14.00     0.00    90.00
  50 	 1120.00   980.00     0.00     0.00     0.00     0.00
  50 	 1120.00   980.00     0.00     0.00     0.00     0.00
   	   22.00   -14.00     0.00    90.00
   	   22.00   -14.00     0.00    90.00
  51 	 1260.00   980.00     0.00     0.00     0.00     0.00
  51 	 1260.00   980.00     0.00     0.00     0.00     0.00
   	   22.00   -14.00     0.00    90.00
   	   22.00   -14.00     0.00    90.00
  52 	   -0.00   560.00     0.00     0.00     0.00     0.00
  52 	   -0.00   560.00     0.00     0.00     0.00     0.00
   	   22.00   -14.00     0.00    90.00
   	   22.00   -14.00     0.00    90.00
  53 	  140.00   560.00     0.00     0.00     0.00     0.00
  53 	  140.00   560.00     0.00     0.00     0.00     0.00
   	   22.00   -14.00     0.00    90.00
   	   22.00   -14.00     0.00    90.00
  54 	  280.00   560.00     0.00     0.00     0.00     0.00
  54 	  280.00   560.00     0.00     0.00     0.00     0.00
   	   22.00   -14.00     0.00    90.00
   	   22.00   -14.00     0.00    90.00
  55 	  420.00   560.00     0.00     0.00     0.00     0.00
  55 	  420.00   560.00     0.00     0.00     0.00     0.00
   	   22.00   -14.00     0.00    90.00
   	   22.00   -14.00     0.00    90.00
  56 	  560.00   560.00     0.00     0.00     0.00     0.00
  56 	  560.00   560.00     0.00     0.00     0.00     0.00
   	   22.00   -14.00     0.00    90.00
   	   22.00   -14.00     0.00    90.00
  57 	   -0.00   700.00     0.00     0.00     0.00     0.00
  57 	   -0.00   700.00     0.00     0.00     0.00     0.00
   	   22.00   -14.00     0.00    90.00
   	   22.00   -14.00     0.00    90.00
  58 	  140.00   700.00     0.00     0.00     0.00     0.00
  58 	  140.00   700.00     0.00     0.00     0.00     0.00
   	   22.00   -14.00     0.00    90.00
   	   22.00   -14.00     0.00    90.00
  59 	  280.00   700.00     0.00     0.00     0.00     0.00
  59 	  280.00   700.00     0.00     0.00     0.00     0.00
   	   22.00   -14.00     0.00    90.00
   	   22.00   -14.00     0.00    90.00
  60 	  420.00   700.00     0.00     0.00     0.00     0.00
  60 	  420.00   700.00     0.00     0.00     0.00     0.00
   	   22.00   -14.00     0.00    90.00
   	   22.00   -14.00     0.00    90.00
  61 	  560.00   700.00     0.00     0.00     0.00     0.00
  61 	  560.00   700.00     0.00     0.00     0.00     0.00
   	   22.00   -14.00     0.00    90.00
   	   22.00   -14.00     0.00    90.00
  62 	   -0.00   840.00     0.00     0.00     0.00     0.00
  62 	   -0.00   840.00     0.00     0.00     0.00     0.00
   	   22.00   -14.00     0.00    90.00
   	   22.00   -14.00     0.00    90.00
  63 	  140.00   840.00     0.00     0.00     0.00     0.00
  63 	  140.00   840.00     0.00     0.00     0.00     0.00
   	   22.00   -14.00     0.00    90.00
   	   22.00   -14.00     0.00    90.00
  64 	  280.00   840.00     0.00     0.00     0.00     0.00
  64 	  280.00   840.00     0.00     0.00     0.00     0.00
   	   22.00   -14.00     0.00    90.00
   	   22.00   -14.00     0.00    90.00
  65 	  420.00   840.00     0.00     0.00     0.00     0.00
  65 	  420.00   840.00     0.00     0.00     0.00     0.00
   	   22.00   -14.00     0.00    90.00
   	   22.00   -14.00     0.00    90.00
  66 	  560.00   840.00     0.00     0.00     0.00     0.00
  66 	  560.00   840.00     0.00     0.00     0.00     0.00
   	   22.00   -14.00     0.00    90.00
   	   22.00   -14.00     0.00    90.00

** End writing output file: ../inputs/gr583.dat 
