*******************************************************************************
                         ARRAY PREPROCESSOR ver. 1.0
*******************************************************************************



   1	GROUP testgroup
   3	 GRID TRIANGULAR
   4	 ELEMENT
   5	 GEOMETRY CIRCULAR 65
   7	 ADD BLOCK -3 -14 -3 2
   9	 GROUP_EXCITATION
  10	 AMPLITUDE UNIFORM 20
  11	 PHASE UNIFORM 107
  12	 END

** WARNING B2: GRID step(s) too small for specified element in GROUP: testgroup
** Generating GROUP: testgroup.
** PSTEP,QSTEP set to:130.000000,130.000000
** Grid ANGLE set to:60.000000 
** Group ROT_ANGLE set to: 0.000000 

** Writing output file: ../inputs/gr588.dat

NEL 
NPORTS
IDUM      REXA     REYA     REZA     THEA     PHEA     PSEA 
          AMP      PSH      PSC      PHEPOL
  17
  17
   1
   1
   1 	-1300.00 -1576.17     0.00     0.00     0.00     0.00
   1 	-1300.00 -1576.17     0.00     0.00     0.00     0.00
   	   20.00   107.00     0.00    90.00
   	   20.00   107.00     0.00    90.00
   2 	-1235.00 -1463.58     0.00     0.00     0.00     0.00
   2 	-1235.00 -1463.58     0.00     0.00     0.00     0.00
   	   20.00   107.00     0.00    90.00
   	   20.00   107.00     0.00    90.00
   3 	-1170.00 -1351.00     0.00     0.00     0.00     0.00
   3 	-1170.00 -1351.00     0.00     0.00     0.00     0.00
   	   20.00   107.00     0.00    90.00
   	   20.00   107.00     0.00    90.00
   4 	-1105.00 -1238.42     0.00     0.00     0.00     0.00
   4 	-1105.00 -1238.42     0.00     0.00     0.00     0.00
   	   20.00   107.00     0.00    90.00
   	   20.00   107.00     0.00    90.00
   5 	-1040.00 -1125.83     0.00     0.00     0.00     0.00
   5 	-1040.00 -1125.83     0.00     0.00     0.00     0.00
   	   20.00   107.00     0.00    90.00
   	   20.00   107.00     0.00    90.00
   6 	 -975.00 -1013.25     0.00     0.00     0.00     0.00
   6 	 -975.00 -1013.25     0.00     0.00     0.00     0.00
   	   20.00   107.00     0.00    90.00
   	   20.00   107.00     0.00    90.00
   7 	 -910.00  -900.67     0.00     0.00     0.00     0.00
   7 	 -910.00  -900.67     0.00     0.00     0.00     0.00
   	   20.00   107.00     0.00    90.00
   	   20.00   107.00     0.00    90.00
   8 	 -845.00  -788.08     0.00     0.00     0.00     0.00
   8 	 -845.00  -788.08     0.00     0.00     0.00     0.00
   	   20.00   107.00     0.00    90.00
   	   20.00   107.00     0.00    90.00
   9 	 -780.00  -675.50     0.00     0.00     0.00     0.00
   9 	 -780.00  -675.50     0.00     0.00     0.00     0.00
   	   20.00   107.00     0.00    90.00
   	   20.00   107.00     0.00    90.00
  10 	 -715.00  -562.92     0.00     0.00     0.00     0.00
  10 	 -715.00  -562.92     0.00     0.00     0.00     0.00
   	   20.00   107.00     0.00    90.00
   	   20.00   107.00     0.00    90.00
  11 	 -650.00  -450.33     0.00     0.00     0.00     0.00
  11 	 -650.00  -450.33     0.00     0.00     0.00     0.00
   	   20.00   107.00     0.00    90.00
   	   20.00   107.00     0.00    90.00
  12 	 -585.00  -337.75     0.00     0.00     0.00     0.00
  12 	 -585.00  -337.75     0.00     0.00     0.00     0.00
   	   20.00   107.00     0.00    90.00
   	   20.00   107.00     0.00    90.00
  13 	 -520.00  -225.17     0.00     0.00     0.00     0.00
  13 	 -520.00  -225.17     0.00     0.00     0.00     0.00
   	   20.00   107.00     0.00    90.00
   	   20.00   107.00     0.00    90.00
  14 	 -455.00  -112.58     0.00     0.00     0.00     0.00
  14 	 -455.00  -112.58     0.00     0.00     0.00     0.00
   	   20.00   107.00     0.00    90.00
   	   20.00   107.00     0.00    90.00
  15 	 -390.00     0.00     0.00     0.00     0.00     0.00
  15 	 -390.00     0.00     0.00     0.00     0.00     0.00
   	   20.00   107.00     0.00    90.00
   	   20.00   107.00     0.00    90.00
  16 	 -325.00   112.58     0.00     0.00     0.00     0.00
  16 	 -325.00   112.58     0.00     0.00     0.00     0.00
   	   20.00   107.00     0.00    90.00
   	   20.00   107.00     0.00    90.00
  17 	 -260.00   225.17     0.00     0.00     0.00     0.00
  17 	 -260.00   225.17     0.00     0.00     0.00     0.00
   	   20.00   107.00     0.00    90.00
   	   20.00   107.00     0.00    90.00

** End writing output file: ../inputs/gr588.dat 
