*******************************************************************************
                         ARRAY PREPROCESSOR ver. 1.0
*******************************************************************************



   1	GROUP testgroup
   3	 GRID SQUARE
   4	 ELEMENT
   5	 GEOMETRY CIRCULAR RADIUS 74
   6	 POLARIZATION CIRCULAR
   7	 ADD BLOCK -4 -5 -6 3
   8	 ADD BLOCK 3 1 3 -3
   9	 ADD BLOCK 0 -1 5 9
  11	 GROUP_EXCITATION
  12	 AMPLITUDE UNIFORM 25
  13	 PHASE UNIFORM 186
  14	 END

** Generating GROUP: testgroup.
** PSTEP,QSTEP set to:148.000000,148.000000
** Grid ANGLE set to:90.000000 
** Group ROT_ANGLE set to: 0.000000 

** Writing output file: ../inputs/gr589.dat

NEL 
NPORTS
IDUM      REXA     REYA     REZA     THEA     PHEA     PSEA 
          AMP      PSH      PSC      PHEPOL
  98
  98
   1
   1
   1 	 -888.00  -740.00     0.00     0.00     0.00     0.00
   1 	 -888.00  -740.00     0.00     0.00     0.00     0.00
   	   25.00   186.00     0.00    90.00
   	   25.00   186.00     0.00    90.00
   2 	 -740.00  -740.00     0.00     0.00     0.00     0.00
   2 	 -740.00  -740.00     0.00     0.00     0.00     0.00
   	   25.00   186.00     0.00    90.00
   	   25.00   186.00     0.00    90.00
   3 	 -592.00  -740.00     0.00     0.00     0.00     0.00
   3 	 -592.00  -740.00     0.00     0.00     0.00     0.00
   	   25.00   186.00     0.00    90.00
   	   25.00   186.00     0.00    90.00
   4 	 -888.00  -592.00     0.00     0.00     0.00     0.00
   4 	 -888.00  -592.00     0.00     0.00     0.00     0.00
   	   25.00   186.00     0.00    90.00
   	   25.00   186.00     0.00    90.00
   5 	 -740.00  -592.00     0.00     0.00     0.00     0.00
   5 	 -740.00  -592.00     0.00     0.00     0.00     0.00
   	   25.00   186.00     0.00    90.00
   	   25.00   186.00     0.00    90.00
   6 	 -592.00  -592.00     0.00     0.00     0.00     0.00
   6 	 -592.00  -592.00     0.00     0.00     0.00     0.00
   	   25.00   186.00     0.00    90.00
   	   25.00   186.00     0.00    90.00
   7 	 -888.00  -444.00     0.00     0.00     0.00     0.00
   7 	 -888.00  -444.00     0.00     0.00     0.00     0.00
   	   25.00   186.00     0.00    90.00
   	   25.00   186.00     0.00    90.00
   8 	 -740.00  -444.00     0.00     0.00     0.00     0.00
   8 	 -740.00  -444.00     0.00     0.00     0.00     0.00
   	   25.00   186.00     0.00    90.00
   	   25.00   186.00     0.00    90.00
   9 	 -592.00  -444.00     0.00     0.00     0.00     0.00
   9 	 -592.00  -444.00     0.00     0.00     0.00     0.00
   	   25.00   186.00     0.00    90.00
   	   25.00   186.00     0.00    90.00
  10 	 -888.00  -296.00     0.00     0.00     0.00     0.00
  10 	 -888.00  -296.00     0.00     0.00     0.00     0.00
   	   25.00   186.00     0.00    90.00
   	   25.00   186.00     0.00    90.00
  11 	 -740.00  -296.00     0.00     0.00     0.00     0.00
  11 	 -740.00  -296.00     0.00     0.00     0.00     0.00
   	   25.00   186.00     0.00    90.00
   	   25.00   186.00     0.00    90.00
  12 	 -592.00  -296.00     0.00     0.00     0.00     0.00
  12 	 -592.00  -296.00     0.00     0.00     0.00     0.00
   	   25.00   186.00     0.00    90.00
   	   25.00   186.00     0.00    90.00
  13 	 -888.00  -148.00     0.00     0.00     0.00     0.00
  13 	 -888.00  -148.00     0.00     0.00     0.00     0.00
   	   25.00   186.00     0.00    90.00
   	   25.00   186.00     0.00    90.00
  14 	 -740.00  -148.00     0.00     0.00     0.00     0.00
  14 	 -740.00  -148.00     0.00     0.00     0.00     0.00
   	   25.00   186.00     0.00    90.00
   	   25.00   186.00     0.00    90.00
  15 	 -592.00  -148.00     0.00     0.00     0.00     0.00
  15 	 -592.00  -148.00     0.00     0.00     0.00     0.00
   	   25.00   186.00     0.00    90.00
   	   25.00   186.00     0.00    90.00
  16 	 -888.00     0.00     0.00     0.00     0.00     0.00
  16 	 -888.00     0.00     0.00     0.00     0.00     0.00
   	   25.00   186.00     0.00    90.00
   	   25.00   186.00     0.00    90.00
  17 	 -740.00     0.00     0.00     0.00     0.00     0.00
  17 	 -740.00     0.00     0.00     0.00     0.00     0.00
   	   25.00   186.00     0.00    90.00
   	   25.00   186.00     0.00    90.00
  18 	 -592.00     0.00     0.00     0.00     0.00     0.00
  18 	 -592.00     0.00     0.00     0.00     0.00     0.00
   	   25.00   186.00     0.00    90.00
   	   25.00   186.00     0.00    90.00
  19 	 -888.00   148.00     0.00     0.00     0.00     0.00
  19 	 -888.00   148.00     0.00     0.00     0.00     0.00
   	   25.00   186.00     0.00    90.00
   	   25.00   186.00     0.00    90.00
  20 	 -740.00   148.00     0.00     0.00     0.00     0.00
  20 	 -740.00   148.00     0.00     0.00     0.00     0.00
   	   25.00   186.00     0.00    90.00
   	   25.00   186.00     0.00    90.00
  21 	 -592.00   148.00     0.00     0.00     0.00     0.00
  21 	 -592.00   148.00     0.00     0.00     0.00     0.00
   	   25.00   186.00     0.00    90.00
   	   25.00   186.00     0.00    90.00
  22 	 -888.00   296.00     0.00     0.00     0.00     0.00
  22 	 -888.00   296.00     0.00     0.00     0.00     0.00
   	   25.00   186.00     0.00    90.00
   	   25.00   186.00     0.00    90.00
  23 	 -740.00   296.00     0.00     0.00     0.00     0.00
  23 	 -740.00   296.00     0.00     0.00     0.00     0.00
   	   25.00   186.00     0.00    90.00
   	   25.00   186.00     0.00    90.00
  24 	 -592.00   296.00     0.00     0.00     0.00     0.00
  24 	 -592.00   296.00     0.00     0.00     0.00     0.00
   	   25.00   186.00     0.00    90.00
   	   25.00   186.00     0.00    90.00
  25 	 -888.00   444.00     0.00     0.00     0.00     0.00
  25 	 -888.00   444.00     0.00     0.00     0.00     0.00
   	   25.00   186.00     0.00    90.00
   	   25.00   186.00     0.00    90.00
  26 	 -740.00   444.00     0.00     0.00     0.00     0.00
  26 	 -740.00   444.00     0.00     0.00     0.00     0.00
   	   25.00   186.00     0.00    90.00
   	   25.00   186.00     0.00    90.00
  27 	 -592.00   444.00     0.00     0.00     0.00     0.00
  27 	 -592.00   444.00     0.00     0.00     0.00     0.00
   	   25.00   186.00     0.00    90.00
   	   25.00   186.00     0.00    90.00
  28 	  444.00  -444.00     0.00     0.00     0.00     0.00
  28 	  444.00  -444.00     0.00     0.00     0.00     0.00
   	   25.00   186.00     0.00    90.00
   	   25.00   186.00     0.00    90.00
  29 	  444.00  -296.00     0.00     0.00     0.00     0.00
  29 	  444.00  -296.00     0.00     0.00     0.00     0.00
   	   25.00   186.00     0.00    90.00
   	   25.00   186.00     0.00    90.00
  30 	  444.00  -148.00     0.00     0.00     0.00     0.00
  30 	  444.00  -148.00     0.00     0.00     0.00     0.00
   	   25.00   186.00     0.00    90.00
   	   25.00   186.00     0.00    90.00
  31 	  444.00     0.00     0.00     0.00     0.00     0.00
  31 	  444.00     0.00     0.00     0.00     0.00     0.00
   	   25.00   186.00     0.00    90.00
   	   25.00   186.00     0.00    90.00
  32 	  444.00   148.00     0.00     0.00     0.00     0.00
  32 	  444.00   148.00     0.00     0.00     0.00     0.00
   	   25.00   186.00     0.00    90.00
   	   25.00   186.00     0.00    90.00
  33 	    0.00  -148.00     0.00     0.00     0.00     0.00
  33 	    0.00  -148.00     0.00     0.00     0.00     0.00
   	   25.00   186.00     0.00    90.00
   	   25.00   186.00     0.00    90.00
  34 	  148.00  -148.00     0.00     0.00     0.00     0.00
  34 	  148.00  -148.00     0.00     0.00     0.00     0.00
   	   25.00   186.00     0.00    90.00
   	   25.00   186.00     0.00    90.00
  35 	  296.00  -148.00     0.00     0.00     0.00     0.00
  35 	  296.00  -148.00     0.00     0.00     0.00     0.00
   	   25.00   186.00     0.00    90.00
   	   25.00   186.00     0.00    90.00
  36 	  444.00  -148.00     0.00     0.00     0.00     0.00
  36 	  444.00  -148.00     0.00     0.00     0.00     0.00
   	   25.00   186.00     0.00    90.00
   	   25.00   186.00     0.00    90.00
  37 	  592.00  -148.00     0.00     0.00     0.00     0.00
  37 	  592.00  -148.00     0.00     0.00     0.00     0.00
   	   25.00   186.00     0.00    90.00
   	   25.00   186.00     0.00    90.00
  38 	  740.00  -148.00     0.00     0.00     0.00     0.00
  38 	  740.00  -148.00     0.00     0.00     0.00     0.00
   	   25.00   186.00     0.00    90.00
   	   25.00   186.00     0.00    90.00
  39 	    0.00     0.00     0.00     0.00     0.00     0.00
  39 	    0.00     0.00     0.00     0.00     0.00     0.00
   	   25.00   186.00     0.00    90.00
   	   25.00   186.00     0.00    90.00
  40 	  148.00     0.00     0.00     0.00     0.00     0.00
  40 	  148.00     0.00     0.00     0.00     0.00     0.00
   	   25.00   186.00     0.00    90.00
   	   25.00   186.00     0.00    90.00
  41 	  296.00     0.00     0.00     0.00     0.00     0.00
  41 	  296.00     0.00     0.00     0.00     0.00     0.00
   	   25.00   186.00     0.00    90.00
   	   25.00   186.00     0.00    90.00
  42 	  444.00     0.00     0.00     0.00     0.00     0.00
  42 	  444.00     0.00     0.00     0.00     0.00     0.00
   	   25.00   186.00     0.00    90.00
   	   25.00   186.00     0.00    90.00
  43 	  592.00     0.00     0.00     0.00     0.00     0.00
  43 	  592.00     0.00     0.00     0.00     0.00     0.00
   	   25.00   186.00     0.00    90.00
   	   25.00   186.00     0.00    90.00
  44 	  740.00     0.00     0.00     0.00     0.00     0.00
  44 	  740.00     0.00     0.00     0.00     0.00     0.00
   	   25.00   186.00     0.00    90.00
   	   25.00   186.00     0.00    90.00
  45 	   -0.00   148.00     0.00     0.00     0.00     0.00
  45 	   -0.00   148.00     0.00     0.00     0.00     0.00
   	   25.00   186.00     0.00    90.00
   	   25.00   186.00     0.00    90.00
  46 	  148.00   148.00     0.00     0.00     0.00     0.00
  46 	  148.00   148.00     0.00     0.00     0.00     0.00
   	   25.00   186.00     0.00    90.00
   	   25.00   186.00     0.00    90.00
  47 	  296.00   148.00     0.00     0.00     0.00     0.00
  47 	  296.00   148.00     0.00     0.00     0.00     0.00
   	   25.00   186.00     0.00    90.00
   	   25.00   186.00     0.00    90.00
  48 	  444.00   148.00     0.00     0.00     0.00     0.00
  48 	  444.00   148.00     0.00     0.00     0.00     0.00
   	   25.00   186.00     0.00    90.00
   	   25.00   186.00     0.00    90.00
  49 	  592.00   148.00     0.00     0.00     0.00     0.00
  49 	  592.00   148.00     0.00     0.00     0.00     0.00
   	   25.00   186.00     0.00    90.00
   	   25.00   186.00     0.00    90.00
  50 	  740.00   148.00     0.00     0.00     0.00     0.00
  50 	  740.00   148.00     0.00     0.00     0.00     0.00
   	   25.00   186.00     0.00    90.00
   	   25.00   186.00     0.00    90.00
  51 	   -0.00   296.00     0.00     0.00     0.00     0.00
  51 	   -0.00   296.00     0.00     0.00     0.00     0.00
   	   25.00   186.00     0.00    90.00
   	   25.00   186.00     0.00    90.00
  52 	  148.00   296.00     0.00     0.00     0.00     0.00
  52 	  148.00   296.00     0.00     0.00     0.00     0.00
   	   25.00   186.00     0.00    90.00
   	   25.00   186.00     0.00    90.00
  53 	  296.00   296.00     0.00     0.00     0.00     0.00
  53 	  296.00   296.00     0.00     0.00     0.00     0.00
   	   25.00   186.00     0.00    90.00
   	   25.00   186.00     0.00    90.00
  54 	  444.00   296.00     0.00     0.00     0.00     0.00
  54 	  444.00   296.00     0.00     0.00     0.00     0.00
   	   25.00   186.00     0.00    90.00
   	   25.00   186.00     0.00    90.00
  55 	  592.00   296.00     0.00     0.00     0.00     0.00
  55 	  592.00   296.00     0.00     0.00     0.00     0.00
   	   25.00   186.00     0.00    90.00
   	   25.00   186.00     0.00    90.00
  56 	  740.00   296.00     0.00     0.00     0.00     0.00
  56 	  740.00   296.00     0.00     0.00     0.00     0.00
   	   25.00   186.00     0.00    90.00
   	   25.00   186.00     0.00    90.00
  57 	   -0.00   444.00     0.00     0.00     0.00     0.00
  57 	   -0.00   444.00     0.00     0.00     0.00     0.00
   	   25.00   186.00     0.00    90.00
   	   25.00   186.00     0.00    90.00
  58 	  148.00   444.00     0.00     0.00     0.00     0.00
  58 	  148.00   444.00     0.00     0.00     0.00     0.00
   	   25.00   186.00     0.00    90.00
   	   25.00   186.00     0.00    90.00
  59 	  296.00   444.00     0.00     0.00     0.00     0.00
  59 	  296.00   444.00     0.00     0.00     0.00     0.00
   	   25.00   186.00     0.00    90.00
   	   25.00   186.00     0.00    90.00
  60 	  444.00   444.00     0.00     0.00     0.00     0.00
  60 	  444.00   444.00     0.00     0.00     0.00     0.00
   	   25.00   186.00     0.00    90.00
   	   25.00   186.00     0.00    90.00
  61 	  592.00   444.00     0.00     0.00     0.00     0.00
  61 	  592.00   444.00     0.00     0.00     0.00     0.00
   	   25.00   186.00     0.00    90.00
   	   25.00   186.00     0.00    90.00
  62 	  740.00   444.00     0.00     0.00     0.00     0.00
  62 	  740.00   444.00     0.00     0.00     0.00     0.00
   	   25.00   186.00     0.00    90.00
   	   25.00   186.00     0.00    90.00
  63 	   -0.00   592.00     0.00     0.00     0.00     0.00
  63 	   -0.00   592.00     0.00     0.00     0.00     0.00
   	   25.00   186.00     0.00    90.00
   	   25.00   186.00     0.00    90.00
  64 	  148.00   592.00     0.00     0.00     0.00     0.00
  64 	  148.00   592.00     0.00     0.00     0.00     0.00
   	   25.00   186.00     0.00    90.00
   	   25.00   186.00     0.00    90.00
  65 	  296.00   592.00     0.00     0.00     0.00     0.00
  65 	  296.00   592.00     0.00     0.00     0.00     0.00
   	   25.00   186.00     0.00    90.00
   	   25.00   186.00     0.00    90.00
  66 	  444.00   592.00     0.00     0.00     0.00     0.00
  66 	  444.00   592.00     0.00     0.00     0.00     0.00
   	   25.00   186.00     0.00    90.00
   	   25.00   186.00     0.00    90.00
  67 	  592.00   592.00     0.00     0.00     0.00     0.00
  67 	  592.00   592.00     0.00     0.00     0.00     0.00
   	   25.00   186.00     0.00    90.00
   	   25.00   186.00     0.00    90.00
  68 	  740.00   592.00     0.00     0.00     0.00     0.00
  68 	  740.00   592.00     0.00     0.00     0.00     0.00
   	   25.00   186.00     0.00    90.00
   	   25.00   186.00     0.00    90.00
  69 	   -0.00   740.00     0.00     0.00     0.00     0.00
  69 	   -0.00   740.00     0.00     0.00     0.00     0.00
   	   25.00   186.00     0.00    90.00
   	   25.00   186.00     0.00    90.00
  70 	  148.00   740.00     0.00     0.00     0.00     0.00
  70 	  148.00   740.00     0.00     0.00     0.00     0.00
   	   25.00   186.00     0.00    90.00
   	   25.00   186.00     0.00    90.00
  71 	  296.00   740.00     0.00     0.00     0.00     0.00
  71 	  296.00   740.00     0.00     0.00     0.00     0.00
   	   25.00   186.00     0.00    90.00
   	   25.00   186.00     0.00    90.00
  72 	  444.00   740.00     0.00     0.00     0.00     0.00
  72 	  444.00   740.00     0.00     0.00     0.00     0.00
   	   25.00   186.00     0.00    90.00
   	   25.00   186.00     0.00    90.00
  73 	  592.00   740.00     0.00     0.00     0.00     0.00
  73 	  592.00   740.00     0.00     0.00     0.00     0.00
   	   25.00   186.00     0.00    90.00
   	   25.00   186.00     0.00    90.00
  74 	  740.00   740.00     0.00     0.00     0.00     0.00
  74 	  740.00   740.00     0.00     0.00     0.00     0.00
   	   25.00   186.00     0.00    90.00
   	   25.00   186.00     0.00    90.00
  75 	   -0.00   888.00     0.00     0.00     0.00     0.00
  75 	   -0.00   888.00     0.00     0.00     0.00     0.00
   	   25.00   186.00     0.00    90.00
   	   25.00   186.00     0.00    90.00
  76 	  148.00   888.00     0.00     0.00     0.00     0.00
  76 	  148.00   888.00     0.00     0.00     0.00     0.00
   	   25.00   186.00     0.00    90.00
   	   25.00   186.00     0.00    90.00
  77 	  296.00   888.00     0.00     0.00     0.00     0.00
  77 	  296.00   888.00     0.00     0.00     0.00     0.00
   	   25.00   186.00     0.00    90.00
   	   25.00   186.00     0.00    90.00
  78 	  444.00   888.00     0.00     0.00     0.00     0.00
  78 	  444.00   888.00     0.00     0.00     0.00     0.00
   	   25.00   186.00     0.00    90.00
   	   25.00   186.00     0.00    90.00
  79 	  592.00   888.00     0.00     0.00     0.00     0.00
  79 	  592.00   888.00     0.00     0.00     0.00     0.00
   	   25.00   186.00     0.00    90.00
   	   25.00   186.00     0.00    90.00
  80 	  740.00   888.00     0.00     0.00     0.00     0.00
  80 	  740.00   888.00     0.00     0.00     0.00     0.00
   	   25.00   186.00     0.00    90.00
   	   25.00   186.00     0.00    90.00
  81 	   -0.00  1036.00     0.00     0.00     0.00     0.00
  81 	   -0.00  1036.00     0.00     0.00     0.00     0.00
   	   25.00   186.00     0.00    90.00
   	   25.00   186.00     0.00    90.00
  82 	  148.00  1036.00     0.00     0.00     0.00     0.00
  82 	  148.00  1036.00     0.00     0.00     0.00     0.00
   	   25.00   186.00     0.00    90.00
   	   25.00   186.00     0.00    90.00
  83 	  296.00  1036.00     0.00     0.00     0.00     0.00
  83 	  296.00  1036.00     0.00     0.00     0.00     0.00
   	   25.00   186.00     0.00    90.00
   	   25.00   186.00     0.00    90.00
  84 	  444.00  1036.00     0.00     0.00     0.00     0.00
  84 	  444.00  1036.00     0.00     0.00     0.00     0.00
   	   25.00   186.00     0.00    90.00
   	   25.00   186.00     0.00    90.00
  85 	  592.00  1036.00     0.00     0.00     0.00     0.00
  85 	  592.00  1036.00     0.00     0.00     0.00     0.00
   	   25.00   186.00     0.00    90.00
   	   25.00   186.00     0.00    90.00
  86 	  740.00  1036.00     0.00     0.00     0.00     0.00
  86 	  740.00  1036.00     0.00     0.00     0.00     0.00
   	   25.00   186.00     0.00    90.00
   	   25.00   186.00     0.00    90.00
  87 	   -0.00  1184.00     0.00     0.00     0.00     0.00
  87 	   -0.00  1184.00     0.00     0.00     0.00     0.00
   	   25.00   186.00     0.00    90.00
   	   25.00   186.00     0.00    90.00
  88 	  148.00  1184.00     0.00     0.00     0.00     0.00
  88 	  148.00  1184.00     0.00     0.00     0.00     0.00
   	   25.00   186.00     0.00    90.00
   	   25.00   186.00     0.00    90.00
  89 	  296.00  1184.00     0.00     0.00     0.00     0.00
  89 	  296.00  1184.00     0.00     0.00     0.00     0.00
   	   25.00   186.00     0.00    90.00
   	   25.00   186.00     0.00    90.00
  90 	  444.00  1184.00     0.00     0.00     0.00     0.00
  90 	  444.00  1184.00     0.00     0.00     0.00     0.00
   	   25.00   186.00     0.00    90.00
   	   25.00   186.00     0.00    90.00
  91 	  592.00  1184.00     0.00     0.00     0.00     0.00
  91 	  592.00  1184.00     0.00     0.00     0.00     0.00
   	   25.00   186.00     0.00    90.00
   	   25.00   186.00     0.00    90.00
  92 	  740.00  1184.00     0.00     0.00     0.00     0.00
  92 	  740.00  1184.00     0.00     0.00     0.00     0.00
   	   25.00   186.00     0.00    90.00
   	   25.00   186.00     0.00    90.00
  93 	   -0.00  1332.00     0.00     0.00     0.00     0.00
  93 	   -0.00  1332.00     0.00     0.00     0.00     0.00
   	   25.00   186.00     0.00    90.00
   	   25.00   186.00     0.00    90.00
  94 	  148.00  1332.00     0.00     0.00     0.00     0.00
  94 	  148.00  1332.00     0.00     0.00     0.00     0.00
   	   25.00   186.00     0.00    90.00
   	   25.00   186.00     0.00    90.00
  95 	  296.00  1332.00     0.00     0.00     0.00     0.00
  95 	  296.00  1332.00     0.00     0.00     0.00     0.00
   	   25.00   186.00     0.00    90.00
   	   25.00   186.00     0.00    90.00
  96 	  444.00  1332.00     0.00     0.00     0.00     0.00
  96 	  444.00  1332.00     0.00     0.00     0.00     0.00
   	   25.00   186.00     0.00    90.00
   	   25.00   186.00     0.00    90.00
  97 	  592.00  1332.00     0.00     0.00     0.00     0.00
  97 	  592.00  1332.00     0.00     0.00     0.00     0.00
   	   25.00   186.00     0.00    90.00
   	   25.00   186.00     0.00    90.00
  98 	  740.00  1332.00     0.00     0.00     0.00     0.00
  98 	  740.00  1332.00     0.00     0.00     0.00     0.00
   	   25.00   186.00     0.00    90.00
   	   25.00   186.00     0.00    90.00

** End writing output file: ../inputs/gr589.dat 
