*******************************************************************************
                         ARRAY PREPROCESSOR ver. 1.0
*******************************************************************************



   1	GROUP testgroup
   3	 GRID RECTANGULAR
   4	 ELEMENT
   5	 GEOMETRY CIRCULAR RADIUS 63
   6	 POLARIZATION CIRCULAR
   7	 ADD BLOCK -6 5 2 0
   8	 ADD NODE -2 -2
   9	 ADD BLOCK 6 0 1 -6
  11	 GROUP_EXCITATION
  12	 AMPLITUDE UNIFORM 31
  13	 PHASE UNIFORM 105
  14	 END

** Generating GROUP: testgroup.
** PSTEP,QSTEP set to:126.000000,126.000000
** Grid ANGLE set to:90.000000 
** Group ROT_ANGLE set to: 0.000000 

** Writing output file: ../inputs/gr591.dat

NEL 
NPORTS
IDUM      REXA     REYA     REZA     THEA     PHEA     PSEA 
          AMP      PSH      PSC      PHEPOL
  97
  97
   1
   1
   1 	 -756.00     0.00     0.00     0.00     0.00     0.00
   1 	 -756.00     0.00     0.00     0.00     0.00     0.00
   	   31.00   105.00     0.00    90.00
   	   31.00   105.00     0.00    90.00
   2 	 -630.00     0.00     0.00     0.00     0.00     0.00
   2 	 -630.00     0.00     0.00     0.00     0.00     0.00
   	   31.00   105.00     0.00    90.00
   	   31.00   105.00     0.00    90.00
   3 	 -504.00     0.00     0.00     0.00     0.00     0.00
   3 	 -504.00     0.00     0.00     0.00     0.00     0.00
   	   31.00   105.00     0.00    90.00
   	   31.00   105.00     0.00    90.00
   4 	 -378.00     0.00     0.00     0.00     0.00     0.00
   4 	 -378.00     0.00     0.00     0.00     0.00     0.00
   	   31.00   105.00     0.00    90.00
   	   31.00   105.00     0.00    90.00
   5 	 -252.00     0.00     0.00     0.00     0.00     0.00
   5 	 -252.00     0.00     0.00     0.00     0.00     0.00
   	   31.00   105.00     0.00    90.00
   	   31.00   105.00     0.00    90.00
   6 	 -126.00     0.00     0.00     0.00     0.00     0.00
   6 	 -126.00     0.00     0.00     0.00     0.00     0.00
   	   31.00   105.00     0.00    90.00
   	   31.00   105.00     0.00    90.00
   7 	    0.00     0.00     0.00     0.00     0.00     0.00
   7 	    0.00     0.00     0.00     0.00     0.00     0.00
   	   31.00   105.00     0.00    90.00
   	   31.00   105.00     0.00    90.00
   8 	  126.00     0.00     0.00     0.00     0.00     0.00
   8 	  126.00     0.00     0.00     0.00     0.00     0.00
   	   31.00   105.00     0.00    90.00
   	   31.00   105.00     0.00    90.00
   9 	  252.00     0.00     0.00     0.00     0.00     0.00
   9 	  252.00     0.00     0.00     0.00     0.00     0.00
   	   31.00   105.00     0.00    90.00
   	   31.00   105.00     0.00    90.00
  10 	 -756.00   126.00     0.00     0.00     0.00     0.00
  10 	 -756.00   126.00     0.00     0.00     0.00     0.00
   	   31.00   105.00     0.00    90.00
   	   31.00   105.00     0.00    90.00
  11 	 -630.00   126.00     0.00     0.00     0.00     0.00
  11 	 -630.00   126.00     0.00     0.00     0.00     0.00
   	   31.00   105.00     0.00    90.00
   	   31.00   105.00     0.00    90.00
  12 	 -504.00   126.00     0.00     0.00     0.00     0.00
  12 	 -504.00   126.00     0.00     0.00     0.00     0.00
   	   31.00   105.00     0.00    90.00
   	   31.00   105.00     0.00    90.00
  13 	 -378.00   126.00     0.00     0.00     0.00     0.00
  13 	 -378.00   126.00     0.00     0.00     0.00     0.00
   	   31.00   105.00     0.00    90.00
   	   31.00   105.00     0.00    90.00
  14 	 -252.00   126.00     0.00     0.00     0.00     0.00
  14 	 -252.00   126.00     0.00     0.00     0.00     0.00
   	   31.00   105.00     0.00    90.00
   	   31.00   105.00     0.00    90.00
  15 	 -126.00   126.00     0.00     0.00     0.00     0.00
  15 	 -126.00   126.00     0.00     0.00     0.00     0.00
   	   31.00   105.00     0.00    90.00
   	   31.00   105.00     0.00    90.00
  16 	   -0.00   126.00     0.00     0.00     0.00     0.00
  16 	   -0.00   126.00     0.00     0.00     0.00     0.00
   	   31.00   105.00     0.00    90.00
   	   31.00   105.00     0.00    90.00
  17 	  126.00   126.00     0.00     0.00     0.00     0.00
  17 	  126.00   126.00     0.00     0.00     0.00     0.00
   	   31.00   105.00     0.00    90.00
   	   31.00   105.00     0.00    90.00
  18 	  252.00   126.00     0.00     0.00     0.00     0.00
  18 	  252.00   126.00     0.00     0.00     0.00     0.00
   	   31.00   105.00     0.00    90.00
   	   31.00   105.00     0.00    90.00
  19 	 -756.00   252.00     0.00     0.00     0.00     0.00
  19 	 -756.00   252.00     0.00     0.00     0.00     0.00
   	   31.00   105.00     0.00    90.00
   	   31.00   105.00     0.00    90.00
  20 	 -630.00   252.00     0.00     0.00     0.00     0.00
  20 	 -630.00   252.00     0.00     0.00     0.00     0.00
   	   31.00   105.00     0.00    90.00
   	   31.00   105.00     0.00    90.00
  21 	 -504.00   252.00     0.00     0.00     0.00     0.00
  21 	 -504.00   252.00     0.00     0.00     0.00     0.00
   	   31.00   105.00     0.00    90.00
   	   31.00   105.00     0.00    90.00
  22 	 -378.00   252.00     0.00     0.00     0.00     0.00
  22 	 -378.00   252.00     0.00     0.00     0.00     0.00
   	   31.00   105.00     0.00    90.00
   	   31.00   105.00     0.00    90.00
  23 	 -252.00   252.00     0.00     0.00     0.00     0.00
  23 	 -252.00   252.00     0.00     0.00     0.00     0.00
   	   31.00   105.00     0.00    90.00
   	   31.00   105.00     0.00    90.00
  24 	 -126.00   252.00     0.00     0.00     0.00     0.00
  24 	 -126.00   252.00     0.00     0.00     0.00     0.00
   	   31.00   105.00     0.00    90.00
   	   31.00   105.00     0.00    90.00
  25 	   -0.00   252.00     0.00     0.00     0.00     0.00
  25 	   -0.00   252.00     0.00     0.00     0.00     0.00
   	   31.00   105.00     0.00    90.00
   	   31.00   105.00     0.00    90.00
  26 	  126.00   252.00     0.00     0.00     0.00     0.00
  26 	  126.00   252.00     0.00     0.00     0.00     0.00
   	   31.00   105.00     0.00    90.00
   	   31.00   105.00     0.00    90.00
  27 	  252.00   252.00     0.00     0.00     0.00     0.00
  27 	  252.00   252.00     0.00     0.00     0.00     0.00
   	   31.00   105.00     0.00    90.00
   	   31.00   105.00     0.00    90.00
  28 	 -756.00   378.00     0.00     0.00     0.00     0.00
  28 	 -756.00   378.00     0.00     0.00     0.00     0.00
   	   31.00   105.00     0.00    90.00
   	   31.00   105.00     0.00    90.00
  29 	 -630.00   378.00     0.00     0.00     0.00     0.00
  29 	 -630.00   378.00     0.00     0.00     0.00     0.00
   	   31.00   105.00     0.00    90.00
   	   31.00   105.00     0.00    90.00
  30 	 -504.00   378.00     0.00     0.00     0.00     0.00
  30 	 -504.00   378.00     0.00     0.00     0.00     0.00
   	   31.00   105.00     0.00    90.00
   	   31.00   105.00     0.00    90.00
  31 	 -378.00   378.00     0.00     0.00     0.00     0.00
  31 	 -378.00   378.00     0.00     0.00     0.00     0.00
   	   31.00   105.00     0.00    90.00
   	   31.00   105.00     0.00    90.00
  32 	 -252.00   378.00     0.00     0.00     0.00     0.00
  32 	 -252.00   378.00     0.00     0.00     0.00     0.00
   	   31.00   105.00     0.00    90.00
   	   31.00   105.00     0.00    90.00
  33 	 -126.00   378.00     0.00     0.00     0.00     0.00
  33 	 -126.00   378.00     0.00     0.00     0.00     0.00
   	   31.00   105.00     0.00    90.00
   	   31.00   105.00     0.00    90.00
  34 	   -0.00   378.00     0.00     0.00     0.00     0.00
  34 	   -0.00   378.00     0.00     0.00     0.00     0.00
   	   31.00   105.00     0.00    90.00
   	   31.00   105.00     0.00    90.00
  35 	  126.00   378.00     0.00     0.00     0.00     0.00
  35 	  126.00   378.00     0.00     0.00     0.00     0.00
   	   31.00   105.00     0.00    90.00
   	   31.00   105.00     0.00    90.00
  36 	  252.00   378.00     0.00     0.00     0.00     0.00
  36 	  252.00   378.00     0.00     0.00     0.00     0.00
   	   31.00   105.00     0.00    90.00
   	   31.00   105.00     0.00    90.00
  37 	 -756.00   504.00     0.00     0.00     0.00     0.00
  37 	 -756.00   504.00     0.00     0.00     0.00     0.00
   	   31.00   105.00     0.00    90.00
   	   31.00   105.00     0.00    90.00
  38 	 -630.00   504.00     0.00     0.00     0.00     0.00
  38 	 -630.00   504.00     0.00     0.00     0.00     0.00
   	   31.00   105.00     0.00    90.00
   	   31.00   105.00     0.00    90.00
  39 	 -504.00   504.00     0.00     0.00     0.00     0.00
  39 	 -504.00   504.00     0.00     0.00     0.00     0.00
   	   31.00   105.00     0.00    90.00
   	   31.00   105.00     0.00    90.00
  40 	 -378.00   504.00     0.00     0.00     0.00     0.00
  40 	 -378.00   504.00     0.00     0.00     0.00     0.00
   	   31.00   105.00     0.00    90.00
   	   31.00   105.00     0.00    90.00
  41 	 -252.00   504.00     0.00     0.00     0.00     0.00
  41 	 -252.00   504.00     0.00     0.00     0.00     0.00
   	   31.00   105.00     0.00    90.00
   	   31.00   105.00     0.00    90.00
  42 	 -126.00   504.00     0.00     0.00     0.00     0.00
  42 	 -126.00   504.00     0.00     0.00     0.00     0.00
   	   31.00   105.00     0.00    90.00
   	   31.00   105.00     0.00    90.00
  43 	   -0.00   504.00     0.00     0.00     0.00     0.00
  43 	   -0.00   504.00     0.00     0.00     0.00     0.00
   	   31.00   105.00     0.00    90.00
   	   31.00   105.00     0.00    90.00
  44 	  126.00   504.00     0.00     0.00     0.00     0.00
  44 	  126.00   504.00     0.00     0.00     0.00     0.00
   	   31.00   105.00     0.00    90.00
   	   31.00   105.00     0.00    90.00
  45 	  252.00   504.00     0.00     0.00     0.00     0.00
  45 	  252.00   504.00     0.00     0.00     0.00     0.00
   	   31.00   105.00     0.00    90.00
   	   31.00   105.00     0.00    90.00
  46 	 -756.00   630.00     0.00     0.00     0.00     0.00
  46 	 -756.00   630.00     0.00     0.00     0.00     0.00
   	   31.00   105.00     0.00    90.00
   	   31.00   105.00     0.00    90.00
  47 	 -630.00   630.00     0.00     0.00     0.00     0.00
  47 	 -630.00   630.00     0.00     0.00     0.00     0.00
   	   31.00   105.00     0.00    90.00
   	   31.00   105.00     0.00    90.00
  48 	 -504.00   630.00     0.00     0.00     0.00     0.00
  48 	 -504.00   630.00     0.00     0.00     0.00     0.00
   	   31.00   105.00     0.00    90.00
   	   31.00   105.00     0.00    90.00
  49 	 -378.00   630.00     0.00     0.00     0.00     0.00
  49 	 -378.00   630.00     0.00     0.00     0.00     0.00
   	   31.00   105.00     0.00    90.00
   	   31.00   105.00     0.00    90.00
  50 	 -252.00   630.00     0.00     0.00     0.00     0.00
  50 	 -252.00   630.00     0.00     0.00     0.00     0.00
   	   31.00   105.00     0.00    90.00
   	   31.00   105.00     0.00    90.00
  51 	 -126.00   630.00     0.00     0.00     0.00     0.00
  51 	 -126.00   630.00     0.00     0.00     0.00     0.00
   	   31.00   105.00     0.00    90.00
   	   31.00   105.00     0.00    90.00
  52 	   -0.00   630.00     0.00     0.00     0.00     0.00
  52 	   -0.00   630.00     0.00     0.00     0.00     0.00
   	   31.00   105.00     0.00    90.00
   	   31.00   105.00     0.00    90.00
  53 	  126.00   630.00     0.00     0.00     0.00     0.00
  53 	  126.00   630.00     0.00     0.00     0.00     0.00
   	   31.00   105.00     0.00    90.00
   	   31.00   105.00     0.00    90.00
  54 	  252.00   630.00     0.00     0.00     0.00     0.00
  54 	  252.00   630.00     0.00     0.00     0.00     0.00
   	   31.00   105.00     0.00    90.00
   	   31.00   105.00     0.00    90.00
  55 	 -252.00  -252.00     0.00     0.00     0.00     0.00
  55 	 -252.00  -252.00     0.00     0.00     0.00     0.00
   	   31.00   105.00     0.00    90.00
   	   31.00   105.00     0.00    90.00
  56 	  126.00  -756.00     0.00     0.00     0.00     0.00
  56 	  126.00  -756.00     0.00     0.00     0.00     0.00
   	   31.00   105.00     0.00    90.00
   	   31.00   105.00     0.00    90.00
  57 	  252.00  -756.00     0.00     0.00     0.00     0.00
  57 	  252.00  -756.00     0.00     0.00     0.00     0.00
   	   31.00   105.00     0.00    90.00
   	   31.00   105.00     0.00    90.00
  58 	  378.00  -756.00     0.00     0.00     0.00     0.00
  58 	  378.00  -756.00     0.00     0.00     0.00     0.00
   	   31.00   105.00     0.00    90.00
   	   31.00   105.00     0.00    90.00
  59 	  504.00  -756.00     0.00     0.00     0.00     0.00
  59 	  504.00  -756.00     0.00     0.00     0.00     0.00
   	   31.00   105.00     0.00    90.00
   	   31.00   105.00     0.00    90.00
  60 	  630.00  -756.00     0.00     0.00     0.00     0.00
  60 	  630.00  -756.00     0.00     0.00     0.00     0.00
   	   31.00   105.00     0.00    90.00
   	   31.00   105.00     0.00    90.00
  61 	  756.00  -756.00     0.00     0.00     0.00     0.00
  61 	  756.00  -756.00     0.00     0.00     0.00     0.00
   	   31.00   105.00     0.00    90.00
   	   31.00   105.00     0.00    90.00
  62 	  126.00  -630.00     0.00     0.00     0.00     0.00
  62 	  126.00  -630.00     0.00     0.00     0.00     0.00
   	   31.00   105.00     0.00    90.00
   	   31.00   105.00     0.00    90.00
  63 	  252.00  -630.00     0.00     0.00     0.00     0.00
  63 	  252.00  -630.00     0.00     0.00     0.00     0.00
   	   31.00   105.00     0.00    90.00
   	   31.00   105.00     0.00    90.00
  64 	  378.00  -630.00     0.00     0.00     0.00     0.00
  64 	  378.00  -630.00     0.00     0.00     0.00     0.00
   	   31.00   105.00     0.00    90.00
   	   31.00   105.00     0.00    90.00
  65 	  504.00  -630.00     0.00     0.00     0.00     0.00
  65 	  504.00  -630.00     0.00     0.00     0.00     0.00
   	   31.00   105.00     0.00    90.00
   	   31.00   105.00     0.00    90.00
  66 	  630.00  -630.00     0.00     0.00     0.00     0.00
  66 	  630.00  -630.00     0.00     0.00     0.00     0.00
   	   31.00   105.00     0.00    90.00
   	   31.00   105.00     0.00    90.00
  67 	  756.00  -630.00     0.00     0.00     0.00     0.00
  67 	  756.00  -630.00     0.00     0.00     0.00     0.00
   	   31.00   105.00     0.00    90.00
   	   31.00   105.00     0.00    90.00
  68 	  126.00  -504.00     0.00     0.00     0.00     0.00
  68 	  126.00  -504.00     0.00     0.00     0.00     0.00
   	   31.00   105.00     0.00    90.00
   	   31.00   105.00     0.00    90.00
  69 	  252.00  -504.00     0.00     0.00     0.00     0.00
  69 	  252.00  -504.00     0.00     0.00     0.00     0.00
   	   31.00   105.00     0.00    90.00
   	   31.00   105.00     0.00    90.00
  70 	  378.00  -504.00     0.00     0.00     0.00     0.00
  70 	  378.00  -504.00     0.00     0.00     0.00     0.00
   	   31.00   105.00     0.00    90.00
   	   31.00   105.00     0.00    90.00
  71 	  504.00  -504.00     0.00     0.00     0.00     0.00
  71 	  504.00  -504.00     0.00     0.00     0.00     0.00
   	   31.00   105.00     0.00    90.00
   	   31.00   105.00     0.00    90.00
  72 	  630.00  -504.00     0.00     0.00     0.00     0.00
  72 	  630.00  -504.00     0.00     0.00     0.00     0.00
   	   31.00   105.00     0.00    90.00
   	   31.00   105.00     0.00    90.00
  73 	  756.00  -504.00     0.00     0.00     0.00     0.00
  73 	  756.00  -504.00     0.00     0.00     0.00     0.00
   	   31.00   105.00     0.00    90.00
   	   31.00   105.00     0.00    90.00
  74 	  126.00  -378.00     0.00     0.00     0.00     0.00
  74 	  126.00  -378.00     0.00     0.00     0.00     0.00
   	   31.00   105.00     0.00    90.00
   	   31.00   105.00     0.00    90.00
  75 	  252.00  -378.00     0.00     0.00     0.00     0.00
  75 	  252.00  -378.00     0.00     0.00     0.00     0.00
   	   31.00   105.00     0.00    90.00
   	   31.00   105.00     0.00    90.00
  76 	  378.00  -378.00     0.00     0.00     0.00     0.00
  76 	  378.00  -378.00     0.00     0.00     0.00     0.00
   	   31.00   105.00     0.00    90.00
   	   31.00   105.00     0.00    90.00
  77 	  504.00  -378.00     0.00     0.00     0.00     0.00
  77 	  504.00  -378.00     0.00     0.00     0.00     0.00
   	   31.00   105.00     0.00    90.00
   	   31.00   105.00     0.00    90.00
  78 	  630.00  -378.00     0.00     0.00     0.00     0.00
  78 	  630.00  -378.00     0.00     0.00     0.00     0.00
   	   31.00   105.00     0.00    90.00
   	   31.00   105.00     0.00    90.00
  79 	  756.00  -378.00     0.00     0.00     0.00     0.00
  79 	  756.00  -378.00     0.00     0.00     0.00     0.00
   	   31.00   105.00     0.00    90.00
   	   31.00   105.00     0.00    90.00
  80 	  126.00  -252.00     0.00     0.00     0.00     0.00
  80 	  126.00  -252.00     0.00     0.00     0.00     0.00
   	   31.00   105.00     0.00    90.00
   	   31.00   105.00     0.00    90.00
  81 	  252.00  -252.00     0.00     0.00     0.00     0.00
  81 	  252.00  -252.00     0.00     0.00     0.00     0.00
   	   31.00   105.00     0.00    90.00
   	   31.00   105.00     0.00    90.00
  82 	  378.00  -252.00     0.00     0.00     0.00     0.00
  82 	  378.00  -252.00     0.00     0.00     0.00     0.00
   	   31.00   105.00     0.00    90.00
   	   31.00   105.00     0.00    90.00
  83 	  504.00  -252.00     0.00     0.00     0.00     0.00
  83 	  504.00  -252.00     0.00     0.00     0.00     0.00
   	   31.00   105.00     0.00    90.00
   	   31.00   105.00     0.00    90.00
  84 	  630.00  -252.00     0.00     0.00     0.00     0.00
  84 	  630.00  -252.00     0.00     0.00     0.00     0.00
   	   31.00   105.00     0.00    90.00
   	   31.00   105.00     0.00    90.00
  85 	  756.00  -252.00     0.00     0.00     0.00     0.00
  85 	  756.00  -252.00     0.00     0.00     0.00     0.00
   	   31.00   105.00     0.00    90.00
   	   31.00   105.00     0.00    90.00
  86 	  126.00  -126.00     0.00     0.00     0.00     0.00
  86 	  126.00  -126.00     0.00     0.00     0.00     0.00
   	   31.00   105.00     0.00    90.00
   	   31.00   105.00     0.00    90.00
  87 	  252.00  -126.00     0.00     0.00     0.00     0.00
  87 	  252.00  -126.00     0.00     0.00     0.00     0.00
   	   31.00   105.00     0.00    90.00
   	   31.00   105.00     0.00    90.00
  88 	  378.00  -126.00     0.00     0.00     0.00     0.00
  88 	  378.00  -126.00     0.00     0.00     0.00     0.00
   	   31.00   105.00     0.00    90.00
   	   31.00   105.00     0.00    90.00
  89 	  504.00  -126.00     0.00     0.00     0.00     0.00
  89 	  504.00  -126.00     0.00     0.00     0.00     0.00
   	   31.00   105.00     0.00    90.00
   	   31.00   105.00     0.00    90.00
  90 	  630.00  -126.00     0.00     0.00     0.00     0.00
  90 	  630.00  -126.00     0.00     0.00     0.00     0.00
   	   31.00   105.00     0.00    90.00
   	   31.00   105.00     0.00    90.00
  91 	  756.00  -126.00     0.00     0.00     0.00     0.00
  91 	  756.00  -126.00     0.00     0.00     0.00     0.00
   	   31.00   105.00     0.00    90.00
   	   31.00   105.00     0.00    90.00
  92 	  126.00     0.00     0.00     0.00     0.00     0.00
  92 	  126.00     0.00     0.00     0.00     0.00     0.00
   	   31.00   105.00     0.00    90.00
   	   31.00   105.00     0.00    90.00
  93 	  252.00     0.00     0.00     0.00     0.00     0.00
  93 	  252.00     0.00     0.00     0.00     0.00     0.00
   	   31.00   105.00     0.00    90.00
   	   31.00   105.00     0.00    90.00
  94 	  378.00     0.00     0.00     0.00     0.00     0.00
  94 	  378.00     0.00     0.00     0.00     0.00     0.00
   	   31.00   105.00     0.00    90.00
   	   31.00   105.00     0.00    90.00
  95 	  504.00     0.00     0.00     0.00     0.00     0.00
  95 	  504.00     0.00     0.00     0.00     0.00     0.00
   	   31.00   105.00     0.00    90.00
   	   31.00   105.00     0.00    90.00
  96 	  630.00     0.00     0.00     0.00     0.00     0.00
  96 	  630.00     0.00     0.00     0.00     0.00     0.00
   	   31.00   105.00     0.00    90.00
   	   31.00   105.00     0.00    90.00
  97 	  756.00     0.00     0.00     0.00     0.00     0.00
  97 	  756.00     0.00     0.00     0.00     0.00     0.00
   	   31.00   105.00     0.00    90.00
   	   31.00   105.00     0.00    90.00

** End writing output file: ../inputs/gr591.dat 
