*******************************************************************************
                         ARRAY PREPROCESSOR ver. 1.0
*******************************************************************************



   1	GROUP testgroup
   3	 GRID HEXAGONAL
   4	 ELEMENT
   5	 GEOMETRY CIRCULAR RADIUS 49
   7	 ADD HEXAGON 10 -6
   9	 GROUP_EXCITATION
  10	 AMPLITUDE UNIFORM 25
  11	 PHASE SECOND ORDER CENTRE 23 P1_VAL 27 P2_VAL 34 Q1_VAL 23 Q2_VAL 17
  12	 END

** Generating GROUP: testgroup.
** PSTEP,QSTEP set to:98.000000,98.000000
** Grid ANGLE set to:60.000000 
** Group ROT_ANGLE set to: 0.000000 

** Writing output file: ../inputs/gr592.dat

NEL 
NPORTS
IDUM      REXA     REYA     REZA     THEA     PHEA     PSEA 
          AMP      PSH      PSC      PHEPOL
   7
   7
   1
   1
   1 	  637.00  -424.35     0.00     0.00     0.00     0.00
   1 	  637.00  -424.35     0.00     0.00     0.00     0.00
   	   25.00    23.00     0.00    90.00
   	   25.00    23.00     0.00    90.00
   2 	  735.00  -424.35     0.00     0.00     0.00     0.00
   2 	  735.00  -424.35     0.00     0.00     0.00     0.00
   	   25.00    34.00     0.00    90.00
   	   25.00    34.00     0.00    90.00
   3 	  784.00  -509.22     0.00     0.00     0.00     0.00
   3 	  784.00  -509.22     0.00     0.00     0.00     0.00
   	   25.00    42.88     0.00    90.00
   	   25.00    42.88     0.00    90.00
   4 	  735.00  -594.09     0.00     0.00     0.00     0.00
   4 	  735.00  -594.09     0.00     0.00     0.00     0.00
   	   25.00    28.00     0.00    90.00
   	   25.00    28.00     0.00    90.00
   5 	  637.00  -594.09     0.00     0.00     0.00     0.00
   5 	  637.00  -594.09     0.00     0.00     0.00     0.00
   	   25.00    17.00     0.00    90.00
   	   25.00    17.00     0.00    90.00
   6 	  588.00  -509.22     0.00     0.00     0.00     0.00
   6 	  588.00  -509.22     0.00     0.00     0.00     0.00
   	   25.00    20.87     0.00    90.00
   	   25.00    20.87     0.00    90.00
   7 	  686.00  -509.22     0.00     0.00     0.00     0.00
   7 	  686.00  -509.22     0.00     0.00     0.00     0.00
   	   25.00    24.38     0.00    90.00
   	   25.00    24.38     0.00    90.00

** End writing output file: ../inputs/gr592.dat 
