*******************************************************************************
                         ARRAY PREPROCESSOR ver. 1.0
*******************************************************************************



   1	GROUP testgroup
   3	 GRID RECTANGULAR
   4	 ELEMENT
   5	 GEOMETRY RECTANGULAR 65 68
   8	 ADD NODE -6 1
   9	 ADD BLOCK -1 0 5 2
  10	 ADD BLOCK -4 2 -5 -7
  12	 GROUP_EXCITATION
  13	 AMPLITUDE UNIFORM 22
  14	 PHASE UNIFORM -63
  15	 END

** Generating GROUP: testgroup.
** PSTEP,QSTEP set to:65.000000,68.000000
** Grid ANGLE set to:90.000000 
** Group ROT_ANGLE set to: 0.000000 

** Writing output file: ../inputs/gr595.dat

NEL 
NPORTS
IDUM      REXA     REYA     REZA     THEA     PHEA     PSEA 
          AMP      PSH      PSC      PHEPOL
  42
  42
   1
   1
   1 	 -390.00    68.00     0.00     0.00     0.00     0.00
   1 	 -390.00    68.00     0.00     0.00     0.00     0.00
   	   22.00   -63.00     0.00    90.00
   	   22.00   -63.00     0.00    90.00
   2 	  -65.00     0.00     0.00     0.00     0.00     0.00
   2 	  -65.00     0.00     0.00     0.00     0.00     0.00
   	   22.00   -63.00     0.00    90.00
   	   22.00   -63.00     0.00    90.00
   3 	    0.00     0.00     0.00     0.00     0.00     0.00
   3 	    0.00     0.00     0.00     0.00     0.00     0.00
   	   22.00   -63.00     0.00    90.00
   	   22.00   -63.00     0.00    90.00
   4 	   65.00     0.00     0.00     0.00     0.00     0.00
   4 	   65.00     0.00     0.00     0.00     0.00     0.00
   	   22.00   -63.00     0.00    90.00
   	   22.00   -63.00     0.00    90.00
   5 	  130.00     0.00     0.00     0.00     0.00     0.00
   5 	  130.00     0.00     0.00     0.00     0.00     0.00
   	   22.00   -63.00     0.00    90.00
   	   22.00   -63.00     0.00    90.00
   6 	  195.00     0.00     0.00     0.00     0.00     0.00
   6 	  195.00     0.00     0.00     0.00     0.00     0.00
   	   22.00   -63.00     0.00    90.00
   	   22.00   -63.00     0.00    90.00
   7 	  260.00     0.00     0.00     0.00     0.00     0.00
   7 	  260.00     0.00     0.00     0.00     0.00     0.00
   	   22.00   -63.00     0.00    90.00
   	   22.00   -63.00     0.00    90.00
   8 	  325.00     0.00     0.00     0.00     0.00     0.00
   8 	  325.00     0.00     0.00     0.00     0.00     0.00
   	   22.00   -63.00     0.00    90.00
   	   22.00   -63.00     0.00    90.00
   9 	  -65.00    68.00     0.00     0.00     0.00     0.00
   9 	  -65.00    68.00     0.00     0.00     0.00     0.00
   	   22.00   -63.00     0.00    90.00
   	   22.00   -63.00     0.00    90.00
  10 	   -0.00    68.00     0.00     0.00     0.00     0.00
  10 	   -0.00    68.00     0.00     0.00     0.00     0.00
   	   22.00   -63.00     0.00    90.00
   	   22.00   -63.00     0.00    90.00
  11 	   65.00    68.00     0.00     0.00     0.00     0.00
  11 	   65.00    68.00     0.00     0.00     0.00     0.00
   	   22.00   -63.00     0.00    90.00
   	   22.00   -63.00     0.00    90.00
  12 	  130.00    68.00     0.00     0.00     0.00     0.00
  12 	  130.00    68.00     0.00     0.00     0.00     0.00
   	   22.00   -63.00     0.00    90.00
   	   22.00   -63.00     0.00    90.00
  13 	  195.00    68.00     0.00     0.00     0.00     0.00
  13 	  195.00    68.00     0.00     0.00     0.00     0.00
   	   22.00   -63.00     0.00    90.00
   	   22.00   -63.00     0.00    90.00
  14 	  260.00    68.00     0.00     0.00     0.00     0.00
  14 	  260.00    68.00     0.00     0.00     0.00     0.00
   	   22.00   -63.00     0.00    90.00
   	   22.00   -63.00     0.00    90.00
  15 	  325.00    68.00     0.00     0.00     0.00     0.00
  15 	  325.00    68.00     0.00     0.00     0.00     0.00
   	   22.00   -63.00     0.00    90.00
   	   22.00   -63.00     0.00    90.00
  16 	  -65.00   136.00     0.00     0.00     0.00     0.00
  16 	  -65.00   136.00     0.00     0.00     0.00     0.00
   	   22.00   -63.00     0.00    90.00
   	   22.00   -63.00     0.00    90.00
  17 	   -0.00   136.00     0.00     0.00     0.00     0.00
  17 	   -0.00   136.00     0.00     0.00     0.00     0.00
   	   22.00   -63.00     0.00    90.00
   	   22.00   -63.00     0.00    90.00
  18 	   65.00   136.00     0.00     0.00     0.00     0.00
  18 	   65.00   136.00     0.00     0.00     0.00     0.00
   	   22.00   -63.00     0.00    90.00
   	   22.00   -63.00     0.00    90.00
  19 	  130.00   136.00     0.00     0.00     0.00     0.00
  19 	  130.00   136.00     0.00     0.00     0.00     0.00
   	   22.00   -63.00     0.00    90.00
   	   22.00   -63.00     0.00    90.00
  20 	  195.00   136.00     0.00     0.00     0.00     0.00
  20 	  195.00   136.00     0.00     0.00     0.00     0.00
   	   22.00   -63.00     0.00    90.00
   	   22.00   -63.00     0.00    90.00
  21 	  260.00   136.00     0.00     0.00     0.00     0.00
  21 	  260.00   136.00     0.00     0.00     0.00     0.00
   	   22.00   -63.00     0.00    90.00
   	   22.00   -63.00     0.00    90.00
  22 	  325.00   136.00     0.00     0.00     0.00     0.00
  22 	  325.00   136.00     0.00     0.00     0.00     0.00
   	   22.00   -63.00     0.00    90.00
   	   22.00   -63.00     0.00    90.00
  23 	 -325.00  -476.00     0.00     0.00     0.00     0.00
  23 	 -325.00  -476.00     0.00     0.00     0.00     0.00
   	   22.00   -63.00     0.00    90.00
   	   22.00   -63.00     0.00    90.00
  24 	 -260.00  -476.00     0.00     0.00     0.00     0.00
  24 	 -260.00  -476.00     0.00     0.00     0.00     0.00
   	   22.00   -63.00     0.00    90.00
   	   22.00   -63.00     0.00    90.00
  25 	 -325.00  -408.00     0.00     0.00     0.00     0.00
  25 	 -325.00  -408.00     0.00     0.00     0.00     0.00
   	   22.00   -63.00     0.00    90.00
   	   22.00   -63.00     0.00    90.00
  26 	 -260.00  -408.00     0.00     0.00     0.00     0.00
  26 	 -260.00  -408.00     0.00     0.00     0.00     0.00
   	   22.00   -63.00     0.00    90.00
   	   22.00   -63.00     0.00    90.00
  27 	 -325.00  -340.00     0.00     0.00     0.00     0.00
  27 	 -325.00  -340.00     0.00     0.00     0.00     0.00
   	   22.00   -63.00     0.00    90.00
   	   22.00   -63.00     0.00    90.00
  28 	 -260.00  -340.00     0.00     0.00     0.00     0.00
  28 	 -260.00  -340.00     0.00     0.00     0.00     0.00
   	   22.00   -63.00     0.00    90.00
   	   22.00   -63.00     0.00    90.00
  29 	 -325.00  -272.00     0.00     0.00     0.00     0.00
  29 	 -325.00  -272.00     0.00     0.00     0.00     0.00
   	   22.00   -63.00     0.00    90.00
   	   22.00   -63.00     0.00    90.00
  30 	 -260.00  -272.00     0.00     0.00     0.00     0.00
  30 	 -260.00  -272.00     0.00     0.00     0.00     0.00
   	   22.00   -63.00     0.00    90.00
   	   22.00   -63.00     0.00    90.00
  31 	 -325.00  -204.00     0.00     0.00     0.00     0.00
  31 	 -325.00  -204.00     0.00     0.00     0.00     0.00
   	   22.00   -63.00     0.00    90.00
   	   22.00   -63.00     0.00    90.00
  32 	 -260.00  -204.00     0.00     0.00     0.00     0.00
  32 	 -260.00  -204.00     0.00     0.00     0.00     0.00
   	   22.00   -63.00     0.00    90.00
   	   22.00   -63.00     0.00    90.00
  33 	 -325.00  -136.00     0.00     0.00     0.00     0.00
  33 	 -325.00  -136.00     0.00     0.00     0.00     0.00
   	   22.00   -63.00     0.00    90.00
   	   22.00   -63.00     0.00    90.00
  34 	 -260.00  -136.00     0.00     0.00     0.00     0.00
  34 	 -260.00  -136.00     0.00     0.00     0.00     0.00
   	   22.00   -63.00     0.00    90.00
   	   22.00   -63.00     0.00    90.00
  35 	 -325.00   -68.00     0.00     0.00     0.00     0.00
  35 	 -325.00   -68.00     0.00     0.00     0.00     0.00
   	   22.00   -63.00     0.00    90.00
   	   22.00   -63.00     0.00    90.00
  36 	 -260.00   -68.00     0.00     0.00     0.00     0.00
  36 	 -260.00   -68.00     0.00     0.00     0.00     0.00
   	   22.00   -63.00     0.00    90.00
   	   22.00   -63.00     0.00    90.00
  37 	 -325.00     0.00     0.00     0.00     0.00     0.00
  37 	 -325.00     0.00     0.00     0.00     0.00     0.00
   	   22.00   -63.00     0.00    90.00
   	   22.00   -63.00     0.00    90.00
  38 	 -260.00     0.00     0.00     0.00     0.00     0.00
  38 	 -260.00     0.00     0.00     0.00     0.00     0.00
   	   22.00   -63.00     0.00    90.00
   	   22.00   -63.00     0.00    90.00
  39 	 -325.00    68.00     0.00     0.00     0.00     0.00
  39 	 -325.00    68.00     0.00     0.00     0.00     0.00
   	   22.00   -63.00     0.00    90.00
   	   22.00   -63.00     0.00    90.00
  40 	 -260.00    68.00     0.00     0.00     0.00     0.00
  40 	 -260.00    68.00     0.00     0.00     0.00     0.00
   	   22.00   -63.00     0.00    90.00
   	   22.00   -63.00     0.00    90.00
  41 	 -325.00   136.00     0.00     0.00     0.00     0.00
  41 	 -325.00   136.00     0.00     0.00     0.00     0.00
   	   22.00   -63.00     0.00    90.00
   	   22.00   -63.00     0.00    90.00
  42 	 -260.00   136.00     0.00     0.00     0.00     0.00
  42 	 -260.00   136.00     0.00     0.00     0.00     0.00
   	   22.00   -63.00     0.00    90.00
   	   22.00   -63.00     0.00    90.00

** End writing output file: ../inputs/gr595.dat 
