*******************************************************************************
                         ARRAY PREPROCESSOR ver. 1.0
*******************************************************************************



   1	GROUP testgroup
   3	 GRID SQUARE
   4	 ELEMENT
   5	 GEOMETRY CIRCULAR 53
   6	 POLARIZATION CIRCULAR LH
   8	 ADD BLOCK 0 -3 -4 6
   9	 ADD HEXAGON 7 -8
  11	 GROUP_EXCITATION
  12	 AMPLITUDE UNIFORM 25
  13	 PHASE UNIFORM 237
  14	 END

** Generating GROUP: testgroup.
** PSTEP,QSTEP set to:106.000000,106.000000
** Grid ANGLE set to:90.000000 
** Group ROT_ANGLE set to: 0.000000 

** Writing output file: ../inputs/gr601.dat

NEL 
NPORTS
IDUM      REXA     REYA     REZA     THEA     PHEA     PSEA 
          AMP      PSH      PSC      PHEPOL
  57
  57
   1
   1
   1 	 -424.00  -318.00     0.00     0.00     0.00     0.00
   1 	 -424.00  -318.00     0.00     0.00     0.00     0.00
   	   25.00   237.00     0.00    90.00
   	   25.00   237.00     0.00    90.00
   2 	 -318.00  -318.00     0.00     0.00     0.00     0.00
   2 	 -318.00  -318.00     0.00     0.00     0.00     0.00
   	   25.00   237.00     0.00    90.00
   	   25.00   237.00     0.00    90.00
   3 	 -212.00  -318.00     0.00     0.00     0.00     0.00
   3 	 -212.00  -318.00     0.00     0.00     0.00     0.00
   	   25.00   237.00     0.00    90.00
   	   25.00   237.00     0.00    90.00
   4 	 -106.00  -318.00     0.00     0.00     0.00     0.00
   4 	 -106.00  -318.00     0.00     0.00     0.00     0.00
   	   25.00   237.00     0.00    90.00
   	   25.00   237.00     0.00    90.00
   5 	    0.00  -318.00     0.00     0.00     0.00     0.00
   5 	    0.00  -318.00     0.00     0.00     0.00     0.00
   	   25.00   237.00     0.00    90.00
   	   25.00   237.00     0.00    90.00
   6 	 -424.00  -212.00     0.00     0.00     0.00     0.00
   6 	 -424.00  -212.00     0.00     0.00     0.00     0.00
   	   25.00   237.00     0.00    90.00
   	   25.00   237.00     0.00    90.00
   7 	 -318.00  -212.00     0.00     0.00     0.00     0.00
   7 	 -318.00  -212.00     0.00     0.00     0.00     0.00
   	   25.00   237.00     0.00    90.00
   	   25.00   237.00     0.00    90.00
   8 	 -212.00  -212.00     0.00     0.00     0.00     0.00
   8 	 -212.00  -212.00     0.00     0.00     0.00     0.00
   	   25.00   237.00     0.00    90.00
   	   25.00   237.00     0.00    90.00
   9 	 -106.00  -212.00     0.00     0.00     0.00     0.00
   9 	 -106.00  -212.00     0.00     0.00     0.00     0.00
   	   25.00   237.00     0.00    90.00
   	   25.00   237.00     0.00    90.00
  10 	    0.00  -212.00     0.00     0.00     0.00     0.00
  10 	    0.00  -212.00     0.00     0.00     0.00     0.00
   	   25.00   237.00     0.00    90.00
   	   25.00   237.00     0.00    90.00
  11 	 -424.00  -106.00     0.00     0.00     0.00     0.00
  11 	 -424.00  -106.00     0.00     0.00     0.00     0.00
   	   25.00   237.00     0.00    90.00
   	   25.00   237.00     0.00    90.00
  12 	 -318.00  -106.00     0.00     0.00     0.00     0.00
  12 	 -318.00  -106.00     0.00     0.00     0.00     0.00
   	   25.00   237.00     0.00    90.00
   	   25.00   237.00     0.00    90.00
  13 	 -212.00  -106.00     0.00     0.00     0.00     0.00
  13 	 -212.00  -106.00     0.00     0.00     0.00     0.00
   	   25.00   237.00     0.00    90.00
   	   25.00   237.00     0.00    90.00
  14 	 -106.00  -106.00     0.00     0.00     0.00     0.00
  14 	 -106.00  -106.00     0.00     0.00     0.00     0.00
   	   25.00   237.00     0.00    90.00
   	   25.00   237.00     0.00    90.00
  15 	    0.00  -106.00     0.00     0.00     0.00     0.00
  15 	    0.00  -106.00     0.00     0.00     0.00     0.00
   	   25.00   237.00     0.00    90.00
   	   25.00   237.00     0.00    90.00
  16 	 -424.00     0.00     0.00     0.00     0.00     0.00
  16 	 -424.00     0.00     0.00     0.00     0.00     0.00
   	   25.00   237.00     0.00    90.00
   	   25.00   237.00     0.00    90.00
  17 	 -318.00     0.00     0.00     0.00     0.00     0.00
  17 	 -318.00     0.00     0.00     0.00     0.00     0.00
   	   25.00   237.00     0.00    90.00
   	   25.00   237.00     0.00    90.00
  18 	 -212.00     0.00     0.00     0.00     0.00     0.00
  18 	 -212.00     0.00     0.00     0.00     0.00     0.00
   	   25.00   237.00     0.00    90.00
   	   25.00   237.00     0.00    90.00
  19 	 -106.00     0.00     0.00     0.00     0.00     0.00
  19 	 -106.00     0.00     0.00     0.00     0.00     0.00
   	   25.00   237.00     0.00    90.00
   	   25.00   237.00     0.00    90.00
  20 	    0.00     0.00     0.00     0.00     0.00     0.00
  20 	    0.00     0.00     0.00     0.00     0.00     0.00
   	   25.00   237.00     0.00    90.00
   	   25.00   237.00     0.00    90.00
  21 	 -424.00   106.00     0.00     0.00     0.00     0.00
  21 	 -424.00   106.00     0.00     0.00     0.00     0.00
   	   25.00   237.00     0.00    90.00
   	   25.00   237.00     0.00    90.00
  22 	 -318.00   106.00     0.00     0.00     0.00     0.00
  22 	 -318.00   106.00     0.00     0.00     0.00     0.00
   	   25.00   237.00     0.00    90.00
   	   25.00   237.00     0.00    90.00
  23 	 -212.00   106.00     0.00     0.00     0.00     0.00
  23 	 -212.00   106.00     0.00     0.00     0.00     0.00
   	   25.00   237.00     0.00    90.00
   	   25.00   237.00     0.00    90.00
  24 	 -106.00   106.00     0.00     0.00     0.00     0.00
  24 	 -106.00   106.00     0.00     0.00     0.00     0.00
   	   25.00   237.00     0.00    90.00
   	   25.00   237.00     0.00    90.00
  25 	   -0.00   106.00     0.00     0.00     0.00     0.00
  25 	   -0.00   106.00     0.00     0.00     0.00     0.00
   	   25.00   237.00     0.00    90.00
   	   25.00   237.00     0.00    90.00
  26 	 -424.00   212.00     0.00     0.00     0.00     0.00
  26 	 -424.00   212.00     0.00     0.00     0.00     0.00
   	   25.00   237.00     0.00    90.00
   	   25.00   237.00     0.00    90.00
  27 	 -318.00   212.00     0.00     0.00     0.00     0.00
  27 	 -318.00   212.00     0.00     0.00     0.00     0.00
   	   25.00   237.00     0.00    90.00
   	   25.00   237.00     0.00    90.00
  28 	 -212.00   212.00     0.00     0.00     0.00     0.00
  28 	 -212.00   212.00     0.00     0.00     0.00     0.00
   	   25.00   237.00     0.00    90.00
   	   25.00   237.00     0.00    90.00
  29 	 -106.00   212.00     0.00     0.00     0.00     0.00
  29 	 -106.00   212.00     0.00     0.00     0.00     0.00
   	   25.00   237.00     0.00    90.00
   	   25.00   237.00     0.00    90.00
  30 	   -0.00   212.00     0.00     0.00     0.00     0.00
  30 	   -0.00   212.00     0.00     0.00     0.00     0.00
   	   25.00   237.00     0.00    90.00
   	   25.00   237.00     0.00    90.00
  31 	 -424.00   318.00     0.00     0.00     0.00     0.00
  31 	 -424.00   318.00     0.00     0.00     0.00     0.00
   	   25.00   237.00     0.00    90.00
   	   25.00   237.00     0.00    90.00
  32 	 -318.00   318.00     0.00     0.00     0.00     0.00
  32 	 -318.00   318.00     0.00     0.00     0.00     0.00
   	   25.00   237.00     0.00    90.00
   	   25.00   237.00     0.00    90.00
  33 	 -212.00   318.00     0.00     0.00     0.00     0.00
  33 	 -212.00   318.00     0.00     0.00     0.00     0.00
   	   25.00   237.00     0.00    90.00
   	   25.00   237.00     0.00    90.00
  34 	 -106.00   318.00     0.00     0.00     0.00     0.00
  34 	 -106.00   318.00     0.00     0.00     0.00     0.00
   	   25.00   237.00     0.00    90.00
   	   25.00   237.00     0.00    90.00
  35 	   -0.00   318.00     0.00     0.00     0.00     0.00
  35 	   -0.00   318.00     0.00     0.00     0.00     0.00
   	   25.00   237.00     0.00    90.00
   	   25.00   237.00     0.00    90.00
  36 	 -424.00   424.00     0.00     0.00     0.00     0.00
  36 	 -424.00   424.00     0.00     0.00     0.00     0.00
   	   25.00   237.00     0.00    90.00
   	   25.00   237.00     0.00    90.00
  37 	 -318.00   424.00     0.00     0.00     0.00     0.00
  37 	 -318.00   424.00     0.00     0.00     0.00     0.00
   	   25.00   237.00     0.00    90.00
   	   25.00   237.00     0.00    90.00
  38 	 -212.00   424.00     0.00     0.00     0.00     0.00
  38 	 -212.00   424.00     0.00     0.00     0.00     0.00
   	   25.00   237.00     0.00    90.00
   	   25.00   237.00     0.00    90.00
  39 	 -106.00   424.00     0.00     0.00     0.00     0.00
  39 	 -106.00   424.00     0.00     0.00     0.00     0.00
   	   25.00   237.00     0.00    90.00
   	   25.00   237.00     0.00    90.00
  40 	   -0.00   424.00     0.00     0.00     0.00     0.00
  40 	   -0.00   424.00     0.00     0.00     0.00     0.00
   	   25.00   237.00     0.00    90.00
   	   25.00   237.00     0.00    90.00
  41 	 -424.00   530.00     0.00     0.00     0.00     0.00
  41 	 -424.00   530.00     0.00     0.00     0.00     0.00
   	   25.00   237.00     0.00    90.00
   	   25.00   237.00     0.00    90.00
  42 	 -318.00   530.00     0.00     0.00     0.00     0.00
  42 	 -318.00   530.00     0.00     0.00     0.00     0.00
   	   25.00   237.00     0.00    90.00
   	   25.00   237.00     0.00    90.00
  43 	 -212.00   530.00     0.00     0.00     0.00     0.00
  43 	 -212.00   530.00     0.00     0.00     0.00     0.00
   	   25.00   237.00     0.00    90.00
   	   25.00   237.00     0.00    90.00
  44 	 -106.00   530.00     0.00     0.00     0.00     0.00
  44 	 -106.00   530.00     0.00     0.00     0.00     0.00
   	   25.00   237.00     0.00    90.00
   	   25.00   237.00     0.00    90.00
  45 	   -0.00   530.00     0.00     0.00     0.00     0.00
  45 	   -0.00   530.00     0.00     0.00     0.00     0.00
   	   25.00   237.00     0.00    90.00
   	   25.00   237.00     0.00    90.00
  46 	 -424.00   636.00     0.00     0.00     0.00     0.00
  46 	 -424.00   636.00     0.00     0.00     0.00     0.00
   	   25.00   237.00     0.00    90.00
   	   25.00   237.00     0.00    90.00
  47 	 -318.00   636.00     0.00     0.00     0.00     0.00
  47 	 -318.00   636.00     0.00     0.00     0.00     0.00
   	   25.00   237.00     0.00    90.00
   	   25.00   237.00     0.00    90.00
  48 	 -212.00   636.00     0.00     0.00     0.00     0.00
  48 	 -212.00   636.00     0.00     0.00     0.00     0.00
   	   25.00   237.00     0.00    90.00
   	   25.00   237.00     0.00    90.00
  49 	 -106.00   636.00     0.00     0.00     0.00     0.00
  49 	 -106.00   636.00     0.00     0.00     0.00     0.00
   	   25.00   237.00     0.00    90.00
   	   25.00   237.00     0.00    90.00
  50 	   -0.00   636.00     0.00     0.00     0.00     0.00
  50 	   -0.00   636.00     0.00     0.00     0.00     0.00
   	   25.00   237.00     0.00    90.00
   	   25.00   237.00     0.00    90.00
  51 	  636.00  -742.00     0.00     0.00     0.00     0.00
  51 	  636.00  -742.00     0.00     0.00     0.00     0.00
   	   25.00   237.00     0.00    90.00
   	   25.00   237.00     0.00    90.00
  52 	  742.00  -742.00     0.00     0.00     0.00     0.00
  52 	  742.00  -742.00     0.00     0.00     0.00     0.00
   	   25.00   237.00     0.00    90.00
   	   25.00   237.00     0.00    90.00
  53 	  848.00  -848.00     0.00     0.00     0.00     0.00
  53 	  848.00  -848.00     0.00     0.00     0.00     0.00
   	   25.00   237.00     0.00    90.00
   	   25.00   237.00     0.00    90.00
  54 	  848.00  -954.00     0.00     0.00     0.00     0.00
  54 	  848.00  -954.00     0.00     0.00     0.00     0.00
   	   25.00   237.00     0.00    90.00
   	   25.00   237.00     0.00    90.00
  55 	  742.00  -954.00     0.00     0.00     0.00     0.00
  55 	  742.00  -954.00     0.00     0.00     0.00     0.00
   	   25.00   237.00     0.00    90.00
   	   25.00   237.00     0.00    90.00
  56 	  636.00  -848.00     0.00     0.00     0.00     0.00
  56 	  636.00  -848.00     0.00     0.00     0.00     0.00
   	   25.00   237.00     0.00    90.00
   	   25.00   237.00     0.00    90.00
  57 	  742.00  -848.00     0.00     0.00     0.00     0.00
  57 	  742.00  -848.00     0.00     0.00     0.00     0.00
   	   25.00   237.00     0.00    90.00
   	   25.00   237.00     0.00    90.00

** End writing output file: ../inputs/gr601.dat 
