*******************************************************************************
                         ARRAY PREPROCESSOR ver. 1.0
*******************************************************************************



   1	GROUP testgroup
   3	 GRID TRIANGULAR
   4	 ELEMENT
   5	 GEOMETRY CIRCULAR RADIUS 47
   7	 ADD NODE -9 2
   8	 ADD BLOCK 1 10 -6 2
   9	 ADD NODE 3 4 ORIENTATION 37 -10 -9
  11	 GROUP_EXCITATION
  12	 AMPLITUDE UNIFORM 32
  13	 PHASE UNIFORM 62
  14	 END

** WARNING B2: GRID step(s) too small for specified element in GROUP: testgroup
** Generating GROUP: testgroup.
** PSTEP,QSTEP set to:94.000000,94.000000
** Grid ANGLE set to:60.000000 
** Group ROT_ANGLE set to: 0.000000 

** Writing output file: ../inputs/gr602.dat

NEL 
NPORTS
IDUM      REXA     REYA     REZA     THEA     PHEA     PSEA 
          AMP      PSH      PSC      PHEPOL
  74
  74
   1
   1
   1 	 -752.00   162.81     0.00     0.00     0.00     0.00
   1 	 -752.00   162.81     0.00     0.00     0.00     0.00
   	   32.00    62.00     0.00    90.00
   	   32.00    62.00     0.00    90.00
   2 	 -470.00   162.81     0.00     0.00     0.00     0.00
   2 	 -470.00   162.81     0.00     0.00     0.00     0.00
   	   32.00    62.00     0.00    90.00
   	   32.00    62.00     0.00    90.00
   3 	 -376.00   162.81     0.00     0.00     0.00     0.00
   3 	 -376.00   162.81     0.00     0.00     0.00     0.00
   	   32.00    62.00     0.00    90.00
   	   32.00    62.00     0.00    90.00
   4 	 -282.00   162.81     0.00     0.00     0.00     0.00
   4 	 -282.00   162.81     0.00     0.00     0.00     0.00
   	   32.00    62.00     0.00    90.00
   	   32.00    62.00     0.00    90.00
   5 	 -188.00   162.81     0.00     0.00     0.00     0.00
   5 	 -188.00   162.81     0.00     0.00     0.00     0.00
   	   32.00    62.00     0.00    90.00
   	   32.00    62.00     0.00    90.00
   6 	  -94.00   162.81     0.00     0.00     0.00     0.00
   6 	  -94.00   162.81     0.00     0.00     0.00     0.00
   	   32.00    62.00     0.00    90.00
   	   32.00    62.00     0.00    90.00
   7 	   -0.00   162.81     0.00     0.00     0.00     0.00
   7 	   -0.00   162.81     0.00     0.00     0.00     0.00
   	   32.00    62.00     0.00    90.00
   	   32.00    62.00     0.00    90.00
   8 	   94.00   162.81     0.00     0.00     0.00     0.00
   8 	   94.00   162.81     0.00     0.00     0.00     0.00
   	   32.00    62.00     0.00    90.00
   	   32.00    62.00     0.00    90.00
   9 	  188.00   162.81     0.00     0.00     0.00     0.00
   9 	  188.00   162.81     0.00     0.00     0.00     0.00
   	   32.00    62.00     0.00    90.00
   	   32.00    62.00     0.00    90.00
  10 	 -423.00   244.22     0.00     0.00     0.00     0.00
  10 	 -423.00   244.22     0.00     0.00     0.00     0.00
   	   32.00    62.00     0.00    90.00
   	   32.00    62.00     0.00    90.00
  11 	 -329.00   244.22     0.00     0.00     0.00     0.00
  11 	 -329.00   244.22     0.00     0.00     0.00     0.00
   	   32.00    62.00     0.00    90.00
   	   32.00    62.00     0.00    90.00
  12 	 -235.00   244.22     0.00     0.00     0.00     0.00
  12 	 -235.00   244.22     0.00     0.00     0.00     0.00
   	   32.00    62.00     0.00    90.00
   	   32.00    62.00     0.00    90.00
  13 	 -141.00   244.22     0.00     0.00     0.00     0.00
  13 	 -141.00   244.22     0.00     0.00     0.00     0.00
   	   32.00    62.00     0.00    90.00
   	   32.00    62.00     0.00    90.00
  14 	  -47.00   244.22     0.00     0.00     0.00     0.00
  14 	  -47.00   244.22     0.00     0.00     0.00     0.00
   	   32.00    62.00     0.00    90.00
   	   32.00    62.00     0.00    90.00
  15 	   47.00   244.22     0.00     0.00     0.00     0.00
  15 	   47.00   244.22     0.00     0.00     0.00     0.00
   	   32.00    62.00     0.00    90.00
   	   32.00    62.00     0.00    90.00
  16 	  141.00   244.22     0.00     0.00     0.00     0.00
  16 	  141.00   244.22     0.00     0.00     0.00     0.00
   	   32.00    62.00     0.00    90.00
   	   32.00    62.00     0.00    90.00
  17 	  235.00   244.22     0.00     0.00     0.00     0.00
  17 	  235.00   244.22     0.00     0.00     0.00     0.00
   	   32.00    62.00     0.00    90.00
   	   32.00    62.00     0.00    90.00
  18 	 -376.00   325.63     0.00     0.00     0.00     0.00
  18 	 -376.00   325.63     0.00     0.00     0.00     0.00
   	   32.00    62.00     0.00    90.00
   	   32.00    62.00     0.00    90.00
  19 	 -282.00   325.63     0.00     0.00     0.00     0.00
  19 	 -282.00   325.63     0.00     0.00     0.00     0.00
   	   32.00    62.00     0.00    90.00
   	   32.00    62.00     0.00    90.00
  20 	 -188.00   325.63     0.00     0.00     0.00     0.00
  20 	 -188.00   325.63     0.00     0.00     0.00     0.00
   	   32.00    62.00     0.00    90.00
   	   32.00    62.00     0.00    90.00
  21 	  -94.00   325.63     0.00     0.00     0.00     0.00
  21 	  -94.00   325.63     0.00     0.00     0.00     0.00
   	   32.00    62.00     0.00    90.00
   	   32.00    62.00     0.00    90.00
  22 	   -0.00   325.63     0.00     0.00     0.00     0.00
  22 	   -0.00   325.63     0.00     0.00     0.00     0.00
   	   32.00    62.00     0.00    90.00
   	   32.00    62.00     0.00    90.00
  23 	   94.00   325.63     0.00     0.00     0.00     0.00
  23 	   94.00   325.63     0.00     0.00     0.00     0.00
   	   32.00    62.00     0.00    90.00
   	   32.00    62.00     0.00    90.00
  24 	  188.00   325.63     0.00     0.00     0.00     0.00
  24 	  188.00   325.63     0.00     0.00     0.00     0.00
   	   32.00    62.00     0.00    90.00
   	   32.00    62.00     0.00    90.00
  25 	  282.00   325.63     0.00     0.00     0.00     0.00
  25 	  282.00   325.63     0.00     0.00     0.00     0.00
   	   32.00    62.00     0.00    90.00
   	   32.00    62.00     0.00    90.00
  26 	 -329.00   407.03     0.00     0.00     0.00     0.00
  26 	 -329.00   407.03     0.00     0.00     0.00     0.00
   	   32.00    62.00     0.00    90.00
   	   32.00    62.00     0.00    90.00
  27 	 -235.00   407.03     0.00     0.00     0.00     0.00
  27 	 -235.00   407.03     0.00     0.00     0.00     0.00
   	   32.00    62.00     0.00    90.00
   	   32.00    62.00     0.00    90.00
  28 	 -141.00   407.03     0.00     0.00     0.00     0.00
  28 	 -141.00   407.03     0.00     0.00     0.00     0.00
   	   32.00    62.00     0.00    90.00
   	   32.00    62.00     0.00    90.00
  29 	  -47.00   407.03     0.00     0.00     0.00     0.00
  29 	  -47.00   407.03     0.00     0.00     0.00     0.00
   	   32.00    62.00     0.00    90.00
   	   32.00    62.00     0.00    90.00
  30 	   47.00   407.03     0.00     0.00     0.00     0.00
  30 	   47.00   407.03     0.00     0.00     0.00     0.00
   	   32.00    62.00     0.00    90.00
   	   32.00    62.00     0.00    90.00
  31 	  141.00   407.03     0.00     0.00     0.00     0.00
  31 	  141.00   407.03     0.00     0.00     0.00     0.00
   	   32.00    62.00     0.00    90.00
   	   32.00    62.00     0.00    90.00
  32 	  235.00   407.03     0.00     0.00     0.00     0.00
  32 	  235.00   407.03     0.00     0.00     0.00     0.00
   	   32.00    62.00     0.00    90.00
   	   32.00    62.00     0.00    90.00
  33 	  329.00   407.03     0.00     0.00     0.00     0.00
  33 	  329.00   407.03     0.00     0.00     0.00     0.00
   	   32.00    62.00     0.00    90.00
   	   32.00    62.00     0.00    90.00
  34 	 -282.00   488.44     0.00     0.00     0.00     0.00
  34 	 -282.00   488.44     0.00     0.00     0.00     0.00
   	   32.00    62.00     0.00    90.00
   	   32.00    62.00     0.00    90.00
  35 	 -188.00   488.44     0.00     0.00     0.00     0.00
  35 	 -188.00   488.44     0.00     0.00     0.00     0.00
   	   32.00    62.00     0.00    90.00
   	   32.00    62.00     0.00    90.00
  36 	  -94.00   488.44     0.00     0.00     0.00     0.00
  36 	  -94.00   488.44     0.00     0.00     0.00     0.00
   	   32.00    62.00     0.00    90.00
   	   32.00    62.00     0.00    90.00
  37 	   -0.00   488.44     0.00     0.00     0.00     0.00
  37 	   -0.00   488.44     0.00     0.00     0.00     0.00
   	   32.00    62.00     0.00    90.00
   	   32.00    62.00     0.00    90.00
  38 	   94.00   488.44     0.00     0.00     0.00     0.00
  38 	   94.00   488.44     0.00     0.00     0.00     0.00
   	   32.00    62.00     0.00    90.00
   	   32.00    62.00     0.00    90.00
  39 	  188.00   488.44     0.00     0.00     0.00     0.00
  39 	  188.00   488.44     0.00     0.00     0.00     0.00
   	   32.00    62.00     0.00    90.00
   	   32.00    62.00     0.00    90.00
  40 	  282.00   488.44     0.00     0.00     0.00     0.00
  40 	  282.00   488.44     0.00     0.00     0.00     0.00
   	   32.00    62.00     0.00    90.00
   	   32.00    62.00     0.00    90.00
  41 	  376.00   488.44     0.00     0.00     0.00     0.00
  41 	  376.00   488.44     0.00     0.00     0.00     0.00
   	   32.00    62.00     0.00    90.00
   	   32.00    62.00     0.00    90.00
  42 	 -235.00   569.84     0.00     0.00     0.00     0.00
  42 	 -235.00   569.84     0.00     0.00     0.00     0.00
   	   32.00    62.00     0.00    90.00
   	   32.00    62.00     0.00    90.00
  43 	 -141.00   569.84     0.00     0.00     0.00     0.00
  43 	 -141.00   569.84     0.00     0.00     0.00     0.00
   	   32.00    62.00     0.00    90.00
   	   32.00    62.00     0.00    90.00
  44 	  -47.00   569.84     0.00     0.00     0.00     0.00
  44 	  -47.00   569.84     0.00     0.00     0.00     0.00
   	   32.00    62.00     0.00    90.00
   	   32.00    62.00     0.00    90.00
  45 	   47.00   569.84     0.00     0.00     0.00     0.00
  45 	   47.00   569.84     0.00     0.00     0.00     0.00
   	   32.00    62.00     0.00    90.00
   	   32.00    62.00     0.00    90.00
  46 	  141.00   569.84     0.00     0.00     0.00     0.00
  46 	  141.00   569.84     0.00     0.00     0.00     0.00
   	   32.00    62.00     0.00    90.00
   	   32.00    62.00     0.00    90.00
  47 	  235.00   569.84     0.00     0.00     0.00     0.00
  47 	  235.00   569.84     0.00     0.00     0.00     0.00
   	   32.00    62.00     0.00    90.00
   	   32.00    62.00     0.00    90.00
  48 	  329.00   569.84     0.00     0.00     0.00     0.00
  48 	  329.00   569.84     0.00     0.00     0.00     0.00
   	   32.00    62.00     0.00    90.00
   	   32.00    62.00     0.00    90.00
  49 	  423.00   569.84     0.00     0.00     0.00     0.00
  49 	  423.00   569.84     0.00     0.00     0.00     0.00
   	   32.00    62.00     0.00    90.00
   	   32.00    62.00     0.00    90.00
  50 	 -188.00   651.25     0.00     0.00     0.00     0.00
  50 	 -188.00   651.25     0.00     0.00     0.00     0.00
   	   32.00    62.00     0.00    90.00
   	   32.00    62.00     0.00    90.00
  51 	  -94.00   651.25     0.00     0.00     0.00     0.00
  51 	  -94.00   651.25     0.00     0.00     0.00     0.00
   	   32.00    62.00     0.00    90.00
   	   32.00    62.00     0.00    90.00
  52 	   -0.00   651.25     0.00     0.00     0.00     0.00
  52 	   -0.00   651.25     0.00     0.00     0.00     0.00
   	   32.00    62.00     0.00    90.00
   	   32.00    62.00     0.00    90.00
  53 	   94.00   651.25     0.00     0.00     0.00     0.00
  53 	   94.00   651.25     0.00     0.00     0.00     0.00
   	   32.00    62.00     0.00    90.00
   	   32.00    62.00     0.00    90.00
  54 	  188.00   651.25     0.00     0.00     0.00     0.00
  54 	  188.00   651.25     0.00     0.00     0.00     0.00
   	   32.00    62.00     0.00    90.00
   	   32.00    62.00     0.00    90.00
  55 	  282.00   651.25     0.00     0.00     0.00     0.00
  55 	  282.00   651.25     0.00     0.00     0.00     0.00
   	   32.00    62.00     0.00    90.00
   	   32.00    62.00     0.00    90.00
  56 	  376.00   651.25     0.00     0.00     0.00     0.00
  56 	  376.00   651.25     0.00     0.00     0.00     0.00
   	   32.00    62.00     0.00    90.00
   	   32.00    62.00     0.00    90.00
  57 	  470.00   651.25     0.00     0.00     0.00     0.00
  57 	  470.00   651.25     0.00     0.00     0.00     0.00
   	   32.00    62.00     0.00    90.00
   	   32.00    62.00     0.00    90.00
  58 	 -141.00   732.66     0.00     0.00     0.00     0.00
  58 	 -141.00   732.66     0.00     0.00     0.00     0.00
   	   32.00    62.00     0.00    90.00
   	   32.00    62.00     0.00    90.00
  59 	  -47.00   732.66     0.00     0.00     0.00     0.00
  59 	  -47.00   732.66     0.00     0.00     0.00     0.00
   	   32.00    62.00     0.00    90.00
   	   32.00    62.00     0.00    90.00
  60 	   47.00   732.66     0.00     0.00     0.00     0.00
  60 	   47.00   732.66     0.00     0.00     0.00     0.00
   	   32.00    62.00     0.00    90.00
   	   32.00    62.00     0.00    90.00
  61 	  141.00   732.66     0.00     0.00     0.00     0.00
  61 	  141.00   732.66     0.00     0.00     0.00     0.00
   	   32.00    62.00     0.00    90.00
   	   32.00    62.00     0.00    90.00
  62 	  235.00   732.66     0.00     0.00     0.00     0.00
  62 	  235.00   732.66     0.00     0.00     0.00     0.00
   	   32.00    62.00     0.00    90.00
   	   32.00    62.00     0.00    90.00
  63 	  329.00   732.66     0.00     0.00     0.00     0.00
  63 	  329.00   732.66     0.00     0.00     0.00     0.00
   	   32.00    62.00     0.00    90.00
   	   32.00    62.00     0.00    90.00
  64 	  423.00   732.66     0.00     0.00     0.00     0.00
  64 	  423.00   732.66     0.00     0.00     0.00     0.00
   	   32.00    62.00     0.00    90.00
   	   32.00    62.00     0.00    90.00
  65 	  517.00   732.66     0.00     0.00     0.00     0.00
  65 	  517.00   732.66     0.00     0.00     0.00     0.00
   	   32.00    62.00     0.00    90.00
   	   32.00    62.00     0.00    90.00
  66 	  -94.00   814.06     0.00     0.00     0.00     0.00
  66 	  -94.00   814.06     0.00     0.00     0.00     0.00
   	   32.00    62.00     0.00    90.00
   	   32.00    62.00     0.00    90.00
  67 	   -0.00   814.06     0.00     0.00     0.00     0.00
  67 	   -0.00   814.06     0.00     0.00     0.00     0.00
   	   32.00    62.00     0.00    90.00
   	   32.00    62.00     0.00    90.00
  68 	   94.00   814.06     0.00     0.00     0.00     0.00
  68 	   94.00   814.06     0.00     0.00     0.00     0.00
   	   32.00    62.00     0.00    90.00
   	   32.00    62.00     0.00    90.00
  69 	  188.00   814.06     0.00     0.00     0.00     0.00
  69 	  188.00   814.06     0.00     0.00     0.00     0.00
   	   32.00    62.00     0.00    90.00
   	   32.00    62.00     0.00    90.00
  70 	  282.00   814.06     0.00     0.00     0.00     0.00
  70 	  282.00   814.06     0.00     0.00     0.00     0.00
   	   32.00    62.00     0.00    90.00
   	   32.00    62.00     0.00    90.00
  71 	  376.00   814.06     0.00     0.00     0.00     0.00
  71 	  376.00   814.06     0.00     0.00     0.00     0.00
   	   32.00    62.00     0.00    90.00
   	   32.00    62.00     0.00    90.00
  72 	  470.00   814.06     0.00     0.00     0.00     0.00
  72 	  470.00   814.06     0.00     0.00     0.00     0.00
   	   32.00    62.00     0.00    90.00
   	   32.00    62.00     0.00    90.00
  73 	  564.00   814.06     0.00     0.00     0.00     0.00
  73 	  564.00   814.06     0.00     0.00     0.00     0.00
   	   32.00    62.00     0.00    90.00
   	   32.00    62.00     0.00    90.00
  74 	  470.00   325.63     0.00    37.00   -10.00    -9.00
  74 	  470.00   325.63     0.00    37.00   -10.00    -9.00
   	   32.00    62.00     0.00    90.00
   	   32.00    62.00     0.00    90.00

** End writing output file: ../inputs/gr602.dat 
