*******************************************************************************
                         ARRAY PREPROCESSOR ver. 1.0
*******************************************************************************



   1	GROUP testgroup
   3	 GRID HEXAGONAL
   4	 ELEMENT
   5	 GEOMETRY CIRCULAR RADIUS 49
   7	 ADD NODE 4 0
   8	 ADD BLOCK 2 8 5 -2
   9	 ADD BLOCK 0 -4 -3 -6
  11	 GROUP_EXCITATION
  12	 AMPLITUDE UNIFORM 25
  13	 PHASE UNIFORM 219
  14	 END

** Generating GROUP: testgroup.
** PSTEP,QSTEP set to:98.000000,98.000000
** Grid ANGLE set to:60.000000 
** Group ROT_ANGLE set to: 0.000000 

** Writing output file: ../inputs/gr603.dat

NEL 
NPORTS
IDUM      REXA     REYA     REZA     THEA     PHEA     PSEA 
          AMP      PSH      PSC      PHEPOL
  57
  57
   1
   1
   1 	  392.00     0.00     0.00     0.00     0.00     0.00
   1 	  392.00     0.00     0.00     0.00     0.00     0.00
   	   25.00   219.00     0.00    90.00
   	   25.00   219.00     0.00    90.00
   2 	   98.00  -169.74     0.00     0.00     0.00     0.00
   2 	   98.00  -169.74     0.00     0.00     0.00     0.00
   	   25.00   219.00     0.00    90.00
   	   25.00   219.00     0.00    90.00
   3 	  196.00  -169.74     0.00     0.00     0.00     0.00
   3 	  196.00  -169.74     0.00     0.00     0.00     0.00
   	   25.00   219.00     0.00    90.00
   	   25.00   219.00     0.00    90.00
   4 	  294.00  -169.74     0.00     0.00     0.00     0.00
   4 	  294.00  -169.74     0.00     0.00     0.00     0.00
   	   25.00   219.00     0.00    90.00
   	   25.00   219.00     0.00    90.00
   5 	  392.00  -169.74     0.00     0.00     0.00     0.00
   5 	  392.00  -169.74     0.00     0.00     0.00     0.00
   	   25.00   219.00     0.00    90.00
   	   25.00   219.00     0.00    90.00
   6 	  147.00   -84.87     0.00     0.00     0.00     0.00
   6 	  147.00   -84.87     0.00     0.00     0.00     0.00
   	   25.00   219.00     0.00    90.00
   	   25.00   219.00     0.00    90.00
   7 	  245.00   -84.87     0.00     0.00     0.00     0.00
   7 	  245.00   -84.87     0.00     0.00     0.00     0.00
   	   25.00   219.00     0.00    90.00
   	   25.00   219.00     0.00    90.00
   8 	  343.00   -84.87     0.00     0.00     0.00     0.00
   8 	  343.00   -84.87     0.00     0.00     0.00     0.00
   	   25.00   219.00     0.00    90.00
   	   25.00   219.00     0.00    90.00
   9 	  441.00   -84.87     0.00     0.00     0.00     0.00
   9 	  441.00   -84.87     0.00     0.00     0.00     0.00
   	   25.00   219.00     0.00    90.00
   	   25.00   219.00     0.00    90.00
  10 	  196.00     0.00     0.00     0.00     0.00     0.00
  10 	  196.00     0.00     0.00     0.00     0.00     0.00
   	   25.00   219.00     0.00    90.00
   	   25.00   219.00     0.00    90.00
  11 	  294.00     0.00     0.00     0.00     0.00     0.00
  11 	  294.00     0.00     0.00     0.00     0.00     0.00
   	   25.00   219.00     0.00    90.00
   	   25.00   219.00     0.00    90.00
  12 	  392.00     0.00     0.00     0.00     0.00     0.00
  12 	  392.00     0.00     0.00     0.00     0.00     0.00
   	   25.00   219.00     0.00    90.00
   	   25.00   219.00     0.00    90.00
  13 	  490.00     0.00     0.00     0.00     0.00     0.00
  13 	  490.00     0.00     0.00     0.00     0.00     0.00
   	   25.00   219.00     0.00    90.00
   	   25.00   219.00     0.00    90.00
  14 	  245.00    84.87     0.00     0.00     0.00     0.00
  14 	  245.00    84.87     0.00     0.00     0.00     0.00
   	   25.00   219.00     0.00    90.00
   	   25.00   219.00     0.00    90.00
  15 	  343.00    84.87     0.00     0.00     0.00     0.00
  15 	  343.00    84.87     0.00     0.00     0.00     0.00
   	   25.00   219.00     0.00    90.00
   	   25.00   219.00     0.00    90.00
  16 	  441.00    84.87     0.00     0.00     0.00     0.00
  16 	  441.00    84.87     0.00     0.00     0.00     0.00
   	   25.00   219.00     0.00    90.00
   	   25.00   219.00     0.00    90.00
  17 	  539.00    84.87     0.00     0.00     0.00     0.00
  17 	  539.00    84.87     0.00     0.00     0.00     0.00
   	   25.00   219.00     0.00    90.00
   	   25.00   219.00     0.00    90.00
  18 	  294.00   169.74     0.00     0.00     0.00     0.00
  18 	  294.00   169.74     0.00     0.00     0.00     0.00
   	   25.00   219.00     0.00    90.00
   	   25.00   219.00     0.00    90.00
  19 	  392.00   169.74     0.00     0.00     0.00     0.00
  19 	  392.00   169.74     0.00     0.00     0.00     0.00
   	   25.00   219.00     0.00    90.00
   	   25.00   219.00     0.00    90.00
  20 	  490.00   169.74     0.00     0.00     0.00     0.00
  20 	  490.00   169.74     0.00     0.00     0.00     0.00
   	   25.00   219.00     0.00    90.00
   	   25.00   219.00     0.00    90.00
  21 	  588.00   169.74     0.00     0.00     0.00     0.00
  21 	  588.00   169.74     0.00     0.00     0.00     0.00
   	   25.00   219.00     0.00    90.00
   	   25.00   219.00     0.00    90.00
  22 	  343.00   254.61     0.00     0.00     0.00     0.00
  22 	  343.00   254.61     0.00     0.00     0.00     0.00
   	   25.00   219.00     0.00    90.00
   	   25.00   219.00     0.00    90.00
  23 	  441.00   254.61     0.00     0.00     0.00     0.00
  23 	  441.00   254.61     0.00     0.00     0.00     0.00
   	   25.00   219.00     0.00    90.00
   	   25.00   219.00     0.00    90.00
  24 	  539.00   254.61     0.00     0.00     0.00     0.00
  24 	  539.00   254.61     0.00     0.00     0.00     0.00
   	   25.00   219.00     0.00    90.00
   	   25.00   219.00     0.00    90.00
  25 	  637.00   254.61     0.00     0.00     0.00     0.00
  25 	  637.00   254.61     0.00     0.00     0.00     0.00
   	   25.00   219.00     0.00    90.00
   	   25.00   219.00     0.00    90.00
  26 	  392.00   339.48     0.00     0.00     0.00     0.00
  26 	  392.00   339.48     0.00     0.00     0.00     0.00
   	   25.00   219.00     0.00    90.00
   	   25.00   219.00     0.00    90.00
  27 	  490.00   339.48     0.00     0.00     0.00     0.00
  27 	  490.00   339.48     0.00     0.00     0.00     0.00
   	   25.00   219.00     0.00    90.00
   	   25.00   219.00     0.00    90.00
  28 	  588.00   339.48     0.00     0.00     0.00     0.00
  28 	  588.00   339.48     0.00     0.00     0.00     0.00
   	   25.00   219.00     0.00    90.00
   	   25.00   219.00     0.00    90.00
  29 	  686.00   339.48     0.00     0.00     0.00     0.00
  29 	  686.00   339.48     0.00     0.00     0.00     0.00
   	   25.00   219.00     0.00    90.00
   	   25.00   219.00     0.00    90.00
  30 	  441.00   424.35     0.00     0.00     0.00     0.00
  30 	  441.00   424.35     0.00     0.00     0.00     0.00
   	   25.00   219.00     0.00    90.00
   	   25.00   219.00     0.00    90.00
  31 	  539.00   424.35     0.00     0.00     0.00     0.00
  31 	  539.00   424.35     0.00     0.00     0.00     0.00
   	   25.00   219.00     0.00    90.00
   	   25.00   219.00     0.00    90.00
  32 	  637.00   424.35     0.00     0.00     0.00     0.00
  32 	  637.00   424.35     0.00     0.00     0.00     0.00
   	   25.00   219.00     0.00    90.00
   	   25.00   219.00     0.00    90.00
  33 	  735.00   424.35     0.00     0.00     0.00     0.00
  33 	  735.00   424.35     0.00     0.00     0.00     0.00
   	   25.00   219.00     0.00    90.00
   	   25.00   219.00     0.00    90.00
  34 	  490.00   509.22     0.00     0.00     0.00     0.00
  34 	  490.00   509.22     0.00     0.00     0.00     0.00
   	   25.00   219.00     0.00    90.00
   	   25.00   219.00     0.00    90.00
  35 	  588.00   509.22     0.00     0.00     0.00     0.00
  35 	  588.00   509.22     0.00     0.00     0.00     0.00
   	   25.00   219.00     0.00    90.00
   	   25.00   219.00     0.00    90.00
  36 	  686.00   509.22     0.00     0.00     0.00     0.00
  36 	  686.00   509.22     0.00     0.00     0.00     0.00
   	   25.00   219.00     0.00    90.00
   	   25.00   219.00     0.00    90.00
  37 	  784.00   509.22     0.00     0.00     0.00     0.00
  37 	  784.00   509.22     0.00     0.00     0.00     0.00
   	   25.00   219.00     0.00    90.00
   	   25.00   219.00     0.00    90.00
  38 	  539.00   594.09     0.00     0.00     0.00     0.00
  38 	  539.00   594.09     0.00     0.00     0.00     0.00
   	   25.00   219.00     0.00    90.00
   	   25.00   219.00     0.00    90.00
  39 	  637.00   594.09     0.00     0.00     0.00     0.00
  39 	  637.00   594.09     0.00     0.00     0.00     0.00
   	   25.00   219.00     0.00    90.00
   	   25.00   219.00     0.00    90.00
  40 	  735.00   594.09     0.00     0.00     0.00     0.00
  40 	  735.00   594.09     0.00     0.00     0.00     0.00
   	   25.00   219.00     0.00    90.00
   	   25.00   219.00     0.00    90.00
  41 	  833.00   594.09     0.00     0.00     0.00     0.00
  41 	  833.00   594.09     0.00     0.00     0.00     0.00
   	   25.00   219.00     0.00    90.00
   	   25.00   219.00     0.00    90.00
  42 	  588.00   678.96     0.00     0.00     0.00     0.00
  42 	  588.00   678.96     0.00     0.00     0.00     0.00
   	   25.00   219.00     0.00    90.00
   	   25.00   219.00     0.00    90.00
  43 	  686.00   678.96     0.00     0.00     0.00     0.00
  43 	  686.00   678.96     0.00     0.00     0.00     0.00
   	   25.00   219.00     0.00    90.00
   	   25.00   219.00     0.00    90.00
  44 	  784.00   678.96     0.00     0.00     0.00     0.00
  44 	  784.00   678.96     0.00     0.00     0.00     0.00
   	   25.00   219.00     0.00    90.00
   	   25.00   219.00     0.00    90.00
  45 	  882.00   678.96     0.00     0.00     0.00     0.00
  45 	  882.00   678.96     0.00     0.00     0.00     0.00
   	   25.00   219.00     0.00    90.00
   	   25.00   219.00     0.00    90.00
  46 	 -588.00  -509.22     0.00     0.00     0.00     0.00
  46 	 -588.00  -509.22     0.00     0.00     0.00     0.00
   	   25.00   219.00     0.00    90.00
   	   25.00   219.00     0.00    90.00
  47 	 -490.00  -509.22     0.00     0.00     0.00     0.00
  47 	 -490.00  -509.22     0.00     0.00     0.00     0.00
   	   25.00   219.00     0.00    90.00
   	   25.00   219.00     0.00    90.00
  48 	 -392.00  -509.22     0.00     0.00     0.00     0.00
  48 	 -392.00  -509.22     0.00     0.00     0.00     0.00
   	   25.00   219.00     0.00    90.00
   	   25.00   219.00     0.00    90.00
  49 	 -294.00  -509.22     0.00     0.00     0.00     0.00
  49 	 -294.00  -509.22     0.00     0.00     0.00     0.00
   	   25.00   219.00     0.00    90.00
   	   25.00   219.00     0.00    90.00
  50 	 -539.00  -424.35     0.00     0.00     0.00     0.00
  50 	 -539.00  -424.35     0.00     0.00     0.00     0.00
   	   25.00   219.00     0.00    90.00
   	   25.00   219.00     0.00    90.00
  51 	 -441.00  -424.35     0.00     0.00     0.00     0.00
  51 	 -441.00  -424.35     0.00     0.00     0.00     0.00
   	   25.00   219.00     0.00    90.00
   	   25.00   219.00     0.00    90.00
  52 	 -343.00  -424.35     0.00     0.00     0.00     0.00
  52 	 -343.00  -424.35     0.00     0.00     0.00     0.00
   	   25.00   219.00     0.00    90.00
   	   25.00   219.00     0.00    90.00
  53 	 -245.00  -424.35     0.00     0.00     0.00     0.00
  53 	 -245.00  -424.35     0.00     0.00     0.00     0.00
   	   25.00   219.00     0.00    90.00
   	   25.00   219.00     0.00    90.00
  54 	 -490.00  -339.48     0.00     0.00     0.00     0.00
  54 	 -490.00  -339.48     0.00     0.00     0.00     0.00
   	   25.00   219.00     0.00    90.00
   	   25.00   219.00     0.00    90.00
  55 	 -392.00  -339.48     0.00     0.00     0.00     0.00
  55 	 -392.00  -339.48     0.00     0.00     0.00     0.00
   	   25.00   219.00     0.00    90.00
   	   25.00   219.00     0.00    90.00
  56 	 -294.00  -339.48     0.00     0.00     0.00     0.00
  56 	 -294.00  -339.48     0.00     0.00     0.00     0.00
   	   25.00   219.00     0.00    90.00
   	   25.00   219.00     0.00    90.00
  57 	 -196.00  -339.48     0.00     0.00     0.00     0.00
  57 	 -196.00  -339.48     0.00     0.00     0.00     0.00
   	   25.00   219.00     0.00    90.00
   	   25.00   219.00     0.00    90.00

** End writing output file: ../inputs/gr603.dat 
