*******************************************************************************
                         ARRAY PREPROCESSOR ver. 1.0
*******************************************************************************



   1	GROUP testgroup
   3	 GRID TRIANGULAR ANGLE 87 PSTEP 56 QSTEP 82 mm
   4	 ELEMENT
   5	 GEOMETRY CIRCULAR 60
   6	 POLARIZATION CIRCULAR
   7	 ADD BLOCK -1 4 -7 5
   8	 ADD HEXAGON 0 -2
   9	 ADD BLOCK 6 1 5 -8
  10	 ADD HEXAGON -9 0
  12	 GROUP_EXCITATION
  13	 AMPLITUDE UNIFORM 32
  14	 PHASE UNIFORM -59
  15	 END

** WARNING B2: GRID step(s) too small for specified element in GROUP: testgroup
** Generating GROUP: testgroup.
** PSTEP,QSTEP set to:56.000000,82.000000
** Grid ANGLE set to:87.000000 
** Group ROT_ANGLE set to: 0.000000 

** Writing output file: ../inputs/gr607.dat

NEL 
NPORTS
IDUM      REXA     REYA     REZA     THEA     PHEA     PSEA 
          AMP      PSH      PSC      PHEPOL
  48
  48
   1
   1
   1 	 -374.83   327.55     0.00     0.00     0.00     0.00
   1 	 -374.83   327.55     0.00     0.00     0.00     0.00
   	   32.00   -59.00     0.00    90.00
   	   32.00   -59.00     0.00    90.00
   2 	 -318.83   327.55     0.00     0.00     0.00     0.00
   2 	 -318.83   327.55     0.00     0.00     0.00     0.00
   	   32.00   -59.00     0.00    90.00
   	   32.00   -59.00     0.00    90.00
   3 	 -262.83   327.55     0.00     0.00     0.00     0.00
   3 	 -262.83   327.55     0.00     0.00     0.00     0.00
   	   32.00   -59.00     0.00    90.00
   	   32.00   -59.00     0.00    90.00
   4 	 -206.83   327.55     0.00     0.00     0.00     0.00
   4 	 -206.83   327.55     0.00     0.00     0.00     0.00
   	   32.00   -59.00     0.00    90.00
   	   32.00   -59.00     0.00    90.00
   5 	 -150.83   327.55     0.00     0.00     0.00     0.00
   5 	 -150.83   327.55     0.00     0.00     0.00     0.00
   	   32.00   -59.00     0.00    90.00
   	   32.00   -59.00     0.00    90.00
   6 	  -94.83   327.55     0.00     0.00     0.00     0.00
   6 	  -94.83   327.55     0.00     0.00     0.00     0.00
   	   32.00   -59.00     0.00    90.00
   	   32.00   -59.00     0.00    90.00
   7 	  -38.83   327.55     0.00     0.00     0.00     0.00
   7 	  -38.83   327.55     0.00     0.00     0.00     0.00
   	   32.00   -59.00     0.00    90.00
   	   32.00   -59.00     0.00    90.00
   8 	 -370.54   409.44     0.00     0.00     0.00     0.00
   8 	 -370.54   409.44     0.00     0.00     0.00     0.00
   	   32.00   -59.00     0.00    90.00
   	   32.00   -59.00     0.00    90.00
   9 	 -314.54   409.44     0.00     0.00     0.00     0.00
   9 	 -314.54   409.44     0.00     0.00     0.00     0.00
   	   32.00   -59.00     0.00    90.00
   	   32.00   -59.00     0.00    90.00
  10 	 -258.54   409.44     0.00     0.00     0.00     0.00
  10 	 -258.54   409.44     0.00     0.00     0.00     0.00
   	   32.00   -59.00     0.00    90.00
   	   32.00   -59.00     0.00    90.00
  11 	 -202.54   409.44     0.00     0.00     0.00     0.00
  11 	 -202.54   409.44     0.00     0.00     0.00     0.00
   	   32.00   -59.00     0.00    90.00
   	   32.00   -59.00     0.00    90.00
  12 	 -146.54   409.44     0.00     0.00     0.00     0.00
  12 	 -146.54   409.44     0.00     0.00     0.00     0.00
   	   32.00   -59.00     0.00    90.00
   	   32.00   -59.00     0.00    90.00
  13 	  -90.54   409.44     0.00     0.00     0.00     0.00
  13 	  -90.54   409.44     0.00     0.00     0.00     0.00
   	   32.00   -59.00     0.00    90.00
   	   32.00   -59.00     0.00    90.00
  14 	  -34.54   409.44     0.00     0.00     0.00     0.00
  14 	  -34.54   409.44     0.00     0.00     0.00     0.00
   	   32.00   -59.00     0.00    90.00
   	   32.00   -59.00     0.00    90.00
  15 	  -60.29   -81.89     0.00     0.00     0.00     0.00
  15 	  -60.29   -81.89     0.00     0.00     0.00     0.00
   	   32.00   -59.00     0.00    90.00
   	   32.00   -59.00     0.00    90.00
  16 	   -4.29   -81.89     0.00     0.00     0.00     0.00
  16 	   -4.29   -81.89     0.00     0.00     0.00     0.00
   	   32.00   -59.00     0.00    90.00
   	   32.00   -59.00     0.00    90.00
  17 	   47.42  -163.78     0.00     0.00     0.00     0.00
  17 	   47.42  -163.78     0.00     0.00     0.00     0.00
   	   32.00   -59.00     0.00    90.00
   	   32.00   -59.00     0.00    90.00
  18 	   43.13  -245.66     0.00     0.00     0.00     0.00
  18 	   43.13  -245.66     0.00     0.00     0.00     0.00
   	   32.00   -59.00     0.00    90.00
   	   32.00   -59.00     0.00    90.00
  19 	  -12.87  -245.66     0.00     0.00     0.00     0.00
  19 	  -12.87  -245.66     0.00     0.00     0.00     0.00
   	   32.00   -59.00     0.00    90.00
   	   32.00   -59.00     0.00    90.00
  20 	  -64.58  -163.78     0.00     0.00     0.00     0.00
  20 	  -64.58  -163.78     0.00     0.00     0.00     0.00
   	   32.00   -59.00     0.00    90.00
   	   32.00   -59.00     0.00    90.00
  21 	   -8.58  -163.78     0.00     0.00     0.00     0.00
  21 	   -8.58  -163.78     0.00     0.00     0.00     0.00
   	   32.00   -59.00     0.00    90.00
   	   32.00   -59.00     0.00    90.00
  22 	  245.67  -655.10     0.00     0.00     0.00     0.00
  22 	  245.67  -655.10     0.00     0.00     0.00     0.00
   	   32.00   -59.00     0.00    90.00
   	   32.00   -59.00     0.00    90.00
  23 	  301.67  -655.10     0.00     0.00     0.00     0.00
  23 	  301.67  -655.10     0.00     0.00     0.00     0.00
   	   32.00   -59.00     0.00    90.00
   	   32.00   -59.00     0.00    90.00
  24 	  249.96  -573.21     0.00     0.00     0.00     0.00
  24 	  249.96  -573.21     0.00     0.00     0.00     0.00
   	   32.00   -59.00     0.00    90.00
   	   32.00   -59.00     0.00    90.00
  25 	  305.96  -573.21     0.00     0.00     0.00     0.00
  25 	  305.96  -573.21     0.00     0.00     0.00     0.00
   	   32.00   -59.00     0.00    90.00
   	   32.00   -59.00     0.00    90.00
  26 	  254.25  -491.33     0.00     0.00     0.00     0.00
  26 	  254.25  -491.33     0.00     0.00     0.00     0.00
   	   32.00   -59.00     0.00    90.00
   	   32.00   -59.00     0.00    90.00
  27 	  310.25  -491.33     0.00     0.00     0.00     0.00
  27 	  310.25  -491.33     0.00     0.00     0.00     0.00
   	   32.00   -59.00     0.00    90.00
   	   32.00   -59.00     0.00    90.00
  28 	  258.54  -409.44     0.00     0.00     0.00     0.00
  28 	  258.54  -409.44     0.00     0.00     0.00     0.00
   	   32.00   -59.00     0.00    90.00
   	   32.00   -59.00     0.00    90.00
  29 	  314.54  -409.44     0.00     0.00     0.00     0.00
  29 	  314.54  -409.44     0.00     0.00     0.00     0.00
   	   32.00   -59.00     0.00    90.00
   	   32.00   -59.00     0.00    90.00
  30 	  262.83  -327.55     0.00     0.00     0.00     0.00
  30 	  262.83  -327.55     0.00     0.00     0.00     0.00
   	   32.00   -59.00     0.00    90.00
   	   32.00   -59.00     0.00    90.00
  31 	  318.83  -327.55     0.00     0.00     0.00     0.00
  31 	  318.83  -327.55     0.00     0.00     0.00     0.00
   	   32.00   -59.00     0.00    90.00
   	   32.00   -59.00     0.00    90.00
  32 	  267.13  -245.66     0.00     0.00     0.00     0.00
  32 	  267.13  -245.66     0.00     0.00     0.00     0.00
   	   32.00   -59.00     0.00    90.00
   	   32.00   -59.00     0.00    90.00
  33 	  323.13  -245.66     0.00     0.00     0.00     0.00
  33 	  323.13  -245.66     0.00     0.00     0.00     0.00
   	   32.00   -59.00     0.00    90.00
   	   32.00   -59.00     0.00    90.00
  34 	  271.42  -163.78     0.00     0.00     0.00     0.00
  34 	  271.42  -163.78     0.00     0.00     0.00     0.00
   	   32.00   -59.00     0.00    90.00
   	   32.00   -59.00     0.00    90.00
  35 	  327.42  -163.78     0.00     0.00     0.00     0.00
  35 	  327.42  -163.78     0.00     0.00     0.00     0.00
   	   32.00   -59.00     0.00    90.00
   	   32.00   -59.00     0.00    90.00
  36 	  275.71   -81.89     0.00     0.00     0.00     0.00
  36 	  275.71   -81.89     0.00     0.00     0.00     0.00
   	   32.00   -59.00     0.00    90.00
   	   32.00   -59.00     0.00    90.00
  37 	  331.71   -81.89     0.00     0.00     0.00     0.00
  37 	  331.71   -81.89     0.00     0.00     0.00     0.00
   	   32.00   -59.00     0.00    90.00
   	   32.00   -59.00     0.00    90.00
  38 	  280.00     0.00     0.00     0.00     0.00     0.00
  38 	  280.00     0.00     0.00     0.00     0.00     0.00
   	   32.00   -59.00     0.00    90.00
   	   32.00   -59.00     0.00    90.00
  39 	  336.00     0.00     0.00     0.00     0.00     0.00
  39 	  336.00     0.00     0.00     0.00     0.00     0.00
   	   32.00   -59.00     0.00    90.00
   	   32.00   -59.00     0.00    90.00
  40 	  284.29    81.89     0.00     0.00     0.00     0.00
  40 	  284.29    81.89     0.00     0.00     0.00     0.00
   	   32.00   -59.00     0.00    90.00
   	   32.00   -59.00     0.00    90.00
  41 	  340.29    81.89     0.00     0.00     0.00     0.00
  41 	  340.29    81.89     0.00     0.00     0.00     0.00
   	   32.00   -59.00     0.00    90.00
   	   32.00   -59.00     0.00    90.00
  42 	 -555.71    81.89     0.00     0.00     0.00     0.00
  42 	 -555.71    81.89     0.00     0.00     0.00     0.00
   	   32.00   -59.00     0.00    90.00
   	   32.00   -59.00     0.00    90.00
  43 	 -499.71    81.89     0.00     0.00     0.00     0.00
  43 	 -499.71    81.89     0.00     0.00     0.00     0.00
   	   32.00   -59.00     0.00    90.00
   	   32.00   -59.00     0.00    90.00
  44 	 -448.00     0.00     0.00     0.00     0.00     0.00
  44 	 -448.00     0.00     0.00     0.00     0.00     0.00
   	   32.00   -59.00     0.00    90.00
   	   32.00   -59.00     0.00    90.00
  45 	 -452.29   -81.89     0.00     0.00     0.00     0.00
  45 	 -452.29   -81.89     0.00     0.00     0.00     0.00
   	   32.00   -59.00     0.00    90.00
   	   32.00   -59.00     0.00    90.00
  46 	 -508.29   -81.89     0.00     0.00     0.00     0.00
  46 	 -508.29   -81.89     0.00     0.00     0.00     0.00
   	   32.00   -59.00     0.00    90.00
   	   32.00   -59.00     0.00    90.00
  47 	 -560.00     0.00     0.00     0.00     0.00     0.00
  47 	 -560.00     0.00     0.00     0.00     0.00     0.00
   	   32.00   -59.00     0.00    90.00
   	   32.00   -59.00     0.00    90.00
  48 	 -504.00     0.00     0.00     0.00     0.00     0.00
  48 	 -504.00     0.00     0.00     0.00     0.00     0.00
   	   32.00   -59.00     0.00    90.00
   	   32.00   -59.00     0.00    90.00

** End writing output file: ../inputs/gr607.dat 
