*******************************************************************************
                         ARRAY PREPROCESSOR ver. 1.0
*******************************************************************************



   1	GROUP testgroup
   3	 GRID RECTANGULAR
   4	 ELEMENT
   5	 GEOMETRY CIRCULAR 44
   7	 ADD BLOCK -6 -3 -5 0
   8	 ADD BLOCK -7 -7 5 1
  10	 GROUP_EXCITATION
  11	 AMPLITUDE UNIFORM 28
  12	 PHASE UNIFORM 88
  13	 END

** Generating GROUP: testgroup.
** PSTEP,QSTEP set to:88.000000,88.000000
** Grid ANGLE set to:90.000000 
** Group ROT_ANGLE set to: 0.000000 

** Writing output file: ../inputs/gr61.dat

NEL 
NPORTS
IDUM      REXA     REYA     REZA     THEA     PHEA     PSEA 
          AMP      PSH      PSC      PHEPOL
 125
 125
   1
   1
   1 	 -528.00  -264.00     0.00     0.00     0.00     0.00
   1 	 -528.00  -264.00     0.00     0.00     0.00     0.00
   	   28.00    88.00     0.00    90.00
   	   28.00    88.00     0.00    90.00
   2 	 -440.00  -264.00     0.00     0.00     0.00     0.00
   2 	 -440.00  -264.00     0.00     0.00     0.00     0.00
   	   28.00    88.00     0.00    90.00
   	   28.00    88.00     0.00    90.00
   3 	 -528.00  -176.00     0.00     0.00     0.00     0.00
   3 	 -528.00  -176.00     0.00     0.00     0.00     0.00
   	   28.00    88.00     0.00    90.00
   	   28.00    88.00     0.00    90.00
   4 	 -440.00  -176.00     0.00     0.00     0.00     0.00
   4 	 -440.00  -176.00     0.00     0.00     0.00     0.00
   	   28.00    88.00     0.00    90.00
   	   28.00    88.00     0.00    90.00
   5 	 -528.00   -88.00     0.00     0.00     0.00     0.00
   5 	 -528.00   -88.00     0.00     0.00     0.00     0.00
   	   28.00    88.00     0.00    90.00
   	   28.00    88.00     0.00    90.00
   6 	 -440.00   -88.00     0.00     0.00     0.00     0.00
   6 	 -440.00   -88.00     0.00     0.00     0.00     0.00
   	   28.00    88.00     0.00    90.00
   	   28.00    88.00     0.00    90.00
   7 	 -528.00     0.00     0.00     0.00     0.00     0.00
   7 	 -528.00     0.00     0.00     0.00     0.00     0.00
   	   28.00    88.00     0.00    90.00
   	   28.00    88.00     0.00    90.00
   8 	 -440.00     0.00     0.00     0.00     0.00     0.00
   8 	 -440.00     0.00     0.00     0.00     0.00     0.00
   	   28.00    88.00     0.00    90.00
   	   28.00    88.00     0.00    90.00
   9 	 -616.00  -616.00     0.00     0.00     0.00     0.00
   9 	 -616.00  -616.00     0.00     0.00     0.00     0.00
   	   28.00    88.00     0.00    90.00
   	   28.00    88.00     0.00    90.00
  10 	 -528.00  -616.00     0.00     0.00     0.00     0.00
  10 	 -528.00  -616.00     0.00     0.00     0.00     0.00
   	   28.00    88.00     0.00    90.00
   	   28.00    88.00     0.00    90.00
  11 	 -440.00  -616.00     0.00     0.00     0.00     0.00
  11 	 -440.00  -616.00     0.00     0.00     0.00     0.00
   	   28.00    88.00     0.00    90.00
   	   28.00    88.00     0.00    90.00
  12 	 -352.00  -616.00     0.00     0.00     0.00     0.00
  12 	 -352.00  -616.00     0.00     0.00     0.00     0.00
   	   28.00    88.00     0.00    90.00
   	   28.00    88.00     0.00    90.00
  13 	 -264.00  -616.00     0.00     0.00     0.00     0.00
  13 	 -264.00  -616.00     0.00     0.00     0.00     0.00
   	   28.00    88.00     0.00    90.00
   	   28.00    88.00     0.00    90.00
  14 	 -176.00  -616.00     0.00     0.00     0.00     0.00
  14 	 -176.00  -616.00     0.00     0.00     0.00     0.00
   	   28.00    88.00     0.00    90.00
   	   28.00    88.00     0.00    90.00
  15 	  -88.00  -616.00     0.00     0.00     0.00     0.00
  15 	  -88.00  -616.00     0.00     0.00     0.00     0.00
   	   28.00    88.00     0.00    90.00
   	   28.00    88.00     0.00    90.00
  16 	    0.00  -616.00     0.00     0.00     0.00     0.00
  16 	    0.00  -616.00     0.00     0.00     0.00     0.00
   	   28.00    88.00     0.00    90.00
   	   28.00    88.00     0.00    90.00
  17 	   88.00  -616.00     0.00     0.00     0.00     0.00
  17 	   88.00  -616.00     0.00     0.00     0.00     0.00
   	   28.00    88.00     0.00    90.00
   	   28.00    88.00     0.00    90.00
  18 	  176.00  -616.00     0.00     0.00     0.00     0.00
  18 	  176.00  -616.00     0.00     0.00     0.00     0.00
   	   28.00    88.00     0.00    90.00
   	   28.00    88.00     0.00    90.00
  19 	  264.00  -616.00     0.00     0.00     0.00     0.00
  19 	  264.00  -616.00     0.00     0.00     0.00     0.00
   	   28.00    88.00     0.00    90.00
   	   28.00    88.00     0.00    90.00
  20 	  352.00  -616.00     0.00     0.00     0.00     0.00
  20 	  352.00  -616.00     0.00     0.00     0.00     0.00
   	   28.00    88.00     0.00    90.00
   	   28.00    88.00     0.00    90.00
  21 	  440.00  -616.00     0.00     0.00     0.00     0.00
  21 	  440.00  -616.00     0.00     0.00     0.00     0.00
   	   28.00    88.00     0.00    90.00
   	   28.00    88.00     0.00    90.00
  22 	 -616.00  -528.00     0.00     0.00     0.00     0.00
  22 	 -616.00  -528.00     0.00     0.00     0.00     0.00
   	   28.00    88.00     0.00    90.00
   	   28.00    88.00     0.00    90.00
  23 	 -528.00  -528.00     0.00     0.00     0.00     0.00
  23 	 -528.00  -528.00     0.00     0.00     0.00     0.00
   	   28.00    88.00     0.00    90.00
   	   28.00    88.00     0.00    90.00
  24 	 -440.00  -528.00     0.00     0.00     0.00     0.00
  24 	 -440.00  -528.00     0.00     0.00     0.00     0.00
   	   28.00    88.00     0.00    90.00
   	   28.00    88.00     0.00    90.00
  25 	 -352.00  -528.00     0.00     0.00     0.00     0.00
  25 	 -352.00  -528.00     0.00     0.00     0.00     0.00
   	   28.00    88.00     0.00    90.00
   	   28.00    88.00     0.00    90.00
  26 	 -264.00  -528.00     0.00     0.00     0.00     0.00
  26 	 -264.00  -528.00     0.00     0.00     0.00     0.00
   	   28.00    88.00     0.00    90.00
   	   28.00    88.00     0.00    90.00
  27 	 -176.00  -528.00     0.00     0.00     0.00     0.00
  27 	 -176.00  -528.00     0.00     0.00     0.00     0.00
   	   28.00    88.00     0.00    90.00
   	   28.00    88.00     0.00    90.00
  28 	  -88.00  -528.00     0.00     0.00     0.00     0.00
  28 	  -88.00  -528.00     0.00     0.00     0.00     0.00
   	   28.00    88.00     0.00    90.00
   	   28.00    88.00     0.00    90.00
  29 	    0.00  -528.00     0.00     0.00     0.00     0.00
  29 	    0.00  -528.00     0.00     0.00     0.00     0.00
   	   28.00    88.00     0.00    90.00
   	   28.00    88.00     0.00    90.00
  30 	   88.00  -528.00     0.00     0.00     0.00     0.00
  30 	   88.00  -528.00     0.00     0.00     0.00     0.00
   	   28.00    88.00     0.00    90.00
   	   28.00    88.00     0.00    90.00
  31 	  176.00  -528.00     0.00     0.00     0.00     0.00
  31 	  176.00  -528.00     0.00     0.00     0.00     0.00
   	   28.00    88.00     0.00    90.00
   	   28.00    88.00     0.00    90.00
  32 	  264.00  -528.00     0.00     0.00     0.00     0.00
  32 	  264.00  -528.00     0.00     0.00     0.00     0.00
   	   28.00    88.00     0.00    90.00
   	   28.00    88.00     0.00    90.00
  33 	  352.00  -528.00     0.00     0.00     0.00     0.00
  33 	  352.00  -528.00     0.00     0.00     0.00     0.00
   	   28.00    88.00     0.00    90.00
   	   28.00    88.00     0.00    90.00
  34 	  440.00  -528.00     0.00     0.00     0.00     0.00
  34 	  440.00  -528.00     0.00     0.00     0.00     0.00
   	   28.00    88.00     0.00    90.00
   	   28.00    88.00     0.00    90.00
  35 	 -616.00  -440.00     0.00     0.00     0.00     0.00
  35 	 -616.00  -440.00     0.00     0.00     0.00     0.00
   	   28.00    88.00     0.00    90.00
   	   28.00    88.00     0.00    90.00
  36 	 -528.00  -440.00     0.00     0.00     0.00     0.00
  36 	 -528.00  -440.00     0.00     0.00     0.00     0.00
   	   28.00    88.00     0.00    90.00
   	   28.00    88.00     0.00    90.00
  37 	 -440.00  -440.00     0.00     0.00     0.00     0.00
  37 	 -440.00  -440.00     0.00     0.00     0.00     0.00
   	   28.00    88.00     0.00    90.00
   	   28.00    88.00     0.00    90.00
  38 	 -352.00  -440.00     0.00     0.00     0.00     0.00
  38 	 -352.00  -440.00     0.00     0.00     0.00     0.00
   	   28.00    88.00     0.00    90.00
   	   28.00    88.00     0.00    90.00
  39 	 -264.00  -440.00     0.00     0.00     0.00     0.00
  39 	 -264.00  -440.00     0.00     0.00     0.00     0.00
   	   28.00    88.00     0.00    90.00
   	   28.00    88.00     0.00    90.00
  40 	 -176.00  -440.00     0.00     0.00     0.00     0.00
  40 	 -176.00  -440.00     0.00     0.00     0.00     0.00
   	   28.00    88.00     0.00    90.00
   	   28.00    88.00     0.00    90.00
  41 	  -88.00  -440.00     0.00     0.00     0.00     0.00
  41 	  -88.00  -440.00     0.00     0.00     0.00     0.00
   	   28.00    88.00     0.00    90.00
   	   28.00    88.00     0.00    90.00
  42 	    0.00  -440.00     0.00     0.00     0.00     0.00
  42 	    0.00  -440.00     0.00     0.00     0.00     0.00
   	   28.00    88.00     0.00    90.00
   	   28.00    88.00     0.00    90.00
  43 	   88.00  -440.00     0.00     0.00     0.00     0.00
  43 	   88.00  -440.00     0.00     0.00     0.00     0.00
   	   28.00    88.00     0.00    90.00
   	   28.00    88.00     0.00    90.00
  44 	  176.00  -440.00     0.00     0.00     0.00     0.00
  44 	  176.00  -440.00     0.00     0.00     0.00     0.00
   	   28.00    88.00     0.00    90.00
   	   28.00    88.00     0.00    90.00
  45 	  264.00  -440.00     0.00     0.00     0.00     0.00
  45 	  264.00  -440.00     0.00     0.00     0.00     0.00
   	   28.00    88.00     0.00    90.00
   	   28.00    88.00     0.00    90.00
  46 	  352.00  -440.00     0.00     0.00     0.00     0.00
  46 	  352.00  -440.00     0.00     0.00     0.00     0.00
   	   28.00    88.00     0.00    90.00
   	   28.00    88.00     0.00    90.00
  47 	  440.00  -440.00     0.00     0.00     0.00     0.00
  47 	  440.00  -440.00     0.00     0.00     0.00     0.00
   	   28.00    88.00     0.00    90.00
   	   28.00    88.00     0.00    90.00
  48 	 -616.00  -352.00     0.00     0.00     0.00     0.00
  48 	 -616.00  -352.00     0.00     0.00     0.00     0.00
   	   28.00    88.00     0.00    90.00
   	   28.00    88.00     0.00    90.00
  49 	 -528.00  -352.00     0.00     0.00     0.00     0.00
  49 	 -528.00  -352.00     0.00     0.00     0.00     0.00
   	   28.00    88.00     0.00    90.00
   	   28.00    88.00     0.00    90.00
  50 	 -440.00  -352.00     0.00     0.00     0.00     0.00
  50 	 -440.00  -352.00     0.00     0.00     0.00     0.00
   	   28.00    88.00     0.00    90.00
   	   28.00    88.00     0.00    90.00
  51 	 -352.00  -352.00     0.00     0.00     0.00     0.00
  51 	 -352.00  -352.00     0.00     0.00     0.00     0.00
   	   28.00    88.00     0.00    90.00
   	   28.00    88.00     0.00    90.00
  52 	 -264.00  -352.00     0.00     0.00     0.00     0.00
  52 	 -264.00  -352.00     0.00     0.00     0.00     0.00
   	   28.00    88.00     0.00    90.00
   	   28.00    88.00     0.00    90.00
  53 	 -176.00  -352.00     0.00     0.00     0.00     0.00
  53 	 -176.00  -352.00     0.00     0.00     0.00     0.00
   	   28.00    88.00     0.00    90.00
   	   28.00    88.00     0.00    90.00
  54 	  -88.00  -352.00     0.00     0.00     0.00     0.00
  54 	  -88.00  -352.00     0.00     0.00     0.00     0.00
   	   28.00    88.00     0.00    90.00
   	   28.00    88.00     0.00    90.00
  55 	    0.00  -352.00     0.00     0.00     0.00     0.00
  55 	    0.00  -352.00     0.00     0.00     0.00     0.00
   	   28.00    88.00     0.00    90.00
   	   28.00    88.00     0.00    90.00
  56 	   88.00  -352.00     0.00     0.00     0.00     0.00
  56 	   88.00  -352.00     0.00     0.00     0.00     0.00
   	   28.00    88.00     0.00    90.00
   	   28.00    88.00     0.00    90.00
  57 	  176.00  -352.00     0.00     0.00     0.00     0.00
  57 	  176.00  -352.00     0.00     0.00     0.00     0.00
   	   28.00    88.00     0.00    90.00
   	   28.00    88.00     0.00    90.00
  58 	  264.00  -352.00     0.00     0.00     0.00     0.00
  58 	  264.00  -352.00     0.00     0.00     0.00     0.00
   	   28.00    88.00     0.00    90.00
   	   28.00    88.00     0.00    90.00
  59 	  352.00  -352.00     0.00     0.00     0.00     0.00
  59 	  352.00  -352.00     0.00     0.00     0.00     0.00
   	   28.00    88.00     0.00    90.00
   	   28.00    88.00     0.00    90.00
  60 	  440.00  -352.00     0.00     0.00     0.00     0.00
  60 	  440.00  -352.00     0.00     0.00     0.00     0.00
   	   28.00    88.00     0.00    90.00
   	   28.00    88.00     0.00    90.00
  61 	 -616.00  -264.00     0.00     0.00     0.00     0.00
  61 	 -616.00  -264.00     0.00     0.00     0.00     0.00
   	   28.00    88.00     0.00    90.00
   	   28.00    88.00     0.00    90.00
  62 	 -528.00  -264.00     0.00     0.00     0.00     0.00
  62 	 -528.00  -264.00     0.00     0.00     0.00     0.00
   	   28.00    88.00     0.00    90.00
   	   28.00    88.00     0.00    90.00
  63 	 -440.00  -264.00     0.00     0.00     0.00     0.00
  63 	 -440.00  -264.00     0.00     0.00     0.00     0.00
   	   28.00    88.00     0.00    90.00
   	   28.00    88.00     0.00    90.00
  64 	 -352.00  -264.00     0.00     0.00     0.00     0.00
  64 	 -352.00  -264.00     0.00     0.00     0.00     0.00
   	   28.00    88.00     0.00    90.00
   	   28.00    88.00     0.00    90.00
  65 	 -264.00  -264.00     0.00     0.00     0.00     0.00
  65 	 -264.00  -264.00     0.00     0.00     0.00     0.00
   	   28.00    88.00     0.00    90.00
   	   28.00    88.00     0.00    90.00
  66 	 -176.00  -264.00     0.00     0.00     0.00     0.00
  66 	 -176.00  -264.00     0.00     0.00     0.00     0.00
   	   28.00    88.00     0.00    90.00
   	   28.00    88.00     0.00    90.00
  67 	  -88.00  -264.00     0.00     0.00     0.00     0.00
  67 	  -88.00  -264.00     0.00     0.00     0.00     0.00
   	   28.00    88.00     0.00    90.00
   	   28.00    88.00     0.00    90.00
  68 	    0.00  -264.00     0.00     0.00     0.00     0.00
  68 	    0.00  -264.00     0.00     0.00     0.00     0.00
   	   28.00    88.00     0.00    90.00
   	   28.00    88.00     0.00    90.00
  69 	   88.00  -264.00     0.00     0.00     0.00     0.00
  69 	   88.00  -264.00     0.00     0.00     0.00     0.00
   	   28.00    88.00     0.00    90.00
   	   28.00    88.00     0.00    90.00
  70 	  176.00  -264.00     0.00     0.00     0.00     0.00
  70 	  176.00  -264.00     0.00     0.00     0.00     0.00
   	   28.00    88.00     0.00    90.00
   	   28.00    88.00     0.00    90.00
  71 	  264.00  -264.00     0.00     0.00     0.00     0.00
  71 	  264.00  -264.00     0.00     0.00     0.00     0.00
   	   28.00    88.00     0.00    90.00
   	   28.00    88.00     0.00    90.00
  72 	  352.00  -264.00     0.00     0.00     0.00     0.00
  72 	  352.00  -264.00     0.00     0.00     0.00     0.00
   	   28.00    88.00     0.00    90.00
   	   28.00    88.00     0.00    90.00
  73 	  440.00  -264.00     0.00     0.00     0.00     0.00
  73 	  440.00  -264.00     0.00     0.00     0.00     0.00
   	   28.00    88.00     0.00    90.00
   	   28.00    88.00     0.00    90.00
  74 	 -616.00  -176.00     0.00     0.00     0.00     0.00
  74 	 -616.00  -176.00     0.00     0.00     0.00     0.00
   	   28.00    88.00     0.00    90.00
   	   28.00    88.00     0.00    90.00
  75 	 -528.00  -176.00     0.00     0.00     0.00     0.00
  75 	 -528.00  -176.00     0.00     0.00     0.00     0.00
   	   28.00    88.00     0.00    90.00
   	   28.00    88.00     0.00    90.00
  76 	 -440.00  -176.00     0.00     0.00     0.00     0.00
  76 	 -440.00  -176.00     0.00     0.00     0.00     0.00
   	   28.00    88.00     0.00    90.00
   	   28.00    88.00     0.00    90.00
  77 	 -352.00  -176.00     0.00     0.00     0.00     0.00
  77 	 -352.00  -176.00     0.00     0.00     0.00     0.00
   	   28.00    88.00     0.00    90.00
   	   28.00    88.00     0.00    90.00
  78 	 -264.00  -176.00     0.00     0.00     0.00     0.00
  78 	 -264.00  -176.00     0.00     0.00     0.00     0.00
   	   28.00    88.00     0.00    90.00
   	   28.00    88.00     0.00    90.00
  79 	 -176.00  -176.00     0.00     0.00     0.00     0.00
  79 	 -176.00  -176.00     0.00     0.00     0.00     0.00
   	   28.00    88.00     0.00    90.00
   	   28.00    88.00     0.00    90.00
  80 	  -88.00  -176.00     0.00     0.00     0.00     0.00
  80 	  -88.00  -176.00     0.00     0.00     0.00     0.00
   	   28.00    88.00     0.00    90.00
   	   28.00    88.00     0.00    90.00
  81 	    0.00  -176.00     0.00     0.00     0.00     0.00
  81 	    0.00  -176.00     0.00     0.00     0.00     0.00
   	   28.00    88.00     0.00    90.00
   	   28.00    88.00     0.00    90.00
  82 	   88.00  -176.00     0.00     0.00     0.00     0.00
  82 	   88.00  -176.00     0.00     0.00     0.00     0.00
   	   28.00    88.00     0.00    90.00
   	   28.00    88.00     0.00    90.00
  83 	  176.00  -176.00     0.00     0.00     0.00     0.00
  83 	  176.00  -176.00     0.00     0.00     0.00     0.00
   	   28.00    88.00     0.00    90.00
   	   28.00    88.00     0.00    90.00
  84 	  264.00  -176.00     0.00     0.00     0.00     0.00
  84 	  264.00  -176.00     0.00     0.00     0.00     0.00
   	   28.00    88.00     0.00    90.00
   	   28.00    88.00     0.00    90.00
  85 	  352.00  -176.00     0.00     0.00     0.00     0.00
  85 	  352.00  -176.00     0.00     0.00     0.00     0.00
   	   28.00    88.00     0.00    90.00
   	   28.00    88.00     0.00    90.00
  86 	  440.00  -176.00     0.00     0.00     0.00     0.00
  86 	  440.00  -176.00     0.00     0.00     0.00     0.00
   	   28.00    88.00     0.00    90.00
   	   28.00    88.00     0.00    90.00
  87 	 -616.00   -88.00     0.00     0.00     0.00     0.00
  87 	 -616.00   -88.00     0.00     0.00     0.00     0.00
   	   28.00    88.00     0.00    90.00
   	   28.00    88.00     0.00    90.00
  88 	 -528.00   -88.00     0.00     0.00     0.00     0.00
  88 	 -528.00   -88.00     0.00     0.00     0.00     0.00
   	   28.00    88.00     0.00    90.00
   	   28.00    88.00     0.00    90.00
  89 	 -440.00   -88.00     0.00     0.00     0.00     0.00
  89 	 -440.00   -88.00     0.00     0.00     0.00     0.00
   	   28.00    88.00     0.00    90.00
   	   28.00    88.00     0.00    90.00
  90 	 -352.00   -88.00     0.00     0.00     0.00     0.00
  90 	 -352.00   -88.00     0.00     0.00     0.00     0.00
   	   28.00    88.00     0.00    90.00
   	   28.00    88.00     0.00    90.00
  91 	 -264.00   -88.00     0.00     0.00     0.00     0.00
  91 	 -264.00   -88.00     0.00     0.00     0.00     0.00
   	   28.00    88.00     0.00    90.00
   	   28.00    88.00     0.00    90.00
  92 	 -176.00   -88.00     0.00     0.00     0.00     0.00
  92 	 -176.00   -88.00     0.00     0.00     0.00     0.00
   	   28.00    88.00     0.00    90.00
   	   28.00    88.00     0.00    90.00
  93 	  -88.00   -88.00     0.00     0.00     0.00     0.00
  93 	  -88.00   -88.00     0.00     0.00     0.00     0.00
   	   28.00    88.00     0.00    90.00
   	   28.00    88.00     0.00    90.00
  94 	    0.00   -88.00     0.00     0.00     0.00     0.00
  94 	    0.00   -88.00     0.00     0.00     0.00     0.00
   	   28.00    88.00     0.00    90.00
   	   28.00    88.00     0.00    90.00
  95 	   88.00   -88.00     0.00     0.00     0.00     0.00
  95 	   88.00   -88.00     0.00     0.00     0.00     0.00
   	   28.00    88.00     0.00    90.00
   	   28.00    88.00     0.00    90.00
  96 	  176.00   -88.00     0.00     0.00     0.00     0.00
  96 	  176.00   -88.00     0.00     0.00     0.00     0.00
   	   28.00    88.00     0.00    90.00
   	   28.00    88.00     0.00    90.00
  97 	  264.00   -88.00     0.00     0.00     0.00     0.00
  97 	  264.00   -88.00     0.00     0.00     0.00     0.00
   	   28.00    88.00     0.00    90.00
   	   28.00    88.00     0.00    90.00
  98 	  352.00   -88.00     0.00     0.00     0.00     0.00
  98 	  352.00   -88.00     0.00     0.00     0.00     0.00
   	   28.00    88.00     0.00    90.00
   	   28.00    88.00     0.00    90.00
  99 	  440.00   -88.00     0.00     0.00     0.00     0.00
  99 	  440.00   -88.00     0.00     0.00     0.00     0.00
   	   28.00    88.00     0.00    90.00
   	   28.00    88.00     0.00    90.00
 100 	 -616.00     0.00     0.00     0.00     0.00     0.00
 100 	 -616.00     0.00     0.00     0.00     0.00     0.00
   	   28.00    88.00     0.00    90.00
   	   28.00    88.00     0.00    90.00
 101 	 -528.00     0.00     0.00     0.00     0.00     0.00
 101 	 -528.00     0.00     0.00     0.00     0.00     0.00
   	   28.00    88.00     0.00    90.00
   	   28.00    88.00     0.00    90.00
 102 	 -440.00     0.00     0.00     0.00     0.00     0.00
 102 	 -440.00     0.00     0.00     0.00     0.00     0.00
   	   28.00    88.00     0.00    90.00
   	   28.00    88.00     0.00    90.00
 103 	 -352.00     0.00     0.00     0.00     0.00     0.00
 103 	 -352.00     0.00     0.00     0.00     0.00     0.00
   	   28.00    88.00     0.00    90.00
   	   28.00    88.00     0.00    90.00
 104 	 -264.00     0.00     0.00     0.00     0.00     0.00
 104 	 -264.00     0.00     0.00     0.00     0.00     0.00
   	   28.00    88.00     0.00    90.00
   	   28.00    88.00     0.00    90.00
 105 	 -176.00     0.00     0.00     0.00     0.00     0.00
 105 	 -176.00     0.00     0.00     0.00     0.00     0.00
   	   28.00    88.00     0.00    90.00
   	   28.00    88.00     0.00    90.00
 106 	  -88.00     0.00     0.00     0.00     0.00     0.00
 106 	  -88.00     0.00     0.00     0.00     0.00     0.00
   	   28.00    88.00     0.00    90.00
   	   28.00    88.00     0.00    90.00
 107 	    0.00     0.00     0.00     0.00     0.00     0.00
 107 	    0.00     0.00     0.00     0.00     0.00     0.00
   	   28.00    88.00     0.00    90.00
   	   28.00    88.00     0.00    90.00
 108 	   88.00     0.00     0.00     0.00     0.00     0.00
 108 	   88.00     0.00     0.00     0.00     0.00     0.00
   	   28.00    88.00     0.00    90.00
   	   28.00    88.00     0.00    90.00
 109 	  176.00     0.00     0.00     0.00     0.00     0.00
 109 	  176.00     0.00     0.00     0.00     0.00     0.00
   	   28.00    88.00     0.00    90.00
   	   28.00    88.00     0.00    90.00
 110 	  264.00     0.00     0.00     0.00     0.00     0.00
 110 	  264.00     0.00     0.00     0.00     0.00     0.00
   	   28.00    88.00     0.00    90.00
   	   28.00    88.00     0.00    90.00
 111 	  352.00     0.00     0.00     0.00     0.00     0.00
 111 	  352.00     0.00     0.00     0.00     0.00     0.00
   	   28.00    88.00     0.00    90.00
   	   28.00    88.00     0.00    90.00
 112 	  440.00     0.00     0.00     0.00     0.00     0.00
 112 	  440.00     0.00     0.00     0.00     0.00     0.00
   	   28.00    88.00     0.00    90.00
   	   28.00    88.00     0.00    90.00
 113 	 -616.00    88.00     0.00     0.00     0.00     0.00
 113 	 -616.00    88.00     0.00     0.00     0.00     0.00
   	   28.00    88.00     0.00    90.00
   	   28.00    88.00     0.00    90.00
 114 	 -528.00    88.00     0.00     0.00     0.00     0.00
 114 	 -528.00    88.00     0.00     0.00     0.00     0.00
   	   28.00    88.00     0.00    90.00
   	   28.00    88.00     0.00    90.00
 115 	 -440.00    88.00     0.00     0.00     0.00     0.00
 115 	 -440.00    88.00     0.00     0.00     0.00     0.00
   	   28.00    88.00     0.00    90.00
   	   28.00    88.00     0.00    90.00
 116 	 -352.00    88.00     0.00     0.00     0.00     0.00
 116 	 -352.00    88.00     0.00     0.00     0.00     0.00
   	   28.00    88.00     0.00    90.00
   	   28.00    88.00     0.00    90.00
 117 	 -264.00    88.00     0.00     0.00     0.00     0.00
 117 	 -264.00    88.00     0.00     0.00     0.00     0.00
   	   28.00    88.00     0.00    90.00
   	   28.00    88.00     0.00    90.00
 118 	 -176.00    88.00     0.00     0.00     0.00     0.00
 118 	 -176.00    88.00     0.00     0.00     0.00     0.00
   	   28.00    88.00     0.00    90.00
   	   28.00    88.00     0.00    90.00
 119 	  -88.00    88.00     0.00     0.00     0.00     0.00
 119 	  -88.00    88.00     0.00     0.00     0.00     0.00
   	   28.00    88.00     0.00    90.00
   	   28.00    88.00     0.00    90.00
 120 	   -0.00    88.00     0.00     0.00     0.00     0.00
 120 	   -0.00    88.00     0.00     0.00     0.00     0.00
   	   28.00    88.00     0.00    90.00
   	   28.00    88.00     0.00    90.00
 121 	   88.00    88.00     0.00     0.00     0.00     0.00
 121 	   88.00    88.00     0.00     0.00     0.00     0.00
   	   28.00    88.00     0.00    90.00
   	   28.00    88.00     0.00    90.00
 122 	  176.00    88.00     0.00     0.00     0.00     0.00
 122 	  176.00    88.00     0.00     0.00     0.00     0.00
   	   28.00    88.00     0.00    90.00
   	   28.00    88.00     0.00    90.00
 123 	  264.00    88.00     0.00     0.00     0.00     0.00
 123 	  264.00    88.00     0.00     0.00     0.00     0.00
   	   28.00    88.00     0.00    90.00
   	   28.00    88.00     0.00    90.00
 124 	  352.00    88.00     0.00     0.00     0.00     0.00
 124 	  352.00    88.00     0.00     0.00     0.00     0.00
   	   28.00    88.00     0.00    90.00
   	   28.00    88.00     0.00    90.00
 125 	  440.00    88.00     0.00     0.00     0.00     0.00
 125 	  440.00    88.00     0.00     0.00     0.00     0.00
   	   28.00    88.00     0.00    90.00
   	   28.00    88.00     0.00    90.00

** End writing output file: ../inputs/gr61.dat 
