*******************************************************************************
                         ARRAY PREPROCESSOR ver. 1.0
*******************************************************************************



   1	GROUP testgroup
   3	 GRID RECTANGULAR PSTEP 66 QSTEP 78
   4	 ELEMENT
   5	 GEOMETRY CIRCULAR 75
   7	 ADD BLOCK 6 -2 0 4
   8	 ADD NODE -1 3 ORIENTATION THETA -2 PHI 14 PSI 32
  10	 GROUP_EXCITATION
  11	 AMPLITUDE UNIFORM 26
  12	 PHASE UNIFORM -99
  13	 END

** WARNING B2: GRID step(s) too small for specified element in GROUP: testgroup
** Generating GROUP: testgroup.
** PSTEP,QSTEP set to:66.000000,78.000000
** Grid ANGLE set to:90.000000 
** Group ROT_ANGLE set to: 0.000000 

** Writing output file: ../inputs/gr617.dat

NEL 
NPORTS
IDUM      REXA     REYA     REZA     THEA     PHEA     PSEA 
          AMP      PSH      PSC      PHEPOL
  50
  50
   1
   1
   1 	    0.00  -156.00     0.00     0.00     0.00     0.00
   1 	    0.00  -156.00     0.00     0.00     0.00     0.00
   	   26.00   -99.00     0.00    90.00
   	   26.00   -99.00     0.00    90.00
   2 	   66.00  -156.00     0.00     0.00     0.00     0.00
   2 	   66.00  -156.00     0.00     0.00     0.00     0.00
   	   26.00   -99.00     0.00    90.00
   	   26.00   -99.00     0.00    90.00
   3 	  132.00  -156.00     0.00     0.00     0.00     0.00
   3 	  132.00  -156.00     0.00     0.00     0.00     0.00
   	   26.00   -99.00     0.00    90.00
   	   26.00   -99.00     0.00    90.00
   4 	  198.00  -156.00     0.00     0.00     0.00     0.00
   4 	  198.00  -156.00     0.00     0.00     0.00     0.00
   	   26.00   -99.00     0.00    90.00
   	   26.00   -99.00     0.00    90.00
   5 	  264.00  -156.00     0.00     0.00     0.00     0.00
   5 	  264.00  -156.00     0.00     0.00     0.00     0.00
   	   26.00   -99.00     0.00    90.00
   	   26.00   -99.00     0.00    90.00
   6 	  330.00  -156.00     0.00     0.00     0.00     0.00
   6 	  330.00  -156.00     0.00     0.00     0.00     0.00
   	   26.00   -99.00     0.00    90.00
   	   26.00   -99.00     0.00    90.00
   7 	  396.00  -156.00     0.00     0.00     0.00     0.00
   7 	  396.00  -156.00     0.00     0.00     0.00     0.00
   	   26.00   -99.00     0.00    90.00
   	   26.00   -99.00     0.00    90.00
   8 	    0.00   -78.00     0.00     0.00     0.00     0.00
   8 	    0.00   -78.00     0.00     0.00     0.00     0.00
   	   26.00   -99.00     0.00    90.00
   	   26.00   -99.00     0.00    90.00
   9 	   66.00   -78.00     0.00     0.00     0.00     0.00
   9 	   66.00   -78.00     0.00     0.00     0.00     0.00
   	   26.00   -99.00     0.00    90.00
   	   26.00   -99.00     0.00    90.00
  10 	  132.00   -78.00     0.00     0.00     0.00     0.00
  10 	  132.00   -78.00     0.00     0.00     0.00     0.00
   	   26.00   -99.00     0.00    90.00
   	   26.00   -99.00     0.00    90.00
  11 	  198.00   -78.00     0.00     0.00     0.00     0.00
  11 	  198.00   -78.00     0.00     0.00     0.00     0.00
   	   26.00   -99.00     0.00    90.00
   	   26.00   -99.00     0.00    90.00
  12 	  264.00   -78.00     0.00     0.00     0.00     0.00
  12 	  264.00   -78.00     0.00     0.00     0.00     0.00
   	   26.00   -99.00     0.00    90.00
   	   26.00   -99.00     0.00    90.00
  13 	  330.00   -78.00     0.00     0.00     0.00     0.00
  13 	  330.00   -78.00     0.00     0.00     0.00     0.00
   	   26.00   -99.00     0.00    90.00
   	   26.00   -99.00     0.00    90.00
  14 	  396.00   -78.00     0.00     0.00     0.00     0.00
  14 	  396.00   -78.00     0.00     0.00     0.00     0.00
   	   26.00   -99.00     0.00    90.00
   	   26.00   -99.00     0.00    90.00
  15 	    0.00     0.00     0.00     0.00     0.00     0.00
  15 	    0.00     0.00     0.00     0.00     0.00     0.00
   	   26.00   -99.00     0.00    90.00
   	   26.00   -99.00     0.00    90.00
  16 	   66.00     0.00     0.00     0.00     0.00     0.00
  16 	   66.00     0.00     0.00     0.00     0.00     0.00
   	   26.00   -99.00     0.00    90.00
   	   26.00   -99.00     0.00    90.00
  17 	  132.00     0.00     0.00     0.00     0.00     0.00
  17 	  132.00     0.00     0.00     0.00     0.00     0.00
   	   26.00   -99.00     0.00    90.00
   	   26.00   -99.00     0.00    90.00
  18 	  198.00     0.00     0.00     0.00     0.00     0.00
  18 	  198.00     0.00     0.00     0.00     0.00     0.00
   	   26.00   -99.00     0.00    90.00
   	   26.00   -99.00     0.00    90.00
  19 	  264.00     0.00     0.00     0.00     0.00     0.00
  19 	  264.00     0.00     0.00     0.00     0.00     0.00
   	   26.00   -99.00     0.00    90.00
   	   26.00   -99.00     0.00    90.00
  20 	  330.00     0.00     0.00     0.00     0.00     0.00
  20 	  330.00     0.00     0.00     0.00     0.00     0.00
   	   26.00   -99.00     0.00    90.00
   	   26.00   -99.00     0.00    90.00
  21 	  396.00     0.00     0.00     0.00     0.00     0.00
  21 	  396.00     0.00     0.00     0.00     0.00     0.00
   	   26.00   -99.00     0.00    90.00
   	   26.00   -99.00     0.00    90.00
  22 	   -0.00    78.00     0.00     0.00     0.00     0.00
  22 	   -0.00    78.00     0.00     0.00     0.00     0.00
   	   26.00   -99.00     0.00    90.00
   	   26.00   -99.00     0.00    90.00
  23 	   66.00    78.00     0.00     0.00     0.00     0.00
  23 	   66.00    78.00     0.00     0.00     0.00     0.00
   	   26.00   -99.00     0.00    90.00
   	   26.00   -99.00     0.00    90.00
  24 	  132.00    78.00     0.00     0.00     0.00     0.00
  24 	  132.00    78.00     0.00     0.00     0.00     0.00
   	   26.00   -99.00     0.00    90.00
   	   26.00   -99.00     0.00    90.00
  25 	  198.00    78.00     0.00     0.00     0.00     0.00
  25 	  198.00    78.00     0.00     0.00     0.00     0.00
   	   26.00   -99.00     0.00    90.00
   	   26.00   -99.00     0.00    90.00
  26 	  264.00    78.00     0.00     0.00     0.00     0.00
  26 	  264.00    78.00     0.00     0.00     0.00     0.00
   	   26.00   -99.00     0.00    90.00
   	   26.00   -99.00     0.00    90.00
  27 	  330.00    78.00     0.00     0.00     0.00     0.00
  27 	  330.00    78.00     0.00     0.00     0.00     0.00
   	   26.00   -99.00     0.00    90.00
   	   26.00   -99.00     0.00    90.00
  28 	  396.00    78.00     0.00     0.00     0.00     0.00
  28 	  396.00    78.00     0.00     0.00     0.00     0.00
   	   26.00   -99.00     0.00    90.00
   	   26.00   -99.00     0.00    90.00
  29 	   -0.00   156.00     0.00     0.00     0.00     0.00
  29 	   -0.00   156.00     0.00     0.00     0.00     0.00
   	   26.00   -99.00     0.00    90.00
   	   26.00   -99.00     0.00    90.00
  30 	   66.00   156.00     0.00     0.00     0.00     0.00
  30 	   66.00   156.00     0.00     0.00     0.00     0.00
   	   26.00   -99.00     0.00    90.00
   	   26.00   -99.00     0.00    90.00
  31 	  132.00   156.00     0.00     0.00     0.00     0.00
  31 	  132.00   156.00     0.00     0.00     0.00     0.00
   	   26.00   -99.00     0.00    90.00
   	   26.00   -99.00     0.00    90.00
  32 	  198.00   156.00     0.00     0.00     0.00     0.00
  32 	  198.00   156.00     0.00     0.00     0.00     0.00
   	   26.00   -99.00     0.00    90.00
   	   26.00   -99.00     0.00    90.00
  33 	  264.00   156.00     0.00     0.00     0.00     0.00
  33 	  264.00   156.00     0.00     0.00     0.00     0.00
   	   26.00   -99.00     0.00    90.00
   	   26.00   -99.00     0.00    90.00
  34 	  330.00   156.00     0.00     0.00     0.00     0.00
  34 	  330.00   156.00     0.00     0.00     0.00     0.00
   	   26.00   -99.00     0.00    90.00
   	   26.00   -99.00     0.00    90.00
  35 	  396.00   156.00     0.00     0.00     0.00     0.00
  35 	  396.00   156.00     0.00     0.00     0.00     0.00
   	   26.00   -99.00     0.00    90.00
   	   26.00   -99.00     0.00    90.00
  36 	   -0.00   234.00     0.00     0.00     0.00     0.00
  36 	   -0.00   234.00     0.00     0.00     0.00     0.00
   	   26.00   -99.00     0.00    90.00
   	   26.00   -99.00     0.00    90.00
  37 	   66.00   234.00     0.00     0.00     0.00     0.00
  37 	   66.00   234.00     0.00     0.00     0.00     0.00
   	   26.00   -99.00     0.00    90.00
   	   26.00   -99.00     0.00    90.00
  38 	  132.00   234.00     0.00     0.00     0.00     0.00
  38 	  132.00   234.00     0.00     0.00     0.00     0.00
   	   26.00   -99.00     0.00    90.00
   	   26.00   -99.00     0.00    90.00
  39 	  198.00   234.00     0.00     0.00     0.00     0.00
  39 	  198.00   234.00     0.00     0.00     0.00     0.00
   	   26.00   -99.00     0.00    90.00
   	   26.00   -99.00     0.00    90.00
  40 	  264.00   234.00     0.00     0.00     0.00     0.00
  40 	  264.00   234.00     0.00     0.00     0.00     0.00
   	   26.00   -99.00     0.00    90.00
   	   26.00   -99.00     0.00    90.00
  41 	  330.00   234.00     0.00     0.00     0.00     0.00
  41 	  330.00   234.00     0.00     0.00     0.00     0.00
   	   26.00   -99.00     0.00    90.00
   	   26.00   -99.00     0.00    90.00
  42 	  396.00   234.00     0.00     0.00     0.00     0.00
  42 	  396.00   234.00     0.00     0.00     0.00     0.00
   	   26.00   -99.00     0.00    90.00
   	   26.00   -99.00     0.00    90.00
  43 	   -0.00   312.00     0.00     0.00     0.00     0.00
  43 	   -0.00   312.00     0.00     0.00     0.00     0.00
   	   26.00   -99.00     0.00    90.00
   	   26.00   -99.00     0.00    90.00
  44 	   66.00   312.00     0.00     0.00     0.00     0.00
  44 	   66.00   312.00     0.00     0.00     0.00     0.00
   	   26.00   -99.00     0.00    90.00
   	   26.00   -99.00     0.00    90.00
  45 	  132.00   312.00     0.00     0.00     0.00     0.00
  45 	  132.00   312.00     0.00     0.00     0.00     0.00
   	   26.00   -99.00     0.00    90.00
   	   26.00   -99.00     0.00    90.00
  46 	  198.00   312.00     0.00     0.00     0.00     0.00
  46 	  198.00   312.00     0.00     0.00     0.00     0.00
   	   26.00   -99.00     0.00    90.00
   	   26.00   -99.00     0.00    90.00
  47 	  264.00   312.00     0.00     0.00     0.00     0.00
  47 	  264.00   312.00     0.00     0.00     0.00     0.00
   	   26.00   -99.00     0.00    90.00
   	   26.00   -99.00     0.00    90.00
  48 	  330.00   312.00     0.00     0.00     0.00     0.00
  48 	  330.00   312.00     0.00     0.00     0.00     0.00
   	   26.00   -99.00     0.00    90.00
   	   26.00   -99.00     0.00    90.00
  49 	  396.00   312.00     0.00     0.00     0.00     0.00
  49 	  396.00   312.00     0.00     0.00     0.00     0.00
   	   26.00   -99.00     0.00    90.00
   	   26.00   -99.00     0.00    90.00
  50 	  -66.00   234.00     0.00    -2.00    14.00    32.00
  50 	  -66.00   234.00     0.00    -2.00    14.00    32.00
   	   26.00   -99.00     0.00    90.00
   	   26.00   -99.00     0.00    90.00

** End writing output file: ../inputs/gr617.dat 
