*******************************************************************************
                         ARRAY PREPROCESSOR ver. 1.0
*******************************************************************************



   1	GROUP testgroup
   3	 GRID HEXAGONAL
   4	 ELEMENT
   5	 GEOMETRY CIRCULAR RADIUS 69
   7	 ADD BLOCK -7 0 4 0
   9	 GROUP_EXCITATION
  10	 AMPLITUDE UNIFORM 17
  11	 PHASE UNIFORM -26
  12	 END

** Generating GROUP: testgroup.
** PSTEP,QSTEP set to:138.000000,138.000000
** Grid ANGLE set to:60.000000 
** Group ROT_ANGLE set to: 0.000000 

** Writing output file: ../inputs/gr619.dat

NEL 
NPORTS
IDUM      REXA     REYA     REZA     THEA     PHEA     PSEA 
          AMP      PSH      PSC      PHEPOL
  12
  12
   1
   1
   1 	 -966.00     0.00     0.00     0.00     0.00     0.00
   1 	 -966.00     0.00     0.00     0.00     0.00     0.00
   	   17.00   -26.00     0.00    90.00
   	   17.00   -26.00     0.00    90.00
   2 	 -828.00     0.00     0.00     0.00     0.00     0.00
   2 	 -828.00     0.00     0.00     0.00     0.00     0.00
   	   17.00   -26.00     0.00    90.00
   	   17.00   -26.00     0.00    90.00
   3 	 -690.00     0.00     0.00     0.00     0.00     0.00
   3 	 -690.00     0.00     0.00     0.00     0.00     0.00
   	   17.00   -26.00     0.00    90.00
   	   17.00   -26.00     0.00    90.00
   4 	 -552.00     0.00     0.00     0.00     0.00     0.00
   4 	 -552.00     0.00     0.00     0.00     0.00     0.00
   	   17.00   -26.00     0.00    90.00
   	   17.00   -26.00     0.00    90.00
   5 	 -414.00     0.00     0.00     0.00     0.00     0.00
   5 	 -414.00     0.00     0.00     0.00     0.00     0.00
   	   17.00   -26.00     0.00    90.00
   	   17.00   -26.00     0.00    90.00
   6 	 -276.00     0.00     0.00     0.00     0.00     0.00
   6 	 -276.00     0.00     0.00     0.00     0.00     0.00
   	   17.00   -26.00     0.00    90.00
   	   17.00   -26.00     0.00    90.00
   7 	 -138.00     0.00     0.00     0.00     0.00     0.00
   7 	 -138.00     0.00     0.00     0.00     0.00     0.00
   	   17.00   -26.00     0.00    90.00
   	   17.00   -26.00     0.00    90.00
   8 	    0.00     0.00     0.00     0.00     0.00     0.00
   8 	    0.00     0.00     0.00     0.00     0.00     0.00
   	   17.00   -26.00     0.00    90.00
   	   17.00   -26.00     0.00    90.00
   9 	  138.00     0.00     0.00     0.00     0.00     0.00
   9 	  138.00     0.00     0.00     0.00     0.00     0.00
   	   17.00   -26.00     0.00    90.00
   	   17.00   -26.00     0.00    90.00
  10 	  276.00     0.00     0.00     0.00     0.00     0.00
  10 	  276.00     0.00     0.00     0.00     0.00     0.00
   	   17.00   -26.00     0.00    90.00
   	   17.00   -26.00     0.00    90.00
  11 	  414.00     0.00     0.00     0.00     0.00     0.00
  11 	  414.00     0.00     0.00     0.00     0.00     0.00
   	   17.00   -26.00     0.00    90.00
   	   17.00   -26.00     0.00    90.00
  12 	  552.00     0.00     0.00     0.00     0.00     0.00
  12 	  552.00     0.00     0.00     0.00     0.00     0.00
   	   17.00   -26.00     0.00    90.00
   	   17.00   -26.00     0.00    90.00

** End writing output file: ../inputs/gr619.dat 
