*******************************************************************************
                         ARRAY PREPROCESSOR ver. 1.0
*******************************************************************************



   1	GROUP testgroup
   3	 GRID HEXAGONAL
   4	 ELEMENT
   5	 GEOMETRY CIRCULAR 66
   6	 POLARIZATION LINEAR ORIENTATION X
   7	 PORTS 3
   8	 PORT 1
   9	 POL_ORIENT Y AMPLITUDE 83
  10	 PHASE_POL_ARRANG 426
  11	 PORT 2
  12	 AMPLITUDE 22
  13	 PHASE_POL_ARRANG 386
  14	 PORT 3
  15	 AMPLITUDE 22
  16	 ADD BLOCK 0 1 0 -5
  17	 ADD BLOCK 2 2 0 -7
  19	 GROUP_EXCITATION
  20	 AMPLITUDE UNIFORM 24
  21	 PHASE UNIFORM -149
  22	 END

** Generating GROUP: testgroup.
** PSTEP,QSTEP set to:132.000000,132.000000
** Grid ANGLE set to:60.000000 
** Group ROT_ANGLE set to: 0.000000 

** Writing output file: ../inputs/gr62.dat

NEL 
NPORTS
IDUM      REXA     REYA     REZA     THEA     PHEA     PSEA 
          AMP      PSH      PSC      PHEPOL
  37
  37
   3
   3
   1 	 -330.00  -571.58     0.00     0.00     0.00     0.00
   1 	 -330.00  -571.58     0.00     0.00     0.00     0.00
   	 1992.00   277.00     0.00    90.00
   	 1992.00   277.00     0.00    90.00
   	  528.00   237.00     0.00     0.00
   	  528.00   237.00     0.00     0.00
   	  528.00  -149.00     0.00     0.00
   	  528.00  -149.00     0.00     0.00
   2 	 -264.00  -457.26     0.00     0.00     0.00     0.00
   2 	 -264.00  -457.26     0.00     0.00     0.00     0.00
   	 1992.00   277.00     0.00    90.00
   	 1992.00   277.00     0.00    90.00
   	  528.00   237.00     0.00     0.00
   	  528.00   237.00     0.00     0.00
   	  528.00  -149.00     0.00     0.00
   	  528.00  -149.00     0.00     0.00
   3 	 -198.00  -342.95     0.00     0.00     0.00     0.00
   3 	 -198.00  -342.95     0.00     0.00     0.00     0.00
   	 1992.00   277.00     0.00    90.00
   	 1992.00   277.00     0.00    90.00
   	  528.00   237.00     0.00     0.00
   	  528.00   237.00     0.00     0.00
   	  528.00  -149.00     0.00     0.00
   	  528.00  -149.00     0.00     0.00
   4 	 -132.00  -228.63     0.00     0.00     0.00     0.00
   4 	 -132.00  -228.63     0.00     0.00     0.00     0.00
   	 1992.00   277.00     0.00    90.00
   	 1992.00   277.00     0.00    90.00
   	  528.00   237.00     0.00     0.00
   	  528.00   237.00     0.00     0.00
   	  528.00  -149.00     0.00     0.00
   	  528.00  -149.00     0.00     0.00
   5 	  -66.00  -114.32     0.00     0.00     0.00     0.00
   5 	  -66.00  -114.32     0.00     0.00     0.00     0.00
   	 1992.00   277.00     0.00    90.00
   	 1992.00   277.00     0.00    90.00
   	  528.00   237.00     0.00     0.00
   	  528.00   237.00     0.00     0.00
   	  528.00  -149.00     0.00     0.00
   	  528.00  -149.00     0.00     0.00
   6 	    0.00     0.00     0.00     0.00     0.00     0.00
   6 	    0.00     0.00     0.00     0.00     0.00     0.00
   	 1992.00   277.00     0.00    90.00
   	 1992.00   277.00     0.00    90.00
   	  528.00   237.00     0.00     0.00
   	  528.00   237.00     0.00     0.00
   	  528.00  -149.00     0.00     0.00
   	  528.00  -149.00     0.00     0.00
   7 	   66.00   114.32     0.00     0.00     0.00     0.00
   7 	   66.00   114.32     0.00     0.00     0.00     0.00
   	 1992.00   277.00     0.00    90.00
   	 1992.00   277.00     0.00    90.00
   	  528.00   237.00     0.00     0.00
   	  528.00   237.00     0.00     0.00
   	  528.00  -149.00     0.00     0.00
   	  528.00  -149.00     0.00     0.00
   8 	 -462.00  -800.21     0.00     0.00     0.00     0.00
   8 	 -462.00  -800.21     0.00     0.00     0.00     0.00
   	 1992.00   277.00     0.00    90.00
   	 1992.00   277.00     0.00    90.00
   	  528.00   237.00     0.00     0.00
   	  528.00   237.00     0.00     0.00
   	  528.00  -149.00     0.00     0.00
   	  528.00  -149.00     0.00     0.00
   9 	 -330.00  -800.21     0.00     0.00     0.00     0.00
   9 	 -330.00  -800.21     0.00     0.00     0.00     0.00
   	 1992.00   277.00     0.00    90.00
   	 1992.00   277.00     0.00    90.00
   	  528.00   237.00     0.00     0.00
   	  528.00   237.00     0.00     0.00
   	  528.00  -149.00     0.00     0.00
   	  528.00  -149.00     0.00     0.00
  10 	 -198.00  -800.21     0.00     0.00     0.00     0.00
  10 	 -198.00  -800.21     0.00     0.00     0.00     0.00
   	 1992.00   277.00     0.00    90.00
   	 1992.00   277.00     0.00    90.00
   	  528.00   237.00     0.00     0.00
   	  528.00   237.00     0.00     0.00
   	  528.00  -149.00     0.00     0.00
   	  528.00  -149.00     0.00     0.00
  11 	 -396.00  -685.89     0.00     0.00     0.00     0.00
  11 	 -396.00  -685.89     0.00     0.00     0.00     0.00
   	 1992.00   277.00     0.00    90.00
   	 1992.00   277.00     0.00    90.00
   	  528.00   237.00     0.00     0.00
   	  528.00   237.00     0.00     0.00
   	  528.00  -149.00     0.00     0.00
   	  528.00  -149.00     0.00     0.00
  12 	 -264.00  -685.89     0.00     0.00     0.00     0.00
  12 	 -264.00  -685.89     0.00     0.00     0.00     0.00
   	 1992.00   277.00     0.00    90.00
   	 1992.00   277.00     0.00    90.00
   	  528.00   237.00     0.00     0.00
   	  528.00   237.00     0.00     0.00
   	  528.00  -149.00     0.00     0.00
   	  528.00  -149.00     0.00     0.00
  13 	 -132.00  -685.89     0.00     0.00     0.00     0.00
  13 	 -132.00  -685.89     0.00     0.00     0.00     0.00
   	 1992.00   277.00     0.00    90.00
   	 1992.00   277.00     0.00    90.00
   	  528.00   237.00     0.00     0.00
   	  528.00   237.00     0.00     0.00
   	  528.00  -149.00     0.00     0.00
   	  528.00  -149.00     0.00     0.00
  14 	 -330.00  -571.58     0.00     0.00     0.00     0.00
  14 	 -330.00  -571.58     0.00     0.00     0.00     0.00
   	 1992.00   277.00     0.00    90.00
   	 1992.00   277.00     0.00    90.00
   	  528.00   237.00     0.00     0.00
   	  528.00   237.00     0.00     0.00
   	  528.00  -149.00     0.00     0.00
   	  528.00  -149.00     0.00     0.00
  15 	 -198.00  -571.58     0.00     0.00     0.00     0.00
  15 	 -198.00  -571.58     0.00     0.00     0.00     0.00
   	 1992.00   277.00     0.00    90.00
   	 1992.00   277.00     0.00    90.00
   	  528.00   237.00     0.00     0.00
   	  528.00   237.00     0.00     0.00
   	  528.00  -149.00     0.00     0.00
   	  528.00  -149.00     0.00     0.00
  16 	  -66.00  -571.58     0.00     0.00     0.00     0.00
  16 	  -66.00  -571.58     0.00     0.00     0.00     0.00
   	 1992.00   277.00     0.00    90.00
   	 1992.00   277.00     0.00    90.00
   	  528.00   237.00     0.00     0.00
   	  528.00   237.00     0.00     0.00
   	  528.00  -149.00     0.00     0.00
   	  528.00  -149.00     0.00     0.00
  17 	 -264.00  -457.26     0.00     0.00     0.00     0.00
  17 	 -264.00  -457.26     0.00     0.00     0.00     0.00
   	 1992.00   277.00     0.00    90.00
   	 1992.00   277.00     0.00    90.00
   	  528.00   237.00     0.00     0.00
   	  528.00   237.00     0.00     0.00
   	  528.00  -149.00     0.00     0.00
   	  528.00  -149.00     0.00     0.00
  18 	 -132.00  -457.26     0.00     0.00     0.00     0.00
  18 	 -132.00  -457.26     0.00     0.00     0.00     0.00
   	 1992.00   277.00     0.00    90.00
   	 1992.00   277.00     0.00    90.00
   	  528.00   237.00     0.00     0.00
   	  528.00   237.00     0.00     0.00
   	  528.00  -149.00     0.00     0.00
   	  528.00  -149.00     0.00     0.00
  19 	    0.00  -457.26     0.00     0.00     0.00     0.00
  19 	    0.00  -457.26     0.00     0.00     0.00     0.00
   	 1992.00   277.00     0.00    90.00
   	 1992.00   277.00     0.00    90.00
   	  528.00   237.00     0.00     0.00
   	  528.00   237.00     0.00     0.00
   	  528.00  -149.00     0.00     0.00
   	  528.00  -149.00     0.00     0.00
  20 	 -198.00  -342.95     0.00     0.00     0.00     0.00
  20 	 -198.00  -342.95     0.00     0.00     0.00     0.00
   	 1992.00   277.00     0.00    90.00
   	 1992.00   277.00     0.00    90.00
   	  528.00   237.00     0.00     0.00
   	  528.00   237.00     0.00     0.00
   	  528.00  -149.00     0.00     0.00
   	  528.00  -149.00     0.00     0.00
  21 	  -66.00  -342.95     0.00     0.00     0.00     0.00
  21 	  -66.00  -342.95     0.00     0.00     0.00     0.00
   	 1992.00   277.00     0.00    90.00
   	 1992.00   277.00     0.00    90.00
   	  528.00   237.00     0.00     0.00
   	  528.00   237.00     0.00     0.00
   	  528.00  -149.00     0.00     0.00
   	  528.00  -149.00     0.00     0.00
  22 	   66.00  -342.95     0.00     0.00     0.00     0.00
  22 	   66.00  -342.95     0.00     0.00     0.00     0.00
   	 1992.00   277.00     0.00    90.00
   	 1992.00   277.00     0.00    90.00
   	  528.00   237.00     0.00     0.00
   	  528.00   237.00     0.00     0.00
   	  528.00  -149.00     0.00     0.00
   	  528.00  -149.00     0.00     0.00
  23 	 -132.00  -228.63     0.00     0.00     0.00     0.00
  23 	 -132.00  -228.63     0.00     0.00     0.00     0.00
   	 1992.00   277.00     0.00    90.00
   	 1992.00   277.00     0.00    90.00
   	  528.00   237.00     0.00     0.00
   	  528.00   237.00     0.00     0.00
   	  528.00  -149.00     0.00     0.00
   	  528.00  -149.00     0.00     0.00
  24 	    0.00  -228.63     0.00     0.00     0.00     0.00
  24 	    0.00  -228.63     0.00     0.00     0.00     0.00
   	 1992.00   277.00     0.00    90.00
   	 1992.00   277.00     0.00    90.00
   	  528.00   237.00     0.00     0.00
   	  528.00   237.00     0.00     0.00
   	  528.00  -149.00     0.00     0.00
   	  528.00  -149.00     0.00     0.00
  25 	  132.00  -228.63     0.00     0.00     0.00     0.00
  25 	  132.00  -228.63     0.00     0.00     0.00     0.00
   	 1992.00   277.00     0.00    90.00
   	 1992.00   277.00     0.00    90.00
   	  528.00   237.00     0.00     0.00
   	  528.00   237.00     0.00     0.00
   	  528.00  -149.00     0.00     0.00
   	  528.00  -149.00     0.00     0.00
  26 	  -66.00  -114.32     0.00     0.00     0.00     0.00
  26 	  -66.00  -114.32     0.00     0.00     0.00     0.00
   	 1992.00   277.00     0.00    90.00
   	 1992.00   277.00     0.00    90.00
   	  528.00   237.00     0.00     0.00
   	  528.00   237.00     0.00     0.00
   	  528.00  -149.00     0.00     0.00
   	  528.00  -149.00     0.00     0.00
  27 	   66.00  -114.32     0.00     0.00     0.00     0.00
  27 	   66.00  -114.32     0.00     0.00     0.00     0.00
   	 1992.00   277.00     0.00    90.00
   	 1992.00   277.00     0.00    90.00
   	  528.00   237.00     0.00     0.00
   	  528.00   237.00     0.00     0.00
   	  528.00  -149.00     0.00     0.00
   	  528.00  -149.00     0.00     0.00
  28 	  198.00  -114.32     0.00     0.00     0.00     0.00
  28 	  198.00  -114.32     0.00     0.00     0.00     0.00
   	 1992.00   277.00     0.00    90.00
   	 1992.00   277.00     0.00    90.00
   	  528.00   237.00     0.00     0.00
   	  528.00   237.00     0.00     0.00
   	  528.00  -149.00     0.00     0.00
   	  528.00  -149.00     0.00     0.00
  29 	    0.00     0.00     0.00     0.00     0.00     0.00
  29 	    0.00     0.00     0.00     0.00     0.00     0.00
   	 1992.00   277.00     0.00    90.00
   	 1992.00   277.00     0.00    90.00
   	  528.00   237.00     0.00     0.00
   	  528.00   237.00     0.00     0.00
   	  528.00  -149.00     0.00     0.00
   	  528.00  -149.00     0.00     0.00
  30 	  132.00     0.00     0.00     0.00     0.00     0.00
  30 	  132.00     0.00     0.00     0.00     0.00     0.00
   	 1992.00   277.00     0.00    90.00
   	 1992.00   277.00     0.00    90.00
   	  528.00   237.00     0.00     0.00
   	  528.00   237.00     0.00     0.00
   	  528.00  -149.00     0.00     0.00
   	  528.00  -149.00     0.00     0.00
  31 	  264.00     0.00     0.00     0.00     0.00     0.00
  31 	  264.00     0.00     0.00     0.00     0.00     0.00
   	 1992.00   277.00     0.00    90.00
   	 1992.00   277.00     0.00    90.00
   	  528.00   237.00     0.00     0.00
   	  528.00   237.00     0.00     0.00
   	  528.00  -149.00     0.00     0.00
   	  528.00  -149.00     0.00     0.00
  32 	   66.00   114.32     0.00     0.00     0.00     0.00
  32 	   66.00   114.32     0.00     0.00     0.00     0.00
   	 1992.00   277.00     0.00    90.00
   	 1992.00   277.00     0.00    90.00
   	  528.00   237.00     0.00     0.00
   	  528.00   237.00     0.00     0.00
   	  528.00  -149.00     0.00     0.00
   	  528.00  -149.00     0.00     0.00
  33 	  198.00   114.32     0.00     0.00     0.00     0.00
  33 	  198.00   114.32     0.00     0.00     0.00     0.00
   	 1992.00   277.00     0.00    90.00
   	 1992.00   277.00     0.00    90.00
   	  528.00   237.00     0.00     0.00
   	  528.00   237.00     0.00     0.00
   	  528.00  -149.00     0.00     0.00
   	  528.00  -149.00     0.00     0.00
  34 	  330.00   114.32     0.00     0.00     0.00     0.00
  34 	  330.00   114.32     0.00     0.00     0.00     0.00
   	 1992.00   277.00     0.00    90.00
   	 1992.00   277.00     0.00    90.00
   	  528.00   237.00     0.00     0.00
   	  528.00   237.00     0.00     0.00
   	  528.00  -149.00     0.00     0.00
   	  528.00  -149.00     0.00     0.00
  35 	  132.00   228.63     0.00     0.00     0.00     0.00
  35 	  132.00   228.63     0.00     0.00     0.00     0.00
   	 1992.00   277.00     0.00    90.00
   	 1992.00   277.00     0.00    90.00
   	  528.00   237.00     0.00     0.00
   	  528.00   237.00     0.00     0.00
   	  528.00  -149.00     0.00     0.00
   	  528.00  -149.00     0.00     0.00
  36 	  264.00   228.63     0.00     0.00     0.00     0.00
  36 	  264.00   228.63     0.00     0.00     0.00     0.00
   	 1992.00   277.00     0.00    90.00
   	 1992.00   277.00     0.00    90.00
   	  528.00   237.00     0.00     0.00
   	  528.00   237.00     0.00     0.00
   	  528.00  -149.00     0.00     0.00
   	  528.00  -149.00     0.00     0.00
  37 	  396.00   228.63     0.00     0.00     0.00     0.00
  37 	  396.00   228.63     0.00     0.00     0.00     0.00
   	 1992.00   277.00     0.00    90.00
   	 1992.00   277.00     0.00    90.00
   	  528.00   237.00     0.00     0.00
   	  528.00   237.00     0.00     0.00
   	  528.00  -149.00     0.00     0.00
   	  528.00  -149.00     0.00     0.00

** End writing output file: ../inputs/gr62.dat 
