*******************************************************************************
                         ARRAY PREPROCESSOR ver. 1.0
*******************************************************************************



   1	GROUP testgroup
   3	 GRID RECTANGULAR
   4	 ELEMENT
   5	 GEOMETRY CIRCULAR 42
   6	 POLARIZATION CIRCULAR
   7	 ADD BLOCK 5 -1 -2 3
   9	 GROUP_EXCITATION
  10	 AMPLITUDE UNIFORM 27
  11	 PHASE UNIFORM 152
  12	 END

** Generating GROUP: testgroup.
** PSTEP,QSTEP set to:84.000000,84.000000
** Grid ANGLE set to:90.000000 
** Group ROT_ANGLE set to: 0.000000 

** Writing output file: ../inputs/gr620.dat

NEL 
NPORTS
IDUM      REXA     REYA     REZA     THEA     PHEA     PSEA 
          AMP      PSH      PSC      PHEPOL
  40
  40
   1
   1
   1 	 -168.00   -84.00     0.00     0.00     0.00     0.00
   1 	 -168.00   -84.00     0.00     0.00     0.00     0.00
   	   27.00   152.00     0.00    90.00
   	   27.00   152.00     0.00    90.00
   2 	  -84.00   -84.00     0.00     0.00     0.00     0.00
   2 	  -84.00   -84.00     0.00     0.00     0.00     0.00
   	   27.00   152.00     0.00    90.00
   	   27.00   152.00     0.00    90.00
   3 	    0.00   -84.00     0.00     0.00     0.00     0.00
   3 	    0.00   -84.00     0.00     0.00     0.00     0.00
   	   27.00   152.00     0.00    90.00
   	   27.00   152.00     0.00    90.00
   4 	   84.00   -84.00     0.00     0.00     0.00     0.00
   4 	   84.00   -84.00     0.00     0.00     0.00     0.00
   	   27.00   152.00     0.00    90.00
   	   27.00   152.00     0.00    90.00
   5 	  168.00   -84.00     0.00     0.00     0.00     0.00
   5 	  168.00   -84.00     0.00     0.00     0.00     0.00
   	   27.00   152.00     0.00    90.00
   	   27.00   152.00     0.00    90.00
   6 	  252.00   -84.00     0.00     0.00     0.00     0.00
   6 	  252.00   -84.00     0.00     0.00     0.00     0.00
   	   27.00   152.00     0.00    90.00
   	   27.00   152.00     0.00    90.00
   7 	  336.00   -84.00     0.00     0.00     0.00     0.00
   7 	  336.00   -84.00     0.00     0.00     0.00     0.00
   	   27.00   152.00     0.00    90.00
   	   27.00   152.00     0.00    90.00
   8 	  420.00   -84.00     0.00     0.00     0.00     0.00
   8 	  420.00   -84.00     0.00     0.00     0.00     0.00
   	   27.00   152.00     0.00    90.00
   	   27.00   152.00     0.00    90.00
   9 	 -168.00     0.00     0.00     0.00     0.00     0.00
   9 	 -168.00     0.00     0.00     0.00     0.00     0.00
   	   27.00   152.00     0.00    90.00
   	   27.00   152.00     0.00    90.00
  10 	  -84.00     0.00     0.00     0.00     0.00     0.00
  10 	  -84.00     0.00     0.00     0.00     0.00     0.00
   	   27.00   152.00     0.00    90.00
   	   27.00   152.00     0.00    90.00
  11 	    0.00     0.00     0.00     0.00     0.00     0.00
  11 	    0.00     0.00     0.00     0.00     0.00     0.00
   	   27.00   152.00     0.00    90.00
   	   27.00   152.00     0.00    90.00
  12 	   84.00     0.00     0.00     0.00     0.00     0.00
  12 	   84.00     0.00     0.00     0.00     0.00     0.00
   	   27.00   152.00     0.00    90.00
   	   27.00   152.00     0.00    90.00
  13 	  168.00     0.00     0.00     0.00     0.00     0.00
  13 	  168.00     0.00     0.00     0.00     0.00     0.00
   	   27.00   152.00     0.00    90.00
   	   27.00   152.00     0.00    90.00
  14 	  252.00     0.00     0.00     0.00     0.00     0.00
  14 	  252.00     0.00     0.00     0.00     0.00     0.00
   	   27.00   152.00     0.00    90.00
   	   27.00   152.00     0.00    90.00
  15 	  336.00     0.00     0.00     0.00     0.00     0.00
  15 	  336.00     0.00     0.00     0.00     0.00     0.00
   	   27.00   152.00     0.00    90.00
   	   27.00   152.00     0.00    90.00
  16 	  420.00     0.00     0.00     0.00     0.00     0.00
  16 	  420.00     0.00     0.00     0.00     0.00     0.00
   	   27.00   152.00     0.00    90.00
   	   27.00   152.00     0.00    90.00
  17 	 -168.00    84.00     0.00     0.00     0.00     0.00
  17 	 -168.00    84.00     0.00     0.00     0.00     0.00
   	   27.00   152.00     0.00    90.00
   	   27.00   152.00     0.00    90.00
  18 	  -84.00    84.00     0.00     0.00     0.00     0.00
  18 	  -84.00    84.00     0.00     0.00     0.00     0.00
   	   27.00   152.00     0.00    90.00
   	   27.00   152.00     0.00    90.00
  19 	   -0.00    84.00     0.00     0.00     0.00     0.00
  19 	   -0.00    84.00     0.00     0.00     0.00     0.00
   	   27.00   152.00     0.00    90.00
   	   27.00   152.00     0.00    90.00
  20 	   84.00    84.00     0.00     0.00     0.00     0.00
  20 	   84.00    84.00     0.00     0.00     0.00     0.00
   	   27.00   152.00     0.00    90.00
   	   27.00   152.00     0.00    90.00
  21 	  168.00    84.00     0.00     0.00     0.00     0.00
  21 	  168.00    84.00     0.00     0.00     0.00     0.00
   	   27.00   152.00     0.00    90.00
   	   27.00   152.00     0.00    90.00
  22 	  252.00    84.00     0.00     0.00     0.00     0.00
  22 	  252.00    84.00     0.00     0.00     0.00     0.00
   	   27.00   152.00     0.00    90.00
   	   27.00   152.00     0.00    90.00
  23 	  336.00    84.00     0.00     0.00     0.00     0.00
  23 	  336.00    84.00     0.00     0.00     0.00     0.00
   	   27.00   152.00     0.00    90.00
   	   27.00   152.00     0.00    90.00
  24 	  420.00    84.00     0.00     0.00     0.00     0.00
  24 	  420.00    84.00     0.00     0.00     0.00     0.00
   	   27.00   152.00     0.00    90.00
   	   27.00   152.00     0.00    90.00
  25 	 -168.00   168.00     0.00     0.00     0.00     0.00
  25 	 -168.00   168.00     0.00     0.00     0.00     0.00
   	   27.00   152.00     0.00    90.00
   	   27.00   152.00     0.00    90.00
  26 	  -84.00   168.00     0.00     0.00     0.00     0.00
  26 	  -84.00   168.00     0.00     0.00     0.00     0.00
   	   27.00   152.00     0.00    90.00
   	   27.00   152.00     0.00    90.00
  27 	   -0.00   168.00     0.00     0.00     0.00     0.00
  27 	   -0.00   168.00     0.00     0.00     0.00     0.00
   	   27.00   152.00     0.00    90.00
   	   27.00   152.00     0.00    90.00
  28 	   84.00   168.00     0.00     0.00     0.00     0.00
  28 	   84.00   168.00     0.00     0.00     0.00     0.00
   	   27.00   152.00     0.00    90.00
   	   27.00   152.00     0.00    90.00
  29 	  168.00   168.00     0.00     0.00     0.00     0.00
  29 	  168.00   168.00     0.00     0.00     0.00     0.00
   	   27.00   152.00     0.00    90.00
   	   27.00   152.00     0.00    90.00
  30 	  252.00   168.00     0.00     0.00     0.00     0.00
  30 	  252.00   168.00     0.00     0.00     0.00     0.00
   	   27.00   152.00     0.00    90.00
   	   27.00   152.00     0.00    90.00
  31 	  336.00   168.00     0.00     0.00     0.00     0.00
  31 	  336.00   168.00     0.00     0.00     0.00     0.00
   	   27.00   152.00     0.00    90.00
   	   27.00   152.00     0.00    90.00
  32 	  420.00   168.00     0.00     0.00     0.00     0.00
  32 	  420.00   168.00     0.00     0.00     0.00     0.00
   	   27.00   152.00     0.00    90.00
   	   27.00   152.00     0.00    90.00
  33 	 -168.00   252.00     0.00     0.00     0.00     0.00
  33 	 -168.00   252.00     0.00     0.00     0.00     0.00
   	   27.00   152.00     0.00    90.00
   	   27.00   152.00     0.00    90.00
  34 	  -84.00   252.00     0.00     0.00     0.00     0.00
  34 	  -84.00   252.00     0.00     0.00     0.00     0.00
   	   27.00   152.00     0.00    90.00
   	   27.00   152.00     0.00    90.00
  35 	   -0.00   252.00     0.00     0.00     0.00     0.00
  35 	   -0.00   252.00     0.00     0.00     0.00     0.00
   	   27.00   152.00     0.00    90.00
   	   27.00   152.00     0.00    90.00
  36 	   84.00   252.00     0.00     0.00     0.00     0.00
  36 	   84.00   252.00     0.00     0.00     0.00     0.00
   	   27.00   152.00     0.00    90.00
   	   27.00   152.00     0.00    90.00
  37 	  168.00   252.00     0.00     0.00     0.00     0.00
  37 	  168.00   252.00     0.00     0.00     0.00     0.00
   	   27.00   152.00     0.00    90.00
   	   27.00   152.00     0.00    90.00
  38 	  252.00   252.00     0.00     0.00     0.00     0.00
  38 	  252.00   252.00     0.00     0.00     0.00     0.00
   	   27.00   152.00     0.00    90.00
   	   27.00   152.00     0.00    90.00
  39 	  336.00   252.00     0.00     0.00     0.00     0.00
  39 	  336.00   252.00     0.00     0.00     0.00     0.00
   	   27.00   152.00     0.00    90.00
   	   27.00   152.00     0.00    90.00
  40 	  420.00   252.00     0.00     0.00     0.00     0.00
  40 	  420.00   252.00     0.00     0.00     0.00     0.00
   	   27.00   152.00     0.00    90.00
   	   27.00   152.00     0.00    90.00

** End writing output file: ../inputs/gr620.dat 
