*******************************************************************************
                         ARRAY PREPROCESSOR ver. 1.0
*******************************************************************************



   1	GROUP testgroup
   3	 GRID SQUARE
   4	 ELEMENT
   5	 GEOMETRY CIRCULAR 35 mm
   7	 ADD BLOCK -1 8 0 -5
   9	 GROUP_EXCITATION
  10	 AMPLITUDE UNIFORM 28
  11	 PHASE UNIFORM -32
  12	 END

** Generating GROUP: testgroup.
** PSTEP,QSTEP set to:70.000000,70.000000
** Grid ANGLE set to:90.000000 
** Group ROT_ANGLE set to: 0.000000 

** Writing output file: ../inputs/gr621.dat

NEL 
NPORTS
IDUM      REXA     REYA     REZA     THEA     PHEA     PSEA 
          AMP      PSH      PSC      PHEPOL
  28
  28
   1
   1
   1 	  -70.00  -350.00     0.00     0.00     0.00     0.00
   1 	  -70.00  -350.00     0.00     0.00     0.00     0.00
   	   28.00   -32.00     0.00    90.00
   	   28.00   -32.00     0.00    90.00
   2 	    0.00  -350.00     0.00     0.00     0.00     0.00
   2 	    0.00  -350.00     0.00     0.00     0.00     0.00
   	   28.00   -32.00     0.00    90.00
   	   28.00   -32.00     0.00    90.00
   3 	  -70.00  -280.00     0.00     0.00     0.00     0.00
   3 	  -70.00  -280.00     0.00     0.00     0.00     0.00
   	   28.00   -32.00     0.00    90.00
   	   28.00   -32.00     0.00    90.00
   4 	    0.00  -280.00     0.00     0.00     0.00     0.00
   4 	    0.00  -280.00     0.00     0.00     0.00     0.00
   	   28.00   -32.00     0.00    90.00
   	   28.00   -32.00     0.00    90.00
   5 	  -70.00  -210.00     0.00     0.00     0.00     0.00
   5 	  -70.00  -210.00     0.00     0.00     0.00     0.00
   	   28.00   -32.00     0.00    90.00
   	   28.00   -32.00     0.00    90.00
   6 	    0.00  -210.00     0.00     0.00     0.00     0.00
   6 	    0.00  -210.00     0.00     0.00     0.00     0.00
   	   28.00   -32.00     0.00    90.00
   	   28.00   -32.00     0.00    90.00
   7 	  -70.00  -140.00     0.00     0.00     0.00     0.00
   7 	  -70.00  -140.00     0.00     0.00     0.00     0.00
   	   28.00   -32.00     0.00    90.00
   	   28.00   -32.00     0.00    90.00
   8 	    0.00  -140.00     0.00     0.00     0.00     0.00
   8 	    0.00  -140.00     0.00     0.00     0.00     0.00
   	   28.00   -32.00     0.00    90.00
   	   28.00   -32.00     0.00    90.00
   9 	  -70.00   -70.00     0.00     0.00     0.00     0.00
   9 	  -70.00   -70.00     0.00     0.00     0.00     0.00
   	   28.00   -32.00     0.00    90.00
   	   28.00   -32.00     0.00    90.00
  10 	    0.00   -70.00     0.00     0.00     0.00     0.00
  10 	    0.00   -70.00     0.00     0.00     0.00     0.00
   	   28.00   -32.00     0.00    90.00
   	   28.00   -32.00     0.00    90.00
  11 	  -70.00     0.00     0.00     0.00     0.00     0.00
  11 	  -70.00     0.00     0.00     0.00     0.00     0.00
   	   28.00   -32.00     0.00    90.00
   	   28.00   -32.00     0.00    90.00
  12 	    0.00     0.00     0.00     0.00     0.00     0.00
  12 	    0.00     0.00     0.00     0.00     0.00     0.00
   	   28.00   -32.00     0.00    90.00
   	   28.00   -32.00     0.00    90.00
  13 	  -70.00    70.00     0.00     0.00     0.00     0.00
  13 	  -70.00    70.00     0.00     0.00     0.00     0.00
   	   28.00   -32.00     0.00    90.00
   	   28.00   -32.00     0.00    90.00
  14 	   -0.00    70.00     0.00     0.00     0.00     0.00
  14 	   -0.00    70.00     0.00     0.00     0.00     0.00
   	   28.00   -32.00     0.00    90.00
   	   28.00   -32.00     0.00    90.00
  15 	  -70.00   140.00     0.00     0.00     0.00     0.00
  15 	  -70.00   140.00     0.00     0.00     0.00     0.00
   	   28.00   -32.00     0.00    90.00
   	   28.00   -32.00     0.00    90.00
  16 	   -0.00   140.00     0.00     0.00     0.00     0.00
  16 	   -0.00   140.00     0.00     0.00     0.00     0.00
   	   28.00   -32.00     0.00    90.00
   	   28.00   -32.00     0.00    90.00
  17 	  -70.00   210.00     0.00     0.00     0.00     0.00
  17 	  -70.00   210.00     0.00     0.00     0.00     0.00
   	   28.00   -32.00     0.00    90.00
   	   28.00   -32.00     0.00    90.00
  18 	   -0.00   210.00     0.00     0.00     0.00     0.00
  18 	   -0.00   210.00     0.00     0.00     0.00     0.00
   	   28.00   -32.00     0.00    90.00
   	   28.00   -32.00     0.00    90.00
  19 	  -70.00   280.00     0.00     0.00     0.00     0.00
  19 	  -70.00   280.00     0.00     0.00     0.00     0.00
   	   28.00   -32.00     0.00    90.00
   	   28.00   -32.00     0.00    90.00
  20 	   -0.00   280.00     0.00     0.00     0.00     0.00
  20 	   -0.00   280.00     0.00     0.00     0.00     0.00
   	   28.00   -32.00     0.00    90.00
   	   28.00   -32.00     0.00    90.00
  21 	  -70.00   350.00     0.00     0.00     0.00     0.00
  21 	  -70.00   350.00     0.00     0.00     0.00     0.00
   	   28.00   -32.00     0.00    90.00
   	   28.00   -32.00     0.00    90.00
  22 	   -0.00   350.00     0.00     0.00     0.00     0.00
  22 	   -0.00   350.00     0.00     0.00     0.00     0.00
   	   28.00   -32.00     0.00    90.00
   	   28.00   -32.00     0.00    90.00
  23 	  -70.00   420.00     0.00     0.00     0.00     0.00
  23 	  -70.00   420.00     0.00     0.00     0.00     0.00
   	   28.00   -32.00     0.00    90.00
   	   28.00   -32.00     0.00    90.00
  24 	   -0.00   420.00     0.00     0.00     0.00     0.00
  24 	   -0.00   420.00     0.00     0.00     0.00     0.00
   	   28.00   -32.00     0.00    90.00
   	   28.00   -32.00     0.00    90.00
  25 	  -70.00   490.00     0.00     0.00     0.00     0.00
  25 	  -70.00   490.00     0.00     0.00     0.00     0.00
   	   28.00   -32.00     0.00    90.00
   	   28.00   -32.00     0.00    90.00
  26 	   -0.00   490.00     0.00     0.00     0.00     0.00
  26 	   -0.00   490.00     0.00     0.00     0.00     0.00
   	   28.00   -32.00     0.00    90.00
   	   28.00   -32.00     0.00    90.00
  27 	  -70.00   560.00     0.00     0.00     0.00     0.00
  27 	  -70.00   560.00     0.00     0.00     0.00     0.00
   	   28.00   -32.00     0.00    90.00
   	   28.00   -32.00     0.00    90.00
  28 	   -0.00   560.00     0.00     0.00     0.00     0.00
  28 	   -0.00   560.00     0.00     0.00     0.00     0.00
   	   28.00   -32.00     0.00    90.00
   	   28.00   -32.00     0.00    90.00

** End writing output file: ../inputs/gr621.dat 
