*******************************************************************************
                         ARRAY PREPROCESSOR ver. 1.0
*******************************************************************************



   1	GROUP testgroup
   3	 GRID RECTANGULAR
   4	 ELEMENT
   5	 GEOMETRY CIRCULAR 69
   7	 ADD HEXAGON -1 7
   9	 GROUP_EXCITATION
  10	 AMPLITUDE UNIFORM 28
  11	 PHASE UNIFORM 26
  12	 END

** Generating GROUP: testgroup.
** PSTEP,QSTEP set to:138.000000,138.000000
** Grid ANGLE set to:90.000000 
** Group ROT_ANGLE set to: 0.000000 

** Writing output file: ../inputs/gr63.dat

NEL 
NPORTS
IDUM      REXA     REYA     REZA     THEA     PHEA     PSEA 
          AMP      PSH      PSC      PHEPOL
   7
   7
   1
   1
   1 	 -276.00  1104.00     0.00     0.00     0.00     0.00
   1 	 -276.00  1104.00     0.00     0.00     0.00     0.00
   	   28.00    26.00     0.00    90.00
   	   28.00    26.00     0.00    90.00
   2 	 -138.00  1104.00     0.00     0.00     0.00     0.00
   2 	 -138.00  1104.00     0.00     0.00     0.00     0.00
   	   28.00    26.00     0.00    90.00
   	   28.00    26.00     0.00    90.00
   3 	   -0.00   966.00     0.00     0.00     0.00     0.00
   3 	   -0.00   966.00     0.00     0.00     0.00     0.00
   	   28.00    26.00     0.00    90.00
   	   28.00    26.00     0.00    90.00
   4 	   -0.00   828.00     0.00     0.00     0.00     0.00
   4 	   -0.00   828.00     0.00     0.00     0.00     0.00
   	   28.00    26.00     0.00    90.00
   	   28.00    26.00     0.00    90.00
   5 	 -138.00   828.00     0.00     0.00     0.00     0.00
   5 	 -138.00   828.00     0.00     0.00     0.00     0.00
   	   28.00    26.00     0.00    90.00
   	   28.00    26.00     0.00    90.00
   6 	 -276.00   966.00     0.00     0.00     0.00     0.00
   6 	 -276.00   966.00     0.00     0.00     0.00     0.00
   	   28.00    26.00     0.00    90.00
   	   28.00    26.00     0.00    90.00
   7 	 -138.00   966.00     0.00     0.00     0.00     0.00
   7 	 -138.00   966.00     0.00     0.00     0.00     0.00
   	   28.00    26.00     0.00    90.00
   	   28.00    26.00     0.00    90.00

** End writing output file: ../inputs/gr63.dat 
