*******************************************************************************
                         ARRAY PREPROCESSOR ver. 1.0
*******************************************************************************



   1	GROUP testgroup
   3	 GRID RECTANGULAR PSTEP 55 QSTEP 121
   4	 ELEMENT
   5	 GEOMETRY RECTANGULAR 16 64
   8	 ADD BLOCK 7 -2 4 1
  10	 GROUP_EXCITATION
  11	 AMPLITUDE UNIFORM 25
  12	 PHASE SECOND ORDER 23 22 29 22 31
  13	 END

** Generating GROUP: testgroup.
** PSTEP,QSTEP set to:55.000000,121.000000
** Grid ANGLE set to:90.000000 
** Group ROT_ANGLE set to: 0.000000 

** Writing output file: ../inputs/gr630.dat

NEL 
NPORTS
IDUM      REXA     REYA     REZA     THEA     PHEA     PSEA 
          AMP      PSH      PSC      PHEPOL
  16
  16
   1
   1
   1 	  220.00  -242.00     0.00     0.00     0.00     0.00
   1 	  220.00  -242.00     0.00     0.00     0.00     0.00
   	   25.00    21.00     0.00    90.00
   	   25.00    21.00     0.00    90.00
   2 	  275.00  -242.00     0.00     0.00     0.00     0.00
   2 	  275.00  -242.00     0.00     0.00     0.00     0.00
   	   25.00    21.11     0.00    90.00
   	   25.00    21.11     0.00    90.00
   3 	  330.00  -242.00     0.00     0.00     0.00     0.00
   3 	  330.00  -242.00     0.00     0.00     0.00     0.00
   	   25.00    23.44     0.00    90.00
   	   25.00    23.44     0.00    90.00
   4 	  385.00  -242.00     0.00     0.00     0.00     0.00
   4 	  385.00  -242.00     0.00     0.00     0.00     0.00
   	   25.00    28.00     0.00    90.00
   	   25.00    28.00     0.00    90.00
   5 	  220.00  -121.00     0.00     0.00     0.00     0.00
   5 	  220.00  -121.00     0.00     0.00     0.00     0.00
   	   25.00    20.89     0.00    90.00
   	   25.00    20.89     0.00    90.00
   6 	  275.00  -121.00     0.00     0.00     0.00     0.00
   6 	  275.00  -121.00     0.00     0.00     0.00     0.00
   	   25.00    21.00     0.00    90.00
   	   25.00    21.00     0.00    90.00
   7 	  330.00  -121.00     0.00     0.00     0.00     0.00
   7 	  330.00  -121.00     0.00     0.00     0.00     0.00
   	   25.00    23.33     0.00    90.00
   	   25.00    23.33     0.00    90.00
   8 	  385.00  -121.00     0.00     0.00     0.00     0.00
   8 	  385.00  -121.00     0.00     0.00     0.00     0.00
   	   25.00    27.89     0.00    90.00
   	   25.00    27.89     0.00    90.00
   9 	  220.00     0.00     0.00     0.00     0.00     0.00
   9 	  220.00     0.00     0.00     0.00     0.00     0.00
   	   25.00    23.89     0.00    90.00
   	   25.00    23.89     0.00    90.00
  10 	  275.00     0.00     0.00     0.00     0.00     0.00
  10 	  275.00     0.00     0.00     0.00     0.00     0.00
   	   25.00    24.00     0.00    90.00
   	   25.00    24.00     0.00    90.00
  11 	  330.00     0.00     0.00     0.00     0.00     0.00
  11 	  330.00     0.00     0.00     0.00     0.00     0.00
   	   25.00    26.33     0.00    90.00
   	   25.00    26.33     0.00    90.00
  12 	  385.00     0.00     0.00     0.00     0.00     0.00
  12 	  385.00     0.00     0.00     0.00     0.00     0.00
   	   25.00    30.89     0.00    90.00
   	   25.00    30.89     0.00    90.00
  13 	  220.00   121.00     0.00     0.00     0.00     0.00
  13 	  220.00   121.00     0.00     0.00     0.00     0.00
   	   25.00    30.00     0.00    90.00
   	   25.00    30.00     0.00    90.00
  14 	  275.00   121.00     0.00     0.00     0.00     0.00
  14 	  275.00   121.00     0.00     0.00     0.00     0.00
   	   25.00    30.11     0.00    90.00
   	   25.00    30.11     0.00    90.00
  15 	  330.00   121.00     0.00     0.00     0.00     0.00
  15 	  330.00   121.00     0.00     0.00     0.00     0.00
   	   25.00    32.44     0.00    90.00
   	   25.00    32.44     0.00    90.00
  16 	  385.00   121.00     0.00     0.00     0.00     0.00
  16 	  385.00   121.00     0.00     0.00     0.00     0.00
   	   25.00    37.00     0.00    90.00
   	   25.00    37.00     0.00    90.00

** End writing output file: ../inputs/gr630.dat 
