*******************************************************************************
                         ARRAY PREPROCESSOR ver. 1.0
*******************************************************************************



   1	GROUP testgroup
   3	 GRID HEXAGONAL
   4	 ELEMENT
   5	 GEOMETRY CIRCULAR 71
   7	 PORTS 1
   8	 PORT 1
   9	 AMPLITUDE 42
  10	 PHASE_SHAPING 438
  11	 PHASE_SCANNING 679
  12	 PHASE_POL_ARRANG 701
  13	 ADD BLOCK -6 -3 -6 6
  15	 GROUP_EXCITATION
  16	 AMPLITUDE UNIFORM 27
  17	 PHASE UNIFORM -15
  18	 END

** Generating GROUP: testgroup.
** PSTEP,QSTEP set to:142.000000,142.000000
** Grid ANGLE set to:60.000000 
** Group ROT_ANGLE set to: 0.000000 

** Writing output file: ../inputs/gr631.dat

NEL 
NPORTS
IDUM      REXA     REYA     REZA     THEA     PHEA     PSEA 
          AMP      PSH      PSC      PHEPOL
  10
  10
   1
   1
   1 	-1065.00  -368.93     0.00     0.00     0.00     0.00
   1 	-1065.00  -368.93     0.00     0.00     0.00     0.00
   	 1134.00  1124.00   679.00    90.00
   	 1134.00  1124.00   679.00    90.00
   2 	 -994.00  -245.95     0.00     0.00     0.00     0.00
   2 	 -994.00  -245.95     0.00     0.00     0.00     0.00
   	 1134.00  1124.00   679.00    90.00
   	 1134.00  1124.00   679.00    90.00
   3 	 -923.00  -122.98     0.00     0.00     0.00     0.00
   3 	 -923.00  -122.98     0.00     0.00     0.00     0.00
   	 1134.00  1124.00   679.00    90.00
   	 1134.00  1124.00   679.00    90.00
   4 	 -852.00     0.00     0.00     0.00     0.00     0.00
   4 	 -852.00     0.00     0.00     0.00     0.00     0.00
   	 1134.00  1124.00   679.00    90.00
   	 1134.00  1124.00   679.00    90.00
   5 	 -781.00   122.98     0.00     0.00     0.00     0.00
   5 	 -781.00   122.98     0.00     0.00     0.00     0.00
   	 1134.00  1124.00   679.00    90.00
   	 1134.00  1124.00   679.00    90.00
   6 	 -710.00   245.95     0.00     0.00     0.00     0.00
   6 	 -710.00   245.95     0.00     0.00     0.00     0.00
   	 1134.00  1124.00   679.00    90.00
   	 1134.00  1124.00   679.00    90.00
   7 	 -639.00   368.93     0.00     0.00     0.00     0.00
   7 	 -639.00   368.93     0.00     0.00     0.00     0.00
   	 1134.00  1124.00   679.00    90.00
   	 1134.00  1124.00   679.00    90.00
   8 	 -568.00   491.90     0.00     0.00     0.00     0.00
   8 	 -568.00   491.90     0.00     0.00     0.00     0.00
   	 1134.00  1124.00   679.00    90.00
   	 1134.00  1124.00   679.00    90.00
   9 	 -497.00   614.88     0.00     0.00     0.00     0.00
   9 	 -497.00   614.88     0.00     0.00     0.00     0.00
   	 1134.00  1124.00   679.00    90.00
   	 1134.00  1124.00   679.00    90.00
  10 	 -426.00   737.85     0.00     0.00     0.00     0.00
  10 	 -426.00   737.85     0.00     0.00     0.00     0.00
   	 1134.00  1124.00   679.00    90.00
   	 1134.00  1124.00   679.00    90.00

** End writing output file: ../inputs/gr631.dat 
