*******************************************************************************
                         ARRAY PREPROCESSOR ver. 1.0
*******************************************************************************



   1	GROUP testgroup
   3	 GRID HEXAGONAL
   4	 ELEMENT
   5	 GEOMETRY CIRCULAR 22
   7	 ADD HEXAGON -1 4
   9	 GROUP_EXCITATION
  10	 AMPLITUDE UNIFORM 25
  11	 PHASE SECOND ORDER 32 30 14 27 26
  12	 END

** Generating GROUP: testgroup.
** PSTEP,QSTEP set to:44.000000,44.000000
** Grid ANGLE set to:60.000000 
** Group ROT_ANGLE set to: 0.000000 

** Writing output file: ../inputs/gr632.dat

NEL 
NPORTS
IDUM      REXA     REYA     REZA     THEA     PHEA     PSEA 
          AMP      PSH      PSC      PHEPOL
   7
   7
   1
   1
   1 	   22.00   190.53     0.00     0.00     0.00     0.00
   1 	   22.00   190.53     0.00     0.00     0.00     0.00
   	   25.00    32.00     0.00    90.00
   	   25.00    32.00     0.00    90.00
   2 	   66.00   190.53     0.00     0.00     0.00     0.00
   2 	   66.00   190.53     0.00     0.00     0.00     0.00
   	   25.00    14.00     0.00    90.00
   	   25.00    14.00     0.00    90.00
   3 	   88.00   152.42     0.00     0.00     0.00     0.00
   3 	   88.00   152.42     0.00     0.00     0.00     0.00
   	   25.00    -4.13     0.00    90.00
   	   25.00    -4.13     0.00    90.00
   4 	   66.00   114.32     0.00     0.00     0.00     0.00
   4 	   66.00   114.32     0.00     0.00     0.00     0.00
   	   25.00     8.00     0.00    90.00
   	   25.00     8.00     0.00    90.00
   5 	   22.00   114.32     0.00     0.00     0.00     0.00
   5 	   22.00   114.32     0.00     0.00     0.00     0.00
   	   25.00    26.00     0.00    90.00
   	   25.00    26.00     0.00    90.00
   6 	   -0.00   152.42     0.00     0.00     0.00     0.00
   6 	   -0.00   152.42     0.00     0.00     0.00     0.00
   	   25.00    31.88     0.00    90.00
   	   25.00    31.88     0.00    90.00
   7 	   44.00   152.42     0.00     0.00     0.00     0.00
   7 	   44.00   152.42     0.00     0.00     0.00     0.00
   	   25.00    23.87     0.00    90.00
   	   25.00    23.87     0.00    90.00

** End writing output file: ../inputs/gr632.dat 
