*******************************************************************************
                         ARRAY PREPROCESSOR ver. 1.0
*******************************************************************************



   1	GROUP testgroup
   3	 GRID SQUARE
   4	 ELEMENT
   5	 GEOMETRY RECTANGULAR 40 31
   8	 ADD BLOCK -12 -1 -3 -1
  10	 GROUP_EXCITATION
  11	 AMPLITUDE UNIFORM 26
  12	 PHASE UNIFORM 32
  13	 END

** Generating GROUP: testgroup.
** PSTEP,QSTEP set to:40.000000,40.000000
** Grid ANGLE set to:90.000000 
** Group ROT_ANGLE set to: 0.000000 

** Writing output file: ../inputs/gr633.dat

NEL 
NPORTS
IDUM      REXA     REYA     REZA     THEA     PHEA     PSEA 
          AMP      PSH      PSC      PHEPOL
  10
  10
   1
   1
   1 	 -480.00   -40.00     0.00     0.00     0.00     0.00
   1 	 -480.00   -40.00     0.00     0.00     0.00     0.00
   	   26.00    32.00     0.00    90.00
   	   26.00    32.00     0.00    90.00
   2 	 -440.00   -40.00     0.00     0.00     0.00     0.00
   2 	 -440.00   -40.00     0.00     0.00     0.00     0.00
   	   26.00    32.00     0.00    90.00
   	   26.00    32.00     0.00    90.00
   3 	 -400.00   -40.00     0.00     0.00     0.00     0.00
   3 	 -400.00   -40.00     0.00     0.00     0.00     0.00
   	   26.00    32.00     0.00    90.00
   	   26.00    32.00     0.00    90.00
   4 	 -360.00   -40.00     0.00     0.00     0.00     0.00
   4 	 -360.00   -40.00     0.00     0.00     0.00     0.00
   	   26.00    32.00     0.00    90.00
   	   26.00    32.00     0.00    90.00
   5 	 -320.00   -40.00     0.00     0.00     0.00     0.00
   5 	 -320.00   -40.00     0.00     0.00     0.00     0.00
   	   26.00    32.00     0.00    90.00
   	   26.00    32.00     0.00    90.00
   6 	 -280.00   -40.00     0.00     0.00     0.00     0.00
   6 	 -280.00   -40.00     0.00     0.00     0.00     0.00
   	   26.00    32.00     0.00    90.00
   	   26.00    32.00     0.00    90.00
   7 	 -240.00   -40.00     0.00     0.00     0.00     0.00
   7 	 -240.00   -40.00     0.00     0.00     0.00     0.00
   	   26.00    32.00     0.00    90.00
   	   26.00    32.00     0.00    90.00
   8 	 -200.00   -40.00     0.00     0.00     0.00     0.00
   8 	 -200.00   -40.00     0.00     0.00     0.00     0.00
   	   26.00    32.00     0.00    90.00
   	   26.00    32.00     0.00    90.00
   9 	 -160.00   -40.00     0.00     0.00     0.00     0.00
   9 	 -160.00   -40.00     0.00     0.00     0.00     0.00
   	   26.00    32.00     0.00    90.00
   	   26.00    32.00     0.00    90.00
  10 	 -120.00   -40.00     0.00     0.00     0.00     0.00
  10 	 -120.00   -40.00     0.00     0.00     0.00     0.00
   	   26.00    32.00     0.00    90.00
   	   26.00    32.00     0.00    90.00

** End writing output file: ../inputs/gr633.dat 
