*******************************************************************************
                         ARRAY PREPROCESSOR ver. 1.0
*******************************************************************************



   1	GROUP testgroup
   3	 GRID RECTANGULAR
   4	 ELEMENT
   5	 GEOMETRY RECTANGULAR 107 91
   8	 ADD BLOCK -5 9 4 9
  10	 GROUP_EXCITATION
  11	 AMPLITUDE UNIFORM 24
  12	 PHASE UNIFORM -69
  13	 END

** Generating GROUP: testgroup.
** PSTEP,QSTEP set to:107.000000,91.000000
** Grid ANGLE set to:90.000000 
** Group ROT_ANGLE set to: 0.000000 

** Writing output file: ../inputs/gr634.dat

NEL 
NPORTS
IDUM      REXA     REYA     REZA     THEA     PHEA     PSEA 
          AMP      PSH      PSC      PHEPOL
  10
  10
   1
   1
   1 	 -535.00   819.00     0.00     0.00     0.00     0.00
   1 	 -535.00   819.00     0.00     0.00     0.00     0.00
   	   24.00   -69.00     0.00    90.00
   	   24.00   -69.00     0.00    90.00
   2 	 -428.00   819.00     0.00     0.00     0.00     0.00
   2 	 -428.00   819.00     0.00     0.00     0.00     0.00
   	   24.00   -69.00     0.00    90.00
   	   24.00   -69.00     0.00    90.00
   3 	 -321.00   819.00     0.00     0.00     0.00     0.00
   3 	 -321.00   819.00     0.00     0.00     0.00     0.00
   	   24.00   -69.00     0.00    90.00
   	   24.00   -69.00     0.00    90.00
   4 	 -214.00   819.00     0.00     0.00     0.00     0.00
   4 	 -214.00   819.00     0.00     0.00     0.00     0.00
   	   24.00   -69.00     0.00    90.00
   	   24.00   -69.00     0.00    90.00
   5 	 -107.00   819.00     0.00     0.00     0.00     0.00
   5 	 -107.00   819.00     0.00     0.00     0.00     0.00
   	   24.00   -69.00     0.00    90.00
   	   24.00   -69.00     0.00    90.00
   6 	   -0.00   819.00     0.00     0.00     0.00     0.00
   6 	   -0.00   819.00     0.00     0.00     0.00     0.00
   	   24.00   -69.00     0.00    90.00
   	   24.00   -69.00     0.00    90.00
   7 	  107.00   819.00     0.00     0.00     0.00     0.00
   7 	  107.00   819.00     0.00     0.00     0.00     0.00
   	   24.00   -69.00     0.00    90.00
   	   24.00   -69.00     0.00    90.00
   8 	  214.00   819.00     0.00     0.00     0.00     0.00
   8 	  214.00   819.00     0.00     0.00     0.00     0.00
   	   24.00   -69.00     0.00    90.00
   	   24.00   -69.00     0.00    90.00
   9 	  321.00   819.00     0.00     0.00     0.00     0.00
   9 	  321.00   819.00     0.00     0.00     0.00     0.00
   	   24.00   -69.00     0.00    90.00
   	   24.00   -69.00     0.00    90.00
  10 	  428.00   819.00     0.00     0.00     0.00     0.00
  10 	  428.00   819.00     0.00     0.00     0.00     0.00
   	   24.00   -69.00     0.00    90.00
   	   24.00   -69.00     0.00    90.00

** End writing output file: ../inputs/gr634.dat 
