*******************************************************************************
                         ARRAY PREPROCESSOR ver. 1.0
*******************************************************************************



   1	GROUP testgroup
   3	 GRID HEXAGONAL
   4	 ELEMENT
   5	 GEOMETRY CIRCULAR 94
   7	 ADD HEXAGON 1 -4
   9	 GROUP_EXCITATION
  10	 AMPLITUDE UNIFORM 20
  11	 PHASE UNIFORM 23 rad
  12	 END

** Generating GROUP: testgroup.
** PSTEP,QSTEP set to:188.000000,188.000000
** Grid ANGLE set to:60.000000 
** Group ROT_ANGLE set to: 0.000000 

** Writing output file: ../inputs/gr636.dat

NEL 
NPORTS
IDUM      REXA     REYA     REZA     THEA     PHEA     PSEA 
          AMP      PSH      PSC      PHEPOL
   7
   7
   1
   1
   1 	 -282.00  -488.44     0.00     0.00     0.00     0.00
   1 	 -282.00  -488.44     0.00     0.00     0.00     0.00
   	   20.00  1317.80     0.00    90.00
   	   20.00  1317.80     0.00    90.00
   2 	  -94.00  -488.44     0.00     0.00     0.00     0.00
   2 	  -94.00  -488.44     0.00     0.00     0.00     0.00
   	   20.00  1317.80     0.00    90.00
   	   20.00  1317.80     0.00    90.00
   3 	    0.00  -651.25     0.00     0.00     0.00     0.00
   3 	    0.00  -651.25     0.00     0.00     0.00     0.00
   	   20.00  1317.80     0.00    90.00
   	   20.00  1317.80     0.00    90.00
   4 	  -94.00  -814.06     0.00     0.00     0.00     0.00
   4 	  -94.00  -814.06     0.00     0.00     0.00     0.00
   	   20.00  1317.80     0.00    90.00
   	   20.00  1317.80     0.00    90.00
   5 	 -282.00  -814.06     0.00     0.00     0.00     0.00
   5 	 -282.00  -814.06     0.00     0.00     0.00     0.00
   	   20.00  1317.80     0.00    90.00
   	   20.00  1317.80     0.00    90.00
   6 	 -376.00  -651.25     0.00     0.00     0.00     0.00
   6 	 -376.00  -651.25     0.00     0.00     0.00     0.00
   	   20.00  1317.80     0.00    90.00
   	   20.00  1317.80     0.00    90.00
   7 	 -188.00  -651.25     0.00     0.00     0.00     0.00
   7 	 -188.00  -651.25     0.00     0.00     0.00     0.00
   	   20.00  1317.80     0.00    90.00
   	   20.00  1317.80     0.00    90.00

** End writing output file: ../inputs/gr636.dat 
