*******************************************************************************
                         ARRAY PREPROCESSOR ver. 1.0
*******************************************************************************



   1	GROUP testgroup
   3	 GRID SQUARE
   4	 ELEMENT
   5	 GEOMETRY CIRCULAR 83
   7	 ADD BLOCK -4 0 1 0
   8	 ADD BLOCK 5 -1 2 3
   9	 ADD BLOCK 4 2 3 0
  11	 GROUP_EXCITATION
  12	 AMPLITUDE UNIFORM 26
  13	 PHASE UNIFORM 22
  14	 END

** Generating GROUP: testgroup.
** PSTEP,QSTEP set to:166.000000,166.000000
** Grid ANGLE set to:90.000000 
** Group ROT_ANGLE set to: 0.000000 

** Writing output file: ../inputs/gr638.dat

NEL 
NPORTS
IDUM      REXA     REYA     REZA     THEA     PHEA     PSEA 
          AMP      PSH      PSC      PHEPOL
  32
  32
   1
   1
   1 	 -664.00     0.00     0.00     0.00     0.00     0.00
   1 	 -664.00     0.00     0.00     0.00     0.00     0.00
   	   26.00    22.00     0.00    90.00
   	   26.00    22.00     0.00    90.00
   2 	 -498.00     0.00     0.00     0.00     0.00     0.00
   2 	 -498.00     0.00     0.00     0.00     0.00     0.00
   	   26.00    22.00     0.00    90.00
   	   26.00    22.00     0.00    90.00
   3 	 -332.00     0.00     0.00     0.00     0.00     0.00
   3 	 -332.00     0.00     0.00     0.00     0.00     0.00
   	   26.00    22.00     0.00    90.00
   	   26.00    22.00     0.00    90.00
   4 	 -166.00     0.00     0.00     0.00     0.00     0.00
   4 	 -166.00     0.00     0.00     0.00     0.00     0.00
   	   26.00    22.00     0.00    90.00
   	   26.00    22.00     0.00    90.00
   5 	    0.00     0.00     0.00     0.00     0.00     0.00
   5 	    0.00     0.00     0.00     0.00     0.00     0.00
   	   26.00    22.00     0.00    90.00
   	   26.00    22.00     0.00    90.00
   6 	  166.00     0.00     0.00     0.00     0.00     0.00
   6 	  166.00     0.00     0.00     0.00     0.00     0.00
   	   26.00    22.00     0.00    90.00
   	   26.00    22.00     0.00    90.00
   7 	  332.00  -166.00     0.00     0.00     0.00     0.00
   7 	  332.00  -166.00     0.00     0.00     0.00     0.00
   	   26.00    22.00     0.00    90.00
   	   26.00    22.00     0.00    90.00
   8 	  498.00  -166.00     0.00     0.00     0.00     0.00
   8 	  498.00  -166.00     0.00     0.00     0.00     0.00
   	   26.00    22.00     0.00    90.00
   	   26.00    22.00     0.00    90.00
   9 	  664.00  -166.00     0.00     0.00     0.00     0.00
   9 	  664.00  -166.00     0.00     0.00     0.00     0.00
   	   26.00    22.00     0.00    90.00
   	   26.00    22.00     0.00    90.00
  10 	  830.00  -166.00     0.00     0.00     0.00     0.00
  10 	  830.00  -166.00     0.00     0.00     0.00     0.00
   	   26.00    22.00     0.00    90.00
   	   26.00    22.00     0.00    90.00
  11 	  332.00     0.00     0.00     0.00     0.00     0.00
  11 	  332.00     0.00     0.00     0.00     0.00     0.00
   	   26.00    22.00     0.00    90.00
   	   26.00    22.00     0.00    90.00
  12 	  498.00     0.00     0.00     0.00     0.00     0.00
  12 	  498.00     0.00     0.00     0.00     0.00     0.00
   	   26.00    22.00     0.00    90.00
   	   26.00    22.00     0.00    90.00
  13 	  664.00     0.00     0.00     0.00     0.00     0.00
  13 	  664.00     0.00     0.00     0.00     0.00     0.00
   	   26.00    22.00     0.00    90.00
   	   26.00    22.00     0.00    90.00
  14 	  830.00     0.00     0.00     0.00     0.00     0.00
  14 	  830.00     0.00     0.00     0.00     0.00     0.00
   	   26.00    22.00     0.00    90.00
   	   26.00    22.00     0.00    90.00
  15 	  332.00   166.00     0.00     0.00     0.00     0.00
  15 	  332.00   166.00     0.00     0.00     0.00     0.00
   	   26.00    22.00     0.00    90.00
   	   26.00    22.00     0.00    90.00
  16 	  498.00   166.00     0.00     0.00     0.00     0.00
  16 	  498.00   166.00     0.00     0.00     0.00     0.00
   	   26.00    22.00     0.00    90.00
   	   26.00    22.00     0.00    90.00
  17 	  664.00   166.00     0.00     0.00     0.00     0.00
  17 	  664.00   166.00     0.00     0.00     0.00     0.00
   	   26.00    22.00     0.00    90.00
   	   26.00    22.00     0.00    90.00
  18 	  830.00   166.00     0.00     0.00     0.00     0.00
  18 	  830.00   166.00     0.00     0.00     0.00     0.00
   	   26.00    22.00     0.00    90.00
   	   26.00    22.00     0.00    90.00
  19 	  332.00   332.00     0.00     0.00     0.00     0.00
  19 	  332.00   332.00     0.00     0.00     0.00     0.00
   	   26.00    22.00     0.00    90.00
   	   26.00    22.00     0.00    90.00
  20 	  498.00   332.00     0.00     0.00     0.00     0.00
  20 	  498.00   332.00     0.00     0.00     0.00     0.00
   	   26.00    22.00     0.00    90.00
   	   26.00    22.00     0.00    90.00
  21 	  664.00   332.00     0.00     0.00     0.00     0.00
  21 	  664.00   332.00     0.00     0.00     0.00     0.00
   	   26.00    22.00     0.00    90.00
   	   26.00    22.00     0.00    90.00
  22 	  830.00   332.00     0.00     0.00     0.00     0.00
  22 	  830.00   332.00     0.00     0.00     0.00     0.00
   	   26.00    22.00     0.00    90.00
   	   26.00    22.00     0.00    90.00
  23 	  332.00   498.00     0.00     0.00     0.00     0.00
  23 	  332.00   498.00     0.00     0.00     0.00     0.00
   	   26.00    22.00     0.00    90.00
   	   26.00    22.00     0.00    90.00
  24 	  498.00   498.00     0.00     0.00     0.00     0.00
  24 	  498.00   498.00     0.00     0.00     0.00     0.00
   	   26.00    22.00     0.00    90.00
   	   26.00    22.00     0.00    90.00
  25 	  664.00   498.00     0.00     0.00     0.00     0.00
  25 	  664.00   498.00     0.00     0.00     0.00     0.00
   	   26.00    22.00     0.00    90.00
   	   26.00    22.00     0.00    90.00
  26 	  830.00   498.00     0.00     0.00     0.00     0.00
  26 	  830.00   498.00     0.00     0.00     0.00     0.00
   	   26.00    22.00     0.00    90.00
   	   26.00    22.00     0.00    90.00
  27 	  498.00     0.00     0.00     0.00     0.00     0.00
  27 	  498.00     0.00     0.00     0.00     0.00     0.00
   	   26.00    22.00     0.00    90.00
   	   26.00    22.00     0.00    90.00
  28 	  664.00     0.00     0.00     0.00     0.00     0.00
  28 	  664.00     0.00     0.00     0.00     0.00     0.00
   	   26.00    22.00     0.00    90.00
   	   26.00    22.00     0.00    90.00
  29 	  498.00   166.00     0.00     0.00     0.00     0.00
  29 	  498.00   166.00     0.00     0.00     0.00     0.00
   	   26.00    22.00     0.00    90.00
   	   26.00    22.00     0.00    90.00
  30 	  664.00   166.00     0.00     0.00     0.00     0.00
  30 	  664.00   166.00     0.00     0.00     0.00     0.00
   	   26.00    22.00     0.00    90.00
   	   26.00    22.00     0.00    90.00
  31 	  498.00   332.00     0.00     0.00     0.00     0.00
  31 	  498.00   332.00     0.00     0.00     0.00     0.00
   	   26.00    22.00     0.00    90.00
   	   26.00    22.00     0.00    90.00
  32 	  664.00   332.00     0.00     0.00     0.00     0.00
  32 	  664.00   332.00     0.00     0.00     0.00     0.00
   	   26.00    22.00     0.00    90.00
   	   26.00    22.00     0.00    90.00

** End writing output file: ../inputs/gr638.dat 
