*******************************************************************************
                         ARRAY PREPROCESSOR ver. 1.0
*******************************************************************************



   1	GROUP testgroup
   3	 GRID HEXAGONAL STEP 54
   4	 ELEMENT
   5	 GEOMETRY CIRCULAR 36
   7	 PORTS 4
   8	 PORT 1
   9	 AMPLITUDE 54
  10	 PHASE_POL_ARRANG 661
  11	 PORT 2
  12	 AMPLITUDE 21
  13	 PHASE_POL_ARRANG 417
  14	 PORT 3
  15	 AMPLITUDE 23
  16	 PORT 4
  17	 AMPLITUDE 26
  18	 PHASE_SHAPING 687
  19	 PHASE_POL_ARRANG 504
  20	 ADD BLOCK -5 -5 2 10
  22	 GROUP_EXCITATION
  23	 AMPLITUDE UNIFORM 24
  24	 PHASE UNIFORM -103
  25	 END

** WARNING B2: GRID step(s) too small for specified element in GROUP: testgroup
** Generating GROUP: testgroup.
** PSTEP,QSTEP set to:54.000000,54.000000
** Grid ANGLE set to:60.000000 
** Group ROT_ANGLE set to: 0.000000 

** Writing output file: ../inputs/gr640.dat

NEL 
NPORTS
IDUM      REXA     REYA     REZA     THEA     PHEA     PSEA 
          AMP      PSH      PSC      PHEPOL
 128
 128
   4
   4
   1 	 -405.00  -233.83     0.00     0.00     0.00     0.00
   1 	 -405.00  -233.83     0.00     0.00     0.00     0.00
   	 1296.00   558.00     0.00    90.00
   	 1296.00   558.00     0.00    90.00
   	  504.00   314.00     0.00    90.00
   	  504.00   314.00     0.00    90.00
   	  552.00  -103.00     0.00    90.00
   	  552.00  -103.00     0.00    90.00
   	  624.00  1088.00     0.00    90.00
   	  624.00  1088.00     0.00    90.00
   2 	 -351.00  -233.83     0.00     0.00     0.00     0.00
   2 	 -351.00  -233.83     0.00     0.00     0.00     0.00
   	 1296.00   558.00     0.00    90.00
   	 1296.00   558.00     0.00    90.00
   	  504.00   314.00     0.00    90.00
   	  504.00   314.00     0.00    90.00
   	  552.00  -103.00     0.00    90.00
   	  552.00  -103.00     0.00    90.00
   	  624.00  1088.00     0.00    90.00
   	  624.00  1088.00     0.00    90.00
   3 	 -297.00  -233.83     0.00     0.00     0.00     0.00
   3 	 -297.00  -233.83     0.00     0.00     0.00     0.00
   	 1296.00   558.00     0.00    90.00
   	 1296.00   558.00     0.00    90.00
   	  504.00   314.00     0.00    90.00
   	  504.00   314.00     0.00    90.00
   	  552.00  -103.00     0.00    90.00
   	  552.00  -103.00     0.00    90.00
   	  624.00  1088.00     0.00    90.00
   	  624.00  1088.00     0.00    90.00
   4 	 -243.00  -233.83     0.00     0.00     0.00     0.00
   4 	 -243.00  -233.83     0.00     0.00     0.00     0.00
   	 1296.00   558.00     0.00    90.00
   	 1296.00   558.00     0.00    90.00
   	  504.00   314.00     0.00    90.00
   	  504.00   314.00     0.00    90.00
   	  552.00  -103.00     0.00    90.00
   	  552.00  -103.00     0.00    90.00
   	  624.00  1088.00     0.00    90.00
   	  624.00  1088.00     0.00    90.00
   5 	 -189.00  -233.83     0.00     0.00     0.00     0.00
   5 	 -189.00  -233.83     0.00     0.00     0.00     0.00
   	 1296.00   558.00     0.00    90.00
   	 1296.00   558.00     0.00    90.00
   	  504.00   314.00     0.00    90.00
   	  504.00   314.00     0.00    90.00
   	  552.00  -103.00     0.00    90.00
   	  552.00  -103.00     0.00    90.00
   	  624.00  1088.00     0.00    90.00
   	  624.00  1088.00     0.00    90.00
   6 	 -135.00  -233.83     0.00     0.00     0.00     0.00
   6 	 -135.00  -233.83     0.00     0.00     0.00     0.00
   	 1296.00   558.00     0.00    90.00
   	 1296.00   558.00     0.00    90.00
   	  504.00   314.00     0.00    90.00
   	  504.00   314.00     0.00    90.00
   	  552.00  -103.00     0.00    90.00
   	  552.00  -103.00     0.00    90.00
   	  624.00  1088.00     0.00    90.00
   	  624.00  1088.00     0.00    90.00
   7 	  -81.00  -233.83     0.00     0.00     0.00     0.00
   7 	  -81.00  -233.83     0.00     0.00     0.00     0.00
   	 1296.00   558.00     0.00    90.00
   	 1296.00   558.00     0.00    90.00
   	  504.00   314.00     0.00    90.00
   	  504.00   314.00     0.00    90.00
   	  552.00  -103.00     0.00    90.00
   	  552.00  -103.00     0.00    90.00
   	  624.00  1088.00     0.00    90.00
   	  624.00  1088.00     0.00    90.00
   8 	  -27.00  -233.83     0.00     0.00     0.00     0.00
   8 	  -27.00  -233.83     0.00     0.00     0.00     0.00
   	 1296.00   558.00     0.00    90.00
   	 1296.00   558.00     0.00    90.00
   	  504.00   314.00     0.00    90.00
   	  504.00   314.00     0.00    90.00
   	  552.00  -103.00     0.00    90.00
   	  552.00  -103.00     0.00    90.00
   	  624.00  1088.00     0.00    90.00
   	  624.00  1088.00     0.00    90.00
   9 	 -378.00  -187.06     0.00     0.00     0.00     0.00
   9 	 -378.00  -187.06     0.00     0.00     0.00     0.00
   	 1296.00   558.00     0.00    90.00
   	 1296.00   558.00     0.00    90.00
   	  504.00   314.00     0.00    90.00
   	  504.00   314.00     0.00    90.00
   	  552.00  -103.00     0.00    90.00
   	  552.00  -103.00     0.00    90.00
   	  624.00  1088.00     0.00    90.00
   	  624.00  1088.00     0.00    90.00
  10 	 -324.00  -187.06     0.00     0.00     0.00     0.00
  10 	 -324.00  -187.06     0.00     0.00     0.00     0.00
   	 1296.00   558.00     0.00    90.00
   	 1296.00   558.00     0.00    90.00
   	  504.00   314.00     0.00    90.00
   	  504.00   314.00     0.00    90.00
   	  552.00  -103.00     0.00    90.00
   	  552.00  -103.00     0.00    90.00
   	  624.00  1088.00     0.00    90.00
   	  624.00  1088.00     0.00    90.00
  11 	 -270.00  -187.06     0.00     0.00     0.00     0.00
  11 	 -270.00  -187.06     0.00     0.00     0.00     0.00
   	 1296.00   558.00     0.00    90.00
   	 1296.00   558.00     0.00    90.00
   	  504.00   314.00     0.00    90.00
   	  504.00   314.00     0.00    90.00
   	  552.00  -103.00     0.00    90.00
   	  552.00  -103.00     0.00    90.00
   	  624.00  1088.00     0.00    90.00
   	  624.00  1088.00     0.00    90.00
  12 	 -216.00  -187.06     0.00     0.00     0.00     0.00
  12 	 -216.00  -187.06     0.00     0.00     0.00     0.00
   	 1296.00   558.00     0.00    90.00
   	 1296.00   558.00     0.00    90.00
   	  504.00   314.00     0.00    90.00
   	  504.00   314.00     0.00    90.00
   	  552.00  -103.00     0.00    90.00
   	  552.00  -103.00     0.00    90.00
   	  624.00  1088.00     0.00    90.00
   	  624.00  1088.00     0.00    90.00
  13 	 -162.00  -187.06     0.00     0.00     0.00     0.00
  13 	 -162.00  -187.06     0.00     0.00     0.00     0.00
   	 1296.00   558.00     0.00    90.00
   	 1296.00   558.00     0.00    90.00
   	  504.00   314.00     0.00    90.00
   	  504.00   314.00     0.00    90.00
   	  552.00  -103.00     0.00    90.00
   	  552.00  -103.00     0.00    90.00
   	  624.00  1088.00     0.00    90.00
   	  624.00  1088.00     0.00    90.00
  14 	 -108.00  -187.06     0.00     0.00     0.00     0.00
  14 	 -108.00  -187.06     0.00     0.00     0.00     0.00
   	 1296.00   558.00     0.00    90.00
   	 1296.00   558.00     0.00    90.00
   	  504.00   314.00     0.00    90.00
   	  504.00   314.00     0.00    90.00
   	  552.00  -103.00     0.00    90.00
   	  552.00  -103.00     0.00    90.00
   	  624.00  1088.00     0.00    90.00
   	  624.00  1088.00     0.00    90.00
  15 	  -54.00  -187.06     0.00     0.00     0.00     0.00
  15 	  -54.00  -187.06     0.00     0.00     0.00     0.00
   	 1296.00   558.00     0.00    90.00
   	 1296.00   558.00     0.00    90.00
   	  504.00   314.00     0.00    90.00
   	  504.00   314.00     0.00    90.00
   	  552.00  -103.00     0.00    90.00
   	  552.00  -103.00     0.00    90.00
   	  624.00  1088.00     0.00    90.00
   	  624.00  1088.00     0.00    90.00
  16 	    0.00  -187.06     0.00     0.00     0.00     0.00
  16 	    0.00  -187.06     0.00     0.00     0.00     0.00
   	 1296.00   558.00     0.00    90.00
   	 1296.00   558.00     0.00    90.00
   	  504.00   314.00     0.00    90.00
   	  504.00   314.00     0.00    90.00
   	  552.00  -103.00     0.00    90.00
   	  552.00  -103.00     0.00    90.00
   	  624.00  1088.00     0.00    90.00
   	  624.00  1088.00     0.00    90.00
  17 	 -351.00  -140.30     0.00     0.00     0.00     0.00
  17 	 -351.00  -140.30     0.00     0.00     0.00     0.00
   	 1296.00   558.00     0.00    90.00
   	 1296.00   558.00     0.00    90.00
   	  504.00   314.00     0.00    90.00
   	  504.00   314.00     0.00    90.00
   	  552.00  -103.00     0.00    90.00
   	  552.00  -103.00     0.00    90.00
   	  624.00  1088.00     0.00    90.00
   	  624.00  1088.00     0.00    90.00
  18 	 -297.00  -140.30     0.00     0.00     0.00     0.00
  18 	 -297.00  -140.30     0.00     0.00     0.00     0.00
   	 1296.00   558.00     0.00    90.00
   	 1296.00   558.00     0.00    90.00
   	  504.00   314.00     0.00    90.00
   	  504.00   314.00     0.00    90.00
   	  552.00  -103.00     0.00    90.00
   	  552.00  -103.00     0.00    90.00
   	  624.00  1088.00     0.00    90.00
   	  624.00  1088.00     0.00    90.00
  19 	 -243.00  -140.30     0.00     0.00     0.00     0.00
  19 	 -243.00  -140.30     0.00     0.00     0.00     0.00
   	 1296.00   558.00     0.00    90.00
   	 1296.00   558.00     0.00    90.00
   	  504.00   314.00     0.00    90.00
   	  504.00   314.00     0.00    90.00
   	  552.00  -103.00     0.00    90.00
   	  552.00  -103.00     0.00    90.00
   	  624.00  1088.00     0.00    90.00
   	  624.00  1088.00     0.00    90.00
  20 	 -189.00  -140.30     0.00     0.00     0.00     0.00
  20 	 -189.00  -140.30     0.00     0.00     0.00     0.00
   	 1296.00   558.00     0.00    90.00
   	 1296.00   558.00     0.00    90.00
   	  504.00   314.00     0.00    90.00
   	  504.00   314.00     0.00    90.00
   	  552.00  -103.00     0.00    90.00
   	  552.00  -103.00     0.00    90.00
   	  624.00  1088.00     0.00    90.00
   	  624.00  1088.00     0.00    90.00
  21 	 -135.00  -140.30     0.00     0.00     0.00     0.00
  21 	 -135.00  -140.30     0.00     0.00     0.00     0.00
   	 1296.00   558.00     0.00    90.00
   	 1296.00   558.00     0.00    90.00
   	  504.00   314.00     0.00    90.00
   	  504.00   314.00     0.00    90.00
   	  552.00  -103.00     0.00    90.00
   	  552.00  -103.00     0.00    90.00
   	  624.00  1088.00     0.00    90.00
   	  624.00  1088.00     0.00    90.00
  22 	  -81.00  -140.30     0.00     0.00     0.00     0.00
  22 	  -81.00  -140.30     0.00     0.00     0.00     0.00
   	 1296.00   558.00     0.00    90.00
   	 1296.00   558.00     0.00    90.00
   	  504.00   314.00     0.00    90.00
   	  504.00   314.00     0.00    90.00
   	  552.00  -103.00     0.00    90.00
   	  552.00  -103.00     0.00    90.00
   	  624.00  1088.00     0.00    90.00
   	  624.00  1088.00     0.00    90.00
  23 	  -27.00  -140.30     0.00     0.00     0.00     0.00
  23 	  -27.00  -140.30     0.00     0.00     0.00     0.00
   	 1296.00   558.00     0.00    90.00
   	 1296.00   558.00     0.00    90.00
   	  504.00   314.00     0.00    90.00
   	  504.00   314.00     0.00    90.00
   	  552.00  -103.00     0.00    90.00
   	  552.00  -103.00     0.00    90.00
   	  624.00  1088.00     0.00    90.00
   	  624.00  1088.00     0.00    90.00
  24 	   27.00  -140.30     0.00     0.00     0.00     0.00
  24 	   27.00  -140.30     0.00     0.00     0.00     0.00
   	 1296.00   558.00     0.00    90.00
   	 1296.00   558.00     0.00    90.00
   	  504.00   314.00     0.00    90.00
   	  504.00   314.00     0.00    90.00
   	  552.00  -103.00     0.00    90.00
   	  552.00  -103.00     0.00    90.00
   	  624.00  1088.00     0.00    90.00
   	  624.00  1088.00     0.00    90.00
  25 	 -324.00   -93.53     0.00     0.00     0.00     0.00
  25 	 -324.00   -93.53     0.00     0.00     0.00     0.00
   	 1296.00   558.00     0.00    90.00
   	 1296.00   558.00     0.00    90.00
   	  504.00   314.00     0.00    90.00
   	  504.00   314.00     0.00    90.00
   	  552.00  -103.00     0.00    90.00
   	  552.00  -103.00     0.00    90.00
   	  624.00  1088.00     0.00    90.00
   	  624.00  1088.00     0.00    90.00
  26 	 -270.00   -93.53     0.00     0.00     0.00     0.00
  26 	 -270.00   -93.53     0.00     0.00     0.00     0.00
   	 1296.00   558.00     0.00    90.00
   	 1296.00   558.00     0.00    90.00
   	  504.00   314.00     0.00    90.00
   	  504.00   314.00     0.00    90.00
   	  552.00  -103.00     0.00    90.00
   	  552.00  -103.00     0.00    90.00
   	  624.00  1088.00     0.00    90.00
   	  624.00  1088.00     0.00    90.00
  27 	 -216.00   -93.53     0.00     0.00     0.00     0.00
  27 	 -216.00   -93.53     0.00     0.00     0.00     0.00
   	 1296.00   558.00     0.00    90.00
   	 1296.00   558.00     0.00    90.00
   	  504.00   314.00     0.00    90.00
   	  504.00   314.00     0.00    90.00
   	  552.00  -103.00     0.00    90.00
   	  552.00  -103.00     0.00    90.00
   	  624.00  1088.00     0.00    90.00
   	  624.00  1088.00     0.00    90.00
  28 	 -162.00   -93.53     0.00     0.00     0.00     0.00
  28 	 -162.00   -93.53     0.00     0.00     0.00     0.00
   	 1296.00   558.00     0.00    90.00
   	 1296.00   558.00     0.00    90.00
   	  504.00   314.00     0.00    90.00
   	  504.00   314.00     0.00    90.00
   	  552.00  -103.00     0.00    90.00
   	  552.00  -103.00     0.00    90.00
   	  624.00  1088.00     0.00    90.00
   	  624.00  1088.00     0.00    90.00
  29 	 -108.00   -93.53     0.00     0.00     0.00     0.00
  29 	 -108.00   -93.53     0.00     0.00     0.00     0.00
   	 1296.00   558.00     0.00    90.00
   	 1296.00   558.00     0.00    90.00
   	  504.00   314.00     0.00    90.00
   	  504.00   314.00     0.00    90.00
   	  552.00  -103.00     0.00    90.00
   	  552.00  -103.00     0.00    90.00
   	  624.00  1088.00     0.00    90.00
   	  624.00  1088.00     0.00    90.00
  30 	  -54.00   -93.53     0.00     0.00     0.00     0.00
  30 	  -54.00   -93.53     0.00     0.00     0.00     0.00
   	 1296.00   558.00     0.00    90.00
   	 1296.00   558.00     0.00    90.00
   	  504.00   314.00     0.00    90.00
   	  504.00   314.00     0.00    90.00
   	  552.00  -103.00     0.00    90.00
   	  552.00  -103.00     0.00    90.00
   	  624.00  1088.00     0.00    90.00
   	  624.00  1088.00     0.00    90.00
  31 	    0.00   -93.53     0.00     0.00     0.00     0.00
  31 	    0.00   -93.53     0.00     0.00     0.00     0.00
   	 1296.00   558.00     0.00    90.00
   	 1296.00   558.00     0.00    90.00
   	  504.00   314.00     0.00    90.00
   	  504.00   314.00     0.00    90.00
   	  552.00  -103.00     0.00    90.00
   	  552.00  -103.00     0.00    90.00
   	  624.00  1088.00     0.00    90.00
   	  624.00  1088.00     0.00    90.00
  32 	   54.00   -93.53     0.00     0.00     0.00     0.00
  32 	   54.00   -93.53     0.00     0.00     0.00     0.00
   	 1296.00   558.00     0.00    90.00
   	 1296.00   558.00     0.00    90.00
   	  504.00   314.00     0.00    90.00
   	  504.00   314.00     0.00    90.00
   	  552.00  -103.00     0.00    90.00
   	  552.00  -103.00     0.00    90.00
   	  624.00  1088.00     0.00    90.00
   	  624.00  1088.00     0.00    90.00
  33 	 -297.00   -46.77     0.00     0.00     0.00     0.00
  33 	 -297.00   -46.77     0.00     0.00     0.00     0.00
   	 1296.00   558.00     0.00    90.00
   	 1296.00   558.00     0.00    90.00
   	  504.00   314.00     0.00    90.00
   	  504.00   314.00     0.00    90.00
   	  552.00  -103.00     0.00    90.00
   	  552.00  -103.00     0.00    90.00
   	  624.00  1088.00     0.00    90.00
   	  624.00  1088.00     0.00    90.00
  34 	 -243.00   -46.77     0.00     0.00     0.00     0.00
  34 	 -243.00   -46.77     0.00     0.00     0.00     0.00
   	 1296.00   558.00     0.00    90.00
   	 1296.00   558.00     0.00    90.00
   	  504.00   314.00     0.00    90.00
   	  504.00   314.00     0.00    90.00
   	  552.00  -103.00     0.00    90.00
   	  552.00  -103.00     0.00    90.00
   	  624.00  1088.00     0.00    90.00
   	  624.00  1088.00     0.00    90.00
  35 	 -189.00   -46.77     0.00     0.00     0.00     0.00
  35 	 -189.00   -46.77     0.00     0.00     0.00     0.00
   	 1296.00   558.00     0.00    90.00
   	 1296.00   558.00     0.00    90.00
   	  504.00   314.00     0.00    90.00
   	  504.00   314.00     0.00    90.00
   	  552.00  -103.00     0.00    90.00
   	  552.00  -103.00     0.00    90.00
   	  624.00  1088.00     0.00    90.00
   	  624.00  1088.00     0.00    90.00
  36 	 -135.00   -46.77     0.00     0.00     0.00     0.00
  36 	 -135.00   -46.77     0.00     0.00     0.00     0.00
   	 1296.00   558.00     0.00    90.00
   	 1296.00   558.00     0.00    90.00
   	  504.00   314.00     0.00    90.00
   	  504.00   314.00     0.00    90.00
   	  552.00  -103.00     0.00    90.00
   	  552.00  -103.00     0.00    90.00
   	  624.00  1088.00     0.00    90.00
   	  624.00  1088.00     0.00    90.00
  37 	  -81.00   -46.77     0.00     0.00     0.00     0.00
  37 	  -81.00   -46.77     0.00     0.00     0.00     0.00
   	 1296.00   558.00     0.00    90.00
   	 1296.00   558.00     0.00    90.00
   	  504.00   314.00     0.00    90.00
   	  504.00   314.00     0.00    90.00
   	  552.00  -103.00     0.00    90.00
   	  552.00  -103.00     0.00    90.00
   	  624.00  1088.00     0.00    90.00
   	  624.00  1088.00     0.00    90.00
  38 	  -27.00   -46.77     0.00     0.00     0.00     0.00
  38 	  -27.00   -46.77     0.00     0.00     0.00     0.00
   	 1296.00   558.00     0.00    90.00
   	 1296.00   558.00     0.00    90.00
   	  504.00   314.00     0.00    90.00
   	  504.00   314.00     0.00    90.00
   	  552.00  -103.00     0.00    90.00
   	  552.00  -103.00     0.00    90.00
   	  624.00  1088.00     0.00    90.00
   	  624.00  1088.00     0.00    90.00
  39 	   27.00   -46.77     0.00     0.00     0.00     0.00
  39 	   27.00   -46.77     0.00     0.00     0.00     0.00
   	 1296.00   558.00     0.00    90.00
   	 1296.00   558.00     0.00    90.00
   	  504.00   314.00     0.00    90.00
   	  504.00   314.00     0.00    90.00
   	  552.00  -103.00     0.00    90.00
   	  552.00  -103.00     0.00    90.00
   	  624.00  1088.00     0.00    90.00
   	  624.00  1088.00     0.00    90.00
  40 	   81.00   -46.77     0.00     0.00     0.00     0.00
  40 	   81.00   -46.77     0.00     0.00     0.00     0.00
   	 1296.00   558.00     0.00    90.00
   	 1296.00   558.00     0.00    90.00
   	  504.00   314.00     0.00    90.00
   	  504.00   314.00     0.00    90.00
   	  552.00  -103.00     0.00    90.00
   	  552.00  -103.00     0.00    90.00
   	  624.00  1088.00     0.00    90.00
   	  624.00  1088.00     0.00    90.00
  41 	 -270.00     0.00     0.00     0.00     0.00     0.00
  41 	 -270.00     0.00     0.00     0.00     0.00     0.00
   	 1296.00   558.00     0.00    90.00
   	 1296.00   558.00     0.00    90.00
   	  504.00   314.00     0.00    90.00
   	  504.00   314.00     0.00    90.00
   	  552.00  -103.00     0.00    90.00
   	  552.00  -103.00     0.00    90.00
   	  624.00  1088.00     0.00    90.00
   	  624.00  1088.00     0.00    90.00
  42 	 -216.00     0.00     0.00     0.00     0.00     0.00
  42 	 -216.00     0.00     0.00     0.00     0.00     0.00
   	 1296.00   558.00     0.00    90.00
   	 1296.00   558.00     0.00    90.00
   	  504.00   314.00     0.00    90.00
   	  504.00   314.00     0.00    90.00
   	  552.00  -103.00     0.00    90.00
   	  552.00  -103.00     0.00    90.00
   	  624.00  1088.00     0.00    90.00
   	  624.00  1088.00     0.00    90.00
  43 	 -162.00     0.00     0.00     0.00     0.00     0.00
  43 	 -162.00     0.00     0.00     0.00     0.00     0.00
   	 1296.00   558.00     0.00    90.00
   	 1296.00   558.00     0.00    90.00
   	  504.00   314.00     0.00    90.00
   	  504.00   314.00     0.00    90.00
   	  552.00  -103.00     0.00    90.00
   	  552.00  -103.00     0.00    90.00
   	  624.00  1088.00     0.00    90.00
   	  624.00  1088.00     0.00    90.00
  44 	 -108.00     0.00     0.00     0.00     0.00     0.00
  44 	 -108.00     0.00     0.00     0.00     0.00     0.00
   	 1296.00   558.00     0.00    90.00
   	 1296.00   558.00     0.00    90.00
   	  504.00   314.00     0.00    90.00
   	  504.00   314.00     0.00    90.00
   	  552.00  -103.00     0.00    90.00
   	  552.00  -103.00     0.00    90.00
   	  624.00  1088.00     0.00    90.00
   	  624.00  1088.00     0.00    90.00
  45 	  -54.00     0.00     0.00     0.00     0.00     0.00
  45 	  -54.00     0.00     0.00     0.00     0.00     0.00
   	 1296.00   558.00     0.00    90.00
   	 1296.00   558.00     0.00    90.00
   	  504.00   314.00     0.00    90.00
   	  504.00   314.00     0.00    90.00
   	  552.00  -103.00     0.00    90.00
   	  552.00  -103.00     0.00    90.00
   	  624.00  1088.00     0.00    90.00
   	  624.00  1088.00     0.00    90.00
  46 	    0.00     0.00     0.00     0.00     0.00     0.00
  46 	    0.00     0.00     0.00     0.00     0.00     0.00
   	 1296.00   558.00     0.00    90.00
   	 1296.00   558.00     0.00    90.00
   	  504.00   314.00     0.00    90.00
   	  504.00   314.00     0.00    90.00
   	  552.00  -103.00     0.00    90.00
   	  552.00  -103.00     0.00    90.00
   	  624.00  1088.00     0.00    90.00
   	  624.00  1088.00     0.00    90.00
  47 	   54.00     0.00     0.00     0.00     0.00     0.00
  47 	   54.00     0.00     0.00     0.00     0.00     0.00
   	 1296.00   558.00     0.00    90.00
   	 1296.00   558.00     0.00    90.00
   	  504.00   314.00     0.00    90.00
   	  504.00   314.00     0.00    90.00
   	  552.00  -103.00     0.00    90.00
   	  552.00  -103.00     0.00    90.00
   	  624.00  1088.00     0.00    90.00
   	  624.00  1088.00     0.00    90.00
  48 	  108.00     0.00     0.00     0.00     0.00     0.00
  48 	  108.00     0.00     0.00     0.00     0.00     0.00
   	 1296.00   558.00     0.00    90.00
   	 1296.00   558.00     0.00    90.00
   	  504.00   314.00     0.00    90.00
   	  504.00   314.00     0.00    90.00
   	  552.00  -103.00     0.00    90.00
   	  552.00  -103.00     0.00    90.00
   	  624.00  1088.00     0.00    90.00
   	  624.00  1088.00     0.00    90.00
  49 	 -243.00    46.77     0.00     0.00     0.00     0.00
  49 	 -243.00    46.77     0.00     0.00     0.00     0.00
   	 1296.00   558.00     0.00    90.00
   	 1296.00   558.00     0.00    90.00
   	  504.00   314.00     0.00    90.00
   	  504.00   314.00     0.00    90.00
   	  552.00  -103.00     0.00    90.00
   	  552.00  -103.00     0.00    90.00
   	  624.00  1088.00     0.00    90.00
   	  624.00  1088.00     0.00    90.00
  50 	 -189.00    46.77     0.00     0.00     0.00     0.00
  50 	 -189.00    46.77     0.00     0.00     0.00     0.00
   	 1296.00   558.00     0.00    90.00
   	 1296.00   558.00     0.00    90.00
   	  504.00   314.00     0.00    90.00
   	  504.00   314.00     0.00    90.00
   	  552.00  -103.00     0.00    90.00
   	  552.00  -103.00     0.00    90.00
   	  624.00  1088.00     0.00    90.00
   	  624.00  1088.00     0.00    90.00
  51 	 -135.00    46.77     0.00     0.00     0.00     0.00
  51 	 -135.00    46.77     0.00     0.00     0.00     0.00
   	 1296.00   558.00     0.00    90.00
   	 1296.00   558.00     0.00    90.00
   	  504.00   314.00     0.00    90.00
   	  504.00   314.00     0.00    90.00
   	  552.00  -103.00     0.00    90.00
   	  552.00  -103.00     0.00    90.00
   	  624.00  1088.00     0.00    90.00
   	  624.00  1088.00     0.00    90.00
  52 	  -81.00    46.77     0.00     0.00     0.00     0.00
  52 	  -81.00    46.77     0.00     0.00     0.00     0.00
   	 1296.00   558.00     0.00    90.00
   	 1296.00   558.00     0.00    90.00
   	  504.00   314.00     0.00    90.00
   	  504.00   314.00     0.00    90.00
   	  552.00  -103.00     0.00    90.00
   	  552.00  -103.00     0.00    90.00
   	  624.00  1088.00     0.00    90.00
   	  624.00  1088.00     0.00    90.00
  53 	  -27.00    46.77     0.00     0.00     0.00     0.00
  53 	  -27.00    46.77     0.00     0.00     0.00     0.00
   	 1296.00   558.00     0.00    90.00
   	 1296.00   558.00     0.00    90.00
   	  504.00   314.00     0.00    90.00
   	  504.00   314.00     0.00    90.00
   	  552.00  -103.00     0.00    90.00
   	  552.00  -103.00     0.00    90.00
   	  624.00  1088.00     0.00    90.00
   	  624.00  1088.00     0.00    90.00
  54 	   27.00    46.77     0.00     0.00     0.00     0.00
  54 	   27.00    46.77     0.00     0.00     0.00     0.00
   	 1296.00   558.00     0.00    90.00
   	 1296.00   558.00     0.00    90.00
   	  504.00   314.00     0.00    90.00
   	  504.00   314.00     0.00    90.00
   	  552.00  -103.00     0.00    90.00
   	  552.00  -103.00     0.00    90.00
   	  624.00  1088.00     0.00    90.00
   	  624.00  1088.00     0.00    90.00
  55 	   81.00    46.77     0.00     0.00     0.00     0.00
  55 	   81.00    46.77     0.00     0.00     0.00     0.00
   	 1296.00   558.00     0.00    90.00
   	 1296.00   558.00     0.00    90.00
   	  504.00   314.00     0.00    90.00
   	  504.00   314.00     0.00    90.00
   	  552.00  -103.00     0.00    90.00
   	  552.00  -103.00     0.00    90.00
   	  624.00  1088.00     0.00    90.00
   	  624.00  1088.00     0.00    90.00
  56 	  135.00    46.77     0.00     0.00     0.00     0.00
  56 	  135.00    46.77     0.00     0.00     0.00     0.00
   	 1296.00   558.00     0.00    90.00
   	 1296.00   558.00     0.00    90.00
   	  504.00   314.00     0.00    90.00
   	  504.00   314.00     0.00    90.00
   	  552.00  -103.00     0.00    90.00
   	  552.00  -103.00     0.00    90.00
   	  624.00  1088.00     0.00    90.00
   	  624.00  1088.00     0.00    90.00
  57 	 -216.00    93.53     0.00     0.00     0.00     0.00
  57 	 -216.00    93.53     0.00     0.00     0.00     0.00
   	 1296.00   558.00     0.00    90.00
   	 1296.00   558.00     0.00    90.00
   	  504.00   314.00     0.00    90.00
   	  504.00   314.00     0.00    90.00
   	  552.00  -103.00     0.00    90.00
   	  552.00  -103.00     0.00    90.00
   	  624.00  1088.00     0.00    90.00
   	  624.00  1088.00     0.00    90.00
  58 	 -162.00    93.53     0.00     0.00     0.00     0.00
  58 	 -162.00    93.53     0.00     0.00     0.00     0.00
   	 1296.00   558.00     0.00    90.00
   	 1296.00   558.00     0.00    90.00
   	  504.00   314.00     0.00    90.00
   	  504.00   314.00     0.00    90.00
   	  552.00  -103.00     0.00    90.00
   	  552.00  -103.00     0.00    90.00
   	  624.00  1088.00     0.00    90.00
   	  624.00  1088.00     0.00    90.00
  59 	 -108.00    93.53     0.00     0.00     0.00     0.00
  59 	 -108.00    93.53     0.00     0.00     0.00     0.00
   	 1296.00   558.00     0.00    90.00
   	 1296.00   558.00     0.00    90.00
   	  504.00   314.00     0.00    90.00
   	  504.00   314.00     0.00    90.00
   	  552.00  -103.00     0.00    90.00
   	  552.00  -103.00     0.00    90.00
   	  624.00  1088.00     0.00    90.00
   	  624.00  1088.00     0.00    90.00
  60 	  -54.00    93.53     0.00     0.00     0.00     0.00
  60 	  -54.00    93.53     0.00     0.00     0.00     0.00
   	 1296.00   558.00     0.00    90.00
   	 1296.00   558.00     0.00    90.00
   	  504.00   314.00     0.00    90.00
   	  504.00   314.00     0.00    90.00
   	  552.00  -103.00     0.00    90.00
   	  552.00  -103.00     0.00    90.00
   	  624.00  1088.00     0.00    90.00
   	  624.00  1088.00     0.00    90.00
  61 	   -0.00    93.53     0.00     0.00     0.00     0.00
  61 	   -0.00    93.53     0.00     0.00     0.00     0.00
   	 1296.00   558.00     0.00    90.00
   	 1296.00   558.00     0.00    90.00
   	  504.00   314.00     0.00    90.00
   	  504.00   314.00     0.00    90.00
   	  552.00  -103.00     0.00    90.00
   	  552.00  -103.00     0.00    90.00
   	  624.00  1088.00     0.00    90.00
   	  624.00  1088.00     0.00    90.00
  62 	   54.00    93.53     0.00     0.00     0.00     0.00
  62 	   54.00    93.53     0.00     0.00     0.00     0.00
   	 1296.00   558.00     0.00    90.00
   	 1296.00   558.00     0.00    90.00
   	  504.00   314.00     0.00    90.00
   	  504.00   314.00     0.00    90.00
   	  552.00  -103.00     0.00    90.00
   	  552.00  -103.00     0.00    90.00
   	  624.00  1088.00     0.00    90.00
   	  624.00  1088.00     0.00    90.00
  63 	  108.00    93.53     0.00     0.00     0.00     0.00
  63 	  108.00    93.53     0.00     0.00     0.00     0.00
   	 1296.00   558.00     0.00    90.00
   	 1296.00   558.00     0.00    90.00
   	  504.00   314.00     0.00    90.00
   	  504.00   314.00     0.00    90.00
   	  552.00  -103.00     0.00    90.00
   	  552.00  -103.00     0.00    90.00
   	  624.00  1088.00     0.00    90.00
   	  624.00  1088.00     0.00    90.00
  64 	  162.00    93.53     0.00     0.00     0.00     0.00
  64 	  162.00    93.53     0.00     0.00     0.00     0.00
   	 1296.00   558.00     0.00    90.00
   	 1296.00   558.00     0.00    90.00
   	  504.00   314.00     0.00    90.00
   	  504.00   314.00     0.00    90.00
   	  552.00  -103.00     0.00    90.00
   	  552.00  -103.00     0.00    90.00
   	  624.00  1088.00     0.00    90.00
   	  624.00  1088.00     0.00    90.00
  65 	 -189.00   140.30     0.00     0.00     0.00     0.00
  65 	 -189.00   140.30     0.00     0.00     0.00     0.00
   	 1296.00   558.00     0.00    90.00
   	 1296.00   558.00     0.00    90.00
   	  504.00   314.00     0.00    90.00
   	  504.00   314.00     0.00    90.00
   	  552.00  -103.00     0.00    90.00
   	  552.00  -103.00     0.00    90.00
   	  624.00  1088.00     0.00    90.00
   	  624.00  1088.00     0.00    90.00
  66 	 -135.00   140.30     0.00     0.00     0.00     0.00
  66 	 -135.00   140.30     0.00     0.00     0.00     0.00
   	 1296.00   558.00     0.00    90.00
   	 1296.00   558.00     0.00    90.00
   	  504.00   314.00     0.00    90.00
   	  504.00   314.00     0.00    90.00
   	  552.00  -103.00     0.00    90.00
   	  552.00  -103.00     0.00    90.00
   	  624.00  1088.00     0.00    90.00
   	  624.00  1088.00     0.00    90.00
  67 	  -81.00   140.30     0.00     0.00     0.00     0.00
  67 	  -81.00   140.30     0.00     0.00     0.00     0.00
   	 1296.00   558.00     0.00    90.00
   	 1296.00   558.00     0.00    90.00
   	  504.00   314.00     0.00    90.00
   	  504.00   314.00     0.00    90.00
   	  552.00  -103.00     0.00    90.00
   	  552.00  -103.00     0.00    90.00
   	  624.00  1088.00     0.00    90.00
   	  624.00  1088.00     0.00    90.00
  68 	  -27.00   140.30     0.00     0.00     0.00     0.00
  68 	  -27.00   140.30     0.00     0.00     0.00     0.00
   	 1296.00   558.00     0.00    90.00
   	 1296.00   558.00     0.00    90.00
   	  504.00   314.00     0.00    90.00
   	  504.00   314.00     0.00    90.00
   	  552.00  -103.00     0.00    90.00
   	  552.00  -103.00     0.00    90.00
   	  624.00  1088.00     0.00    90.00
   	  624.00  1088.00     0.00    90.00
  69 	   27.00   140.30     0.00     0.00     0.00     0.00
  69 	   27.00   140.30     0.00     0.00     0.00     0.00
   	 1296.00   558.00     0.00    90.00
   	 1296.00   558.00     0.00    90.00
   	  504.00   314.00     0.00    90.00
   	  504.00   314.00     0.00    90.00
   	  552.00  -103.00     0.00    90.00
   	  552.00  -103.00     0.00    90.00
   	  624.00  1088.00     0.00    90.00
   	  624.00  1088.00     0.00    90.00
  70 	   81.00   140.30     0.00     0.00     0.00     0.00
  70 	   81.00   140.30     0.00     0.00     0.00     0.00
   	 1296.00   558.00     0.00    90.00
   	 1296.00   558.00     0.00    90.00
   	  504.00   314.00     0.00    90.00
   	  504.00   314.00     0.00    90.00
   	  552.00  -103.00     0.00    90.00
   	  552.00  -103.00     0.00    90.00
   	  624.00  1088.00     0.00    90.00
   	  624.00  1088.00     0.00    90.00
  71 	  135.00   140.30     0.00     0.00     0.00     0.00
  71 	  135.00   140.30     0.00     0.00     0.00     0.00
   	 1296.00   558.00     0.00    90.00
   	 1296.00   558.00     0.00    90.00
   	  504.00   314.00     0.00    90.00
   	  504.00   314.00     0.00    90.00
   	  552.00  -103.00     0.00    90.00
   	  552.00  -103.00     0.00    90.00
   	  624.00  1088.00     0.00    90.00
   	  624.00  1088.00     0.00    90.00
  72 	  189.00   140.30     0.00     0.00     0.00     0.00
  72 	  189.00   140.30     0.00     0.00     0.00     0.00
   	 1296.00   558.00     0.00    90.00
   	 1296.00   558.00     0.00    90.00
   	  504.00   314.00     0.00    90.00
   	  504.00   314.00     0.00    90.00
   	  552.00  -103.00     0.00    90.00
   	  552.00  -103.00     0.00    90.00
   	  624.00  1088.00     0.00    90.00
   	  624.00  1088.00     0.00    90.00
  73 	 -162.00   187.06     0.00     0.00     0.00     0.00
  73 	 -162.00   187.06     0.00     0.00     0.00     0.00
   	 1296.00   558.00     0.00    90.00
   	 1296.00   558.00     0.00    90.00
   	  504.00   314.00     0.00    90.00
   	  504.00   314.00     0.00    90.00
   	  552.00  -103.00     0.00    90.00
   	  552.00  -103.00     0.00    90.00
   	  624.00  1088.00     0.00    90.00
   	  624.00  1088.00     0.00    90.00
  74 	 -108.00   187.06     0.00     0.00     0.00     0.00
  74 	 -108.00   187.06     0.00     0.00     0.00     0.00
   	 1296.00   558.00     0.00    90.00
   	 1296.00   558.00     0.00    90.00
   	  504.00   314.00     0.00    90.00
   	  504.00   314.00     0.00    90.00
   	  552.00  -103.00     0.00    90.00
   	  552.00  -103.00     0.00    90.00
   	  624.00  1088.00     0.00    90.00
   	  624.00  1088.00     0.00    90.00
  75 	  -54.00   187.06     0.00     0.00     0.00     0.00
  75 	  -54.00   187.06     0.00     0.00     0.00     0.00
   	 1296.00   558.00     0.00    90.00
   	 1296.00   558.00     0.00    90.00
   	  504.00   314.00     0.00    90.00
   	  504.00   314.00     0.00    90.00
   	  552.00  -103.00     0.00    90.00
   	  552.00  -103.00     0.00    90.00
   	  624.00  1088.00     0.00    90.00
   	  624.00  1088.00     0.00    90.00
  76 	   -0.00   187.06     0.00     0.00     0.00     0.00
  76 	   -0.00   187.06     0.00     0.00     0.00     0.00
   	 1296.00   558.00     0.00    90.00
   	 1296.00   558.00     0.00    90.00
   	  504.00   314.00     0.00    90.00
   	  504.00   314.00     0.00    90.00
   	  552.00  -103.00     0.00    90.00
   	  552.00  -103.00     0.00    90.00
   	  624.00  1088.00     0.00    90.00
   	  624.00  1088.00     0.00    90.00
  77 	   54.00   187.06     0.00     0.00     0.00     0.00
  77 	   54.00   187.06     0.00     0.00     0.00     0.00
   	 1296.00   558.00     0.00    90.00
   	 1296.00   558.00     0.00    90.00
   	  504.00   314.00     0.00    90.00
   	  504.00   314.00     0.00    90.00
   	  552.00  -103.00     0.00    90.00
   	  552.00  -103.00     0.00    90.00
   	  624.00  1088.00     0.00    90.00
   	  624.00  1088.00     0.00    90.00
  78 	  108.00   187.06     0.00     0.00     0.00     0.00
  78 	  108.00   187.06     0.00     0.00     0.00     0.00
   	 1296.00   558.00     0.00    90.00
   	 1296.00   558.00     0.00    90.00
   	  504.00   314.00     0.00    90.00
   	  504.00   314.00     0.00    90.00
   	  552.00  -103.00     0.00    90.00
   	  552.00  -103.00     0.00    90.00
   	  624.00  1088.00     0.00    90.00
   	  624.00  1088.00     0.00    90.00
  79 	  162.00   187.06     0.00     0.00     0.00     0.00
  79 	  162.00   187.06     0.00     0.00     0.00     0.00
   	 1296.00   558.00     0.00    90.00
   	 1296.00   558.00     0.00    90.00
   	  504.00   314.00     0.00    90.00
   	  504.00   314.00     0.00    90.00
   	  552.00  -103.00     0.00    90.00
   	  552.00  -103.00     0.00    90.00
   	  624.00  1088.00     0.00    90.00
   	  624.00  1088.00     0.00    90.00
  80 	  216.00   187.06     0.00     0.00     0.00     0.00
  80 	  216.00   187.06     0.00     0.00     0.00     0.00
   	 1296.00   558.00     0.00    90.00
   	 1296.00   558.00     0.00    90.00
   	  504.00   314.00     0.00    90.00
   	  504.00   314.00     0.00    90.00
   	  552.00  -103.00     0.00    90.00
   	  552.00  -103.00     0.00    90.00
   	  624.00  1088.00     0.00    90.00
   	  624.00  1088.00     0.00    90.00
  81 	 -135.00   233.83     0.00     0.00     0.00     0.00
  81 	 -135.00   233.83     0.00     0.00     0.00     0.00
   	 1296.00   558.00     0.00    90.00
   	 1296.00   558.00     0.00    90.00
   	  504.00   314.00     0.00    90.00
   	  504.00   314.00     0.00    90.00
   	  552.00  -103.00     0.00    90.00
   	  552.00  -103.00     0.00    90.00
   	  624.00  1088.00     0.00    90.00
   	  624.00  1088.00     0.00    90.00
  82 	  -81.00   233.83     0.00     0.00     0.00     0.00
  82 	  -81.00   233.83     0.00     0.00     0.00     0.00
   	 1296.00   558.00     0.00    90.00
   	 1296.00   558.00     0.00    90.00
   	  504.00   314.00     0.00    90.00
   	  504.00   314.00     0.00    90.00
   	  552.00  -103.00     0.00    90.00
   	  552.00  -103.00     0.00    90.00
   	  624.00  1088.00     0.00    90.00
   	  624.00  1088.00     0.00    90.00
  83 	  -27.00   233.83     0.00     0.00     0.00     0.00
  83 	  -27.00   233.83     0.00     0.00     0.00     0.00
   	 1296.00   558.00     0.00    90.00
   	 1296.00   558.00     0.00    90.00
   	  504.00   314.00     0.00    90.00
   	  504.00   314.00     0.00    90.00
   	  552.00  -103.00     0.00    90.00
   	  552.00  -103.00     0.00    90.00
   	  624.00  1088.00     0.00    90.00
   	  624.00  1088.00     0.00    90.00
  84 	   27.00   233.83     0.00     0.00     0.00     0.00
  84 	   27.00   233.83     0.00     0.00     0.00     0.00
   	 1296.00   558.00     0.00    90.00
   	 1296.00   558.00     0.00    90.00
   	  504.00   314.00     0.00    90.00
   	  504.00   314.00     0.00    90.00
   	  552.00  -103.00     0.00    90.00
   	  552.00  -103.00     0.00    90.00
   	  624.00  1088.00     0.00    90.00
   	  624.00  1088.00     0.00    90.00
  85 	   81.00   233.83     0.00     0.00     0.00     0.00
  85 	   81.00   233.83     0.00     0.00     0.00     0.00
   	 1296.00   558.00     0.00    90.00
   	 1296.00   558.00     0.00    90.00
   	  504.00   314.00     0.00    90.00
   	  504.00   314.00     0.00    90.00
   	  552.00  -103.00     0.00    90.00
   	  552.00  -103.00     0.00    90.00
   	  624.00  1088.00     0.00    90.00
   	  624.00  1088.00     0.00    90.00
  86 	  135.00   233.83     0.00     0.00     0.00     0.00
  86 	  135.00   233.83     0.00     0.00     0.00     0.00
   	 1296.00   558.00     0.00    90.00
   	 1296.00   558.00     0.00    90.00
   	  504.00   314.00     0.00    90.00
   	  504.00   314.00     0.00    90.00
   	  552.00  -103.00     0.00    90.00
   	  552.00  -103.00     0.00    90.00
   	  624.00  1088.00     0.00    90.00
   	  624.00  1088.00     0.00    90.00
  87 	  189.00   233.83     0.00     0.00     0.00     0.00
  87 	  189.00   233.83     0.00     0.00     0.00     0.00
   	 1296.00   558.00     0.00    90.00
   	 1296.00   558.00     0.00    90.00
   	  504.00   314.00     0.00    90.00
   	  504.00   314.00     0.00    90.00
   	  552.00  -103.00     0.00    90.00
   	  552.00  -103.00     0.00    90.00
   	  624.00  1088.00     0.00    90.00
   	  624.00  1088.00     0.00    90.00
  88 	  243.00   233.83     0.00     0.00     0.00     0.00
  88 	  243.00   233.83     0.00     0.00     0.00     0.00
   	 1296.00   558.00     0.00    90.00
   	 1296.00   558.00     0.00    90.00
   	  504.00   314.00     0.00    90.00
   	  504.00   314.00     0.00    90.00
   	  552.00  -103.00     0.00    90.00
   	  552.00  -103.00     0.00    90.00
   	  624.00  1088.00     0.00    90.00
   	  624.00  1088.00     0.00    90.00
  89 	 -108.00   280.59     0.00     0.00     0.00     0.00
  89 	 -108.00   280.59     0.00     0.00     0.00     0.00
   	 1296.00   558.00     0.00    90.00
   	 1296.00   558.00     0.00    90.00
   	  504.00   314.00     0.00    90.00
   	  504.00   314.00     0.00    90.00
   	  552.00  -103.00     0.00    90.00
   	  552.00  -103.00     0.00    90.00
   	  624.00  1088.00     0.00    90.00
   	  624.00  1088.00     0.00    90.00
  90 	  -54.00   280.59     0.00     0.00     0.00     0.00
  90 	  -54.00   280.59     0.00     0.00     0.00     0.00
   	 1296.00   558.00     0.00    90.00
   	 1296.00   558.00     0.00    90.00
   	  504.00   314.00     0.00    90.00
   	  504.00   314.00     0.00    90.00
   	  552.00  -103.00     0.00    90.00
   	  552.00  -103.00     0.00    90.00
   	  624.00  1088.00     0.00    90.00
   	  624.00  1088.00     0.00    90.00
  91 	   -0.00   280.59     0.00     0.00     0.00     0.00
  91 	   -0.00   280.59     0.00     0.00     0.00     0.00
   	 1296.00   558.00     0.00    90.00
   	 1296.00   558.00     0.00    90.00
   	  504.00   314.00     0.00    90.00
   	  504.00   314.00     0.00    90.00
   	  552.00  -103.00     0.00    90.00
   	  552.00  -103.00     0.00    90.00
   	  624.00  1088.00     0.00    90.00
   	  624.00  1088.00     0.00    90.00
  92 	   54.00   280.59     0.00     0.00     0.00     0.00
  92 	   54.00   280.59     0.00     0.00     0.00     0.00
   	 1296.00   558.00     0.00    90.00
   	 1296.00   558.00     0.00    90.00
   	  504.00   314.00     0.00    90.00
   	  504.00   314.00     0.00    90.00
   	  552.00  -103.00     0.00    90.00
   	  552.00  -103.00     0.00    90.00
   	  624.00  1088.00     0.00    90.00
   	  624.00  1088.00     0.00    90.00
  93 	  108.00   280.59     0.00     0.00     0.00     0.00
  93 	  108.00   280.59     0.00     0.00     0.00     0.00
   	 1296.00   558.00     0.00    90.00
   	 1296.00   558.00     0.00    90.00
   	  504.00   314.00     0.00    90.00
   	  504.00   314.00     0.00    90.00
   	  552.00  -103.00     0.00    90.00
   	  552.00  -103.00     0.00    90.00
   	  624.00  1088.00     0.00    90.00
   	  624.00  1088.00     0.00    90.00
  94 	  162.00   280.59     0.00     0.00     0.00     0.00
  94 	  162.00   280.59     0.00     0.00     0.00     0.00
   	 1296.00   558.00     0.00    90.00
   	 1296.00   558.00     0.00    90.00
   	  504.00   314.00     0.00    90.00
   	  504.00   314.00     0.00    90.00
   	  552.00  -103.00     0.00    90.00
   	  552.00  -103.00     0.00    90.00
   	  624.00  1088.00     0.00    90.00
   	  624.00  1088.00     0.00    90.00
  95 	  216.00   280.59     0.00     0.00     0.00     0.00
  95 	  216.00   280.59     0.00     0.00     0.00     0.00
   	 1296.00   558.00     0.00    90.00
   	 1296.00   558.00     0.00    90.00
   	  504.00   314.00     0.00    90.00
   	  504.00   314.00     0.00    90.00
   	  552.00  -103.00     0.00    90.00
   	  552.00  -103.00     0.00    90.00
   	  624.00  1088.00     0.00    90.00
   	  624.00  1088.00     0.00    90.00
  96 	  270.00   280.59     0.00     0.00     0.00     0.00
  96 	  270.00   280.59     0.00     0.00     0.00     0.00
   	 1296.00   558.00     0.00    90.00
   	 1296.00   558.00     0.00    90.00
   	  504.00   314.00     0.00    90.00
   	  504.00   314.00     0.00    90.00
   	  552.00  -103.00     0.00    90.00
   	  552.00  -103.00     0.00    90.00
   	  624.00  1088.00     0.00    90.00
   	  624.00  1088.00     0.00    90.00
  97 	  -81.00   327.36     0.00     0.00     0.00     0.00
  97 	  -81.00   327.36     0.00     0.00     0.00     0.00
   	 1296.00   558.00     0.00    90.00
   	 1296.00   558.00     0.00    90.00
   	  504.00   314.00     0.00    90.00
   	  504.00   314.00     0.00    90.00
   	  552.00  -103.00     0.00    90.00
   	  552.00  -103.00     0.00    90.00
   	  624.00  1088.00     0.00    90.00
   	  624.00  1088.00     0.00    90.00
  98 	  -27.00   327.36     0.00     0.00     0.00     0.00
  98 	  -27.00   327.36     0.00     0.00     0.00     0.00
   	 1296.00   558.00     0.00    90.00
   	 1296.00   558.00     0.00    90.00
   	  504.00   314.00     0.00    90.00
   	  504.00   314.00     0.00    90.00
   	  552.00  -103.00     0.00    90.00
   	  552.00  -103.00     0.00    90.00
   	  624.00  1088.00     0.00    90.00
   	  624.00  1088.00     0.00    90.00
  99 	   27.00   327.36     0.00     0.00     0.00     0.00
  99 	   27.00   327.36     0.00     0.00     0.00     0.00
   	 1296.00   558.00     0.00    90.00
   	 1296.00   558.00     0.00    90.00
   	  504.00   314.00     0.00    90.00
   	  504.00   314.00     0.00    90.00
   	  552.00  -103.00     0.00    90.00
   	  552.00  -103.00     0.00    90.00
   	  624.00  1088.00     0.00    90.00
   	  624.00  1088.00     0.00    90.00
 100 	   81.00   327.36     0.00     0.00     0.00     0.00
 100 	   81.00   327.36     0.00     0.00     0.00     0.00
   	 1296.00   558.00     0.00    90.00
   	 1296.00   558.00     0.00    90.00
   	  504.00   314.00     0.00    90.00
   	  504.00   314.00     0.00    90.00
   	  552.00  -103.00     0.00    90.00
   	  552.00  -103.00     0.00    90.00
   	  624.00  1088.00     0.00    90.00
   	  624.00  1088.00     0.00    90.00
 101 	  135.00   327.36     0.00     0.00     0.00     0.00
 101 	  135.00   327.36     0.00     0.00     0.00     0.00
   	 1296.00   558.00     0.00    90.00
   	 1296.00   558.00     0.00    90.00
   	  504.00   314.00     0.00    90.00
   	  504.00   314.00     0.00    90.00
   	  552.00  -103.00     0.00    90.00
   	  552.00  -103.00     0.00    90.00
   	  624.00  1088.00     0.00    90.00
   	  624.00  1088.00     0.00    90.00
 102 	  189.00   327.36     0.00     0.00     0.00     0.00
 102 	  189.00   327.36     0.00     0.00     0.00     0.00
   	 1296.00   558.00     0.00    90.00
   	 1296.00   558.00     0.00    90.00
   	  504.00   314.00     0.00    90.00
   	  504.00   314.00     0.00    90.00
   	  552.00  -103.00     0.00    90.00
   	  552.00  -103.00     0.00    90.00
   	  624.00  1088.00     0.00    90.00
   	  624.00  1088.00     0.00    90.00
 103 	  243.00   327.36     0.00     0.00     0.00     0.00
 103 	  243.00   327.36     0.00     0.00     0.00     0.00
   	 1296.00   558.00     0.00    90.00
   	 1296.00   558.00     0.00    90.00
   	  504.00   314.00     0.00    90.00
   	  504.00   314.00     0.00    90.00
   	  552.00  -103.00     0.00    90.00
   	  552.00  -103.00     0.00    90.00
   	  624.00  1088.00     0.00    90.00
   	  624.00  1088.00     0.00    90.00
 104 	  297.00   327.36     0.00     0.00     0.00     0.00
 104 	  297.00   327.36     0.00     0.00     0.00     0.00
   	 1296.00   558.00     0.00    90.00
   	 1296.00   558.00     0.00    90.00
   	  504.00   314.00     0.00    90.00
   	  504.00   314.00     0.00    90.00
   	  552.00  -103.00     0.00    90.00
   	  552.00  -103.00     0.00    90.00
   	  624.00  1088.00     0.00    90.00
   	  624.00  1088.00     0.00    90.00
 105 	  -54.00   374.12     0.00     0.00     0.00     0.00
 105 	  -54.00   374.12     0.00     0.00     0.00     0.00
   	 1296.00   558.00     0.00    90.00
   	 1296.00   558.00     0.00    90.00
   	  504.00   314.00     0.00    90.00
   	  504.00   314.00     0.00    90.00
   	  552.00  -103.00     0.00    90.00
   	  552.00  -103.00     0.00    90.00
   	  624.00  1088.00     0.00    90.00
   	  624.00  1088.00     0.00    90.00
 106 	   -0.00   374.12     0.00     0.00     0.00     0.00
 106 	   -0.00   374.12     0.00     0.00     0.00     0.00
   	 1296.00   558.00     0.00    90.00
   	 1296.00   558.00     0.00    90.00
   	  504.00   314.00     0.00    90.00
   	  504.00   314.00     0.00    90.00
   	  552.00  -103.00     0.00    90.00
   	  552.00  -103.00     0.00    90.00
   	  624.00  1088.00     0.00    90.00
   	  624.00  1088.00     0.00    90.00
 107 	   54.00   374.12     0.00     0.00     0.00     0.00
 107 	   54.00   374.12     0.00     0.00     0.00     0.00
   	 1296.00   558.00     0.00    90.00
   	 1296.00   558.00     0.00    90.00
   	  504.00   314.00     0.00    90.00
   	  504.00   314.00     0.00    90.00
   	  552.00  -103.00     0.00    90.00
   	  552.00  -103.00     0.00    90.00
   	  624.00  1088.00     0.00    90.00
   	  624.00  1088.00     0.00    90.00
 108 	  108.00   374.12     0.00     0.00     0.00     0.00
 108 	  108.00   374.12     0.00     0.00     0.00     0.00
   	 1296.00   558.00     0.00    90.00
   	 1296.00   558.00     0.00    90.00
   	  504.00   314.00     0.00    90.00
   	  504.00   314.00     0.00    90.00
   	  552.00  -103.00     0.00    90.00
   	  552.00  -103.00     0.00    90.00
   	  624.00  1088.00     0.00    90.00
   	  624.00  1088.00     0.00    90.00
 109 	  162.00   374.12     0.00     0.00     0.00     0.00
 109 	  162.00   374.12     0.00     0.00     0.00     0.00
   	 1296.00   558.00     0.00    90.00
   	 1296.00   558.00     0.00    90.00
   	  504.00   314.00     0.00    90.00
   	  504.00   314.00     0.00    90.00
   	  552.00  -103.00     0.00    90.00
   	  552.00  -103.00     0.00    90.00
   	  624.00  1088.00     0.00    90.00
   	  624.00  1088.00     0.00    90.00
 110 	  216.00   374.12     0.00     0.00     0.00     0.00
 110 	  216.00   374.12     0.00     0.00     0.00     0.00
   	 1296.00   558.00     0.00    90.00
   	 1296.00   558.00     0.00    90.00
   	  504.00   314.00     0.00    90.00
   	  504.00   314.00     0.00    90.00
   	  552.00  -103.00     0.00    90.00
   	  552.00  -103.00     0.00    90.00
   	  624.00  1088.00     0.00    90.00
   	  624.00  1088.00     0.00    90.00
 111 	  270.00   374.12     0.00     0.00     0.00     0.00
 111 	  270.00   374.12     0.00     0.00     0.00     0.00
   	 1296.00   558.00     0.00    90.00
   	 1296.00   558.00     0.00    90.00
   	  504.00   314.00     0.00    90.00
   	  504.00   314.00     0.00    90.00
   	  552.00  -103.00     0.00    90.00
   	  552.00  -103.00     0.00    90.00
   	  624.00  1088.00     0.00    90.00
   	  624.00  1088.00     0.00    90.00
 112 	  324.00   374.12     0.00     0.00     0.00     0.00
 112 	  324.00   374.12     0.00     0.00     0.00     0.00
   	 1296.00   558.00     0.00    90.00
   	 1296.00   558.00     0.00    90.00
   	  504.00   314.00     0.00    90.00
   	  504.00   314.00     0.00    90.00
   	  552.00  -103.00     0.00    90.00
   	  552.00  -103.00     0.00    90.00
   	  624.00  1088.00     0.00    90.00
   	  624.00  1088.00     0.00    90.00
 113 	  -27.00   420.89     0.00     0.00     0.00     0.00
 113 	  -27.00   420.89     0.00     0.00     0.00     0.00
   	 1296.00   558.00     0.00    90.00
   	 1296.00   558.00     0.00    90.00
   	  504.00   314.00     0.00    90.00
   	  504.00   314.00     0.00    90.00
   	  552.00  -103.00     0.00    90.00
   	  552.00  -103.00     0.00    90.00
   	  624.00  1088.00     0.00    90.00
   	  624.00  1088.00     0.00    90.00
 114 	   27.00   420.89     0.00     0.00     0.00     0.00
 114 	   27.00   420.89     0.00     0.00     0.00     0.00
   	 1296.00   558.00     0.00    90.00
   	 1296.00   558.00     0.00    90.00
   	  504.00   314.00     0.00    90.00
   	  504.00   314.00     0.00    90.00
   	  552.00  -103.00     0.00    90.00
   	  552.00  -103.00     0.00    90.00
   	  624.00  1088.00     0.00    90.00
   	  624.00  1088.00     0.00    90.00
 115 	   81.00   420.89     0.00     0.00     0.00     0.00
 115 	   81.00   420.89     0.00     0.00     0.00     0.00
   	 1296.00   558.00     0.00    90.00
   	 1296.00   558.00     0.00    90.00
   	  504.00   314.00     0.00    90.00
   	  504.00   314.00     0.00    90.00
   	  552.00  -103.00     0.00    90.00
   	  552.00  -103.00     0.00    90.00
   	  624.00  1088.00     0.00    90.00
   	  624.00  1088.00     0.00    90.00
 116 	  135.00   420.89     0.00     0.00     0.00     0.00
 116 	  135.00   420.89     0.00     0.00     0.00     0.00
   	 1296.00   558.00     0.00    90.00
   	 1296.00   558.00     0.00    90.00
   	  504.00   314.00     0.00    90.00
   	  504.00   314.00     0.00    90.00
   	  552.00  -103.00     0.00    90.00
   	  552.00  -103.00     0.00    90.00
   	  624.00  1088.00     0.00    90.00
   	  624.00  1088.00     0.00    90.00
 117 	  189.00   420.89     0.00     0.00     0.00     0.00
 117 	  189.00   420.89     0.00     0.00     0.00     0.00
   	 1296.00   558.00     0.00    90.00
   	 1296.00   558.00     0.00    90.00
   	  504.00   314.00     0.00    90.00
   	  504.00   314.00     0.00    90.00
   	  552.00  -103.00     0.00    90.00
   	  552.00  -103.00     0.00    90.00
   	  624.00  1088.00     0.00    90.00
   	  624.00  1088.00     0.00    90.00
 118 	  243.00   420.89     0.00     0.00     0.00     0.00
 118 	  243.00   420.89     0.00     0.00     0.00     0.00
   	 1296.00   558.00     0.00    90.00
   	 1296.00   558.00     0.00    90.00
   	  504.00   314.00     0.00    90.00
   	  504.00   314.00     0.00    90.00
   	  552.00  -103.00     0.00    90.00
   	  552.00  -103.00     0.00    90.00
   	  624.00  1088.00     0.00    90.00
   	  624.00  1088.00     0.00    90.00
 119 	  297.00   420.89     0.00     0.00     0.00     0.00
 119 	  297.00   420.89     0.00     0.00     0.00     0.00
   	 1296.00   558.00     0.00    90.00
   	 1296.00   558.00     0.00    90.00
   	  504.00   314.00     0.00    90.00
   	  504.00   314.00     0.00    90.00
   	  552.00  -103.00     0.00    90.00
   	  552.00  -103.00     0.00    90.00
   	  624.00  1088.00     0.00    90.00
   	  624.00  1088.00     0.00    90.00
 120 	  351.00   420.89     0.00     0.00     0.00     0.00
 120 	  351.00   420.89     0.00     0.00     0.00     0.00
   	 1296.00   558.00     0.00    90.00
   	 1296.00   558.00     0.00    90.00
   	  504.00   314.00     0.00    90.00
   	  504.00   314.00     0.00    90.00
   	  552.00  -103.00     0.00    90.00
   	  552.00  -103.00     0.00    90.00
   	  624.00  1088.00     0.00    90.00
   	  624.00  1088.00     0.00    90.00
 121 	   -0.00   467.65     0.00     0.00     0.00     0.00
 121 	   -0.00   467.65     0.00     0.00     0.00     0.00
   	 1296.00   558.00     0.00    90.00
   	 1296.00   558.00     0.00    90.00
   	  504.00   314.00     0.00    90.00
   	  504.00   314.00     0.00    90.00
   	  552.00  -103.00     0.00    90.00
   	  552.00  -103.00     0.00    90.00
   	  624.00  1088.00     0.00    90.00
   	  624.00  1088.00     0.00    90.00
 122 	   54.00   467.65     0.00     0.00     0.00     0.00
 122 	   54.00   467.65     0.00     0.00     0.00     0.00
   	 1296.00   558.00     0.00    90.00
   	 1296.00   558.00     0.00    90.00
   	  504.00   314.00     0.00    90.00
   	  504.00   314.00     0.00    90.00
   	  552.00  -103.00     0.00    90.00
   	  552.00  -103.00     0.00    90.00
   	  624.00  1088.00     0.00    90.00
   	  624.00  1088.00     0.00    90.00
 123 	  108.00   467.65     0.00     0.00     0.00     0.00
 123 	  108.00   467.65     0.00     0.00     0.00     0.00
   	 1296.00   558.00     0.00    90.00
   	 1296.00   558.00     0.00    90.00
   	  504.00   314.00     0.00    90.00
   	  504.00   314.00     0.00    90.00
   	  552.00  -103.00     0.00    90.00
   	  552.00  -103.00     0.00    90.00
   	  624.00  1088.00     0.00    90.00
   	  624.00  1088.00     0.00    90.00
 124 	  162.00   467.65     0.00     0.00     0.00     0.00
 124 	  162.00   467.65     0.00     0.00     0.00     0.00
   	 1296.00   558.00     0.00    90.00
   	 1296.00   558.00     0.00    90.00
   	  504.00   314.00     0.00    90.00
   	  504.00   314.00     0.00    90.00
   	  552.00  -103.00     0.00    90.00
   	  552.00  -103.00     0.00    90.00
   	  624.00  1088.00     0.00    90.00
   	  624.00  1088.00     0.00    90.00
 125 	  216.00   467.65     0.00     0.00     0.00     0.00
 125 	  216.00   467.65     0.00     0.00     0.00     0.00
   	 1296.00   558.00     0.00    90.00
   	 1296.00   558.00     0.00    90.00
   	  504.00   314.00     0.00    90.00
   	  504.00   314.00     0.00    90.00
   	  552.00  -103.00     0.00    90.00
   	  552.00  -103.00     0.00    90.00
   	  624.00  1088.00     0.00    90.00
   	  624.00  1088.00     0.00    90.00
 126 	  270.00   467.65     0.00     0.00     0.00     0.00
 126 	  270.00   467.65     0.00     0.00     0.00     0.00
   	 1296.00   558.00     0.00    90.00
   	 1296.00   558.00     0.00    90.00
   	  504.00   314.00     0.00    90.00
   	  504.00   314.00     0.00    90.00
   	  552.00  -103.00     0.00    90.00
   	  552.00  -103.00     0.00    90.00
   	  624.00  1088.00     0.00    90.00
   	  624.00  1088.00     0.00    90.00
 127 	  324.00   467.65     0.00     0.00     0.00     0.00
 127 	  324.00   467.65     0.00     0.00     0.00     0.00
   	 1296.00   558.00     0.00    90.00
   	 1296.00   558.00     0.00    90.00
   	  504.00   314.00     0.00    90.00
   	  504.00   314.00     0.00    90.00
   	  552.00  -103.00     0.00    90.00
   	  552.00  -103.00     0.00    90.00
   	  624.00  1088.00     0.00    90.00
   	  624.00  1088.00     0.00    90.00
 128 	  378.00   467.65     0.00     0.00     0.00     0.00
 128 	  378.00   467.65     0.00     0.00     0.00     0.00
   	 1296.00   558.00     0.00    90.00
   	 1296.00   558.00     0.00    90.00
   	  504.00   314.00     0.00    90.00
   	  504.00   314.00     0.00    90.00
   	  552.00  -103.00     0.00    90.00
   	  552.00  -103.00     0.00    90.00
   	  624.00  1088.00     0.00    90.00
   	  624.00  1088.00     0.00    90.00

** End writing output file: ../inputs/gr640.dat 
