*******************************************************************************
                         ARRAY PREPROCESSOR ver. 1.0
*******************************************************************************



   1	GROUP testgroup
   3	 GRID HEXAGONAL
   4	 ELEMENT
   5	 GEOMETRY CIRCULAR 82
   7	 ADD HEXAGON 1 -2
   9	 GROUP_EXCITATION
  10	 AMPLITUDE SECOND ORDER 35 24 26 21 26
  11	 PHASE UNIFORM 114
  12	 END

** Generating GROUP: testgroup.
** PSTEP,QSTEP set to:164.000000,164.000000
** Grid ANGLE set to:60.000000 
** Group ROT_ANGLE set to: 0.000000 

** Writing output file: ../inputs/gr641.dat

NEL 
NPORTS
IDUM      REXA     REYA     REZA     THEA     PHEA     PSEA 
          AMP      PSH      PSC      PHEPOL
   7
   7
   1
   1
   1 	  -82.00  -142.03     0.00     0.00     0.00     0.00
   1 	  -82.00  -142.03     0.00     0.00     0.00     0.00
   	   35.00   114.00     0.00    90.00
   	   35.00   114.00     0.00    90.00
   2 	   82.00  -142.03     0.00     0.00     0.00     0.00
   2 	   82.00  -142.03     0.00     0.00     0.00     0.00
   	   26.00   114.00     0.00    90.00
   	   26.00   114.00     0.00    90.00
   3 	  164.00  -284.06     0.00     0.00     0.00     0.00
   3 	  164.00  -284.06     0.00     0.00     0.00     0.00
   	   12.37   114.00     0.00    90.00
   	   12.37   114.00     0.00    90.00
   4 	   82.00  -426.08     0.00     0.00     0.00     0.00
   4 	   82.00  -426.08     0.00     0.00     0.00     0.00
   	   17.00   114.00     0.00    90.00
   	   17.00   114.00     0.00    90.00
   5 	  -82.00  -426.08     0.00     0.00     0.00     0.00
   5 	  -82.00  -426.08     0.00     0.00     0.00     0.00
   	   26.00   114.00     0.00    90.00
   	   26.00   114.00     0.00    90.00
   6 	 -164.00  -284.06     0.00     0.00     0.00     0.00
   6 	 -164.00  -284.06     0.00     0.00     0.00     0.00
   	   30.38   114.00     0.00    90.00
   	   30.38   114.00     0.00    90.00
   7 	    0.00  -284.06     0.00     0.00     0.00     0.00
   7 	    0.00  -284.06     0.00     0.00     0.00     0.00
   	   31.37   114.00     0.00    90.00
   	   31.37   114.00     0.00    90.00

** End writing output file: ../inputs/gr641.dat 
