*******************************************************************************
                         ARRAY PREPROCESSOR ver. 1.0
*******************************************************************************



   1	GROUP testgroup
   3	 GRID RECTANGULAR
   4	 ELEMENT
   5	 GEOMETRY RECTANGULAR 50 44
   8	 ADD BLOCK -3 -2 -3 8
  10	 GROUP_EXCITATION
  11	 AMPLITUDE UNIFORM 25
  12	 PHASE ROTATION SEQUENTIAL
  13	 END

** Generating GROUP: testgroup.
** PSTEP,QSTEP set to:66.603303,66.603303
** Grid ANGLE set to:90.000000 
** Group ROT_ANGLE set to: 0.000000 

** Writing output file: ../inputs/gr643.dat

NEL 
NPORTS
IDUM      REXA     REYA     REZA     THEA     PHEA     PSEA 
          AMP      PSH      PSC      PHEPOL
  11
  11
   1
   1
   1 	 -199.81  -133.21     0.00     0.00  -327.27     0.00
   1 	 -199.81  -133.21     0.00     0.00  -327.27     0.00
   	   25.00  -327.27     0.00    90.00
   	   25.00  -327.27     0.00    90.00
   2 	 -199.81   -66.60     0.00     0.00  -294.55     0.00
   2 	 -199.81   -66.60     0.00     0.00  -294.55     0.00
   	   25.00  -294.55     0.00    90.00
   	   25.00  -294.55     0.00    90.00
   3 	 -199.81     0.00     0.00     0.00  -261.82     0.00
   3 	 -199.81     0.00     0.00     0.00  -261.82     0.00
   	   25.00  -261.82     0.00    90.00
   	   25.00  -261.82     0.00    90.00
   4 	 -199.81    66.60     0.00     0.00  -229.09     0.00
   4 	 -199.81    66.60     0.00     0.00  -229.09     0.00
   	   25.00  -229.09     0.00    90.00
   	   25.00  -229.09     0.00    90.00
   5 	 -199.81   133.21     0.00     0.00  -196.36     0.00
   5 	 -199.81   133.21     0.00     0.00  -196.36     0.00
   	   25.00  -196.36     0.00    90.00
   	   25.00  -196.36     0.00    90.00
   6 	 -199.81   199.81     0.00     0.00  -163.64     0.00
   6 	 -199.81   199.81     0.00     0.00  -163.64     0.00
   	   25.00  -163.64     0.00    90.00
   	   25.00  -163.64     0.00    90.00
   7 	 -199.81   266.41     0.00     0.00  -130.91     0.00
   7 	 -199.81   266.41     0.00     0.00  -130.91     0.00
   	   25.00  -130.91     0.00    90.00
   	   25.00  -130.91     0.00    90.00
   8 	 -199.81   333.02     0.00     0.00   -98.18     0.00
   8 	 -199.81   333.02     0.00     0.00   -98.18     0.00
   	   25.00   -98.18     0.00    90.00
   	   25.00   -98.18     0.00    90.00
   9 	 -199.81   399.62     0.00     0.00   -65.45     0.00
   9 	 -199.81   399.62     0.00     0.00   -65.45     0.00
   	   25.00   -65.45     0.00    90.00
   	   25.00   -65.45     0.00    90.00
  10 	 -199.81   466.22     0.00     0.00   -32.73     0.00
  10 	 -199.81   466.22     0.00     0.00   -32.73     0.00
   	   25.00   -32.73     0.00    90.00
   	   25.00   -32.73     0.00    90.00
  11 	 -199.81   532.83     0.00     0.00     0.00     0.00
  11 	 -199.81   532.83     0.00     0.00     0.00     0.00
   	   25.00     0.00     0.00    90.00
   	   25.00     0.00     0.00    90.00

** End writing output file: ../inputs/gr643.dat 
