*******************************************************************************
                         ARRAY PREPROCESSOR ver. 1.0
*******************************************************************************



   1	GROUP testgroup
   3	 GRID HEXAGONAL
   4	 ELEMENT
   5	 GEOMETRY CIRCULAR RADIUS 67
   6	 POLARIZATION CIRCULAR
   7	 ADD NODE -8 3
   8	 ADD BLOCK -6 3 1 -11
   9	 ADD NODE -3 -2
  10	 ADD BLOCK 8 -1 1 -3
  12	 GROUP_EXCITATION
  13	 AMPLITUDE UNIFORM 25
  14	 PHASE UNIFORM -1
  15	 END

** Generating GROUP: testgroup.
** PSTEP,QSTEP set to:134.000000,134.000000
** Grid ANGLE set to:60.000000 
** Group ROT_ANGLE set to: 0.000000 

** Writing output file: ../inputs/gr652.dat

NEL 
NPORTS
IDUM      REXA     REYA     REZA     THEA     PHEA     PSEA 
          AMP      PSH      PSC      PHEPOL
 146
 146
   1
   1
   1 	 -871.00   348.14     0.00     0.00     0.00     0.00
   1 	 -871.00   348.14     0.00     0.00     0.00     0.00
   	   25.00    -1.00     0.00    90.00
   	   25.00    -1.00     0.00    90.00
   2 	-1541.00 -1276.52     0.00     0.00     0.00     0.00
   2 	-1541.00 -1276.52     0.00     0.00     0.00     0.00
   	   25.00    -1.00     0.00    90.00
   	   25.00    -1.00     0.00    90.00
   3 	-1407.00 -1276.52     0.00     0.00     0.00     0.00
   3 	-1407.00 -1276.52     0.00     0.00     0.00     0.00
   	   25.00    -1.00     0.00    90.00
   	   25.00    -1.00     0.00    90.00
   4 	-1273.00 -1276.52     0.00     0.00     0.00     0.00
   4 	-1273.00 -1276.52     0.00     0.00     0.00     0.00
   	   25.00    -1.00     0.00    90.00
   	   25.00    -1.00     0.00    90.00
   5 	-1139.00 -1276.52     0.00     0.00     0.00     0.00
   5 	-1139.00 -1276.52     0.00     0.00     0.00     0.00
   	   25.00    -1.00     0.00    90.00
   	   25.00    -1.00     0.00    90.00
   6 	-1005.00 -1276.52     0.00     0.00     0.00     0.00
   6 	-1005.00 -1276.52     0.00     0.00     0.00     0.00
   	   25.00    -1.00     0.00    90.00
   	   25.00    -1.00     0.00    90.00
   7 	 -871.00 -1276.52     0.00     0.00     0.00     0.00
   7 	 -871.00 -1276.52     0.00     0.00     0.00     0.00
   	   25.00    -1.00     0.00    90.00
   	   25.00    -1.00     0.00    90.00
   8 	 -737.00 -1276.52     0.00     0.00     0.00     0.00
   8 	 -737.00 -1276.52     0.00     0.00     0.00     0.00
   	   25.00    -1.00     0.00    90.00
   	   25.00    -1.00     0.00    90.00
   9 	 -603.00 -1276.52     0.00     0.00     0.00     0.00
   9 	 -603.00 -1276.52     0.00     0.00     0.00     0.00
   	   25.00    -1.00     0.00    90.00
   	   25.00    -1.00     0.00    90.00
  10 	-1474.00 -1160.47     0.00     0.00     0.00     0.00
  10 	-1474.00 -1160.47     0.00     0.00     0.00     0.00
   	   25.00    -1.00     0.00    90.00
   	   25.00    -1.00     0.00    90.00
  11 	-1340.00 -1160.47     0.00     0.00     0.00     0.00
  11 	-1340.00 -1160.47     0.00     0.00     0.00     0.00
   	   25.00    -1.00     0.00    90.00
   	   25.00    -1.00     0.00    90.00
  12 	-1206.00 -1160.47     0.00     0.00     0.00     0.00
  12 	-1206.00 -1160.47     0.00     0.00     0.00     0.00
   	   25.00    -1.00     0.00    90.00
   	   25.00    -1.00     0.00    90.00
  13 	-1072.00 -1160.47     0.00     0.00     0.00     0.00
  13 	-1072.00 -1160.47     0.00     0.00     0.00     0.00
   	   25.00    -1.00     0.00    90.00
   	   25.00    -1.00     0.00    90.00
  14 	 -938.00 -1160.47     0.00     0.00     0.00     0.00
  14 	 -938.00 -1160.47     0.00     0.00     0.00     0.00
   	   25.00    -1.00     0.00    90.00
   	   25.00    -1.00     0.00    90.00
  15 	 -804.00 -1160.47     0.00     0.00     0.00     0.00
  15 	 -804.00 -1160.47     0.00     0.00     0.00     0.00
   	   25.00    -1.00     0.00    90.00
   	   25.00    -1.00     0.00    90.00
  16 	 -670.00 -1160.47     0.00     0.00     0.00     0.00
  16 	 -670.00 -1160.47     0.00     0.00     0.00     0.00
   	   25.00    -1.00     0.00    90.00
   	   25.00    -1.00     0.00    90.00
  17 	 -536.00 -1160.47     0.00     0.00     0.00     0.00
  17 	 -536.00 -1160.47     0.00     0.00     0.00     0.00
   	   25.00    -1.00     0.00    90.00
   	   25.00    -1.00     0.00    90.00
  18 	-1407.00 -1044.43     0.00     0.00     0.00     0.00
  18 	-1407.00 -1044.43     0.00     0.00     0.00     0.00
   	   25.00    -1.00     0.00    90.00
   	   25.00    -1.00     0.00    90.00
  19 	-1273.00 -1044.43     0.00     0.00     0.00     0.00
  19 	-1273.00 -1044.43     0.00     0.00     0.00     0.00
   	   25.00    -1.00     0.00    90.00
   	   25.00    -1.00     0.00    90.00
  20 	-1139.00 -1044.43     0.00     0.00     0.00     0.00
  20 	-1139.00 -1044.43     0.00     0.00     0.00     0.00
   	   25.00    -1.00     0.00    90.00
   	   25.00    -1.00     0.00    90.00
  21 	-1005.00 -1044.43     0.00     0.00     0.00     0.00
  21 	-1005.00 -1044.43     0.00     0.00     0.00     0.00
   	   25.00    -1.00     0.00    90.00
   	   25.00    -1.00     0.00    90.00
  22 	 -871.00 -1044.43     0.00     0.00     0.00     0.00
  22 	 -871.00 -1044.43     0.00     0.00     0.00     0.00
   	   25.00    -1.00     0.00    90.00
   	   25.00    -1.00     0.00    90.00
  23 	 -737.00 -1044.43     0.00     0.00     0.00     0.00
  23 	 -737.00 -1044.43     0.00     0.00     0.00     0.00
   	   25.00    -1.00     0.00    90.00
   	   25.00    -1.00     0.00    90.00
  24 	 -603.00 -1044.43     0.00     0.00     0.00     0.00
  24 	 -603.00 -1044.43     0.00     0.00     0.00     0.00
   	   25.00    -1.00     0.00    90.00
   	   25.00    -1.00     0.00    90.00
  25 	 -469.00 -1044.43     0.00     0.00     0.00     0.00
  25 	 -469.00 -1044.43     0.00     0.00     0.00     0.00
   	   25.00    -1.00     0.00    90.00
   	   25.00    -1.00     0.00    90.00
  26 	-1340.00  -928.38     0.00     0.00     0.00     0.00
  26 	-1340.00  -928.38     0.00     0.00     0.00     0.00
   	   25.00    -1.00     0.00    90.00
   	   25.00    -1.00     0.00    90.00
  27 	-1206.00  -928.38     0.00     0.00     0.00     0.00
  27 	-1206.00  -928.38     0.00     0.00     0.00     0.00
   	   25.00    -1.00     0.00    90.00
   	   25.00    -1.00     0.00    90.00
  28 	-1072.00  -928.38     0.00     0.00     0.00     0.00
  28 	-1072.00  -928.38     0.00     0.00     0.00     0.00
   	   25.00    -1.00     0.00    90.00
   	   25.00    -1.00     0.00    90.00
  29 	 -938.00  -928.38     0.00     0.00     0.00     0.00
  29 	 -938.00  -928.38     0.00     0.00     0.00     0.00
   	   25.00    -1.00     0.00    90.00
   	   25.00    -1.00     0.00    90.00
  30 	 -804.00  -928.38     0.00     0.00     0.00     0.00
  30 	 -804.00  -928.38     0.00     0.00     0.00     0.00
   	   25.00    -1.00     0.00    90.00
   	   25.00    -1.00     0.00    90.00
  31 	 -670.00  -928.38     0.00     0.00     0.00     0.00
  31 	 -670.00  -928.38     0.00     0.00     0.00     0.00
   	   25.00    -1.00     0.00    90.00
   	   25.00    -1.00     0.00    90.00
  32 	 -536.00  -928.38     0.00     0.00     0.00     0.00
  32 	 -536.00  -928.38     0.00     0.00     0.00     0.00
   	   25.00    -1.00     0.00    90.00
   	   25.00    -1.00     0.00    90.00
  33 	 -402.00  -928.38     0.00     0.00     0.00     0.00
  33 	 -402.00  -928.38     0.00     0.00     0.00     0.00
   	   25.00    -1.00     0.00    90.00
   	   25.00    -1.00     0.00    90.00
  34 	-1273.00  -812.33     0.00     0.00     0.00     0.00
  34 	-1273.00  -812.33     0.00     0.00     0.00     0.00
   	   25.00    -1.00     0.00    90.00
   	   25.00    -1.00     0.00    90.00
  35 	-1139.00  -812.33     0.00     0.00     0.00     0.00
  35 	-1139.00  -812.33     0.00     0.00     0.00     0.00
   	   25.00    -1.00     0.00    90.00
   	   25.00    -1.00     0.00    90.00
  36 	-1005.00  -812.33     0.00     0.00     0.00     0.00
  36 	-1005.00  -812.33     0.00     0.00     0.00     0.00
   	   25.00    -1.00     0.00    90.00
   	   25.00    -1.00     0.00    90.00
  37 	 -871.00  -812.33     0.00     0.00     0.00     0.00
  37 	 -871.00  -812.33     0.00     0.00     0.00     0.00
   	   25.00    -1.00     0.00    90.00
   	   25.00    -1.00     0.00    90.00
  38 	 -737.00  -812.33     0.00     0.00     0.00     0.00
  38 	 -737.00  -812.33     0.00     0.00     0.00     0.00
   	   25.00    -1.00     0.00    90.00
   	   25.00    -1.00     0.00    90.00
  39 	 -603.00  -812.33     0.00     0.00     0.00     0.00
  39 	 -603.00  -812.33     0.00     0.00     0.00     0.00
   	   25.00    -1.00     0.00    90.00
   	   25.00    -1.00     0.00    90.00
  40 	 -469.00  -812.33     0.00     0.00     0.00     0.00
  40 	 -469.00  -812.33     0.00     0.00     0.00     0.00
   	   25.00    -1.00     0.00    90.00
   	   25.00    -1.00     0.00    90.00
  41 	 -335.00  -812.33     0.00     0.00     0.00     0.00
  41 	 -335.00  -812.33     0.00     0.00     0.00     0.00
   	   25.00    -1.00     0.00    90.00
   	   25.00    -1.00     0.00    90.00
  42 	-1206.00  -696.28     0.00     0.00     0.00     0.00
  42 	-1206.00  -696.28     0.00     0.00     0.00     0.00
   	   25.00    -1.00     0.00    90.00
   	   25.00    -1.00     0.00    90.00
  43 	-1072.00  -696.28     0.00     0.00     0.00     0.00
  43 	-1072.00  -696.28     0.00     0.00     0.00     0.00
   	   25.00    -1.00     0.00    90.00
   	   25.00    -1.00     0.00    90.00
  44 	 -938.00  -696.28     0.00     0.00     0.00     0.00
  44 	 -938.00  -696.28     0.00     0.00     0.00     0.00
   	   25.00    -1.00     0.00    90.00
   	   25.00    -1.00     0.00    90.00
  45 	 -804.00  -696.28     0.00     0.00     0.00     0.00
  45 	 -804.00  -696.28     0.00     0.00     0.00     0.00
   	   25.00    -1.00     0.00    90.00
   	   25.00    -1.00     0.00    90.00
  46 	 -670.00  -696.28     0.00     0.00     0.00     0.00
  46 	 -670.00  -696.28     0.00     0.00     0.00     0.00
   	   25.00    -1.00     0.00    90.00
   	   25.00    -1.00     0.00    90.00
  47 	 -536.00  -696.28     0.00     0.00     0.00     0.00
  47 	 -536.00  -696.28     0.00     0.00     0.00     0.00
   	   25.00    -1.00     0.00    90.00
   	   25.00    -1.00     0.00    90.00
  48 	 -402.00  -696.28     0.00     0.00     0.00     0.00
  48 	 -402.00  -696.28     0.00     0.00     0.00     0.00
   	   25.00    -1.00     0.00    90.00
   	   25.00    -1.00     0.00    90.00
  49 	 -268.00  -696.28     0.00     0.00     0.00     0.00
  49 	 -268.00  -696.28     0.00     0.00     0.00     0.00
   	   25.00    -1.00     0.00    90.00
   	   25.00    -1.00     0.00    90.00
  50 	-1139.00  -580.24     0.00     0.00     0.00     0.00
  50 	-1139.00  -580.24     0.00     0.00     0.00     0.00
   	   25.00    -1.00     0.00    90.00
   	   25.00    -1.00     0.00    90.00
  51 	-1005.00  -580.24     0.00     0.00     0.00     0.00
  51 	-1005.00  -580.24     0.00     0.00     0.00     0.00
   	   25.00    -1.00     0.00    90.00
   	   25.00    -1.00     0.00    90.00
  52 	 -871.00  -580.24     0.00     0.00     0.00     0.00
  52 	 -871.00  -580.24     0.00     0.00     0.00     0.00
   	   25.00    -1.00     0.00    90.00
   	   25.00    -1.00     0.00    90.00
  53 	 -737.00  -580.24     0.00     0.00     0.00     0.00
  53 	 -737.00  -580.24     0.00     0.00     0.00     0.00
   	   25.00    -1.00     0.00    90.00
   	   25.00    -1.00     0.00    90.00
  54 	 -603.00  -580.24     0.00     0.00     0.00     0.00
  54 	 -603.00  -580.24     0.00     0.00     0.00     0.00
   	   25.00    -1.00     0.00    90.00
   	   25.00    -1.00     0.00    90.00
  55 	 -469.00  -580.24     0.00     0.00     0.00     0.00
  55 	 -469.00  -580.24     0.00     0.00     0.00     0.00
   	   25.00    -1.00     0.00    90.00
   	   25.00    -1.00     0.00    90.00
  56 	 -335.00  -580.24     0.00     0.00     0.00     0.00
  56 	 -335.00  -580.24     0.00     0.00     0.00     0.00
   	   25.00    -1.00     0.00    90.00
   	   25.00    -1.00     0.00    90.00
  57 	 -201.00  -580.24     0.00     0.00     0.00     0.00
  57 	 -201.00  -580.24     0.00     0.00     0.00     0.00
   	   25.00    -1.00     0.00    90.00
   	   25.00    -1.00     0.00    90.00
  58 	-1072.00  -464.19     0.00     0.00     0.00     0.00
  58 	-1072.00  -464.19     0.00     0.00     0.00     0.00
   	   25.00    -1.00     0.00    90.00
   	   25.00    -1.00     0.00    90.00
  59 	 -938.00  -464.19     0.00     0.00     0.00     0.00
  59 	 -938.00  -464.19     0.00     0.00     0.00     0.00
   	   25.00    -1.00     0.00    90.00
   	   25.00    -1.00     0.00    90.00
  60 	 -804.00  -464.19     0.00     0.00     0.00     0.00
  60 	 -804.00  -464.19     0.00     0.00     0.00     0.00
   	   25.00    -1.00     0.00    90.00
   	   25.00    -1.00     0.00    90.00
  61 	 -670.00  -464.19     0.00     0.00     0.00     0.00
  61 	 -670.00  -464.19     0.00     0.00     0.00     0.00
   	   25.00    -1.00     0.00    90.00
   	   25.00    -1.00     0.00    90.00
  62 	 -536.00  -464.19     0.00     0.00     0.00     0.00
  62 	 -536.00  -464.19     0.00     0.00     0.00     0.00
   	   25.00    -1.00     0.00    90.00
   	   25.00    -1.00     0.00    90.00
  63 	 -402.00  -464.19     0.00     0.00     0.00     0.00
  63 	 -402.00  -464.19     0.00     0.00     0.00     0.00
   	   25.00    -1.00     0.00    90.00
   	   25.00    -1.00     0.00    90.00
  64 	 -268.00  -464.19     0.00     0.00     0.00     0.00
  64 	 -268.00  -464.19     0.00     0.00     0.00     0.00
   	   25.00    -1.00     0.00    90.00
   	   25.00    -1.00     0.00    90.00
  65 	 -134.00  -464.19     0.00     0.00     0.00     0.00
  65 	 -134.00  -464.19     0.00     0.00     0.00     0.00
   	   25.00    -1.00     0.00    90.00
   	   25.00    -1.00     0.00    90.00
  66 	-1005.00  -348.14     0.00     0.00     0.00     0.00
  66 	-1005.00  -348.14     0.00     0.00     0.00     0.00
   	   25.00    -1.00     0.00    90.00
   	   25.00    -1.00     0.00    90.00
  67 	 -871.00  -348.14     0.00     0.00     0.00     0.00
  67 	 -871.00  -348.14     0.00     0.00     0.00     0.00
   	   25.00    -1.00     0.00    90.00
   	   25.00    -1.00     0.00    90.00
  68 	 -737.00  -348.14     0.00     0.00     0.00     0.00
  68 	 -737.00  -348.14     0.00     0.00     0.00     0.00
   	   25.00    -1.00     0.00    90.00
   	   25.00    -1.00     0.00    90.00
  69 	 -603.00  -348.14     0.00     0.00     0.00     0.00
  69 	 -603.00  -348.14     0.00     0.00     0.00     0.00
   	   25.00    -1.00     0.00    90.00
   	   25.00    -1.00     0.00    90.00
  70 	 -469.00  -348.14     0.00     0.00     0.00     0.00
  70 	 -469.00  -348.14     0.00     0.00     0.00     0.00
   	   25.00    -1.00     0.00    90.00
   	   25.00    -1.00     0.00    90.00
  71 	 -335.00  -348.14     0.00     0.00     0.00     0.00
  71 	 -335.00  -348.14     0.00     0.00     0.00     0.00
   	   25.00    -1.00     0.00    90.00
   	   25.00    -1.00     0.00    90.00
  72 	 -201.00  -348.14     0.00     0.00     0.00     0.00
  72 	 -201.00  -348.14     0.00     0.00     0.00     0.00
   	   25.00    -1.00     0.00    90.00
   	   25.00    -1.00     0.00    90.00
  73 	  -67.00  -348.14     0.00     0.00     0.00     0.00
  73 	  -67.00  -348.14     0.00     0.00     0.00     0.00
   	   25.00    -1.00     0.00    90.00
   	   25.00    -1.00     0.00    90.00
  74 	 -938.00  -232.09     0.00     0.00     0.00     0.00
  74 	 -938.00  -232.09     0.00     0.00     0.00     0.00
   	   25.00    -1.00     0.00    90.00
   	   25.00    -1.00     0.00    90.00
  75 	 -804.00  -232.09     0.00     0.00     0.00     0.00
  75 	 -804.00  -232.09     0.00     0.00     0.00     0.00
   	   25.00    -1.00     0.00    90.00
   	   25.00    -1.00     0.00    90.00
  76 	 -670.00  -232.09     0.00     0.00     0.00     0.00
  76 	 -670.00  -232.09     0.00     0.00     0.00     0.00
   	   25.00    -1.00     0.00    90.00
   	   25.00    -1.00     0.00    90.00
  77 	 -536.00  -232.09     0.00     0.00     0.00     0.00
  77 	 -536.00  -232.09     0.00     0.00     0.00     0.00
   	   25.00    -1.00     0.00    90.00
   	   25.00    -1.00     0.00    90.00
  78 	 -402.00  -232.09     0.00     0.00     0.00     0.00
  78 	 -402.00  -232.09     0.00     0.00     0.00     0.00
   	   25.00    -1.00     0.00    90.00
   	   25.00    -1.00     0.00    90.00
  79 	 -268.00  -232.09     0.00     0.00     0.00     0.00
  79 	 -268.00  -232.09     0.00     0.00     0.00     0.00
   	   25.00    -1.00     0.00    90.00
   	   25.00    -1.00     0.00    90.00
  80 	 -134.00  -232.09     0.00     0.00     0.00     0.00
  80 	 -134.00  -232.09     0.00     0.00     0.00     0.00
   	   25.00    -1.00     0.00    90.00
   	   25.00    -1.00     0.00    90.00
  81 	    0.00  -232.09     0.00     0.00     0.00     0.00
  81 	    0.00  -232.09     0.00     0.00     0.00     0.00
   	   25.00    -1.00     0.00    90.00
   	   25.00    -1.00     0.00    90.00
  82 	 -871.00  -116.05     0.00     0.00     0.00     0.00
  82 	 -871.00  -116.05     0.00     0.00     0.00     0.00
   	   25.00    -1.00     0.00    90.00
   	   25.00    -1.00     0.00    90.00
  83 	 -737.00  -116.05     0.00     0.00     0.00     0.00
  83 	 -737.00  -116.05     0.00     0.00     0.00     0.00
   	   25.00    -1.00     0.00    90.00
   	   25.00    -1.00     0.00    90.00
  84 	 -603.00  -116.05     0.00     0.00     0.00     0.00
  84 	 -603.00  -116.05     0.00     0.00     0.00     0.00
   	   25.00    -1.00     0.00    90.00
   	   25.00    -1.00     0.00    90.00
  85 	 -469.00  -116.05     0.00     0.00     0.00     0.00
  85 	 -469.00  -116.05     0.00     0.00     0.00     0.00
   	   25.00    -1.00     0.00    90.00
   	   25.00    -1.00     0.00    90.00
  86 	 -335.00  -116.05     0.00     0.00     0.00     0.00
  86 	 -335.00  -116.05     0.00     0.00     0.00     0.00
   	   25.00    -1.00     0.00    90.00
   	   25.00    -1.00     0.00    90.00
  87 	 -201.00  -116.05     0.00     0.00     0.00     0.00
  87 	 -201.00  -116.05     0.00     0.00     0.00     0.00
   	   25.00    -1.00     0.00    90.00
   	   25.00    -1.00     0.00    90.00
  88 	  -67.00  -116.05     0.00     0.00     0.00     0.00
  88 	  -67.00  -116.05     0.00     0.00     0.00     0.00
   	   25.00    -1.00     0.00    90.00
   	   25.00    -1.00     0.00    90.00
  89 	   67.00  -116.05     0.00     0.00     0.00     0.00
  89 	   67.00  -116.05     0.00     0.00     0.00     0.00
   	   25.00    -1.00     0.00    90.00
   	   25.00    -1.00     0.00    90.00
  90 	 -804.00     0.00     0.00     0.00     0.00     0.00
  90 	 -804.00     0.00     0.00     0.00     0.00     0.00
   	   25.00    -1.00     0.00    90.00
   	   25.00    -1.00     0.00    90.00
  91 	 -670.00     0.00     0.00     0.00     0.00     0.00
  91 	 -670.00     0.00     0.00     0.00     0.00     0.00
   	   25.00    -1.00     0.00    90.00
   	   25.00    -1.00     0.00    90.00
  92 	 -536.00     0.00     0.00     0.00     0.00     0.00
  92 	 -536.00     0.00     0.00     0.00     0.00     0.00
   	   25.00    -1.00     0.00    90.00
   	   25.00    -1.00     0.00    90.00
  93 	 -402.00     0.00     0.00     0.00     0.00     0.00
  93 	 -402.00     0.00     0.00     0.00     0.00     0.00
   	   25.00    -1.00     0.00    90.00
   	   25.00    -1.00     0.00    90.00
  94 	 -268.00     0.00     0.00     0.00     0.00     0.00
  94 	 -268.00     0.00     0.00     0.00     0.00     0.00
   	   25.00    -1.00     0.00    90.00
   	   25.00    -1.00     0.00    90.00
  95 	 -134.00     0.00     0.00     0.00     0.00     0.00
  95 	 -134.00     0.00     0.00     0.00     0.00     0.00
   	   25.00    -1.00     0.00    90.00
   	   25.00    -1.00     0.00    90.00
  96 	    0.00     0.00     0.00     0.00     0.00     0.00
  96 	    0.00     0.00     0.00     0.00     0.00     0.00
   	   25.00    -1.00     0.00    90.00
   	   25.00    -1.00     0.00    90.00
  97 	  134.00     0.00     0.00     0.00     0.00     0.00
  97 	  134.00     0.00     0.00     0.00     0.00     0.00
   	   25.00    -1.00     0.00    90.00
   	   25.00    -1.00     0.00    90.00
  98 	 -737.00   116.05     0.00     0.00     0.00     0.00
  98 	 -737.00   116.05     0.00     0.00     0.00     0.00
   	   25.00    -1.00     0.00    90.00
   	   25.00    -1.00     0.00    90.00
  99 	 -603.00   116.05     0.00     0.00     0.00     0.00
  99 	 -603.00   116.05     0.00     0.00     0.00     0.00
   	   25.00    -1.00     0.00    90.00
   	   25.00    -1.00     0.00    90.00
 100 	 -469.00   116.05     0.00     0.00     0.00     0.00
 100 	 -469.00   116.05     0.00     0.00     0.00     0.00
   	   25.00    -1.00     0.00    90.00
   	   25.00    -1.00     0.00    90.00
 101 	 -335.00   116.05     0.00     0.00     0.00     0.00
 101 	 -335.00   116.05     0.00     0.00     0.00     0.00
   	   25.00    -1.00     0.00    90.00
   	   25.00    -1.00     0.00    90.00
 102 	 -201.00   116.05     0.00     0.00     0.00     0.00
 102 	 -201.00   116.05     0.00     0.00     0.00     0.00
   	   25.00    -1.00     0.00    90.00
   	   25.00    -1.00     0.00    90.00
 103 	  -67.00   116.05     0.00     0.00     0.00     0.00
 103 	  -67.00   116.05     0.00     0.00     0.00     0.00
   	   25.00    -1.00     0.00    90.00
   	   25.00    -1.00     0.00    90.00
 104 	   67.00   116.05     0.00     0.00     0.00     0.00
 104 	   67.00   116.05     0.00     0.00     0.00     0.00
   	   25.00    -1.00     0.00    90.00
   	   25.00    -1.00     0.00    90.00
 105 	  201.00   116.05     0.00     0.00     0.00     0.00
 105 	  201.00   116.05     0.00     0.00     0.00     0.00
   	   25.00    -1.00     0.00    90.00
   	   25.00    -1.00     0.00    90.00
 106 	 -670.00   232.09     0.00     0.00     0.00     0.00
 106 	 -670.00   232.09     0.00     0.00     0.00     0.00
   	   25.00    -1.00     0.00    90.00
   	   25.00    -1.00     0.00    90.00
 107 	 -536.00   232.09     0.00     0.00     0.00     0.00
 107 	 -536.00   232.09     0.00     0.00     0.00     0.00
   	   25.00    -1.00     0.00    90.00
   	   25.00    -1.00     0.00    90.00
 108 	 -402.00   232.09     0.00     0.00     0.00     0.00
 108 	 -402.00   232.09     0.00     0.00     0.00     0.00
   	   25.00    -1.00     0.00    90.00
   	   25.00    -1.00     0.00    90.00
 109 	 -268.00   232.09     0.00     0.00     0.00     0.00
 109 	 -268.00   232.09     0.00     0.00     0.00     0.00
   	   25.00    -1.00     0.00    90.00
   	   25.00    -1.00     0.00    90.00
 110 	 -134.00   232.09     0.00     0.00     0.00     0.00
 110 	 -134.00   232.09     0.00     0.00     0.00     0.00
   	   25.00    -1.00     0.00    90.00
   	   25.00    -1.00     0.00    90.00
 111 	   -0.00   232.09     0.00     0.00     0.00     0.00
 111 	   -0.00   232.09     0.00     0.00     0.00     0.00
   	   25.00    -1.00     0.00    90.00
   	   25.00    -1.00     0.00    90.00
 112 	  134.00   232.09     0.00     0.00     0.00     0.00
 112 	  134.00   232.09     0.00     0.00     0.00     0.00
   	   25.00    -1.00     0.00    90.00
   	   25.00    -1.00     0.00    90.00
 113 	  268.00   232.09     0.00     0.00     0.00     0.00
 113 	  268.00   232.09     0.00     0.00     0.00     0.00
   	   25.00    -1.00     0.00    90.00
   	   25.00    -1.00     0.00    90.00
 114 	 -603.00   348.14     0.00     0.00     0.00     0.00
 114 	 -603.00   348.14     0.00     0.00     0.00     0.00
   	   25.00    -1.00     0.00    90.00
   	   25.00    -1.00     0.00    90.00
 115 	 -469.00   348.14     0.00     0.00     0.00     0.00
 115 	 -469.00   348.14     0.00     0.00     0.00     0.00
   	   25.00    -1.00     0.00    90.00
   	   25.00    -1.00     0.00    90.00
 116 	 -335.00   348.14     0.00     0.00     0.00     0.00
 116 	 -335.00   348.14     0.00     0.00     0.00     0.00
   	   25.00    -1.00     0.00    90.00
   	   25.00    -1.00     0.00    90.00
 117 	 -201.00   348.14     0.00     0.00     0.00     0.00
 117 	 -201.00   348.14     0.00     0.00     0.00     0.00
   	   25.00    -1.00     0.00    90.00
   	   25.00    -1.00     0.00    90.00
 118 	  -67.00   348.14     0.00     0.00     0.00     0.00
 118 	  -67.00   348.14     0.00     0.00     0.00     0.00
   	   25.00    -1.00     0.00    90.00
   	   25.00    -1.00     0.00    90.00
 119 	   67.00   348.14     0.00     0.00     0.00     0.00
 119 	   67.00   348.14     0.00     0.00     0.00     0.00
   	   25.00    -1.00     0.00    90.00
   	   25.00    -1.00     0.00    90.00
 120 	  201.00   348.14     0.00     0.00     0.00     0.00
 120 	  201.00   348.14     0.00     0.00     0.00     0.00
   	   25.00    -1.00     0.00    90.00
   	   25.00    -1.00     0.00    90.00
 121 	  335.00   348.14     0.00     0.00     0.00     0.00
 121 	  335.00   348.14     0.00     0.00     0.00     0.00
   	   25.00    -1.00     0.00    90.00
   	   25.00    -1.00     0.00    90.00
 122 	 -536.00  -232.09     0.00     0.00     0.00     0.00
 122 	 -536.00  -232.09     0.00     0.00     0.00     0.00
   	   25.00    -1.00     0.00    90.00
   	   25.00    -1.00     0.00    90.00
 123 	  -67.00  -348.14     0.00     0.00     0.00     0.00
 123 	  -67.00  -348.14     0.00     0.00     0.00     0.00
   	   25.00    -1.00     0.00    90.00
   	   25.00    -1.00     0.00    90.00
 124 	   67.00  -348.14     0.00     0.00     0.00     0.00
 124 	   67.00  -348.14     0.00     0.00     0.00     0.00
   	   25.00    -1.00     0.00    90.00
   	   25.00    -1.00     0.00    90.00
 125 	  201.00  -348.14     0.00     0.00     0.00     0.00
 125 	  201.00  -348.14     0.00     0.00     0.00     0.00
   	   25.00    -1.00     0.00    90.00
   	   25.00    -1.00     0.00    90.00
 126 	  335.00  -348.14     0.00     0.00     0.00     0.00
 126 	  335.00  -348.14     0.00     0.00     0.00     0.00
   	   25.00    -1.00     0.00    90.00
   	   25.00    -1.00     0.00    90.00
 127 	  469.00  -348.14     0.00     0.00     0.00     0.00
 127 	  469.00  -348.14     0.00     0.00     0.00     0.00
   	   25.00    -1.00     0.00    90.00
   	   25.00    -1.00     0.00    90.00
 128 	  603.00  -348.14     0.00     0.00     0.00     0.00
 128 	  603.00  -348.14     0.00     0.00     0.00     0.00
   	   25.00    -1.00     0.00    90.00
   	   25.00    -1.00     0.00    90.00
 129 	  737.00  -348.14     0.00     0.00     0.00     0.00
 129 	  737.00  -348.14     0.00     0.00     0.00     0.00
   	   25.00    -1.00     0.00    90.00
   	   25.00    -1.00     0.00    90.00
 130 	  871.00  -348.14     0.00     0.00     0.00     0.00
 130 	  871.00  -348.14     0.00     0.00     0.00     0.00
   	   25.00    -1.00     0.00    90.00
   	   25.00    -1.00     0.00    90.00
 131 	    0.00  -232.09     0.00     0.00     0.00     0.00
 131 	    0.00  -232.09     0.00     0.00     0.00     0.00
   	   25.00    -1.00     0.00    90.00
   	   25.00    -1.00     0.00    90.00
 132 	  134.00  -232.09     0.00     0.00     0.00     0.00
 132 	  134.00  -232.09     0.00     0.00     0.00     0.00
   	   25.00    -1.00     0.00    90.00
   	   25.00    -1.00     0.00    90.00
 133 	  268.00  -232.09     0.00     0.00     0.00     0.00
 133 	  268.00  -232.09     0.00     0.00     0.00     0.00
   	   25.00    -1.00     0.00    90.00
   	   25.00    -1.00     0.00    90.00
 134 	  402.00  -232.09     0.00     0.00     0.00     0.00
 134 	  402.00  -232.09     0.00     0.00     0.00     0.00
   	   25.00    -1.00     0.00    90.00
   	   25.00    -1.00     0.00    90.00
 135 	  536.00  -232.09     0.00     0.00     0.00     0.00
 135 	  536.00  -232.09     0.00     0.00     0.00     0.00
   	   25.00    -1.00     0.00    90.00
   	   25.00    -1.00     0.00    90.00
 136 	  670.00  -232.09     0.00     0.00     0.00     0.00
 136 	  670.00  -232.09     0.00     0.00     0.00     0.00
   	   25.00    -1.00     0.00    90.00
   	   25.00    -1.00     0.00    90.00
 137 	  804.00  -232.09     0.00     0.00     0.00     0.00
 137 	  804.00  -232.09     0.00     0.00     0.00     0.00
   	   25.00    -1.00     0.00    90.00
   	   25.00    -1.00     0.00    90.00
 138 	  938.00  -232.09     0.00     0.00     0.00     0.00
 138 	  938.00  -232.09     0.00     0.00     0.00     0.00
   	   25.00    -1.00     0.00    90.00
   	   25.00    -1.00     0.00    90.00
 139 	   67.00  -116.05     0.00     0.00     0.00     0.00
 139 	   67.00  -116.05     0.00     0.00     0.00     0.00
   	   25.00    -1.00     0.00    90.00
   	   25.00    -1.00     0.00    90.00
 140 	  201.00  -116.05     0.00     0.00     0.00     0.00
 140 	  201.00  -116.05     0.00     0.00     0.00     0.00
   	   25.00    -1.00     0.00    90.00
   	   25.00    -1.00     0.00    90.00
 141 	  335.00  -116.05     0.00     0.00     0.00     0.00
 141 	  335.00  -116.05     0.00     0.00     0.00     0.00
   	   25.00    -1.00     0.00    90.00
   	   25.00    -1.00     0.00    90.00
 142 	  469.00  -116.05     0.00     0.00     0.00     0.00
 142 	  469.00  -116.05     0.00     0.00     0.00     0.00
   	   25.00    -1.00     0.00    90.00
   	   25.00    -1.00     0.00    90.00
 143 	  603.00  -116.05     0.00     0.00     0.00     0.00
 143 	  603.00  -116.05     0.00     0.00     0.00     0.00
   	   25.00    -1.00     0.00    90.00
   	   25.00    -1.00     0.00    90.00
 144 	  737.00  -116.05     0.00     0.00     0.00     0.00
 144 	  737.00  -116.05     0.00     0.00     0.00     0.00
   	   25.00    -1.00     0.00    90.00
   	   25.00    -1.00     0.00    90.00
 145 	  871.00  -116.05     0.00     0.00     0.00     0.00
 145 	  871.00  -116.05     0.00     0.00     0.00     0.00
   	   25.00    -1.00     0.00    90.00
   	   25.00    -1.00     0.00    90.00
 146 	 1005.00  -116.05     0.00     0.00     0.00     0.00
 146 	 1005.00  -116.05     0.00     0.00     0.00     0.00
   	   25.00    -1.00     0.00    90.00
   	   25.00    -1.00     0.00    90.00

** End writing output file: ../inputs/gr652.dat 
