*******************************************************************************
                         ARRAY PREPROCESSOR ver. 1.0
*******************************************************************************



   1	GROUP testgroup
   3	 GRID TRIANGULAR
   4	 ELEMENT
   5	 GEOMETRY CIRCULAR 66
   7	 ADD NODE 3 -5 ORIENTATION 0 -7 48
   8	 ADD BLOCK -8 1 5 -3
   9	 ADD BLOCK 0 0 0 -2
  10	 ADD BLOCK 8 -5 -3 -13
  12	 GROUP_EXCITATION
  13	 AMPLITUDE UNIFORM 27
  14	 PHASE UNIFORM 23
  15	 END

** WARNING B2: GRID step(s) too small for specified element in GROUP: testgroup
** Generating GROUP: testgroup.
** PSTEP,QSTEP set to:132.000000,132.000000
** Grid ANGLE set to:60.000000 
** Group ROT_ANGLE set to: 0.000000 

** Writing output file: ../inputs/gr655.dat

NEL 
NPORTS
IDUM      REXA     REYA     REZA     THEA     PHEA     PSEA 
          AMP      PSH      PSC      PHEPOL
 182
 182
   1
   1
   1 	   66.00  -571.58     0.00     0.00    -7.00    48.00
   1 	   66.00  -571.58     0.00     0.00    -7.00    48.00
   	   27.00    23.00     0.00    90.00
   	   27.00    23.00     0.00    90.00
   2 	-1254.00  -342.95     0.00     0.00     0.00     0.00
   2 	-1254.00  -342.95     0.00     0.00     0.00     0.00
   	   27.00    23.00     0.00    90.00
   	   27.00    23.00     0.00    90.00
   3 	-1122.00  -342.95     0.00     0.00     0.00     0.00
   3 	-1122.00  -342.95     0.00     0.00     0.00     0.00
   	   27.00    23.00     0.00    90.00
   	   27.00    23.00     0.00    90.00
   4 	 -990.00  -342.95     0.00     0.00     0.00     0.00
   4 	 -990.00  -342.95     0.00     0.00     0.00     0.00
   	   27.00    23.00     0.00    90.00
   	   27.00    23.00     0.00    90.00
   5 	 -858.00  -342.95     0.00     0.00     0.00     0.00
   5 	 -858.00  -342.95     0.00     0.00     0.00     0.00
   	   27.00    23.00     0.00    90.00
   	   27.00    23.00     0.00    90.00
   6 	 -726.00  -342.95     0.00     0.00     0.00     0.00
   6 	 -726.00  -342.95     0.00     0.00     0.00     0.00
   	   27.00    23.00     0.00    90.00
   	   27.00    23.00     0.00    90.00
   7 	 -594.00  -342.95     0.00     0.00     0.00     0.00
   7 	 -594.00  -342.95     0.00     0.00     0.00     0.00
   	   27.00    23.00     0.00    90.00
   	   27.00    23.00     0.00    90.00
   8 	 -462.00  -342.95     0.00     0.00     0.00     0.00
   8 	 -462.00  -342.95     0.00     0.00     0.00     0.00
   	   27.00    23.00     0.00    90.00
   	   27.00    23.00     0.00    90.00
   9 	 -330.00  -342.95     0.00     0.00     0.00     0.00
   9 	 -330.00  -342.95     0.00     0.00     0.00     0.00
   	   27.00    23.00     0.00    90.00
   	   27.00    23.00     0.00    90.00
  10 	 -198.00  -342.95     0.00     0.00     0.00     0.00
  10 	 -198.00  -342.95     0.00     0.00     0.00     0.00
   	   27.00    23.00     0.00    90.00
   	   27.00    23.00     0.00    90.00
  11 	  -66.00  -342.95     0.00     0.00     0.00     0.00
  11 	  -66.00  -342.95     0.00     0.00     0.00     0.00
   	   27.00    23.00     0.00    90.00
   	   27.00    23.00     0.00    90.00
  12 	   66.00  -342.95     0.00     0.00     0.00     0.00
  12 	   66.00  -342.95     0.00     0.00     0.00     0.00
   	   27.00    23.00     0.00    90.00
   	   27.00    23.00     0.00    90.00
  13 	  198.00  -342.95     0.00     0.00     0.00     0.00
  13 	  198.00  -342.95     0.00     0.00     0.00     0.00
   	   27.00    23.00     0.00    90.00
   	   27.00    23.00     0.00    90.00
  14 	  330.00  -342.95     0.00     0.00     0.00     0.00
  14 	  330.00  -342.95     0.00     0.00     0.00     0.00
   	   27.00    23.00     0.00    90.00
   	   27.00    23.00     0.00    90.00
  15 	  462.00  -342.95     0.00     0.00     0.00     0.00
  15 	  462.00  -342.95     0.00     0.00     0.00     0.00
   	   27.00    23.00     0.00    90.00
   	   27.00    23.00     0.00    90.00
  16 	-1188.00  -228.63     0.00     0.00     0.00     0.00
  16 	-1188.00  -228.63     0.00     0.00     0.00     0.00
   	   27.00    23.00     0.00    90.00
   	   27.00    23.00     0.00    90.00
  17 	-1056.00  -228.63     0.00     0.00     0.00     0.00
  17 	-1056.00  -228.63     0.00     0.00     0.00     0.00
   	   27.00    23.00     0.00    90.00
   	   27.00    23.00     0.00    90.00
  18 	 -924.00  -228.63     0.00     0.00     0.00     0.00
  18 	 -924.00  -228.63     0.00     0.00     0.00     0.00
   	   27.00    23.00     0.00    90.00
   	   27.00    23.00     0.00    90.00
  19 	 -792.00  -228.63     0.00     0.00     0.00     0.00
  19 	 -792.00  -228.63     0.00     0.00     0.00     0.00
   	   27.00    23.00     0.00    90.00
   	   27.00    23.00     0.00    90.00
  20 	 -660.00  -228.63     0.00     0.00     0.00     0.00
  20 	 -660.00  -228.63     0.00     0.00     0.00     0.00
   	   27.00    23.00     0.00    90.00
   	   27.00    23.00     0.00    90.00
  21 	 -528.00  -228.63     0.00     0.00     0.00     0.00
  21 	 -528.00  -228.63     0.00     0.00     0.00     0.00
   	   27.00    23.00     0.00    90.00
   	   27.00    23.00     0.00    90.00
  22 	 -396.00  -228.63     0.00     0.00     0.00     0.00
  22 	 -396.00  -228.63     0.00     0.00     0.00     0.00
   	   27.00    23.00     0.00    90.00
   	   27.00    23.00     0.00    90.00
  23 	 -264.00  -228.63     0.00     0.00     0.00     0.00
  23 	 -264.00  -228.63     0.00     0.00     0.00     0.00
   	   27.00    23.00     0.00    90.00
   	   27.00    23.00     0.00    90.00
  24 	 -132.00  -228.63     0.00     0.00     0.00     0.00
  24 	 -132.00  -228.63     0.00     0.00     0.00     0.00
   	   27.00    23.00     0.00    90.00
   	   27.00    23.00     0.00    90.00
  25 	    0.00  -228.63     0.00     0.00     0.00     0.00
  25 	    0.00  -228.63     0.00     0.00     0.00     0.00
   	   27.00    23.00     0.00    90.00
   	   27.00    23.00     0.00    90.00
  26 	  132.00  -228.63     0.00     0.00     0.00     0.00
  26 	  132.00  -228.63     0.00     0.00     0.00     0.00
   	   27.00    23.00     0.00    90.00
   	   27.00    23.00     0.00    90.00
  27 	  264.00  -228.63     0.00     0.00     0.00     0.00
  27 	  264.00  -228.63     0.00     0.00     0.00     0.00
   	   27.00    23.00     0.00    90.00
   	   27.00    23.00     0.00    90.00
  28 	  396.00  -228.63     0.00     0.00     0.00     0.00
  28 	  396.00  -228.63     0.00     0.00     0.00     0.00
   	   27.00    23.00     0.00    90.00
   	   27.00    23.00     0.00    90.00
  29 	  528.00  -228.63     0.00     0.00     0.00     0.00
  29 	  528.00  -228.63     0.00     0.00     0.00     0.00
   	   27.00    23.00     0.00    90.00
   	   27.00    23.00     0.00    90.00
  30 	-1122.00  -114.32     0.00     0.00     0.00     0.00
  30 	-1122.00  -114.32     0.00     0.00     0.00     0.00
   	   27.00    23.00     0.00    90.00
   	   27.00    23.00     0.00    90.00
  31 	 -990.00  -114.32     0.00     0.00     0.00     0.00
  31 	 -990.00  -114.32     0.00     0.00     0.00     0.00
   	   27.00    23.00     0.00    90.00
   	   27.00    23.00     0.00    90.00
  32 	 -858.00  -114.32     0.00     0.00     0.00     0.00
  32 	 -858.00  -114.32     0.00     0.00     0.00     0.00
   	   27.00    23.00     0.00    90.00
   	   27.00    23.00     0.00    90.00
  33 	 -726.00  -114.32     0.00     0.00     0.00     0.00
  33 	 -726.00  -114.32     0.00     0.00     0.00     0.00
   	   27.00    23.00     0.00    90.00
   	   27.00    23.00     0.00    90.00
  34 	 -594.00  -114.32     0.00     0.00     0.00     0.00
  34 	 -594.00  -114.32     0.00     0.00     0.00     0.00
   	   27.00    23.00     0.00    90.00
   	   27.00    23.00     0.00    90.00
  35 	 -462.00  -114.32     0.00     0.00     0.00     0.00
  35 	 -462.00  -114.32     0.00     0.00     0.00     0.00
   	   27.00    23.00     0.00    90.00
   	   27.00    23.00     0.00    90.00
  36 	 -330.00  -114.32     0.00     0.00     0.00     0.00
  36 	 -330.00  -114.32     0.00     0.00     0.00     0.00
   	   27.00    23.00     0.00    90.00
   	   27.00    23.00     0.00    90.00
  37 	 -198.00  -114.32     0.00     0.00     0.00     0.00
  37 	 -198.00  -114.32     0.00     0.00     0.00     0.00
   	   27.00    23.00     0.00    90.00
   	   27.00    23.00     0.00    90.00
  38 	  -66.00  -114.32     0.00     0.00     0.00     0.00
  38 	  -66.00  -114.32     0.00     0.00     0.00     0.00
   	   27.00    23.00     0.00    90.00
   	   27.00    23.00     0.00    90.00
  39 	   66.00  -114.32     0.00     0.00     0.00     0.00
  39 	   66.00  -114.32     0.00     0.00     0.00     0.00
   	   27.00    23.00     0.00    90.00
   	   27.00    23.00     0.00    90.00
  40 	  198.00  -114.32     0.00     0.00     0.00     0.00
  40 	  198.00  -114.32     0.00     0.00     0.00     0.00
   	   27.00    23.00     0.00    90.00
   	   27.00    23.00     0.00    90.00
  41 	  330.00  -114.32     0.00     0.00     0.00     0.00
  41 	  330.00  -114.32     0.00     0.00     0.00     0.00
   	   27.00    23.00     0.00    90.00
   	   27.00    23.00     0.00    90.00
  42 	  462.00  -114.32     0.00     0.00     0.00     0.00
  42 	  462.00  -114.32     0.00     0.00     0.00     0.00
   	   27.00    23.00     0.00    90.00
   	   27.00    23.00     0.00    90.00
  43 	  594.00  -114.32     0.00     0.00     0.00     0.00
  43 	  594.00  -114.32     0.00     0.00     0.00     0.00
   	   27.00    23.00     0.00    90.00
   	   27.00    23.00     0.00    90.00
  44 	-1056.00     0.00     0.00     0.00     0.00     0.00
  44 	-1056.00     0.00     0.00     0.00     0.00     0.00
   	   27.00    23.00     0.00    90.00
   	   27.00    23.00     0.00    90.00
  45 	 -924.00     0.00     0.00     0.00     0.00     0.00
  45 	 -924.00     0.00     0.00     0.00     0.00     0.00
   	   27.00    23.00     0.00    90.00
   	   27.00    23.00     0.00    90.00
  46 	 -792.00     0.00     0.00     0.00     0.00     0.00
  46 	 -792.00     0.00     0.00     0.00     0.00     0.00
   	   27.00    23.00     0.00    90.00
   	   27.00    23.00     0.00    90.00
  47 	 -660.00     0.00     0.00     0.00     0.00     0.00
  47 	 -660.00     0.00     0.00     0.00     0.00     0.00
   	   27.00    23.00     0.00    90.00
   	   27.00    23.00     0.00    90.00
  48 	 -528.00     0.00     0.00     0.00     0.00     0.00
  48 	 -528.00     0.00     0.00     0.00     0.00     0.00
   	   27.00    23.00     0.00    90.00
   	   27.00    23.00     0.00    90.00
  49 	 -396.00     0.00     0.00     0.00     0.00     0.00
  49 	 -396.00     0.00     0.00     0.00     0.00     0.00
   	   27.00    23.00     0.00    90.00
   	   27.00    23.00     0.00    90.00
  50 	 -264.00     0.00     0.00     0.00     0.00     0.00
  50 	 -264.00     0.00     0.00     0.00     0.00     0.00
   	   27.00    23.00     0.00    90.00
   	   27.00    23.00     0.00    90.00
  51 	 -132.00     0.00     0.00     0.00     0.00     0.00
  51 	 -132.00     0.00     0.00     0.00     0.00     0.00
   	   27.00    23.00     0.00    90.00
   	   27.00    23.00     0.00    90.00
  52 	    0.00     0.00     0.00     0.00     0.00     0.00
  52 	    0.00     0.00     0.00     0.00     0.00     0.00
   	   27.00    23.00     0.00    90.00
   	   27.00    23.00     0.00    90.00
  53 	  132.00     0.00     0.00     0.00     0.00     0.00
  53 	  132.00     0.00     0.00     0.00     0.00     0.00
   	   27.00    23.00     0.00    90.00
   	   27.00    23.00     0.00    90.00
  54 	  264.00     0.00     0.00     0.00     0.00     0.00
  54 	  264.00     0.00     0.00     0.00     0.00     0.00
   	   27.00    23.00     0.00    90.00
   	   27.00    23.00     0.00    90.00
  55 	  396.00     0.00     0.00     0.00     0.00     0.00
  55 	  396.00     0.00     0.00     0.00     0.00     0.00
   	   27.00    23.00     0.00    90.00
   	   27.00    23.00     0.00    90.00
  56 	  528.00     0.00     0.00     0.00     0.00     0.00
  56 	  528.00     0.00     0.00     0.00     0.00     0.00
   	   27.00    23.00     0.00    90.00
   	   27.00    23.00     0.00    90.00
  57 	  660.00     0.00     0.00     0.00     0.00     0.00
  57 	  660.00     0.00     0.00     0.00     0.00     0.00
   	   27.00    23.00     0.00    90.00
   	   27.00    23.00     0.00    90.00
  58 	 -990.00   114.32     0.00     0.00     0.00     0.00
  58 	 -990.00   114.32     0.00     0.00     0.00     0.00
   	   27.00    23.00     0.00    90.00
   	   27.00    23.00     0.00    90.00
  59 	 -858.00   114.32     0.00     0.00     0.00     0.00
  59 	 -858.00   114.32     0.00     0.00     0.00     0.00
   	   27.00    23.00     0.00    90.00
   	   27.00    23.00     0.00    90.00
  60 	 -726.00   114.32     0.00     0.00     0.00     0.00
  60 	 -726.00   114.32     0.00     0.00     0.00     0.00
   	   27.00    23.00     0.00    90.00
   	   27.00    23.00     0.00    90.00
  61 	 -594.00   114.32     0.00     0.00     0.00     0.00
  61 	 -594.00   114.32     0.00     0.00     0.00     0.00
   	   27.00    23.00     0.00    90.00
   	   27.00    23.00     0.00    90.00
  62 	 -462.00   114.32     0.00     0.00     0.00     0.00
  62 	 -462.00   114.32     0.00     0.00     0.00     0.00
   	   27.00    23.00     0.00    90.00
   	   27.00    23.00     0.00    90.00
  63 	 -330.00   114.32     0.00     0.00     0.00     0.00
  63 	 -330.00   114.32     0.00     0.00     0.00     0.00
   	   27.00    23.00     0.00    90.00
   	   27.00    23.00     0.00    90.00
  64 	 -198.00   114.32     0.00     0.00     0.00     0.00
  64 	 -198.00   114.32     0.00     0.00     0.00     0.00
   	   27.00    23.00     0.00    90.00
   	   27.00    23.00     0.00    90.00
  65 	  -66.00   114.32     0.00     0.00     0.00     0.00
  65 	  -66.00   114.32     0.00     0.00     0.00     0.00
   	   27.00    23.00     0.00    90.00
   	   27.00    23.00     0.00    90.00
  66 	   66.00   114.32     0.00     0.00     0.00     0.00
  66 	   66.00   114.32     0.00     0.00     0.00     0.00
   	   27.00    23.00     0.00    90.00
   	   27.00    23.00     0.00    90.00
  67 	  198.00   114.32     0.00     0.00     0.00     0.00
  67 	  198.00   114.32     0.00     0.00     0.00     0.00
   	   27.00    23.00     0.00    90.00
   	   27.00    23.00     0.00    90.00
  68 	  330.00   114.32     0.00     0.00     0.00     0.00
  68 	  330.00   114.32     0.00     0.00     0.00     0.00
   	   27.00    23.00     0.00    90.00
   	   27.00    23.00     0.00    90.00
  69 	  462.00   114.32     0.00     0.00     0.00     0.00
  69 	  462.00   114.32     0.00     0.00     0.00     0.00
   	   27.00    23.00     0.00    90.00
   	   27.00    23.00     0.00    90.00
  70 	  594.00   114.32     0.00     0.00     0.00     0.00
  70 	  594.00   114.32     0.00     0.00     0.00     0.00
   	   27.00    23.00     0.00    90.00
   	   27.00    23.00     0.00    90.00
  71 	  726.00   114.32     0.00     0.00     0.00     0.00
  71 	  726.00   114.32     0.00     0.00     0.00     0.00
   	   27.00    23.00     0.00    90.00
   	   27.00    23.00     0.00    90.00
  72 	 -132.00  -228.63     0.00     0.00     0.00     0.00
  72 	 -132.00  -228.63     0.00     0.00     0.00     0.00
   	   27.00    23.00     0.00    90.00
   	   27.00    23.00     0.00    90.00
  73 	  -66.00  -114.32     0.00     0.00     0.00     0.00
  73 	  -66.00  -114.32     0.00     0.00     0.00     0.00
   	   27.00    23.00     0.00    90.00
   	   27.00    23.00     0.00    90.00
  74 	    0.00     0.00     0.00     0.00     0.00     0.00
  74 	    0.00     0.00     0.00     0.00     0.00     0.00
   	   27.00    23.00     0.00    90.00
   	   27.00    23.00     0.00    90.00
  75 	-1254.00 -1486.10     0.00     0.00     0.00     0.00
  75 	-1254.00 -1486.10     0.00     0.00     0.00     0.00
   	   27.00    23.00     0.00    90.00
   	   27.00    23.00     0.00    90.00
  76 	-1122.00 -1486.10     0.00     0.00     0.00     0.00
  76 	-1122.00 -1486.10     0.00     0.00     0.00     0.00
   	   27.00    23.00     0.00    90.00
   	   27.00    23.00     0.00    90.00
  77 	 -990.00 -1486.10     0.00     0.00     0.00     0.00
  77 	 -990.00 -1486.10     0.00     0.00     0.00     0.00
   	   27.00    23.00     0.00    90.00
   	   27.00    23.00     0.00    90.00
  78 	 -858.00 -1486.10     0.00     0.00     0.00     0.00
  78 	 -858.00 -1486.10     0.00     0.00     0.00     0.00
   	   27.00    23.00     0.00    90.00
   	   27.00    23.00     0.00    90.00
  79 	 -726.00 -1486.10     0.00     0.00     0.00     0.00
  79 	 -726.00 -1486.10     0.00     0.00     0.00     0.00
   	   27.00    23.00     0.00    90.00
   	   27.00    23.00     0.00    90.00
  80 	 -594.00 -1486.10     0.00     0.00     0.00     0.00
  80 	 -594.00 -1486.10     0.00     0.00     0.00     0.00
   	   27.00    23.00     0.00    90.00
   	   27.00    23.00     0.00    90.00
  81 	 -462.00 -1486.10     0.00     0.00     0.00     0.00
  81 	 -462.00 -1486.10     0.00     0.00     0.00     0.00
   	   27.00    23.00     0.00    90.00
   	   27.00    23.00     0.00    90.00
  82 	 -330.00 -1486.10     0.00     0.00     0.00     0.00
  82 	 -330.00 -1486.10     0.00     0.00     0.00     0.00
   	   27.00    23.00     0.00    90.00
   	   27.00    23.00     0.00    90.00
  83 	 -198.00 -1486.10     0.00     0.00     0.00     0.00
  83 	 -198.00 -1486.10     0.00     0.00     0.00     0.00
   	   27.00    23.00     0.00    90.00
   	   27.00    23.00     0.00    90.00
  84 	  -66.00 -1486.10     0.00     0.00     0.00     0.00
  84 	  -66.00 -1486.10     0.00     0.00     0.00     0.00
   	   27.00    23.00     0.00    90.00
   	   27.00    23.00     0.00    90.00
  85 	   66.00 -1486.10     0.00     0.00     0.00     0.00
  85 	   66.00 -1486.10     0.00     0.00     0.00     0.00
   	   27.00    23.00     0.00    90.00
   	   27.00    23.00     0.00    90.00
  86 	  198.00 -1486.10     0.00     0.00     0.00     0.00
  86 	  198.00 -1486.10     0.00     0.00     0.00     0.00
   	   27.00    23.00     0.00    90.00
   	   27.00    23.00     0.00    90.00
  87 	-1188.00 -1371.78     0.00     0.00     0.00     0.00
  87 	-1188.00 -1371.78     0.00     0.00     0.00     0.00
   	   27.00    23.00     0.00    90.00
   	   27.00    23.00     0.00    90.00
  88 	-1056.00 -1371.78     0.00     0.00     0.00     0.00
  88 	-1056.00 -1371.78     0.00     0.00     0.00     0.00
   	   27.00    23.00     0.00    90.00
   	   27.00    23.00     0.00    90.00
  89 	 -924.00 -1371.78     0.00     0.00     0.00     0.00
  89 	 -924.00 -1371.78     0.00     0.00     0.00     0.00
   	   27.00    23.00     0.00    90.00
   	   27.00    23.00     0.00    90.00
  90 	 -792.00 -1371.78     0.00     0.00     0.00     0.00
  90 	 -792.00 -1371.78     0.00     0.00     0.00     0.00
   	   27.00    23.00     0.00    90.00
   	   27.00    23.00     0.00    90.00
  91 	 -660.00 -1371.78     0.00     0.00     0.00     0.00
  91 	 -660.00 -1371.78     0.00     0.00     0.00     0.00
   	   27.00    23.00     0.00    90.00
   	   27.00    23.00     0.00    90.00
  92 	 -528.00 -1371.78     0.00     0.00     0.00     0.00
  92 	 -528.00 -1371.78     0.00     0.00     0.00     0.00
   	   27.00    23.00     0.00    90.00
   	   27.00    23.00     0.00    90.00
  93 	 -396.00 -1371.78     0.00     0.00     0.00     0.00
  93 	 -396.00 -1371.78     0.00     0.00     0.00     0.00
   	   27.00    23.00     0.00    90.00
   	   27.00    23.00     0.00    90.00
  94 	 -264.00 -1371.78     0.00     0.00     0.00     0.00
  94 	 -264.00 -1371.78     0.00     0.00     0.00     0.00
   	   27.00    23.00     0.00    90.00
   	   27.00    23.00     0.00    90.00
  95 	 -132.00 -1371.78     0.00     0.00     0.00     0.00
  95 	 -132.00 -1371.78     0.00     0.00     0.00     0.00
   	   27.00    23.00     0.00    90.00
   	   27.00    23.00     0.00    90.00
  96 	    0.00 -1371.78     0.00     0.00     0.00     0.00
  96 	    0.00 -1371.78     0.00     0.00     0.00     0.00
   	   27.00    23.00     0.00    90.00
   	   27.00    23.00     0.00    90.00
  97 	  132.00 -1371.78     0.00     0.00     0.00     0.00
  97 	  132.00 -1371.78     0.00     0.00     0.00     0.00
   	   27.00    23.00     0.00    90.00
   	   27.00    23.00     0.00    90.00
  98 	  264.00 -1371.78     0.00     0.00     0.00     0.00
  98 	  264.00 -1371.78     0.00     0.00     0.00     0.00
   	   27.00    23.00     0.00    90.00
   	   27.00    23.00     0.00    90.00
  99 	-1122.00 -1257.47     0.00     0.00     0.00     0.00
  99 	-1122.00 -1257.47     0.00     0.00     0.00     0.00
   	   27.00    23.00     0.00    90.00
   	   27.00    23.00     0.00    90.00
 100 	 -990.00 -1257.47     0.00     0.00     0.00     0.00
 100 	 -990.00 -1257.47     0.00     0.00     0.00     0.00
   	   27.00    23.00     0.00    90.00
   	   27.00    23.00     0.00    90.00
 101 	 -858.00 -1257.47     0.00     0.00     0.00     0.00
 101 	 -858.00 -1257.47     0.00     0.00     0.00     0.00
   	   27.00    23.00     0.00    90.00
   	   27.00    23.00     0.00    90.00
 102 	 -726.00 -1257.47     0.00     0.00     0.00     0.00
 102 	 -726.00 -1257.47     0.00     0.00     0.00     0.00
   	   27.00    23.00     0.00    90.00
   	   27.00    23.00     0.00    90.00
 103 	 -594.00 -1257.47     0.00     0.00     0.00     0.00
 103 	 -594.00 -1257.47     0.00     0.00     0.00     0.00
   	   27.00    23.00     0.00    90.00
   	   27.00    23.00     0.00    90.00
 104 	 -462.00 -1257.47     0.00     0.00     0.00     0.00
 104 	 -462.00 -1257.47     0.00     0.00     0.00     0.00
   	   27.00    23.00     0.00    90.00
   	   27.00    23.00     0.00    90.00
 105 	 -330.00 -1257.47     0.00     0.00     0.00     0.00
 105 	 -330.00 -1257.47     0.00     0.00     0.00     0.00
   	   27.00    23.00     0.00    90.00
   	   27.00    23.00     0.00    90.00
 106 	 -198.00 -1257.47     0.00     0.00     0.00     0.00
 106 	 -198.00 -1257.47     0.00     0.00     0.00     0.00
   	   27.00    23.00     0.00    90.00
   	   27.00    23.00     0.00    90.00
 107 	  -66.00 -1257.47     0.00     0.00     0.00     0.00
 107 	  -66.00 -1257.47     0.00     0.00     0.00     0.00
   	   27.00    23.00     0.00    90.00
   	   27.00    23.00     0.00    90.00
 108 	   66.00 -1257.47     0.00     0.00     0.00     0.00
 108 	   66.00 -1257.47     0.00     0.00     0.00     0.00
   	   27.00    23.00     0.00    90.00
   	   27.00    23.00     0.00    90.00
 109 	  198.00 -1257.47     0.00     0.00     0.00     0.00
 109 	  198.00 -1257.47     0.00     0.00     0.00     0.00
   	   27.00    23.00     0.00    90.00
   	   27.00    23.00     0.00    90.00
 110 	  330.00 -1257.47     0.00     0.00     0.00     0.00
 110 	  330.00 -1257.47     0.00     0.00     0.00     0.00
   	   27.00    23.00     0.00    90.00
   	   27.00    23.00     0.00    90.00
 111 	-1056.00 -1143.15     0.00     0.00     0.00     0.00
 111 	-1056.00 -1143.15     0.00     0.00     0.00     0.00
   	   27.00    23.00     0.00    90.00
   	   27.00    23.00     0.00    90.00
 112 	 -924.00 -1143.15     0.00     0.00     0.00     0.00
 112 	 -924.00 -1143.15     0.00     0.00     0.00     0.00
   	   27.00    23.00     0.00    90.00
   	   27.00    23.00     0.00    90.00
 113 	 -792.00 -1143.15     0.00     0.00     0.00     0.00
 113 	 -792.00 -1143.15     0.00     0.00     0.00     0.00
   	   27.00    23.00     0.00    90.00
   	   27.00    23.00     0.00    90.00
 114 	 -660.00 -1143.15     0.00     0.00     0.00     0.00
 114 	 -660.00 -1143.15     0.00     0.00     0.00     0.00
   	   27.00    23.00     0.00    90.00
   	   27.00    23.00     0.00    90.00
 115 	 -528.00 -1143.15     0.00     0.00     0.00     0.00
 115 	 -528.00 -1143.15     0.00     0.00     0.00     0.00
   	   27.00    23.00     0.00    90.00
   	   27.00    23.00     0.00    90.00
 116 	 -396.00 -1143.15     0.00     0.00     0.00     0.00
 116 	 -396.00 -1143.15     0.00     0.00     0.00     0.00
   	   27.00    23.00     0.00    90.00
   	   27.00    23.00     0.00    90.00
 117 	 -264.00 -1143.15     0.00     0.00     0.00     0.00
 117 	 -264.00 -1143.15     0.00     0.00     0.00     0.00
   	   27.00    23.00     0.00    90.00
   	   27.00    23.00     0.00    90.00
 118 	 -132.00 -1143.15     0.00     0.00     0.00     0.00
 118 	 -132.00 -1143.15     0.00     0.00     0.00     0.00
   	   27.00    23.00     0.00    90.00
   	   27.00    23.00     0.00    90.00
 119 	    0.00 -1143.15     0.00     0.00     0.00     0.00
 119 	    0.00 -1143.15     0.00     0.00     0.00     0.00
   	   27.00    23.00     0.00    90.00
   	   27.00    23.00     0.00    90.00
 120 	  132.00 -1143.15     0.00     0.00     0.00     0.00
 120 	  132.00 -1143.15     0.00     0.00     0.00     0.00
   	   27.00    23.00     0.00    90.00
   	   27.00    23.00     0.00    90.00
 121 	  264.00 -1143.15     0.00     0.00     0.00     0.00
 121 	  264.00 -1143.15     0.00     0.00     0.00     0.00
   	   27.00    23.00     0.00    90.00
   	   27.00    23.00     0.00    90.00
 122 	  396.00 -1143.15     0.00     0.00     0.00     0.00
 122 	  396.00 -1143.15     0.00     0.00     0.00     0.00
   	   27.00    23.00     0.00    90.00
   	   27.00    23.00     0.00    90.00
 123 	 -990.00 -1028.84     0.00     0.00     0.00     0.00
 123 	 -990.00 -1028.84     0.00     0.00     0.00     0.00
   	   27.00    23.00     0.00    90.00
   	   27.00    23.00     0.00    90.00
 124 	 -858.00 -1028.84     0.00     0.00     0.00     0.00
 124 	 -858.00 -1028.84     0.00     0.00     0.00     0.00
   	   27.00    23.00     0.00    90.00
   	   27.00    23.00     0.00    90.00
 125 	 -726.00 -1028.84     0.00     0.00     0.00     0.00
 125 	 -726.00 -1028.84     0.00     0.00     0.00     0.00
   	   27.00    23.00     0.00    90.00
   	   27.00    23.00     0.00    90.00
 126 	 -594.00 -1028.84     0.00     0.00     0.00     0.00
 126 	 -594.00 -1028.84     0.00     0.00     0.00     0.00
   	   27.00    23.00     0.00    90.00
   	   27.00    23.00     0.00    90.00
 127 	 -462.00 -1028.84     0.00     0.00     0.00     0.00
 127 	 -462.00 -1028.84     0.00     0.00     0.00     0.00
   	   27.00    23.00     0.00    90.00
   	   27.00    23.00     0.00    90.00
 128 	 -330.00 -1028.84     0.00     0.00     0.00     0.00
 128 	 -330.00 -1028.84     0.00     0.00     0.00     0.00
   	   27.00    23.00     0.00    90.00
   	   27.00    23.00     0.00    90.00
 129 	 -198.00 -1028.84     0.00     0.00     0.00     0.00
 129 	 -198.00 -1028.84     0.00     0.00     0.00     0.00
   	   27.00    23.00     0.00    90.00
   	   27.00    23.00     0.00    90.00
 130 	  -66.00 -1028.84     0.00     0.00     0.00     0.00
 130 	  -66.00 -1028.84     0.00     0.00     0.00     0.00
   	   27.00    23.00     0.00    90.00
   	   27.00    23.00     0.00    90.00
 131 	   66.00 -1028.84     0.00     0.00     0.00     0.00
 131 	   66.00 -1028.84     0.00     0.00     0.00     0.00
   	   27.00    23.00     0.00    90.00
   	   27.00    23.00     0.00    90.00
 132 	  198.00 -1028.84     0.00     0.00     0.00     0.00
 132 	  198.00 -1028.84     0.00     0.00     0.00     0.00
   	   27.00    23.00     0.00    90.00
   	   27.00    23.00     0.00    90.00
 133 	  330.00 -1028.84     0.00     0.00     0.00     0.00
 133 	  330.00 -1028.84     0.00     0.00     0.00     0.00
   	   27.00    23.00     0.00    90.00
   	   27.00    23.00     0.00    90.00
 134 	  462.00 -1028.84     0.00     0.00     0.00     0.00
 134 	  462.00 -1028.84     0.00     0.00     0.00     0.00
   	   27.00    23.00     0.00    90.00
   	   27.00    23.00     0.00    90.00
 135 	 -924.00  -914.52     0.00     0.00     0.00     0.00
 135 	 -924.00  -914.52     0.00     0.00     0.00     0.00
   	   27.00    23.00     0.00    90.00
   	   27.00    23.00     0.00    90.00
 136 	 -792.00  -914.52     0.00     0.00     0.00     0.00
 136 	 -792.00  -914.52     0.00     0.00     0.00     0.00
   	   27.00    23.00     0.00    90.00
   	   27.00    23.00     0.00    90.00
 137 	 -660.00  -914.52     0.00     0.00     0.00     0.00
 137 	 -660.00  -914.52     0.00     0.00     0.00     0.00
   	   27.00    23.00     0.00    90.00
   	   27.00    23.00     0.00    90.00
 138 	 -528.00  -914.52     0.00     0.00     0.00     0.00
 138 	 -528.00  -914.52     0.00     0.00     0.00     0.00
   	   27.00    23.00     0.00    90.00
   	   27.00    23.00     0.00    90.00
 139 	 -396.00  -914.52     0.00     0.00     0.00     0.00
 139 	 -396.00  -914.52     0.00     0.00     0.00     0.00
   	   27.00    23.00     0.00    90.00
   	   27.00    23.00     0.00    90.00
 140 	 -264.00  -914.52     0.00     0.00     0.00     0.00
 140 	 -264.00  -914.52     0.00     0.00     0.00     0.00
   	   27.00    23.00     0.00    90.00
   	   27.00    23.00     0.00    90.00
 141 	 -132.00  -914.52     0.00     0.00     0.00     0.00
 141 	 -132.00  -914.52     0.00     0.00     0.00     0.00
   	   27.00    23.00     0.00    90.00
   	   27.00    23.00     0.00    90.00
 142 	    0.00  -914.52     0.00     0.00     0.00     0.00
 142 	    0.00  -914.52     0.00     0.00     0.00     0.00
   	   27.00    23.00     0.00    90.00
   	   27.00    23.00     0.00    90.00
 143 	  132.00  -914.52     0.00     0.00     0.00     0.00
 143 	  132.00  -914.52     0.00     0.00     0.00     0.00
   	   27.00    23.00     0.00    90.00
   	   27.00    23.00     0.00    90.00
 144 	  264.00  -914.52     0.00     0.00     0.00     0.00
 144 	  264.00  -914.52     0.00     0.00     0.00     0.00
   	   27.00    23.00     0.00    90.00
   	   27.00    23.00     0.00    90.00
 145 	  396.00  -914.52     0.00     0.00     0.00     0.00
 145 	  396.00  -914.52     0.00     0.00     0.00     0.00
   	   27.00    23.00     0.00    90.00
   	   27.00    23.00     0.00    90.00
 146 	  528.00  -914.52     0.00     0.00     0.00     0.00
 146 	  528.00  -914.52     0.00     0.00     0.00     0.00
   	   27.00    23.00     0.00    90.00
   	   27.00    23.00     0.00    90.00
 147 	 -858.00  -800.21     0.00     0.00     0.00     0.00
 147 	 -858.00  -800.21     0.00     0.00     0.00     0.00
   	   27.00    23.00     0.00    90.00
   	   27.00    23.00     0.00    90.00
 148 	 -726.00  -800.21     0.00     0.00     0.00     0.00
 148 	 -726.00  -800.21     0.00     0.00     0.00     0.00
   	   27.00    23.00     0.00    90.00
   	   27.00    23.00     0.00    90.00
 149 	 -594.00  -800.21     0.00     0.00     0.00     0.00
 149 	 -594.00  -800.21     0.00     0.00     0.00     0.00
   	   27.00    23.00     0.00    90.00
   	   27.00    23.00     0.00    90.00
 150 	 -462.00  -800.21     0.00     0.00     0.00     0.00
 150 	 -462.00  -800.21     0.00     0.00     0.00     0.00
   	   27.00    23.00     0.00    90.00
   	   27.00    23.00     0.00    90.00
 151 	 -330.00  -800.21     0.00     0.00     0.00     0.00
 151 	 -330.00  -800.21     0.00     0.00     0.00     0.00
   	   27.00    23.00     0.00    90.00
   	   27.00    23.00     0.00    90.00
 152 	 -198.00  -800.21     0.00     0.00     0.00     0.00
 152 	 -198.00  -800.21     0.00     0.00     0.00     0.00
   	   27.00    23.00     0.00    90.00
   	   27.00    23.00     0.00    90.00
 153 	  -66.00  -800.21     0.00     0.00     0.00     0.00
 153 	  -66.00  -800.21     0.00     0.00     0.00     0.00
   	   27.00    23.00     0.00    90.00
   	   27.00    23.00     0.00    90.00
 154 	   66.00  -800.21     0.00     0.00     0.00     0.00
 154 	   66.00  -800.21     0.00     0.00     0.00     0.00
   	   27.00    23.00     0.00    90.00
   	   27.00    23.00     0.00    90.00
 155 	  198.00  -800.21     0.00     0.00     0.00     0.00
 155 	  198.00  -800.21     0.00     0.00     0.00     0.00
   	   27.00    23.00     0.00    90.00
   	   27.00    23.00     0.00    90.00
 156 	  330.00  -800.21     0.00     0.00     0.00     0.00
 156 	  330.00  -800.21     0.00     0.00     0.00     0.00
   	   27.00    23.00     0.00    90.00
   	   27.00    23.00     0.00    90.00
 157 	  462.00  -800.21     0.00     0.00     0.00     0.00
 157 	  462.00  -800.21     0.00     0.00     0.00     0.00
   	   27.00    23.00     0.00    90.00
   	   27.00    23.00     0.00    90.00
 158 	  594.00  -800.21     0.00     0.00     0.00     0.00
 158 	  594.00  -800.21     0.00     0.00     0.00     0.00
   	   27.00    23.00     0.00    90.00
   	   27.00    23.00     0.00    90.00
 159 	 -792.00  -685.89     0.00     0.00     0.00     0.00
 159 	 -792.00  -685.89     0.00     0.00     0.00     0.00
   	   27.00    23.00     0.00    90.00
   	   27.00    23.00     0.00    90.00
 160 	 -660.00  -685.89     0.00     0.00     0.00     0.00
 160 	 -660.00  -685.89     0.00     0.00     0.00     0.00
   	   27.00    23.00     0.00    90.00
   	   27.00    23.00     0.00    90.00
 161 	 -528.00  -685.89     0.00     0.00     0.00     0.00
 161 	 -528.00  -685.89     0.00     0.00     0.00     0.00
   	   27.00    23.00     0.00    90.00
   	   27.00    23.00     0.00    90.00
 162 	 -396.00  -685.89     0.00     0.00     0.00     0.00
 162 	 -396.00  -685.89     0.00     0.00     0.00     0.00
   	   27.00    23.00     0.00    90.00
   	   27.00    23.00     0.00    90.00
 163 	 -264.00  -685.89     0.00     0.00     0.00     0.00
 163 	 -264.00  -685.89     0.00     0.00     0.00     0.00
   	   27.00    23.00     0.00    90.00
   	   27.00    23.00     0.00    90.00
 164 	 -132.00  -685.89     0.00     0.00     0.00     0.00
 164 	 -132.00  -685.89     0.00     0.00     0.00     0.00
   	   27.00    23.00     0.00    90.00
   	   27.00    23.00     0.00    90.00
 165 	    0.00  -685.89     0.00     0.00     0.00     0.00
 165 	    0.00  -685.89     0.00     0.00     0.00     0.00
   	   27.00    23.00     0.00    90.00
   	   27.00    23.00     0.00    90.00
 166 	  132.00  -685.89     0.00     0.00     0.00     0.00
 166 	  132.00  -685.89     0.00     0.00     0.00     0.00
   	   27.00    23.00     0.00    90.00
   	   27.00    23.00     0.00    90.00
 167 	  264.00  -685.89     0.00     0.00     0.00     0.00
 167 	  264.00  -685.89     0.00     0.00     0.00     0.00
   	   27.00    23.00     0.00    90.00
   	   27.00    23.00     0.00    90.00
 168 	  396.00  -685.89     0.00     0.00     0.00     0.00
 168 	  396.00  -685.89     0.00     0.00     0.00     0.00
   	   27.00    23.00     0.00    90.00
   	   27.00    23.00     0.00    90.00
 169 	  528.00  -685.89     0.00     0.00     0.00     0.00
 169 	  528.00  -685.89     0.00     0.00     0.00     0.00
   	   27.00    23.00     0.00    90.00
   	   27.00    23.00     0.00    90.00
 170 	  660.00  -685.89     0.00     0.00     0.00     0.00
 170 	  660.00  -685.89     0.00     0.00     0.00     0.00
   	   27.00    23.00     0.00    90.00
   	   27.00    23.00     0.00    90.00
 171 	 -726.00  -571.58     0.00     0.00     0.00     0.00
 171 	 -726.00  -571.58     0.00     0.00     0.00     0.00
   	   27.00    23.00     0.00    90.00
   	   27.00    23.00     0.00    90.00
 172 	 -594.00  -571.58     0.00     0.00     0.00     0.00
 172 	 -594.00  -571.58     0.00     0.00     0.00     0.00
   	   27.00    23.00     0.00    90.00
   	   27.00    23.00     0.00    90.00
 173 	 -462.00  -571.58     0.00     0.00     0.00     0.00
 173 	 -462.00  -571.58     0.00     0.00     0.00     0.00
   	   27.00    23.00     0.00    90.00
   	   27.00    23.00     0.00    90.00
 174 	 -330.00  -571.58     0.00     0.00     0.00     0.00
 174 	 -330.00  -571.58     0.00     0.00     0.00     0.00
   	   27.00    23.00     0.00    90.00
   	   27.00    23.00     0.00    90.00
 175 	 -198.00  -571.58     0.00     0.00     0.00     0.00
 175 	 -198.00  -571.58     0.00     0.00     0.00     0.00
   	   27.00    23.00     0.00    90.00
   	   27.00    23.00     0.00    90.00
 176 	  -66.00  -571.58     0.00     0.00     0.00     0.00
 176 	  -66.00  -571.58     0.00     0.00     0.00     0.00
   	   27.00    23.00     0.00    90.00
   	   27.00    23.00     0.00    90.00
 177 	   66.00  -571.58     0.00     0.00     0.00     0.00
 177 	   66.00  -571.58     0.00     0.00     0.00     0.00
   	   27.00    23.00     0.00    90.00
   	   27.00    23.00     0.00    90.00
 178 	  198.00  -571.58     0.00     0.00     0.00     0.00
 178 	  198.00  -571.58     0.00     0.00     0.00     0.00
   	   27.00    23.00     0.00    90.00
   	   27.00    23.00     0.00    90.00
 179 	  330.00  -571.58     0.00     0.00     0.00     0.00
 179 	  330.00  -571.58     0.00     0.00     0.00     0.00
   	   27.00    23.00     0.00    90.00
   	   27.00    23.00     0.00    90.00
 180 	  462.00  -571.58     0.00     0.00     0.00     0.00
 180 	  462.00  -571.58     0.00     0.00     0.00     0.00
   	   27.00    23.00     0.00    90.00
   	   27.00    23.00     0.00    90.00
 181 	  594.00  -571.58     0.00     0.00     0.00     0.00
 181 	  594.00  -571.58     0.00     0.00     0.00     0.00
   	   27.00    23.00     0.00    90.00
   	   27.00    23.00     0.00    90.00
 182 	  726.00  -571.58     0.00     0.00     0.00     0.00
 182 	  726.00  -571.58     0.00     0.00     0.00     0.00
   	   27.00    23.00     0.00    90.00
   	   27.00    23.00     0.00    90.00

** End writing output file: ../inputs/gr655.dat 
