*******************************************************************************
                         ARRAY PREPROCESSOR ver. 1.0
*******************************************************************************



   1	GROUP testgroup
   3	 GRID RECTANGULAR
   4	 ELEMENT
   5	 GEOMETRY RECTANGULAR PDIM 76 QDIM 73
   7	 POLARIZATION CIRCULAR
   8	 ADD BLOCK -2 -2 2 -1
   9	 ADD BLOCK 12 -2 0 -1
  10	 ADD BLOCK -2 -5 3 -7
  11	 ADD BLOCK -3 -12 1 0
  13	 GROUP_EXCITATION
  14	 AMPLITUDE UNIFORM 27
  15	 PHASE UNIFORM -44 deg
  16	 END

** Generating GROUP: testgroup.
** PSTEP,QSTEP set to:76.000000,73.000000
** Grid ANGLE set to:90.000000 
** Group ROT_ANGLE set to: 0.000000 

** Writing output file: ../inputs/gr661.dat

NEL 
NPORTS
IDUM      REXA     REYA     REZA     THEA     PHEA     PSEA 
          AMP      PSH      PSC      PHEPOL
 119
 119
   1
   1
   1 	 -152.00  -146.00     0.00     0.00     0.00     0.00
   1 	 -152.00  -146.00     0.00     0.00     0.00     0.00
   	   27.00   -44.00     0.00    90.00
   	   27.00   -44.00     0.00    90.00
   2 	  -76.00  -146.00     0.00     0.00     0.00     0.00
   2 	  -76.00  -146.00     0.00     0.00     0.00     0.00
   	   27.00   -44.00     0.00    90.00
   	   27.00   -44.00     0.00    90.00
   3 	    0.00  -146.00     0.00     0.00     0.00     0.00
   3 	    0.00  -146.00     0.00     0.00     0.00     0.00
   	   27.00   -44.00     0.00    90.00
   	   27.00   -44.00     0.00    90.00
   4 	   76.00  -146.00     0.00     0.00     0.00     0.00
   4 	   76.00  -146.00     0.00     0.00     0.00     0.00
   	   27.00   -44.00     0.00    90.00
   	   27.00   -44.00     0.00    90.00
   5 	  152.00  -146.00     0.00     0.00     0.00     0.00
   5 	  152.00  -146.00     0.00     0.00     0.00     0.00
   	   27.00   -44.00     0.00    90.00
   	   27.00   -44.00     0.00    90.00
   6 	 -152.00   -73.00     0.00     0.00     0.00     0.00
   6 	 -152.00   -73.00     0.00     0.00     0.00     0.00
   	   27.00   -44.00     0.00    90.00
   	   27.00   -44.00     0.00    90.00
   7 	  -76.00   -73.00     0.00     0.00     0.00     0.00
   7 	  -76.00   -73.00     0.00     0.00     0.00     0.00
   	   27.00   -44.00     0.00    90.00
   	   27.00   -44.00     0.00    90.00
   8 	    0.00   -73.00     0.00     0.00     0.00     0.00
   8 	    0.00   -73.00     0.00     0.00     0.00     0.00
   	   27.00   -44.00     0.00    90.00
   	   27.00   -44.00     0.00    90.00
   9 	   76.00   -73.00     0.00     0.00     0.00     0.00
   9 	   76.00   -73.00     0.00     0.00     0.00     0.00
   	   27.00   -44.00     0.00    90.00
   	   27.00   -44.00     0.00    90.00
  10 	  152.00   -73.00     0.00     0.00     0.00     0.00
  10 	  152.00   -73.00     0.00     0.00     0.00     0.00
   	   27.00   -44.00     0.00    90.00
   	   27.00   -44.00     0.00    90.00
  11 	    0.00  -146.00     0.00     0.00     0.00     0.00
  11 	    0.00  -146.00     0.00     0.00     0.00     0.00
   	   27.00   -44.00     0.00    90.00
   	   27.00   -44.00     0.00    90.00
  12 	   76.00  -146.00     0.00     0.00     0.00     0.00
  12 	   76.00  -146.00     0.00     0.00     0.00     0.00
   	   27.00   -44.00     0.00    90.00
   	   27.00   -44.00     0.00    90.00
  13 	  152.00  -146.00     0.00     0.00     0.00     0.00
  13 	  152.00  -146.00     0.00     0.00     0.00     0.00
   	   27.00   -44.00     0.00    90.00
   	   27.00   -44.00     0.00    90.00
  14 	  228.00  -146.00     0.00     0.00     0.00     0.00
  14 	  228.00  -146.00     0.00     0.00     0.00     0.00
   	   27.00   -44.00     0.00    90.00
   	   27.00   -44.00     0.00    90.00
  15 	  304.00  -146.00     0.00     0.00     0.00     0.00
  15 	  304.00  -146.00     0.00     0.00     0.00     0.00
   	   27.00   -44.00     0.00    90.00
   	   27.00   -44.00     0.00    90.00
  16 	  380.00  -146.00     0.00     0.00     0.00     0.00
  16 	  380.00  -146.00     0.00     0.00     0.00     0.00
   	   27.00   -44.00     0.00    90.00
   	   27.00   -44.00     0.00    90.00
  17 	  456.00  -146.00     0.00     0.00     0.00     0.00
  17 	  456.00  -146.00     0.00     0.00     0.00     0.00
   	   27.00   -44.00     0.00    90.00
   	   27.00   -44.00     0.00    90.00
  18 	  532.00  -146.00     0.00     0.00     0.00     0.00
  18 	  532.00  -146.00     0.00     0.00     0.00     0.00
   	   27.00   -44.00     0.00    90.00
   	   27.00   -44.00     0.00    90.00
  19 	  608.00  -146.00     0.00     0.00     0.00     0.00
  19 	  608.00  -146.00     0.00     0.00     0.00     0.00
   	   27.00   -44.00     0.00    90.00
   	   27.00   -44.00     0.00    90.00
  20 	  684.00  -146.00     0.00     0.00     0.00     0.00
  20 	  684.00  -146.00     0.00     0.00     0.00     0.00
   	   27.00   -44.00     0.00    90.00
   	   27.00   -44.00     0.00    90.00
  21 	  760.00  -146.00     0.00     0.00     0.00     0.00
  21 	  760.00  -146.00     0.00     0.00     0.00     0.00
   	   27.00   -44.00     0.00    90.00
   	   27.00   -44.00     0.00    90.00
  22 	  836.00  -146.00     0.00     0.00     0.00     0.00
  22 	  836.00  -146.00     0.00     0.00     0.00     0.00
   	   27.00   -44.00     0.00    90.00
   	   27.00   -44.00     0.00    90.00
  23 	  912.00  -146.00     0.00     0.00     0.00     0.00
  23 	  912.00  -146.00     0.00     0.00     0.00     0.00
   	   27.00   -44.00     0.00    90.00
   	   27.00   -44.00     0.00    90.00
  24 	    0.00   -73.00     0.00     0.00     0.00     0.00
  24 	    0.00   -73.00     0.00     0.00     0.00     0.00
   	   27.00   -44.00     0.00    90.00
   	   27.00   -44.00     0.00    90.00
  25 	   76.00   -73.00     0.00     0.00     0.00     0.00
  25 	   76.00   -73.00     0.00     0.00     0.00     0.00
   	   27.00   -44.00     0.00    90.00
   	   27.00   -44.00     0.00    90.00
  26 	  152.00   -73.00     0.00     0.00     0.00     0.00
  26 	  152.00   -73.00     0.00     0.00     0.00     0.00
   	   27.00   -44.00     0.00    90.00
   	   27.00   -44.00     0.00    90.00
  27 	  228.00   -73.00     0.00     0.00     0.00     0.00
  27 	  228.00   -73.00     0.00     0.00     0.00     0.00
   	   27.00   -44.00     0.00    90.00
   	   27.00   -44.00     0.00    90.00
  28 	  304.00   -73.00     0.00     0.00     0.00     0.00
  28 	  304.00   -73.00     0.00     0.00     0.00     0.00
   	   27.00   -44.00     0.00    90.00
   	   27.00   -44.00     0.00    90.00
  29 	  380.00   -73.00     0.00     0.00     0.00     0.00
  29 	  380.00   -73.00     0.00     0.00     0.00     0.00
   	   27.00   -44.00     0.00    90.00
   	   27.00   -44.00     0.00    90.00
  30 	  456.00   -73.00     0.00     0.00     0.00     0.00
  30 	  456.00   -73.00     0.00     0.00     0.00     0.00
   	   27.00   -44.00     0.00    90.00
   	   27.00   -44.00     0.00    90.00
  31 	  532.00   -73.00     0.00     0.00     0.00     0.00
  31 	  532.00   -73.00     0.00     0.00     0.00     0.00
   	   27.00   -44.00     0.00    90.00
   	   27.00   -44.00     0.00    90.00
  32 	  608.00   -73.00     0.00     0.00     0.00     0.00
  32 	  608.00   -73.00     0.00     0.00     0.00     0.00
   	   27.00   -44.00     0.00    90.00
   	   27.00   -44.00     0.00    90.00
  33 	  684.00   -73.00     0.00     0.00     0.00     0.00
  33 	  684.00   -73.00     0.00     0.00     0.00     0.00
   	   27.00   -44.00     0.00    90.00
   	   27.00   -44.00     0.00    90.00
  34 	  760.00   -73.00     0.00     0.00     0.00     0.00
  34 	  760.00   -73.00     0.00     0.00     0.00     0.00
   	   27.00   -44.00     0.00    90.00
   	   27.00   -44.00     0.00    90.00
  35 	  836.00   -73.00     0.00     0.00     0.00     0.00
  35 	  836.00   -73.00     0.00     0.00     0.00     0.00
   	   27.00   -44.00     0.00    90.00
   	   27.00   -44.00     0.00    90.00
  36 	  912.00   -73.00     0.00     0.00     0.00     0.00
  36 	  912.00   -73.00     0.00     0.00     0.00     0.00
   	   27.00   -44.00     0.00    90.00
   	   27.00   -44.00     0.00    90.00
  37 	 -152.00  -511.00     0.00     0.00     0.00     0.00
  37 	 -152.00  -511.00     0.00     0.00     0.00     0.00
   	   27.00   -44.00     0.00    90.00
   	   27.00   -44.00     0.00    90.00
  38 	  -76.00  -511.00     0.00     0.00     0.00     0.00
  38 	  -76.00  -511.00     0.00     0.00     0.00     0.00
   	   27.00   -44.00     0.00    90.00
   	   27.00   -44.00     0.00    90.00
  39 	    0.00  -511.00     0.00     0.00     0.00     0.00
  39 	    0.00  -511.00     0.00     0.00     0.00     0.00
   	   27.00   -44.00     0.00    90.00
   	   27.00   -44.00     0.00    90.00
  40 	   76.00  -511.00     0.00     0.00     0.00     0.00
  40 	   76.00  -511.00     0.00     0.00     0.00     0.00
   	   27.00   -44.00     0.00    90.00
   	   27.00   -44.00     0.00    90.00
  41 	  152.00  -511.00     0.00     0.00     0.00     0.00
  41 	  152.00  -511.00     0.00     0.00     0.00     0.00
   	   27.00   -44.00     0.00    90.00
   	   27.00   -44.00     0.00    90.00
  42 	  228.00  -511.00     0.00     0.00     0.00     0.00
  42 	  228.00  -511.00     0.00     0.00     0.00     0.00
   	   27.00   -44.00     0.00    90.00
   	   27.00   -44.00     0.00    90.00
  43 	 -152.00  -438.00     0.00     0.00     0.00     0.00
  43 	 -152.00  -438.00     0.00     0.00     0.00     0.00
   	   27.00   -44.00     0.00    90.00
   	   27.00   -44.00     0.00    90.00
  44 	  -76.00  -438.00     0.00     0.00     0.00     0.00
  44 	  -76.00  -438.00     0.00     0.00     0.00     0.00
   	   27.00   -44.00     0.00    90.00
   	   27.00   -44.00     0.00    90.00
  45 	    0.00  -438.00     0.00     0.00     0.00     0.00
  45 	    0.00  -438.00     0.00     0.00     0.00     0.00
   	   27.00   -44.00     0.00    90.00
   	   27.00   -44.00     0.00    90.00
  46 	   76.00  -438.00     0.00     0.00     0.00     0.00
  46 	   76.00  -438.00     0.00     0.00     0.00     0.00
   	   27.00   -44.00     0.00    90.00
   	   27.00   -44.00     0.00    90.00
  47 	  152.00  -438.00     0.00     0.00     0.00     0.00
  47 	  152.00  -438.00     0.00     0.00     0.00     0.00
   	   27.00   -44.00     0.00    90.00
   	   27.00   -44.00     0.00    90.00
  48 	  228.00  -438.00     0.00     0.00     0.00     0.00
  48 	  228.00  -438.00     0.00     0.00     0.00     0.00
   	   27.00   -44.00     0.00    90.00
   	   27.00   -44.00     0.00    90.00
  49 	 -152.00  -365.00     0.00     0.00     0.00     0.00
  49 	 -152.00  -365.00     0.00     0.00     0.00     0.00
   	   27.00   -44.00     0.00    90.00
   	   27.00   -44.00     0.00    90.00
  50 	  -76.00  -365.00     0.00     0.00     0.00     0.00
  50 	  -76.00  -365.00     0.00     0.00     0.00     0.00
   	   27.00   -44.00     0.00    90.00
   	   27.00   -44.00     0.00    90.00
  51 	    0.00  -365.00     0.00     0.00     0.00     0.00
  51 	    0.00  -365.00     0.00     0.00     0.00     0.00
   	   27.00   -44.00     0.00    90.00
   	   27.00   -44.00     0.00    90.00
  52 	   76.00  -365.00     0.00     0.00     0.00     0.00
  52 	   76.00  -365.00     0.00     0.00     0.00     0.00
   	   27.00   -44.00     0.00    90.00
   	   27.00   -44.00     0.00    90.00
  53 	  152.00  -365.00     0.00     0.00     0.00     0.00
  53 	  152.00  -365.00     0.00     0.00     0.00     0.00
   	   27.00   -44.00     0.00    90.00
   	   27.00   -44.00     0.00    90.00
  54 	  228.00  -365.00     0.00     0.00     0.00     0.00
  54 	  228.00  -365.00     0.00     0.00     0.00     0.00
   	   27.00   -44.00     0.00    90.00
   	   27.00   -44.00     0.00    90.00
  55 	 -228.00  -876.00     0.00     0.00     0.00     0.00
  55 	 -228.00  -876.00     0.00     0.00     0.00     0.00
   	   27.00   -44.00     0.00    90.00
   	   27.00   -44.00     0.00    90.00
  56 	 -152.00  -876.00     0.00     0.00     0.00     0.00
  56 	 -152.00  -876.00     0.00     0.00     0.00     0.00
   	   27.00   -44.00     0.00    90.00
   	   27.00   -44.00     0.00    90.00
  57 	  -76.00  -876.00     0.00     0.00     0.00     0.00
  57 	  -76.00  -876.00     0.00     0.00     0.00     0.00
   	   27.00   -44.00     0.00    90.00
   	   27.00   -44.00     0.00    90.00
  58 	    0.00  -876.00     0.00     0.00     0.00     0.00
  58 	    0.00  -876.00     0.00     0.00     0.00     0.00
   	   27.00   -44.00     0.00    90.00
   	   27.00   -44.00     0.00    90.00
  59 	   76.00  -876.00     0.00     0.00     0.00     0.00
  59 	   76.00  -876.00     0.00     0.00     0.00     0.00
   	   27.00   -44.00     0.00    90.00
   	   27.00   -44.00     0.00    90.00
  60 	 -228.00  -803.00     0.00     0.00     0.00     0.00
  60 	 -228.00  -803.00     0.00     0.00     0.00     0.00
   	   27.00   -44.00     0.00    90.00
   	   27.00   -44.00     0.00    90.00
  61 	 -152.00  -803.00     0.00     0.00     0.00     0.00
  61 	 -152.00  -803.00     0.00     0.00     0.00     0.00
   	   27.00   -44.00     0.00    90.00
   	   27.00   -44.00     0.00    90.00
  62 	  -76.00  -803.00     0.00     0.00     0.00     0.00
  62 	  -76.00  -803.00     0.00     0.00     0.00     0.00
   	   27.00   -44.00     0.00    90.00
   	   27.00   -44.00     0.00    90.00
  63 	    0.00  -803.00     0.00     0.00     0.00     0.00
  63 	    0.00  -803.00     0.00     0.00     0.00     0.00
   	   27.00   -44.00     0.00    90.00
   	   27.00   -44.00     0.00    90.00
  64 	   76.00  -803.00     0.00     0.00     0.00     0.00
  64 	   76.00  -803.00     0.00     0.00     0.00     0.00
   	   27.00   -44.00     0.00    90.00
   	   27.00   -44.00     0.00    90.00
  65 	 -228.00  -730.00     0.00     0.00     0.00     0.00
  65 	 -228.00  -730.00     0.00     0.00     0.00     0.00
   	   27.00   -44.00     0.00    90.00
   	   27.00   -44.00     0.00    90.00
  66 	 -152.00  -730.00     0.00     0.00     0.00     0.00
  66 	 -152.00  -730.00     0.00     0.00     0.00     0.00
   	   27.00   -44.00     0.00    90.00
   	   27.00   -44.00     0.00    90.00
  67 	  -76.00  -730.00     0.00     0.00     0.00     0.00
  67 	  -76.00  -730.00     0.00     0.00     0.00     0.00
   	   27.00   -44.00     0.00    90.00
   	   27.00   -44.00     0.00    90.00
  68 	    0.00  -730.00     0.00     0.00     0.00     0.00
  68 	    0.00  -730.00     0.00     0.00     0.00     0.00
   	   27.00   -44.00     0.00    90.00
   	   27.00   -44.00     0.00    90.00
  69 	   76.00  -730.00     0.00     0.00     0.00     0.00
  69 	   76.00  -730.00     0.00     0.00     0.00     0.00
   	   27.00   -44.00     0.00    90.00
   	   27.00   -44.00     0.00    90.00
  70 	 -228.00  -657.00     0.00     0.00     0.00     0.00
  70 	 -228.00  -657.00     0.00     0.00     0.00     0.00
   	   27.00   -44.00     0.00    90.00
   	   27.00   -44.00     0.00    90.00
  71 	 -152.00  -657.00     0.00     0.00     0.00     0.00
  71 	 -152.00  -657.00     0.00     0.00     0.00     0.00
   	   27.00   -44.00     0.00    90.00
   	   27.00   -44.00     0.00    90.00
  72 	  -76.00  -657.00     0.00     0.00     0.00     0.00
  72 	  -76.00  -657.00     0.00     0.00     0.00     0.00
   	   27.00   -44.00     0.00    90.00
   	   27.00   -44.00     0.00    90.00
  73 	    0.00  -657.00     0.00     0.00     0.00     0.00
  73 	    0.00  -657.00     0.00     0.00     0.00     0.00
   	   27.00   -44.00     0.00    90.00
   	   27.00   -44.00     0.00    90.00
  74 	   76.00  -657.00     0.00     0.00     0.00     0.00
  74 	   76.00  -657.00     0.00     0.00     0.00     0.00
   	   27.00   -44.00     0.00    90.00
   	   27.00   -44.00     0.00    90.00
  75 	 -228.00  -584.00     0.00     0.00     0.00     0.00
  75 	 -228.00  -584.00     0.00     0.00     0.00     0.00
   	   27.00   -44.00     0.00    90.00
   	   27.00   -44.00     0.00    90.00
  76 	 -152.00  -584.00     0.00     0.00     0.00     0.00
  76 	 -152.00  -584.00     0.00     0.00     0.00     0.00
   	   27.00   -44.00     0.00    90.00
   	   27.00   -44.00     0.00    90.00
  77 	  -76.00  -584.00     0.00     0.00     0.00     0.00
  77 	  -76.00  -584.00     0.00     0.00     0.00     0.00
   	   27.00   -44.00     0.00    90.00
   	   27.00   -44.00     0.00    90.00
  78 	    0.00  -584.00     0.00     0.00     0.00     0.00
  78 	    0.00  -584.00     0.00     0.00     0.00     0.00
   	   27.00   -44.00     0.00    90.00
   	   27.00   -44.00     0.00    90.00
  79 	   76.00  -584.00     0.00     0.00     0.00     0.00
  79 	   76.00  -584.00     0.00     0.00     0.00     0.00
   	   27.00   -44.00     0.00    90.00
   	   27.00   -44.00     0.00    90.00
  80 	 -228.00  -511.00     0.00     0.00     0.00     0.00
  80 	 -228.00  -511.00     0.00     0.00     0.00     0.00
   	   27.00   -44.00     0.00    90.00
   	   27.00   -44.00     0.00    90.00
  81 	 -152.00  -511.00     0.00     0.00     0.00     0.00
  81 	 -152.00  -511.00     0.00     0.00     0.00     0.00
   	   27.00   -44.00     0.00    90.00
   	   27.00   -44.00     0.00    90.00
  82 	  -76.00  -511.00     0.00     0.00     0.00     0.00
  82 	  -76.00  -511.00     0.00     0.00     0.00     0.00
   	   27.00   -44.00     0.00    90.00
   	   27.00   -44.00     0.00    90.00
  83 	    0.00  -511.00     0.00     0.00     0.00     0.00
  83 	    0.00  -511.00     0.00     0.00     0.00     0.00
   	   27.00   -44.00     0.00    90.00
   	   27.00   -44.00     0.00    90.00
  84 	   76.00  -511.00     0.00     0.00     0.00     0.00
  84 	   76.00  -511.00     0.00     0.00     0.00     0.00
   	   27.00   -44.00     0.00    90.00
   	   27.00   -44.00     0.00    90.00
  85 	 -228.00  -438.00     0.00     0.00     0.00     0.00
  85 	 -228.00  -438.00     0.00     0.00     0.00     0.00
   	   27.00   -44.00     0.00    90.00
   	   27.00   -44.00     0.00    90.00
  86 	 -152.00  -438.00     0.00     0.00     0.00     0.00
  86 	 -152.00  -438.00     0.00     0.00     0.00     0.00
   	   27.00   -44.00     0.00    90.00
   	   27.00   -44.00     0.00    90.00
  87 	  -76.00  -438.00     0.00     0.00     0.00     0.00
  87 	  -76.00  -438.00     0.00     0.00     0.00     0.00
   	   27.00   -44.00     0.00    90.00
   	   27.00   -44.00     0.00    90.00
  88 	    0.00  -438.00     0.00     0.00     0.00     0.00
  88 	    0.00  -438.00     0.00     0.00     0.00     0.00
   	   27.00   -44.00     0.00    90.00
   	   27.00   -44.00     0.00    90.00
  89 	   76.00  -438.00     0.00     0.00     0.00     0.00
  89 	   76.00  -438.00     0.00     0.00     0.00     0.00
   	   27.00   -44.00     0.00    90.00
   	   27.00   -44.00     0.00    90.00
  90 	 -228.00  -365.00     0.00     0.00     0.00     0.00
  90 	 -228.00  -365.00     0.00     0.00     0.00     0.00
   	   27.00   -44.00     0.00    90.00
   	   27.00   -44.00     0.00    90.00
  91 	 -152.00  -365.00     0.00     0.00     0.00     0.00
  91 	 -152.00  -365.00     0.00     0.00     0.00     0.00
   	   27.00   -44.00     0.00    90.00
   	   27.00   -44.00     0.00    90.00
  92 	  -76.00  -365.00     0.00     0.00     0.00     0.00
  92 	  -76.00  -365.00     0.00     0.00     0.00     0.00
   	   27.00   -44.00     0.00    90.00
   	   27.00   -44.00     0.00    90.00
  93 	    0.00  -365.00     0.00     0.00     0.00     0.00
  93 	    0.00  -365.00     0.00     0.00     0.00     0.00
   	   27.00   -44.00     0.00    90.00
   	   27.00   -44.00     0.00    90.00
  94 	   76.00  -365.00     0.00     0.00     0.00     0.00
  94 	   76.00  -365.00     0.00     0.00     0.00     0.00
   	   27.00   -44.00     0.00    90.00
   	   27.00   -44.00     0.00    90.00
  95 	 -228.00  -292.00     0.00     0.00     0.00     0.00
  95 	 -228.00  -292.00     0.00     0.00     0.00     0.00
   	   27.00   -44.00     0.00    90.00
   	   27.00   -44.00     0.00    90.00
  96 	 -152.00  -292.00     0.00     0.00     0.00     0.00
  96 	 -152.00  -292.00     0.00     0.00     0.00     0.00
   	   27.00   -44.00     0.00    90.00
   	   27.00   -44.00     0.00    90.00
  97 	  -76.00  -292.00     0.00     0.00     0.00     0.00
  97 	  -76.00  -292.00     0.00     0.00     0.00     0.00
   	   27.00   -44.00     0.00    90.00
   	   27.00   -44.00     0.00    90.00
  98 	    0.00  -292.00     0.00     0.00     0.00     0.00
  98 	    0.00  -292.00     0.00     0.00     0.00     0.00
   	   27.00   -44.00     0.00    90.00
   	   27.00   -44.00     0.00    90.00
  99 	   76.00  -292.00     0.00     0.00     0.00     0.00
  99 	   76.00  -292.00     0.00     0.00     0.00     0.00
   	   27.00   -44.00     0.00    90.00
   	   27.00   -44.00     0.00    90.00
 100 	 -228.00  -219.00     0.00     0.00     0.00     0.00
 100 	 -228.00  -219.00     0.00     0.00     0.00     0.00
   	   27.00   -44.00     0.00    90.00
   	   27.00   -44.00     0.00    90.00
 101 	 -152.00  -219.00     0.00     0.00     0.00     0.00
 101 	 -152.00  -219.00     0.00     0.00     0.00     0.00
   	   27.00   -44.00     0.00    90.00
   	   27.00   -44.00     0.00    90.00
 102 	  -76.00  -219.00     0.00     0.00     0.00     0.00
 102 	  -76.00  -219.00     0.00     0.00     0.00     0.00
   	   27.00   -44.00     0.00    90.00
   	   27.00   -44.00     0.00    90.00
 103 	    0.00  -219.00     0.00     0.00     0.00     0.00
 103 	    0.00  -219.00     0.00     0.00     0.00     0.00
   	   27.00   -44.00     0.00    90.00
   	   27.00   -44.00     0.00    90.00
 104 	   76.00  -219.00     0.00     0.00     0.00     0.00
 104 	   76.00  -219.00     0.00     0.00     0.00     0.00
   	   27.00   -44.00     0.00    90.00
   	   27.00   -44.00     0.00    90.00
 105 	 -228.00  -146.00     0.00     0.00     0.00     0.00
 105 	 -228.00  -146.00     0.00     0.00     0.00     0.00
   	   27.00   -44.00     0.00    90.00
   	   27.00   -44.00     0.00    90.00
 106 	 -152.00  -146.00     0.00     0.00     0.00     0.00
 106 	 -152.00  -146.00     0.00     0.00     0.00     0.00
   	   27.00   -44.00     0.00    90.00
   	   27.00   -44.00     0.00    90.00
 107 	  -76.00  -146.00     0.00     0.00     0.00     0.00
 107 	  -76.00  -146.00     0.00     0.00     0.00     0.00
   	   27.00   -44.00     0.00    90.00
   	   27.00   -44.00     0.00    90.00
 108 	    0.00  -146.00     0.00     0.00     0.00     0.00
 108 	    0.00  -146.00     0.00     0.00     0.00     0.00
   	   27.00   -44.00     0.00    90.00
   	   27.00   -44.00     0.00    90.00
 109 	   76.00  -146.00     0.00     0.00     0.00     0.00
 109 	   76.00  -146.00     0.00     0.00     0.00     0.00
   	   27.00   -44.00     0.00    90.00
   	   27.00   -44.00     0.00    90.00
 110 	 -228.00   -73.00     0.00     0.00     0.00     0.00
 110 	 -228.00   -73.00     0.00     0.00     0.00     0.00
   	   27.00   -44.00     0.00    90.00
   	   27.00   -44.00     0.00    90.00
 111 	 -152.00   -73.00     0.00     0.00     0.00     0.00
 111 	 -152.00   -73.00     0.00     0.00     0.00     0.00
   	   27.00   -44.00     0.00    90.00
   	   27.00   -44.00     0.00    90.00
 112 	  -76.00   -73.00     0.00     0.00     0.00     0.00
 112 	  -76.00   -73.00     0.00     0.00     0.00     0.00
   	   27.00   -44.00     0.00    90.00
   	   27.00   -44.00     0.00    90.00
 113 	    0.00   -73.00     0.00     0.00     0.00     0.00
 113 	    0.00   -73.00     0.00     0.00     0.00     0.00
   	   27.00   -44.00     0.00    90.00
   	   27.00   -44.00     0.00    90.00
 114 	   76.00   -73.00     0.00     0.00     0.00     0.00
 114 	   76.00   -73.00     0.00     0.00     0.00     0.00
   	   27.00   -44.00     0.00    90.00
   	   27.00   -44.00     0.00    90.00
 115 	 -228.00     0.00     0.00     0.00     0.00     0.00
 115 	 -228.00     0.00     0.00     0.00     0.00     0.00
   	   27.00   -44.00     0.00    90.00
   	   27.00   -44.00     0.00    90.00
 116 	 -152.00     0.00     0.00     0.00     0.00     0.00
 116 	 -152.00     0.00     0.00     0.00     0.00     0.00
   	   27.00   -44.00     0.00    90.00
   	   27.00   -44.00     0.00    90.00
 117 	  -76.00     0.00     0.00     0.00     0.00     0.00
 117 	  -76.00     0.00     0.00     0.00     0.00     0.00
   	   27.00   -44.00     0.00    90.00
   	   27.00   -44.00     0.00    90.00
 118 	    0.00     0.00     0.00     0.00     0.00     0.00
 118 	    0.00     0.00     0.00     0.00     0.00     0.00
   	   27.00   -44.00     0.00    90.00
   	   27.00   -44.00     0.00    90.00
 119 	   76.00     0.00     0.00     0.00     0.00     0.00
 119 	   76.00     0.00     0.00     0.00     0.00     0.00
   	   27.00   -44.00     0.00    90.00
   	   27.00   -44.00     0.00    90.00

** End writing output file: ../inputs/gr661.dat 
