*******************************************************************************
                         ARRAY PREPROCESSOR ver. 1.0
*******************************************************************************



   1	GROUP testgroup
   3	 GRID HEXAGONAL
   4	 ELEMENT
   5	 GEOMETRY CIRCULAR 70
   7	 ADD BLOCK 0 -12 -3 4
   9	 GROUP_EXCITATION
  10	 AMPLITUDE UNIFORM 27
  11	 PHASE UNIFORM -23 deg
  12	 END

** Generating GROUP: testgroup.
** PSTEP,QSTEP set to:140.000000,140.000000
** Grid ANGLE set to:60.000000 
** Group ROT_ANGLE set to: 0.000000 

** Writing output file: ../inputs/gr662.dat

NEL 
NPORTS
IDUM      REXA     REYA     REZA     THEA     PHEA     PSEA 
          AMP      PSH      PSC      PHEPOL
  68
  68
   1
   1
   1 	-1260.00 -1454.92     0.00     0.00     0.00     0.00
   1 	-1260.00 -1454.92     0.00     0.00     0.00     0.00
   	   27.00   -23.00     0.00    90.00
   	   27.00   -23.00     0.00    90.00
   2 	-1120.00 -1454.92     0.00     0.00     0.00     0.00
   2 	-1120.00 -1454.92     0.00     0.00     0.00     0.00
   	   27.00   -23.00     0.00    90.00
   	   27.00   -23.00     0.00    90.00
   3 	 -980.00 -1454.92     0.00     0.00     0.00     0.00
   3 	 -980.00 -1454.92     0.00     0.00     0.00     0.00
   	   27.00   -23.00     0.00    90.00
   	   27.00   -23.00     0.00    90.00
   4 	 -840.00 -1454.92     0.00     0.00     0.00     0.00
   4 	 -840.00 -1454.92     0.00     0.00     0.00     0.00
   	   27.00   -23.00     0.00    90.00
   	   27.00   -23.00     0.00    90.00
   5 	-1190.00 -1333.68     0.00     0.00     0.00     0.00
   5 	-1190.00 -1333.68     0.00     0.00     0.00     0.00
   	   27.00   -23.00     0.00    90.00
   	   27.00   -23.00     0.00    90.00
   6 	-1050.00 -1333.68     0.00     0.00     0.00     0.00
   6 	-1050.00 -1333.68     0.00     0.00     0.00     0.00
   	   27.00   -23.00     0.00    90.00
   	   27.00   -23.00     0.00    90.00
   7 	 -910.00 -1333.68     0.00     0.00     0.00     0.00
   7 	 -910.00 -1333.68     0.00     0.00     0.00     0.00
   	   27.00   -23.00     0.00    90.00
   	   27.00   -23.00     0.00    90.00
   8 	 -770.00 -1333.68     0.00     0.00     0.00     0.00
   8 	 -770.00 -1333.68     0.00     0.00     0.00     0.00
   	   27.00   -23.00     0.00    90.00
   	   27.00   -23.00     0.00    90.00
   9 	-1120.00 -1212.44     0.00     0.00     0.00     0.00
   9 	-1120.00 -1212.44     0.00     0.00     0.00     0.00
   	   27.00   -23.00     0.00    90.00
   	   27.00   -23.00     0.00    90.00
  10 	 -980.00 -1212.44     0.00     0.00     0.00     0.00
  10 	 -980.00 -1212.44     0.00     0.00     0.00     0.00
   	   27.00   -23.00     0.00    90.00
   	   27.00   -23.00     0.00    90.00
  11 	 -840.00 -1212.44     0.00     0.00     0.00     0.00
  11 	 -840.00 -1212.44     0.00     0.00     0.00     0.00
   	   27.00   -23.00     0.00    90.00
   	   27.00   -23.00     0.00    90.00
  12 	 -700.00 -1212.44     0.00     0.00     0.00     0.00
  12 	 -700.00 -1212.44     0.00     0.00     0.00     0.00
   	   27.00   -23.00     0.00    90.00
   	   27.00   -23.00     0.00    90.00
  13 	-1050.00 -1091.19     0.00     0.00     0.00     0.00
  13 	-1050.00 -1091.19     0.00     0.00     0.00     0.00
   	   27.00   -23.00     0.00    90.00
   	   27.00   -23.00     0.00    90.00
  14 	 -910.00 -1091.19     0.00     0.00     0.00     0.00
  14 	 -910.00 -1091.19     0.00     0.00     0.00     0.00
   	   27.00   -23.00     0.00    90.00
   	   27.00   -23.00     0.00    90.00
  15 	 -770.00 -1091.19     0.00     0.00     0.00     0.00
  15 	 -770.00 -1091.19     0.00     0.00     0.00     0.00
   	   27.00   -23.00     0.00    90.00
   	   27.00   -23.00     0.00    90.00
  16 	 -630.00 -1091.19     0.00     0.00     0.00     0.00
  16 	 -630.00 -1091.19     0.00     0.00     0.00     0.00
   	   27.00   -23.00     0.00    90.00
   	   27.00   -23.00     0.00    90.00
  17 	 -980.00  -969.95     0.00     0.00     0.00     0.00
  17 	 -980.00  -969.95     0.00     0.00     0.00     0.00
   	   27.00   -23.00     0.00    90.00
   	   27.00   -23.00     0.00    90.00
  18 	 -840.00  -969.95     0.00     0.00     0.00     0.00
  18 	 -840.00  -969.95     0.00     0.00     0.00     0.00
   	   27.00   -23.00     0.00    90.00
   	   27.00   -23.00     0.00    90.00
  19 	 -700.00  -969.95     0.00     0.00     0.00     0.00
  19 	 -700.00  -969.95     0.00     0.00     0.00     0.00
   	   27.00   -23.00     0.00    90.00
   	   27.00   -23.00     0.00    90.00
  20 	 -560.00  -969.95     0.00     0.00     0.00     0.00
  20 	 -560.00  -969.95     0.00     0.00     0.00     0.00
   	   27.00   -23.00     0.00    90.00
   	   27.00   -23.00     0.00    90.00
  21 	 -910.00  -848.70     0.00     0.00     0.00     0.00
  21 	 -910.00  -848.70     0.00     0.00     0.00     0.00
   	   27.00   -23.00     0.00    90.00
   	   27.00   -23.00     0.00    90.00
  22 	 -770.00  -848.70     0.00     0.00     0.00     0.00
  22 	 -770.00  -848.70     0.00     0.00     0.00     0.00
   	   27.00   -23.00     0.00    90.00
   	   27.00   -23.00     0.00    90.00
  23 	 -630.00  -848.70     0.00     0.00     0.00     0.00
  23 	 -630.00  -848.70     0.00     0.00     0.00     0.00
   	   27.00   -23.00     0.00    90.00
   	   27.00   -23.00     0.00    90.00
  24 	 -490.00  -848.70     0.00     0.00     0.00     0.00
  24 	 -490.00  -848.70     0.00     0.00     0.00     0.00
   	   27.00   -23.00     0.00    90.00
   	   27.00   -23.00     0.00    90.00
  25 	 -840.00  -727.46     0.00     0.00     0.00     0.00
  25 	 -840.00  -727.46     0.00     0.00     0.00     0.00
   	   27.00   -23.00     0.00    90.00
   	   27.00   -23.00     0.00    90.00
  26 	 -700.00  -727.46     0.00     0.00     0.00     0.00
  26 	 -700.00  -727.46     0.00     0.00     0.00     0.00
   	   27.00   -23.00     0.00    90.00
   	   27.00   -23.00     0.00    90.00
  27 	 -560.00  -727.46     0.00     0.00     0.00     0.00
  27 	 -560.00  -727.46     0.00     0.00     0.00     0.00
   	   27.00   -23.00     0.00    90.00
   	   27.00   -23.00     0.00    90.00
  28 	 -420.00  -727.46     0.00     0.00     0.00     0.00
  28 	 -420.00  -727.46     0.00     0.00     0.00     0.00
   	   27.00   -23.00     0.00    90.00
   	   27.00   -23.00     0.00    90.00
  29 	 -770.00  -606.22     0.00     0.00     0.00     0.00
  29 	 -770.00  -606.22     0.00     0.00     0.00     0.00
   	   27.00   -23.00     0.00    90.00
   	   27.00   -23.00     0.00    90.00
  30 	 -630.00  -606.22     0.00     0.00     0.00     0.00
  30 	 -630.00  -606.22     0.00     0.00     0.00     0.00
   	   27.00   -23.00     0.00    90.00
   	   27.00   -23.00     0.00    90.00
  31 	 -490.00  -606.22     0.00     0.00     0.00     0.00
  31 	 -490.00  -606.22     0.00     0.00     0.00     0.00
   	   27.00   -23.00     0.00    90.00
   	   27.00   -23.00     0.00    90.00
  32 	 -350.00  -606.22     0.00     0.00     0.00     0.00
  32 	 -350.00  -606.22     0.00     0.00     0.00     0.00
   	   27.00   -23.00     0.00    90.00
   	   27.00   -23.00     0.00    90.00
  33 	 -700.00  -484.97     0.00     0.00     0.00     0.00
  33 	 -700.00  -484.97     0.00     0.00     0.00     0.00
   	   27.00   -23.00     0.00    90.00
   	   27.00   -23.00     0.00    90.00
  34 	 -560.00  -484.97     0.00     0.00     0.00     0.00
  34 	 -560.00  -484.97     0.00     0.00     0.00     0.00
   	   27.00   -23.00     0.00    90.00
   	   27.00   -23.00     0.00    90.00
  35 	 -420.00  -484.97     0.00     0.00     0.00     0.00
  35 	 -420.00  -484.97     0.00     0.00     0.00     0.00
   	   27.00   -23.00     0.00    90.00
   	   27.00   -23.00     0.00    90.00
  36 	 -280.00  -484.97     0.00     0.00     0.00     0.00
  36 	 -280.00  -484.97     0.00     0.00     0.00     0.00
   	   27.00   -23.00     0.00    90.00
   	   27.00   -23.00     0.00    90.00
  37 	 -630.00  -363.73     0.00     0.00     0.00     0.00
  37 	 -630.00  -363.73     0.00     0.00     0.00     0.00
   	   27.00   -23.00     0.00    90.00
   	   27.00   -23.00     0.00    90.00
  38 	 -490.00  -363.73     0.00     0.00     0.00     0.00
  38 	 -490.00  -363.73     0.00     0.00     0.00     0.00
   	   27.00   -23.00     0.00    90.00
   	   27.00   -23.00     0.00    90.00
  39 	 -350.00  -363.73     0.00     0.00     0.00     0.00
  39 	 -350.00  -363.73     0.00     0.00     0.00     0.00
   	   27.00   -23.00     0.00    90.00
   	   27.00   -23.00     0.00    90.00
  40 	 -210.00  -363.73     0.00     0.00     0.00     0.00
  40 	 -210.00  -363.73     0.00     0.00     0.00     0.00
   	   27.00   -23.00     0.00    90.00
   	   27.00   -23.00     0.00    90.00
  41 	 -560.00  -242.49     0.00     0.00     0.00     0.00
  41 	 -560.00  -242.49     0.00     0.00     0.00     0.00
   	   27.00   -23.00     0.00    90.00
   	   27.00   -23.00     0.00    90.00
  42 	 -420.00  -242.49     0.00     0.00     0.00     0.00
  42 	 -420.00  -242.49     0.00     0.00     0.00     0.00
   	   27.00   -23.00     0.00    90.00
   	   27.00   -23.00     0.00    90.00
  43 	 -280.00  -242.49     0.00     0.00     0.00     0.00
  43 	 -280.00  -242.49     0.00     0.00     0.00     0.00
   	   27.00   -23.00     0.00    90.00
   	   27.00   -23.00     0.00    90.00
  44 	 -140.00  -242.49     0.00     0.00     0.00     0.00
  44 	 -140.00  -242.49     0.00     0.00     0.00     0.00
   	   27.00   -23.00     0.00    90.00
   	   27.00   -23.00     0.00    90.00
  45 	 -490.00  -121.24     0.00     0.00     0.00     0.00
  45 	 -490.00  -121.24     0.00     0.00     0.00     0.00
   	   27.00   -23.00     0.00    90.00
   	   27.00   -23.00     0.00    90.00
  46 	 -350.00  -121.24     0.00     0.00     0.00     0.00
  46 	 -350.00  -121.24     0.00     0.00     0.00     0.00
   	   27.00   -23.00     0.00    90.00
   	   27.00   -23.00     0.00    90.00
  47 	 -210.00  -121.24     0.00     0.00     0.00     0.00
  47 	 -210.00  -121.24     0.00     0.00     0.00     0.00
   	   27.00   -23.00     0.00    90.00
   	   27.00   -23.00     0.00    90.00
  48 	  -70.00  -121.24     0.00     0.00     0.00     0.00
  48 	  -70.00  -121.24     0.00     0.00     0.00     0.00
   	   27.00   -23.00     0.00    90.00
   	   27.00   -23.00     0.00    90.00
  49 	 -420.00     0.00     0.00     0.00     0.00     0.00
  49 	 -420.00     0.00     0.00     0.00     0.00     0.00
   	   27.00   -23.00     0.00    90.00
   	   27.00   -23.00     0.00    90.00
  50 	 -280.00     0.00     0.00     0.00     0.00     0.00
  50 	 -280.00     0.00     0.00     0.00     0.00     0.00
   	   27.00   -23.00     0.00    90.00
   	   27.00   -23.00     0.00    90.00
  51 	 -140.00     0.00     0.00     0.00     0.00     0.00
  51 	 -140.00     0.00     0.00     0.00     0.00     0.00
   	   27.00   -23.00     0.00    90.00
   	   27.00   -23.00     0.00    90.00
  52 	    0.00     0.00     0.00     0.00     0.00     0.00
  52 	    0.00     0.00     0.00     0.00     0.00     0.00
   	   27.00   -23.00     0.00    90.00
   	   27.00   -23.00     0.00    90.00
  53 	 -350.00   121.24     0.00     0.00     0.00     0.00
  53 	 -350.00   121.24     0.00     0.00     0.00     0.00
   	   27.00   -23.00     0.00    90.00
   	   27.00   -23.00     0.00    90.00
  54 	 -210.00   121.24     0.00     0.00     0.00     0.00
  54 	 -210.00   121.24     0.00     0.00     0.00     0.00
   	   27.00   -23.00     0.00    90.00
   	   27.00   -23.00     0.00    90.00
  55 	  -70.00   121.24     0.00     0.00     0.00     0.00
  55 	  -70.00   121.24     0.00     0.00     0.00     0.00
   	   27.00   -23.00     0.00    90.00
   	   27.00   -23.00     0.00    90.00
  56 	   70.00   121.24     0.00     0.00     0.00     0.00
  56 	   70.00   121.24     0.00     0.00     0.00     0.00
   	   27.00   -23.00     0.00    90.00
   	   27.00   -23.00     0.00    90.00
  57 	 -280.00   242.49     0.00     0.00     0.00     0.00
  57 	 -280.00   242.49     0.00     0.00     0.00     0.00
   	   27.00   -23.00     0.00    90.00
   	   27.00   -23.00     0.00    90.00
  58 	 -140.00   242.49     0.00     0.00     0.00     0.00
  58 	 -140.00   242.49     0.00     0.00     0.00     0.00
   	   27.00   -23.00     0.00    90.00
   	   27.00   -23.00     0.00    90.00
  59 	   -0.00   242.49     0.00     0.00     0.00     0.00
  59 	   -0.00   242.49     0.00     0.00     0.00     0.00
   	   27.00   -23.00     0.00    90.00
   	   27.00   -23.00     0.00    90.00
  60 	  140.00   242.49     0.00     0.00     0.00     0.00
  60 	  140.00   242.49     0.00     0.00     0.00     0.00
   	   27.00   -23.00     0.00    90.00
   	   27.00   -23.00     0.00    90.00
  61 	 -210.00   363.73     0.00     0.00     0.00     0.00
  61 	 -210.00   363.73     0.00     0.00     0.00     0.00
   	   27.00   -23.00     0.00    90.00
   	   27.00   -23.00     0.00    90.00
  62 	  -70.00   363.73     0.00     0.00     0.00     0.00
  62 	  -70.00   363.73     0.00     0.00     0.00     0.00
   	   27.00   -23.00     0.00    90.00
   	   27.00   -23.00     0.00    90.00
  63 	   70.00   363.73     0.00     0.00     0.00     0.00
  63 	   70.00   363.73     0.00     0.00     0.00     0.00
   	   27.00   -23.00     0.00    90.00
   	   27.00   -23.00     0.00    90.00
  64 	  210.00   363.73     0.00     0.00     0.00     0.00
  64 	  210.00   363.73     0.00     0.00     0.00     0.00
   	   27.00   -23.00     0.00    90.00
   	   27.00   -23.00     0.00    90.00
  65 	 -140.00   484.97     0.00     0.00     0.00     0.00
  65 	 -140.00   484.97     0.00     0.00     0.00     0.00
   	   27.00   -23.00     0.00    90.00
   	   27.00   -23.00     0.00    90.00
  66 	   -0.00   484.97     0.00     0.00     0.00     0.00
  66 	   -0.00   484.97     0.00     0.00     0.00     0.00
   	   27.00   -23.00     0.00    90.00
   	   27.00   -23.00     0.00    90.00
  67 	  140.00   484.97     0.00     0.00     0.00     0.00
  67 	  140.00   484.97     0.00     0.00     0.00     0.00
   	   27.00   -23.00     0.00    90.00
   	   27.00   -23.00     0.00    90.00
  68 	  280.00   484.97     0.00     0.00     0.00     0.00
  68 	  280.00   484.97     0.00     0.00     0.00     0.00
   	   27.00   -23.00     0.00    90.00
   	   27.00   -23.00     0.00    90.00

** End writing output file: ../inputs/gr662.dat 
