*******************************************************************************
                         ARRAY PREPROCESSOR ver. 1.0
*******************************************************************************



   1	GROUP testgroup
   3	 GRID RECTANGULAR
   4	 ELEMENT
   5	 GEOMETRY CIRCULAR 72
   7	 ADD BLOCK 0 -7 6 -2
   8	 ADD BLOCK 0 -5 -7 -1
   9	 ADD HEXAGON -1 0
  11	 GROUP_EXCITATION
  12	 AMPLITUDE UNIFORM 22
  13	 PHASE UNIFORM -16
  14	 END

** Generating GROUP: testgroup.
** PSTEP,QSTEP set to:144.000000,144.000000
** Grid ANGLE set to:90.000000 
** Group ROT_ANGLE set to: 0.000000 

** Writing output file: ../inputs/gr663.dat

NEL 
NPORTS
IDUM      REXA     REYA     REZA     THEA     PHEA     PSEA 
          AMP      PSH      PSC      PHEPOL
  89
  89
   1
   1
   1 	    0.00 -1008.00     0.00     0.00     0.00     0.00
   1 	    0.00 -1008.00     0.00     0.00     0.00     0.00
   	   22.00   -16.00     0.00    90.00
   	   22.00   -16.00     0.00    90.00
   2 	  144.00 -1008.00     0.00     0.00     0.00     0.00
   2 	  144.00 -1008.00     0.00     0.00     0.00     0.00
   	   22.00   -16.00     0.00    90.00
   	   22.00   -16.00     0.00    90.00
   3 	  288.00 -1008.00     0.00     0.00     0.00     0.00
   3 	  288.00 -1008.00     0.00     0.00     0.00     0.00
   	   22.00   -16.00     0.00    90.00
   	   22.00   -16.00     0.00    90.00
   4 	  432.00 -1008.00     0.00     0.00     0.00     0.00
   4 	  432.00 -1008.00     0.00     0.00     0.00     0.00
   	   22.00   -16.00     0.00    90.00
   	   22.00   -16.00     0.00    90.00
   5 	  576.00 -1008.00     0.00     0.00     0.00     0.00
   5 	  576.00 -1008.00     0.00     0.00     0.00     0.00
   	   22.00   -16.00     0.00    90.00
   	   22.00   -16.00     0.00    90.00
   6 	  720.00 -1008.00     0.00     0.00     0.00     0.00
   6 	  720.00 -1008.00     0.00     0.00     0.00     0.00
   	   22.00   -16.00     0.00    90.00
   	   22.00   -16.00     0.00    90.00
   7 	  864.00 -1008.00     0.00     0.00     0.00     0.00
   7 	  864.00 -1008.00     0.00     0.00     0.00     0.00
   	   22.00   -16.00     0.00    90.00
   	   22.00   -16.00     0.00    90.00
   8 	    0.00  -864.00     0.00     0.00     0.00     0.00
   8 	    0.00  -864.00     0.00     0.00     0.00     0.00
   	   22.00   -16.00     0.00    90.00
   	   22.00   -16.00     0.00    90.00
   9 	  144.00  -864.00     0.00     0.00     0.00     0.00
   9 	  144.00  -864.00     0.00     0.00     0.00     0.00
   	   22.00   -16.00     0.00    90.00
   	   22.00   -16.00     0.00    90.00
  10 	  288.00  -864.00     0.00     0.00     0.00     0.00
  10 	  288.00  -864.00     0.00     0.00     0.00     0.00
   	   22.00   -16.00     0.00    90.00
   	   22.00   -16.00     0.00    90.00
  11 	  432.00  -864.00     0.00     0.00     0.00     0.00
  11 	  432.00  -864.00     0.00     0.00     0.00     0.00
   	   22.00   -16.00     0.00    90.00
   	   22.00   -16.00     0.00    90.00
  12 	  576.00  -864.00     0.00     0.00     0.00     0.00
  12 	  576.00  -864.00     0.00     0.00     0.00     0.00
   	   22.00   -16.00     0.00    90.00
   	   22.00   -16.00     0.00    90.00
  13 	  720.00  -864.00     0.00     0.00     0.00     0.00
  13 	  720.00  -864.00     0.00     0.00     0.00     0.00
   	   22.00   -16.00     0.00    90.00
   	   22.00   -16.00     0.00    90.00
  14 	  864.00  -864.00     0.00     0.00     0.00     0.00
  14 	  864.00  -864.00     0.00     0.00     0.00     0.00
   	   22.00   -16.00     0.00    90.00
   	   22.00   -16.00     0.00    90.00
  15 	    0.00  -720.00     0.00     0.00     0.00     0.00
  15 	    0.00  -720.00     0.00     0.00     0.00     0.00
   	   22.00   -16.00     0.00    90.00
   	   22.00   -16.00     0.00    90.00
  16 	  144.00  -720.00     0.00     0.00     0.00     0.00
  16 	  144.00  -720.00     0.00     0.00     0.00     0.00
   	   22.00   -16.00     0.00    90.00
   	   22.00   -16.00     0.00    90.00
  17 	  288.00  -720.00     0.00     0.00     0.00     0.00
  17 	  288.00  -720.00     0.00     0.00     0.00     0.00
   	   22.00   -16.00     0.00    90.00
   	   22.00   -16.00     0.00    90.00
  18 	  432.00  -720.00     0.00     0.00     0.00     0.00
  18 	  432.00  -720.00     0.00     0.00     0.00     0.00
   	   22.00   -16.00     0.00    90.00
   	   22.00   -16.00     0.00    90.00
  19 	  576.00  -720.00     0.00     0.00     0.00     0.00
  19 	  576.00  -720.00     0.00     0.00     0.00     0.00
   	   22.00   -16.00     0.00    90.00
   	   22.00   -16.00     0.00    90.00
  20 	  720.00  -720.00     0.00     0.00     0.00     0.00
  20 	  720.00  -720.00     0.00     0.00     0.00     0.00
   	   22.00   -16.00     0.00    90.00
   	   22.00   -16.00     0.00    90.00
  21 	  864.00  -720.00     0.00     0.00     0.00     0.00
  21 	  864.00  -720.00     0.00     0.00     0.00     0.00
   	   22.00   -16.00     0.00    90.00
   	   22.00   -16.00     0.00    90.00
  22 	    0.00  -576.00     0.00     0.00     0.00     0.00
  22 	    0.00  -576.00     0.00     0.00     0.00     0.00
   	   22.00   -16.00     0.00    90.00
   	   22.00   -16.00     0.00    90.00
  23 	  144.00  -576.00     0.00     0.00     0.00     0.00
  23 	  144.00  -576.00     0.00     0.00     0.00     0.00
   	   22.00   -16.00     0.00    90.00
   	   22.00   -16.00     0.00    90.00
  24 	  288.00  -576.00     0.00     0.00     0.00     0.00
  24 	  288.00  -576.00     0.00     0.00     0.00     0.00
   	   22.00   -16.00     0.00    90.00
   	   22.00   -16.00     0.00    90.00
  25 	  432.00  -576.00     0.00     0.00     0.00     0.00
  25 	  432.00  -576.00     0.00     0.00     0.00     0.00
   	   22.00   -16.00     0.00    90.00
   	   22.00   -16.00     0.00    90.00
  26 	  576.00  -576.00     0.00     0.00     0.00     0.00
  26 	  576.00  -576.00     0.00     0.00     0.00     0.00
   	   22.00   -16.00     0.00    90.00
   	   22.00   -16.00     0.00    90.00
  27 	  720.00  -576.00     0.00     0.00     0.00     0.00
  27 	  720.00  -576.00     0.00     0.00     0.00     0.00
   	   22.00   -16.00     0.00    90.00
   	   22.00   -16.00     0.00    90.00
  28 	  864.00  -576.00     0.00     0.00     0.00     0.00
  28 	  864.00  -576.00     0.00     0.00     0.00     0.00
   	   22.00   -16.00     0.00    90.00
   	   22.00   -16.00     0.00    90.00
  29 	    0.00  -432.00     0.00     0.00     0.00     0.00
  29 	    0.00  -432.00     0.00     0.00     0.00     0.00
   	   22.00   -16.00     0.00    90.00
   	   22.00   -16.00     0.00    90.00
  30 	  144.00  -432.00     0.00     0.00     0.00     0.00
  30 	  144.00  -432.00     0.00     0.00     0.00     0.00
   	   22.00   -16.00     0.00    90.00
   	   22.00   -16.00     0.00    90.00
  31 	  288.00  -432.00     0.00     0.00     0.00     0.00
  31 	  288.00  -432.00     0.00     0.00     0.00     0.00
   	   22.00   -16.00     0.00    90.00
   	   22.00   -16.00     0.00    90.00
  32 	  432.00  -432.00     0.00     0.00     0.00     0.00
  32 	  432.00  -432.00     0.00     0.00     0.00     0.00
   	   22.00   -16.00     0.00    90.00
   	   22.00   -16.00     0.00    90.00
  33 	  576.00  -432.00     0.00     0.00     0.00     0.00
  33 	  576.00  -432.00     0.00     0.00     0.00     0.00
   	   22.00   -16.00     0.00    90.00
   	   22.00   -16.00     0.00    90.00
  34 	  720.00  -432.00     0.00     0.00     0.00     0.00
  34 	  720.00  -432.00     0.00     0.00     0.00     0.00
   	   22.00   -16.00     0.00    90.00
   	   22.00   -16.00     0.00    90.00
  35 	  864.00  -432.00     0.00     0.00     0.00     0.00
  35 	  864.00  -432.00     0.00     0.00     0.00     0.00
   	   22.00   -16.00     0.00    90.00
   	   22.00   -16.00     0.00    90.00
  36 	    0.00  -288.00     0.00     0.00     0.00     0.00
  36 	    0.00  -288.00     0.00     0.00     0.00     0.00
   	   22.00   -16.00     0.00    90.00
   	   22.00   -16.00     0.00    90.00
  37 	  144.00  -288.00     0.00     0.00     0.00     0.00
  37 	  144.00  -288.00     0.00     0.00     0.00     0.00
   	   22.00   -16.00     0.00    90.00
   	   22.00   -16.00     0.00    90.00
  38 	  288.00  -288.00     0.00     0.00     0.00     0.00
  38 	  288.00  -288.00     0.00     0.00     0.00     0.00
   	   22.00   -16.00     0.00    90.00
   	   22.00   -16.00     0.00    90.00
  39 	  432.00  -288.00     0.00     0.00     0.00     0.00
  39 	  432.00  -288.00     0.00     0.00     0.00     0.00
   	   22.00   -16.00     0.00    90.00
   	   22.00   -16.00     0.00    90.00
  40 	  576.00  -288.00     0.00     0.00     0.00     0.00
  40 	  576.00  -288.00     0.00     0.00     0.00     0.00
   	   22.00   -16.00     0.00    90.00
   	   22.00   -16.00     0.00    90.00
  41 	  720.00  -288.00     0.00     0.00     0.00     0.00
  41 	  720.00  -288.00     0.00     0.00     0.00     0.00
   	   22.00   -16.00     0.00    90.00
   	   22.00   -16.00     0.00    90.00
  42 	  864.00  -288.00     0.00     0.00     0.00     0.00
  42 	  864.00  -288.00     0.00     0.00     0.00     0.00
   	   22.00   -16.00     0.00    90.00
   	   22.00   -16.00     0.00    90.00
  43 	-1008.00  -720.00     0.00     0.00     0.00     0.00
  43 	-1008.00  -720.00     0.00     0.00     0.00     0.00
   	   22.00   -16.00     0.00    90.00
   	   22.00   -16.00     0.00    90.00
  44 	 -864.00  -720.00     0.00     0.00     0.00     0.00
  44 	 -864.00  -720.00     0.00     0.00     0.00     0.00
   	   22.00   -16.00     0.00    90.00
   	   22.00   -16.00     0.00    90.00
  45 	 -720.00  -720.00     0.00     0.00     0.00     0.00
  45 	 -720.00  -720.00     0.00     0.00     0.00     0.00
   	   22.00   -16.00     0.00    90.00
   	   22.00   -16.00     0.00    90.00
  46 	 -576.00  -720.00     0.00     0.00     0.00     0.00
  46 	 -576.00  -720.00     0.00     0.00     0.00     0.00
   	   22.00   -16.00     0.00    90.00
   	   22.00   -16.00     0.00    90.00
  47 	 -432.00  -720.00     0.00     0.00     0.00     0.00
  47 	 -432.00  -720.00     0.00     0.00     0.00     0.00
   	   22.00   -16.00     0.00    90.00
   	   22.00   -16.00     0.00    90.00
  48 	 -288.00  -720.00     0.00     0.00     0.00     0.00
  48 	 -288.00  -720.00     0.00     0.00     0.00     0.00
   	   22.00   -16.00     0.00    90.00
   	   22.00   -16.00     0.00    90.00
  49 	 -144.00  -720.00     0.00     0.00     0.00     0.00
  49 	 -144.00  -720.00     0.00     0.00     0.00     0.00
   	   22.00   -16.00     0.00    90.00
   	   22.00   -16.00     0.00    90.00
  50 	    0.00  -720.00     0.00     0.00     0.00     0.00
  50 	    0.00  -720.00     0.00     0.00     0.00     0.00
   	   22.00   -16.00     0.00    90.00
   	   22.00   -16.00     0.00    90.00
  51 	-1008.00  -576.00     0.00     0.00     0.00     0.00
  51 	-1008.00  -576.00     0.00     0.00     0.00     0.00
   	   22.00   -16.00     0.00    90.00
   	   22.00   -16.00     0.00    90.00
  52 	 -864.00  -576.00     0.00     0.00     0.00     0.00
  52 	 -864.00  -576.00     0.00     0.00     0.00     0.00
   	   22.00   -16.00     0.00    90.00
   	   22.00   -16.00     0.00    90.00
  53 	 -720.00  -576.00     0.00     0.00     0.00     0.00
  53 	 -720.00  -576.00     0.00     0.00     0.00     0.00
   	   22.00   -16.00     0.00    90.00
   	   22.00   -16.00     0.00    90.00
  54 	 -576.00  -576.00     0.00     0.00     0.00     0.00
  54 	 -576.00  -576.00     0.00     0.00     0.00     0.00
   	   22.00   -16.00     0.00    90.00
   	   22.00   -16.00     0.00    90.00
  55 	 -432.00  -576.00     0.00     0.00     0.00     0.00
  55 	 -432.00  -576.00     0.00     0.00     0.00     0.00
   	   22.00   -16.00     0.00    90.00
   	   22.00   -16.00     0.00    90.00
  56 	 -288.00  -576.00     0.00     0.00     0.00     0.00
  56 	 -288.00  -576.00     0.00     0.00     0.00     0.00
   	   22.00   -16.00     0.00    90.00
   	   22.00   -16.00     0.00    90.00
  57 	 -144.00  -576.00     0.00     0.00     0.00     0.00
  57 	 -144.00  -576.00     0.00     0.00     0.00     0.00
   	   22.00   -16.00     0.00    90.00
   	   22.00   -16.00     0.00    90.00
  58 	    0.00  -576.00     0.00     0.00     0.00     0.00
  58 	    0.00  -576.00     0.00     0.00     0.00     0.00
   	   22.00   -16.00     0.00    90.00
   	   22.00   -16.00     0.00    90.00
  59 	-1008.00  -432.00     0.00     0.00     0.00     0.00
  59 	-1008.00  -432.00     0.00     0.00     0.00     0.00
   	   22.00   -16.00     0.00    90.00
   	   22.00   -16.00     0.00    90.00
  60 	 -864.00  -432.00     0.00     0.00     0.00     0.00
  60 	 -864.00  -432.00     0.00     0.00     0.00     0.00
   	   22.00   -16.00     0.00    90.00
   	   22.00   -16.00     0.00    90.00
  61 	 -720.00  -432.00     0.00     0.00     0.00     0.00
  61 	 -720.00  -432.00     0.00     0.00     0.00     0.00
   	   22.00   -16.00     0.00    90.00
   	   22.00   -16.00     0.00    90.00
  62 	 -576.00  -432.00     0.00     0.00     0.00     0.00
  62 	 -576.00  -432.00     0.00     0.00     0.00     0.00
   	   22.00   -16.00     0.00    90.00
   	   22.00   -16.00     0.00    90.00
  63 	 -432.00  -432.00     0.00     0.00     0.00     0.00
  63 	 -432.00  -432.00     0.00     0.00     0.00     0.00
   	   22.00   -16.00     0.00    90.00
   	   22.00   -16.00     0.00    90.00
  64 	 -288.00  -432.00     0.00     0.00     0.00     0.00
  64 	 -288.00  -432.00     0.00     0.00     0.00     0.00
   	   22.00   -16.00     0.00    90.00
   	   22.00   -16.00     0.00    90.00
  65 	 -144.00  -432.00     0.00     0.00     0.00     0.00
  65 	 -144.00  -432.00     0.00     0.00     0.00     0.00
   	   22.00   -16.00     0.00    90.00
   	   22.00   -16.00     0.00    90.00
  66 	    0.00  -432.00     0.00     0.00     0.00     0.00
  66 	    0.00  -432.00     0.00     0.00     0.00     0.00
   	   22.00   -16.00     0.00    90.00
   	   22.00   -16.00     0.00    90.00
  67 	-1008.00  -288.00     0.00     0.00     0.00     0.00
  67 	-1008.00  -288.00     0.00     0.00     0.00     0.00
   	   22.00   -16.00     0.00    90.00
   	   22.00   -16.00     0.00    90.00
  68 	 -864.00  -288.00     0.00     0.00     0.00     0.00
  68 	 -864.00  -288.00     0.00     0.00     0.00     0.00
   	   22.00   -16.00     0.00    90.00
   	   22.00   -16.00     0.00    90.00
  69 	 -720.00  -288.00     0.00     0.00     0.00     0.00
  69 	 -720.00  -288.00     0.00     0.00     0.00     0.00
   	   22.00   -16.00     0.00    90.00
   	   22.00   -16.00     0.00    90.00
  70 	 -576.00  -288.00     0.00     0.00     0.00     0.00
  70 	 -576.00  -288.00     0.00     0.00     0.00     0.00
   	   22.00   -16.00     0.00    90.00
   	   22.00   -16.00     0.00    90.00
  71 	 -432.00  -288.00     0.00     0.00     0.00     0.00
  71 	 -432.00  -288.00     0.00     0.00     0.00     0.00
   	   22.00   -16.00     0.00    90.00
   	   22.00   -16.00     0.00    90.00
  72 	 -288.00  -288.00     0.00     0.00     0.00     0.00
  72 	 -288.00  -288.00     0.00     0.00     0.00     0.00
   	   22.00   -16.00     0.00    90.00
   	   22.00   -16.00     0.00    90.00
  73 	 -144.00  -288.00     0.00     0.00     0.00     0.00
  73 	 -144.00  -288.00     0.00     0.00     0.00     0.00
   	   22.00   -16.00     0.00    90.00
   	   22.00   -16.00     0.00    90.00
  74 	    0.00  -288.00     0.00     0.00     0.00     0.00
  74 	    0.00  -288.00     0.00     0.00     0.00     0.00
   	   22.00   -16.00     0.00    90.00
   	   22.00   -16.00     0.00    90.00
  75 	-1008.00  -144.00     0.00     0.00     0.00     0.00
  75 	-1008.00  -144.00     0.00     0.00     0.00     0.00
   	   22.00   -16.00     0.00    90.00
   	   22.00   -16.00     0.00    90.00
  76 	 -864.00  -144.00     0.00     0.00     0.00     0.00
  76 	 -864.00  -144.00     0.00     0.00     0.00     0.00
   	   22.00   -16.00     0.00    90.00
   	   22.00   -16.00     0.00    90.00
  77 	 -720.00  -144.00     0.00     0.00     0.00     0.00
  77 	 -720.00  -144.00     0.00     0.00     0.00     0.00
   	   22.00   -16.00     0.00    90.00
   	   22.00   -16.00     0.00    90.00
  78 	 -576.00  -144.00     0.00     0.00     0.00     0.00
  78 	 -576.00  -144.00     0.00     0.00     0.00     0.00
   	   22.00   -16.00     0.00    90.00
   	   22.00   -16.00     0.00    90.00
  79 	 -432.00  -144.00     0.00     0.00     0.00     0.00
  79 	 -432.00  -144.00     0.00     0.00     0.00     0.00
   	   22.00   -16.00     0.00    90.00
   	   22.00   -16.00     0.00    90.00
  80 	 -288.00  -144.00     0.00     0.00     0.00     0.00
  80 	 -288.00  -144.00     0.00     0.00     0.00     0.00
   	   22.00   -16.00     0.00    90.00
   	   22.00   -16.00     0.00    90.00
  81 	 -144.00  -144.00     0.00     0.00     0.00     0.00
  81 	 -144.00  -144.00     0.00     0.00     0.00     0.00
   	   22.00   -16.00     0.00    90.00
   	   22.00   -16.00     0.00    90.00
  82 	    0.00  -144.00     0.00     0.00     0.00     0.00
  82 	    0.00  -144.00     0.00     0.00     0.00     0.00
   	   22.00   -16.00     0.00    90.00
   	   22.00   -16.00     0.00    90.00
  83 	 -288.00   144.00     0.00     0.00     0.00     0.00
  83 	 -288.00   144.00     0.00     0.00     0.00     0.00
   	   22.00   -16.00     0.00    90.00
   	   22.00   -16.00     0.00    90.00
  84 	 -144.00   144.00     0.00     0.00     0.00     0.00
  84 	 -144.00   144.00     0.00     0.00     0.00     0.00
   	   22.00   -16.00     0.00    90.00
   	   22.00   -16.00     0.00    90.00
  85 	    0.00     0.00     0.00     0.00     0.00     0.00
  85 	    0.00     0.00     0.00     0.00     0.00     0.00
   	   22.00   -16.00     0.00    90.00
   	   22.00   -16.00     0.00    90.00
  86 	    0.00  -144.00     0.00     0.00     0.00     0.00
  86 	    0.00  -144.00     0.00     0.00     0.00     0.00
   	   22.00   -16.00     0.00    90.00
   	   22.00   -16.00     0.00    90.00
  87 	 -144.00  -144.00     0.00     0.00     0.00     0.00
  87 	 -144.00  -144.00     0.00     0.00     0.00     0.00
   	   22.00   -16.00     0.00    90.00
   	   22.00   -16.00     0.00    90.00
  88 	 -288.00     0.00     0.00     0.00     0.00     0.00
  88 	 -288.00     0.00     0.00     0.00     0.00     0.00
   	   22.00   -16.00     0.00    90.00
   	   22.00   -16.00     0.00    90.00
  89 	 -144.00     0.00     0.00     0.00     0.00     0.00
  89 	 -144.00     0.00     0.00     0.00     0.00     0.00
   	   22.00   -16.00     0.00    90.00
   	   22.00   -16.00     0.00    90.00

** End writing output file: ../inputs/gr663.dat 
