*******************************************************************************
                         ARRAY PREPROCESSOR ver. 1.0
*******************************************************************************



   1	GROUP testgroup
   3	 GRID HEXAGONAL
   4	 ELEMENT
   5	 GEOMETRY CIRCULAR 59
   6	 POLARIZATION CIRCULAR
   7	 ADD HEXAGON -5 -3
   9	 GROUP_EXCITATION
  10	 AMPLITUDE UNIFORM 31
  11	 PHASE UNIFORM -98
  12	 END

** Generating GROUP: testgroup.
** PSTEP,QSTEP set to:118.000000,118.000000
** Grid ANGLE set to:60.000000 
** Group ROT_ANGLE set to: 0.000000 

** Writing output file: ../inputs/gr664.dat

NEL 
NPORTS
IDUM      REXA     REYA     REZA     THEA     PHEA     PSEA 
          AMP      PSH      PSC      PHEPOL
   7
   7
   1
   1
   1 	 -826.00  -204.38     0.00     0.00     0.00     0.00
   1 	 -826.00  -204.38     0.00     0.00     0.00     0.00
   	   31.00   -98.00     0.00    90.00
   	   31.00   -98.00     0.00    90.00
   2 	 -708.00  -204.38     0.00     0.00     0.00     0.00
   2 	 -708.00  -204.38     0.00     0.00     0.00     0.00
   	   31.00   -98.00     0.00    90.00
   	   31.00   -98.00     0.00    90.00
   3 	 -649.00  -306.57     0.00     0.00     0.00     0.00
   3 	 -649.00  -306.57     0.00     0.00     0.00     0.00
   	   31.00   -98.00     0.00    90.00
   	   31.00   -98.00     0.00    90.00
   4 	 -708.00  -408.76     0.00     0.00     0.00     0.00
   4 	 -708.00  -408.76     0.00     0.00     0.00     0.00
   	   31.00   -98.00     0.00    90.00
   	   31.00   -98.00     0.00    90.00
   5 	 -826.00  -408.76     0.00     0.00     0.00     0.00
   5 	 -826.00  -408.76     0.00     0.00     0.00     0.00
   	   31.00   -98.00     0.00    90.00
   	   31.00   -98.00     0.00    90.00
   6 	 -885.00  -306.57     0.00     0.00     0.00     0.00
   6 	 -885.00  -306.57     0.00     0.00     0.00     0.00
   	   31.00   -98.00     0.00    90.00
   	   31.00   -98.00     0.00    90.00
   7 	 -767.00  -306.57     0.00     0.00     0.00     0.00
   7 	 -767.00  -306.57     0.00     0.00     0.00     0.00
   	   31.00   -98.00     0.00    90.00
   	   31.00   -98.00     0.00    90.00

** End writing output file: ../inputs/gr664.dat 
