*******************************************************************************
                         ARRAY PREPROCESSOR ver. 1.0
*******************************************************************************



   1	GROUP testgroup
   3	 GRID TRIANGULAR
   4	 ELEMENT
   5	 GEOMETRY CIRCULAR 45
   6	 POLARIZATION LINEAR ORIENTATION X
   7	 ADD BLOCK 2 -4 3 0
   8	 ADD BLOCK 3 -4 -2 5
  10	 GROUP_EXCITATION
  11	 AMPLITUDE UNIFORM 27
  12	 PHASE UNIFORM 8
  13	 END

** WARNING B2: GRID step(s) too small for specified element in GROUP: testgroup
** Generating GROUP: testgroup.
** PSTEP,QSTEP set to:90.000000,90.000000
** Grid ANGLE set to:60.000000 
** Group ROT_ANGLE set to: 0.000000 

** Writing output file: ../inputs/gr665.dat

NEL 
NPORTS
IDUM      REXA     REYA     REZA     THEA     PHEA     PSEA 
          AMP      PSH      PSC      PHEPOL
  70
  70
   1
   1
   1 	    0.00  -311.77     0.00     0.00     0.00     0.00
   1 	    0.00  -311.77     0.00     0.00     0.00     0.00
   	   27.00     8.00     0.00     0.00
   	   27.00     8.00     0.00     0.00
   2 	   90.00  -311.77     0.00     0.00     0.00     0.00
   2 	   90.00  -311.77     0.00     0.00     0.00     0.00
   	   27.00     8.00     0.00     0.00
   	   27.00     8.00     0.00     0.00
   3 	   45.00  -233.83     0.00     0.00     0.00     0.00
   3 	   45.00  -233.83     0.00     0.00     0.00     0.00
   	   27.00     8.00     0.00     0.00
   	   27.00     8.00     0.00     0.00
   4 	  135.00  -233.83     0.00     0.00     0.00     0.00
   4 	  135.00  -233.83     0.00     0.00     0.00     0.00
   	   27.00     8.00     0.00     0.00
   	   27.00     8.00     0.00     0.00
   5 	   90.00  -155.88     0.00     0.00     0.00     0.00
   5 	   90.00  -155.88     0.00     0.00     0.00     0.00
   	   27.00     8.00     0.00     0.00
   	   27.00     8.00     0.00     0.00
   6 	  180.00  -155.88     0.00     0.00     0.00     0.00
   6 	  180.00  -155.88     0.00     0.00     0.00     0.00
   	   27.00     8.00     0.00     0.00
   	   27.00     8.00     0.00     0.00
   7 	  135.00   -77.94     0.00     0.00     0.00     0.00
   7 	  135.00   -77.94     0.00     0.00     0.00     0.00
   	   27.00     8.00     0.00     0.00
   	   27.00     8.00     0.00     0.00
   8 	  225.00   -77.94     0.00     0.00     0.00     0.00
   8 	  225.00   -77.94     0.00     0.00     0.00     0.00
   	   27.00     8.00     0.00     0.00
   	   27.00     8.00     0.00     0.00
   9 	  180.00     0.00     0.00     0.00     0.00     0.00
   9 	  180.00     0.00     0.00     0.00     0.00     0.00
   	   27.00     8.00     0.00     0.00
   	   27.00     8.00     0.00     0.00
  10 	  270.00     0.00     0.00     0.00     0.00     0.00
  10 	  270.00     0.00     0.00     0.00     0.00     0.00
   	   27.00     8.00     0.00     0.00
   	   27.00     8.00     0.00     0.00
  11 	 -360.00  -311.77     0.00     0.00     0.00     0.00
  11 	 -360.00  -311.77     0.00     0.00     0.00     0.00
   	   27.00     8.00     0.00     0.00
   	   27.00     8.00     0.00     0.00
  12 	 -270.00  -311.77     0.00     0.00     0.00     0.00
  12 	 -270.00  -311.77     0.00     0.00     0.00     0.00
   	   27.00     8.00     0.00     0.00
   	   27.00     8.00     0.00     0.00
  13 	 -180.00  -311.77     0.00     0.00     0.00     0.00
  13 	 -180.00  -311.77     0.00     0.00     0.00     0.00
   	   27.00     8.00     0.00     0.00
   	   27.00     8.00     0.00     0.00
  14 	  -90.00  -311.77     0.00     0.00     0.00     0.00
  14 	  -90.00  -311.77     0.00     0.00     0.00     0.00
   	   27.00     8.00     0.00     0.00
   	   27.00     8.00     0.00     0.00
  15 	    0.00  -311.77     0.00     0.00     0.00     0.00
  15 	    0.00  -311.77     0.00     0.00     0.00     0.00
   	   27.00     8.00     0.00     0.00
   	   27.00     8.00     0.00     0.00
  16 	   90.00  -311.77     0.00     0.00     0.00     0.00
  16 	   90.00  -311.77     0.00     0.00     0.00     0.00
   	   27.00     8.00     0.00     0.00
   	   27.00     8.00     0.00     0.00
  17 	 -315.00  -233.83     0.00     0.00     0.00     0.00
  17 	 -315.00  -233.83     0.00     0.00     0.00     0.00
   	   27.00     8.00     0.00     0.00
   	   27.00     8.00     0.00     0.00
  18 	 -225.00  -233.83     0.00     0.00     0.00     0.00
  18 	 -225.00  -233.83     0.00     0.00     0.00     0.00
   	   27.00     8.00     0.00     0.00
   	   27.00     8.00     0.00     0.00
  19 	 -135.00  -233.83     0.00     0.00     0.00     0.00
  19 	 -135.00  -233.83     0.00     0.00     0.00     0.00
   	   27.00     8.00     0.00     0.00
   	   27.00     8.00     0.00     0.00
  20 	  -45.00  -233.83     0.00     0.00     0.00     0.00
  20 	  -45.00  -233.83     0.00     0.00     0.00     0.00
   	   27.00     8.00     0.00     0.00
   	   27.00     8.00     0.00     0.00
  21 	   45.00  -233.83     0.00     0.00     0.00     0.00
  21 	   45.00  -233.83     0.00     0.00     0.00     0.00
   	   27.00     8.00     0.00     0.00
   	   27.00     8.00     0.00     0.00
  22 	  135.00  -233.83     0.00     0.00     0.00     0.00
  22 	  135.00  -233.83     0.00     0.00     0.00     0.00
   	   27.00     8.00     0.00     0.00
   	   27.00     8.00     0.00     0.00
  23 	 -270.00  -155.88     0.00     0.00     0.00     0.00
  23 	 -270.00  -155.88     0.00     0.00     0.00     0.00
   	   27.00     8.00     0.00     0.00
   	   27.00     8.00     0.00     0.00
  24 	 -180.00  -155.88     0.00     0.00     0.00     0.00
  24 	 -180.00  -155.88     0.00     0.00     0.00     0.00
   	   27.00     8.00     0.00     0.00
   	   27.00     8.00     0.00     0.00
  25 	  -90.00  -155.88     0.00     0.00     0.00     0.00
  25 	  -90.00  -155.88     0.00     0.00     0.00     0.00
   	   27.00     8.00     0.00     0.00
   	   27.00     8.00     0.00     0.00
  26 	    0.00  -155.88     0.00     0.00     0.00     0.00
  26 	    0.00  -155.88     0.00     0.00     0.00     0.00
   	   27.00     8.00     0.00     0.00
   	   27.00     8.00     0.00     0.00
  27 	   90.00  -155.88     0.00     0.00     0.00     0.00
  27 	   90.00  -155.88     0.00     0.00     0.00     0.00
   	   27.00     8.00     0.00     0.00
   	   27.00     8.00     0.00     0.00
  28 	  180.00  -155.88     0.00     0.00     0.00     0.00
  28 	  180.00  -155.88     0.00     0.00     0.00     0.00
   	   27.00     8.00     0.00     0.00
   	   27.00     8.00     0.00     0.00
  29 	 -225.00   -77.94     0.00     0.00     0.00     0.00
  29 	 -225.00   -77.94     0.00     0.00     0.00     0.00
   	   27.00     8.00     0.00     0.00
   	   27.00     8.00     0.00     0.00
  30 	 -135.00   -77.94     0.00     0.00     0.00     0.00
  30 	 -135.00   -77.94     0.00     0.00     0.00     0.00
   	   27.00     8.00     0.00     0.00
   	   27.00     8.00     0.00     0.00
  31 	  -45.00   -77.94     0.00     0.00     0.00     0.00
  31 	  -45.00   -77.94     0.00     0.00     0.00     0.00
   	   27.00     8.00     0.00     0.00
   	   27.00     8.00     0.00     0.00
  32 	   45.00   -77.94     0.00     0.00     0.00     0.00
  32 	   45.00   -77.94     0.00     0.00     0.00     0.00
   	   27.00     8.00     0.00     0.00
   	   27.00     8.00     0.00     0.00
  33 	  135.00   -77.94     0.00     0.00     0.00     0.00
  33 	  135.00   -77.94     0.00     0.00     0.00     0.00
   	   27.00     8.00     0.00     0.00
   	   27.00     8.00     0.00     0.00
  34 	  225.00   -77.94     0.00     0.00     0.00     0.00
  34 	  225.00   -77.94     0.00     0.00     0.00     0.00
   	   27.00     8.00     0.00     0.00
   	   27.00     8.00     0.00     0.00
  35 	 -180.00     0.00     0.00     0.00     0.00     0.00
  35 	 -180.00     0.00     0.00     0.00     0.00     0.00
   	   27.00     8.00     0.00     0.00
   	   27.00     8.00     0.00     0.00
  36 	  -90.00     0.00     0.00     0.00     0.00     0.00
  36 	  -90.00     0.00     0.00     0.00     0.00     0.00
   	   27.00     8.00     0.00     0.00
   	   27.00     8.00     0.00     0.00
  37 	    0.00     0.00     0.00     0.00     0.00     0.00
  37 	    0.00     0.00     0.00     0.00     0.00     0.00
   	   27.00     8.00     0.00     0.00
   	   27.00     8.00     0.00     0.00
  38 	   90.00     0.00     0.00     0.00     0.00     0.00
  38 	   90.00     0.00     0.00     0.00     0.00     0.00
   	   27.00     8.00     0.00     0.00
   	   27.00     8.00     0.00     0.00
  39 	  180.00     0.00     0.00     0.00     0.00     0.00
  39 	  180.00     0.00     0.00     0.00     0.00     0.00
   	   27.00     8.00     0.00     0.00
   	   27.00     8.00     0.00     0.00
  40 	  270.00     0.00     0.00     0.00     0.00     0.00
  40 	  270.00     0.00     0.00     0.00     0.00     0.00
   	   27.00     8.00     0.00     0.00
   	   27.00     8.00     0.00     0.00
  41 	 -135.00    77.94     0.00     0.00     0.00     0.00
  41 	 -135.00    77.94     0.00     0.00     0.00     0.00
   	   27.00     8.00     0.00     0.00
   	   27.00     8.00     0.00     0.00
  42 	  -45.00    77.94     0.00     0.00     0.00     0.00
  42 	  -45.00    77.94     0.00     0.00     0.00     0.00
   	   27.00     8.00     0.00     0.00
   	   27.00     8.00     0.00     0.00
  43 	   45.00    77.94     0.00     0.00     0.00     0.00
  43 	   45.00    77.94     0.00     0.00     0.00     0.00
   	   27.00     8.00     0.00     0.00
   	   27.00     8.00     0.00     0.00
  44 	  135.00    77.94     0.00     0.00     0.00     0.00
  44 	  135.00    77.94     0.00     0.00     0.00     0.00
   	   27.00     8.00     0.00     0.00
   	   27.00     8.00     0.00     0.00
  45 	  225.00    77.94     0.00     0.00     0.00     0.00
  45 	  225.00    77.94     0.00     0.00     0.00     0.00
   	   27.00     8.00     0.00     0.00
   	   27.00     8.00     0.00     0.00
  46 	  315.00    77.94     0.00     0.00     0.00     0.00
  46 	  315.00    77.94     0.00     0.00     0.00     0.00
   	   27.00     8.00     0.00     0.00
   	   27.00     8.00     0.00     0.00
  47 	  -90.00   155.88     0.00     0.00     0.00     0.00
  47 	  -90.00   155.88     0.00     0.00     0.00     0.00
   	   27.00     8.00     0.00     0.00
   	   27.00     8.00     0.00     0.00
  48 	   -0.00   155.88     0.00     0.00     0.00     0.00
  48 	   -0.00   155.88     0.00     0.00     0.00     0.00
   	   27.00     8.00     0.00     0.00
   	   27.00     8.00     0.00     0.00
  49 	   90.00   155.88     0.00     0.00     0.00     0.00
  49 	   90.00   155.88     0.00     0.00     0.00     0.00
   	   27.00     8.00     0.00     0.00
   	   27.00     8.00     0.00     0.00
  50 	  180.00   155.88     0.00     0.00     0.00     0.00
  50 	  180.00   155.88     0.00     0.00     0.00     0.00
   	   27.00     8.00     0.00     0.00
   	   27.00     8.00     0.00     0.00
  51 	  270.00   155.88     0.00     0.00     0.00     0.00
  51 	  270.00   155.88     0.00     0.00     0.00     0.00
   	   27.00     8.00     0.00     0.00
   	   27.00     8.00     0.00     0.00
  52 	  360.00   155.88     0.00     0.00     0.00     0.00
  52 	  360.00   155.88     0.00     0.00     0.00     0.00
   	   27.00     8.00     0.00     0.00
   	   27.00     8.00     0.00     0.00
  53 	  -45.00   233.83     0.00     0.00     0.00     0.00
  53 	  -45.00   233.83     0.00     0.00     0.00     0.00
   	   27.00     8.00     0.00     0.00
   	   27.00     8.00     0.00     0.00
  54 	   45.00   233.83     0.00     0.00     0.00     0.00
  54 	   45.00   233.83     0.00     0.00     0.00     0.00
   	   27.00     8.00     0.00     0.00
   	   27.00     8.00     0.00     0.00
  55 	  135.00   233.83     0.00     0.00     0.00     0.00
  55 	  135.00   233.83     0.00     0.00     0.00     0.00
   	   27.00     8.00     0.00     0.00
   	   27.00     8.00     0.00     0.00
  56 	  225.00   233.83     0.00     0.00     0.00     0.00
  56 	  225.00   233.83     0.00     0.00     0.00     0.00
   	   27.00     8.00     0.00     0.00
   	   27.00     8.00     0.00     0.00
  57 	  315.00   233.83     0.00     0.00     0.00     0.00
  57 	  315.00   233.83     0.00     0.00     0.00     0.00
   	   27.00     8.00     0.00     0.00
   	   27.00     8.00     0.00     0.00
  58 	  405.00   233.83     0.00     0.00     0.00     0.00
  58 	  405.00   233.83     0.00     0.00     0.00     0.00
   	   27.00     8.00     0.00     0.00
   	   27.00     8.00     0.00     0.00
  59 	   -0.00   311.77     0.00     0.00     0.00     0.00
  59 	   -0.00   311.77     0.00     0.00     0.00     0.00
   	   27.00     8.00     0.00     0.00
   	   27.00     8.00     0.00     0.00
  60 	   90.00   311.77     0.00     0.00     0.00     0.00
  60 	   90.00   311.77     0.00     0.00     0.00     0.00
   	   27.00     8.00     0.00     0.00
   	   27.00     8.00     0.00     0.00
  61 	  180.00   311.77     0.00     0.00     0.00     0.00
  61 	  180.00   311.77     0.00     0.00     0.00     0.00
   	   27.00     8.00     0.00     0.00
   	   27.00     8.00     0.00     0.00
  62 	  270.00   311.77     0.00     0.00     0.00     0.00
  62 	  270.00   311.77     0.00     0.00     0.00     0.00
   	   27.00     8.00     0.00     0.00
   	   27.00     8.00     0.00     0.00
  63 	  360.00   311.77     0.00     0.00     0.00     0.00
  63 	  360.00   311.77     0.00     0.00     0.00     0.00
   	   27.00     8.00     0.00     0.00
   	   27.00     8.00     0.00     0.00
  64 	  450.00   311.77     0.00     0.00     0.00     0.00
  64 	  450.00   311.77     0.00     0.00     0.00     0.00
   	   27.00     8.00     0.00     0.00
   	   27.00     8.00     0.00     0.00
  65 	   45.00   389.71     0.00     0.00     0.00     0.00
  65 	   45.00   389.71     0.00     0.00     0.00     0.00
   	   27.00     8.00     0.00     0.00
   	   27.00     8.00     0.00     0.00
  66 	  135.00   389.71     0.00     0.00     0.00     0.00
  66 	  135.00   389.71     0.00     0.00     0.00     0.00
   	   27.00     8.00     0.00     0.00
   	   27.00     8.00     0.00     0.00
  67 	  225.00   389.71     0.00     0.00     0.00     0.00
  67 	  225.00   389.71     0.00     0.00     0.00     0.00
   	   27.00     8.00     0.00     0.00
   	   27.00     8.00     0.00     0.00
  68 	  315.00   389.71     0.00     0.00     0.00     0.00
  68 	  315.00   389.71     0.00     0.00     0.00     0.00
   	   27.00     8.00     0.00     0.00
   	   27.00     8.00     0.00     0.00
  69 	  405.00   389.71     0.00     0.00     0.00     0.00
  69 	  405.00   389.71     0.00     0.00     0.00     0.00
   	   27.00     8.00     0.00     0.00
   	   27.00     8.00     0.00     0.00
  70 	  495.00   389.71     0.00     0.00     0.00     0.00
  70 	  495.00   389.71     0.00     0.00     0.00     0.00
   	   27.00     8.00     0.00     0.00
   	   27.00     8.00     0.00     0.00

** End writing output file: ../inputs/gr665.dat 
