*******************************************************************************
                         ARRAY PREPROCESSOR ver. 1.0
*******************************************************************************



   1	GROUP testgroup
   3	 GRID RECTANGULAR
   4	 ELEMENT
   5	 GEOMETRY RECTANGULAR 48 44
   7	 POLARIZATION LINEAR
   8	 ADD BLOCK 4 -2 0 -2
   9	 ADD BLOCK -10 -1 -3 3
  11	 GROUP_EXCITATION
  12	 AMPLITUDE UNIFORM 30
  13	 PHASE UNIFORM 44
  14	 END

** Generating GROUP: testgroup.
** PSTEP,QSTEP set to:48.000000,44.000000
** Grid ANGLE set to:90.000000 
** Group ROT_ANGLE set to: 0.000000 

** Writing output file: ../inputs/gr667.dat

NEL 
NPORTS
IDUM      REXA     REYA     REZA     THEA     PHEA     PSEA 
          AMP      PSH      PSC      PHEPOL
  45
  45
   1
   1
   1 	    0.00   -88.00     0.00     0.00     0.00     0.00
   1 	    0.00   -88.00     0.00     0.00     0.00     0.00
   	   30.00    44.00     0.00    90.00
   	   30.00    44.00     0.00    90.00
   2 	   48.00   -88.00     0.00     0.00     0.00     0.00
   2 	   48.00   -88.00     0.00     0.00     0.00     0.00
   	   30.00    44.00     0.00    90.00
   	   30.00    44.00     0.00    90.00
   3 	   96.00   -88.00     0.00     0.00     0.00     0.00
   3 	   96.00   -88.00     0.00     0.00     0.00     0.00
   	   30.00    44.00     0.00    90.00
   	   30.00    44.00     0.00    90.00
   4 	  144.00   -88.00     0.00     0.00     0.00     0.00
   4 	  144.00   -88.00     0.00     0.00     0.00     0.00
   	   30.00    44.00     0.00    90.00
   	   30.00    44.00     0.00    90.00
   5 	  192.00   -88.00     0.00     0.00     0.00     0.00
   5 	  192.00   -88.00     0.00     0.00     0.00     0.00
   	   30.00    44.00     0.00    90.00
   	   30.00    44.00     0.00    90.00
   6 	 -480.00   -44.00     0.00     0.00     0.00     0.00
   6 	 -480.00   -44.00     0.00     0.00     0.00     0.00
   	   30.00    44.00     0.00    90.00
   	   30.00    44.00     0.00    90.00
   7 	 -432.00   -44.00     0.00     0.00     0.00     0.00
   7 	 -432.00   -44.00     0.00     0.00     0.00     0.00
   	   30.00    44.00     0.00    90.00
   	   30.00    44.00     0.00    90.00
   8 	 -384.00   -44.00     0.00     0.00     0.00     0.00
   8 	 -384.00   -44.00     0.00     0.00     0.00     0.00
   	   30.00    44.00     0.00    90.00
   	   30.00    44.00     0.00    90.00
   9 	 -336.00   -44.00     0.00     0.00     0.00     0.00
   9 	 -336.00   -44.00     0.00     0.00     0.00     0.00
   	   30.00    44.00     0.00    90.00
   	   30.00    44.00     0.00    90.00
  10 	 -288.00   -44.00     0.00     0.00     0.00     0.00
  10 	 -288.00   -44.00     0.00     0.00     0.00     0.00
   	   30.00    44.00     0.00    90.00
   	   30.00    44.00     0.00    90.00
  11 	 -240.00   -44.00     0.00     0.00     0.00     0.00
  11 	 -240.00   -44.00     0.00     0.00     0.00     0.00
   	   30.00    44.00     0.00    90.00
   	   30.00    44.00     0.00    90.00
  12 	 -192.00   -44.00     0.00     0.00     0.00     0.00
  12 	 -192.00   -44.00     0.00     0.00     0.00     0.00
   	   30.00    44.00     0.00    90.00
   	   30.00    44.00     0.00    90.00
  13 	 -144.00   -44.00     0.00     0.00     0.00     0.00
  13 	 -144.00   -44.00     0.00     0.00     0.00     0.00
   	   30.00    44.00     0.00    90.00
   	   30.00    44.00     0.00    90.00
  14 	 -480.00     0.00     0.00     0.00     0.00     0.00
  14 	 -480.00     0.00     0.00     0.00     0.00     0.00
   	   30.00    44.00     0.00    90.00
   	   30.00    44.00     0.00    90.00
  15 	 -432.00     0.00     0.00     0.00     0.00     0.00
  15 	 -432.00     0.00     0.00     0.00     0.00     0.00
   	   30.00    44.00     0.00    90.00
   	   30.00    44.00     0.00    90.00
  16 	 -384.00     0.00     0.00     0.00     0.00     0.00
  16 	 -384.00     0.00     0.00     0.00     0.00     0.00
   	   30.00    44.00     0.00    90.00
   	   30.00    44.00     0.00    90.00
  17 	 -336.00     0.00     0.00     0.00     0.00     0.00
  17 	 -336.00     0.00     0.00     0.00     0.00     0.00
   	   30.00    44.00     0.00    90.00
   	   30.00    44.00     0.00    90.00
  18 	 -288.00     0.00     0.00     0.00     0.00     0.00
  18 	 -288.00     0.00     0.00     0.00     0.00     0.00
   	   30.00    44.00     0.00    90.00
   	   30.00    44.00     0.00    90.00
  19 	 -240.00     0.00     0.00     0.00     0.00     0.00
  19 	 -240.00     0.00     0.00     0.00     0.00     0.00
   	   30.00    44.00     0.00    90.00
   	   30.00    44.00     0.00    90.00
  20 	 -192.00     0.00     0.00     0.00     0.00     0.00
  20 	 -192.00     0.00     0.00     0.00     0.00     0.00
   	   30.00    44.00     0.00    90.00
   	   30.00    44.00     0.00    90.00
  21 	 -144.00     0.00     0.00     0.00     0.00     0.00
  21 	 -144.00     0.00     0.00     0.00     0.00     0.00
   	   30.00    44.00     0.00    90.00
   	   30.00    44.00     0.00    90.00
  22 	 -480.00    44.00     0.00     0.00     0.00     0.00
  22 	 -480.00    44.00     0.00     0.00     0.00     0.00
   	   30.00    44.00     0.00    90.00
   	   30.00    44.00     0.00    90.00
  23 	 -432.00    44.00     0.00     0.00     0.00     0.00
  23 	 -432.00    44.00     0.00     0.00     0.00     0.00
   	   30.00    44.00     0.00    90.00
   	   30.00    44.00     0.00    90.00
  24 	 -384.00    44.00     0.00     0.00     0.00     0.00
  24 	 -384.00    44.00     0.00     0.00     0.00     0.00
   	   30.00    44.00     0.00    90.00
   	   30.00    44.00     0.00    90.00
  25 	 -336.00    44.00     0.00     0.00     0.00     0.00
  25 	 -336.00    44.00     0.00     0.00     0.00     0.00
   	   30.00    44.00     0.00    90.00
   	   30.00    44.00     0.00    90.00
  26 	 -288.00    44.00     0.00     0.00     0.00     0.00
  26 	 -288.00    44.00     0.00     0.00     0.00     0.00
   	   30.00    44.00     0.00    90.00
   	   30.00    44.00     0.00    90.00
  27 	 -240.00    44.00     0.00     0.00     0.00     0.00
  27 	 -240.00    44.00     0.00     0.00     0.00     0.00
   	   30.00    44.00     0.00    90.00
   	   30.00    44.00     0.00    90.00
  28 	 -192.00    44.00     0.00     0.00     0.00     0.00
  28 	 -192.00    44.00     0.00     0.00     0.00     0.00
   	   30.00    44.00     0.00    90.00
   	   30.00    44.00     0.00    90.00
  29 	 -144.00    44.00     0.00     0.00     0.00     0.00
  29 	 -144.00    44.00     0.00     0.00     0.00     0.00
   	   30.00    44.00     0.00    90.00
   	   30.00    44.00     0.00    90.00
  30 	 -480.00    88.00     0.00     0.00     0.00     0.00
  30 	 -480.00    88.00     0.00     0.00     0.00     0.00
   	   30.00    44.00     0.00    90.00
   	   30.00    44.00     0.00    90.00
  31 	 -432.00    88.00     0.00     0.00     0.00     0.00
  31 	 -432.00    88.00     0.00     0.00     0.00     0.00
   	   30.00    44.00     0.00    90.00
   	   30.00    44.00     0.00    90.00
  32 	 -384.00    88.00     0.00     0.00     0.00     0.00
  32 	 -384.00    88.00     0.00     0.00     0.00     0.00
   	   30.00    44.00     0.00    90.00
   	   30.00    44.00     0.00    90.00
  33 	 -336.00    88.00     0.00     0.00     0.00     0.00
  33 	 -336.00    88.00     0.00     0.00     0.00     0.00
   	   30.00    44.00     0.00    90.00
   	   30.00    44.00     0.00    90.00
  34 	 -288.00    88.00     0.00     0.00     0.00     0.00
  34 	 -288.00    88.00     0.00     0.00     0.00     0.00
   	   30.00    44.00     0.00    90.00
   	   30.00    44.00     0.00    90.00
  35 	 -240.00    88.00     0.00     0.00     0.00     0.00
  35 	 -240.00    88.00     0.00     0.00     0.00     0.00
   	   30.00    44.00     0.00    90.00
   	   30.00    44.00     0.00    90.00
  36 	 -192.00    88.00     0.00     0.00     0.00     0.00
  36 	 -192.00    88.00     0.00     0.00     0.00     0.00
   	   30.00    44.00     0.00    90.00
   	   30.00    44.00     0.00    90.00
  37 	 -144.00    88.00     0.00     0.00     0.00     0.00
  37 	 -144.00    88.00     0.00     0.00     0.00     0.00
   	   30.00    44.00     0.00    90.00
   	   30.00    44.00     0.00    90.00
  38 	 -480.00   132.00     0.00     0.00     0.00     0.00
  38 	 -480.00   132.00     0.00     0.00     0.00     0.00
   	   30.00    44.00     0.00    90.00
   	   30.00    44.00     0.00    90.00
  39 	 -432.00   132.00     0.00     0.00     0.00     0.00
  39 	 -432.00   132.00     0.00     0.00     0.00     0.00
   	   30.00    44.00     0.00    90.00
   	   30.00    44.00     0.00    90.00
  40 	 -384.00   132.00     0.00     0.00     0.00     0.00
  40 	 -384.00   132.00     0.00     0.00     0.00     0.00
   	   30.00    44.00     0.00    90.00
   	   30.00    44.00     0.00    90.00
  41 	 -336.00   132.00     0.00     0.00     0.00     0.00
  41 	 -336.00   132.00     0.00     0.00     0.00     0.00
   	   30.00    44.00     0.00    90.00
   	   30.00    44.00     0.00    90.00
  42 	 -288.00   132.00     0.00     0.00     0.00     0.00
  42 	 -288.00   132.00     0.00     0.00     0.00     0.00
   	   30.00    44.00     0.00    90.00
   	   30.00    44.00     0.00    90.00
  43 	 -240.00   132.00     0.00     0.00     0.00     0.00
  43 	 -240.00   132.00     0.00     0.00     0.00     0.00
   	   30.00    44.00     0.00    90.00
   	   30.00    44.00     0.00    90.00
  44 	 -192.00   132.00     0.00     0.00     0.00     0.00
  44 	 -192.00   132.00     0.00     0.00     0.00     0.00
   	   30.00    44.00     0.00    90.00
   	   30.00    44.00     0.00    90.00
  45 	 -144.00   132.00     0.00     0.00     0.00     0.00
  45 	 -144.00   132.00     0.00     0.00     0.00     0.00
   	   30.00    44.00     0.00    90.00
   	   30.00    44.00     0.00    90.00

** End writing output file: ../inputs/gr667.dat 
