*******************************************************************************
                         ARRAY PREPROCESSOR ver. 1.0
*******************************************************************************



   1	GROUP testgroup
   3	 GRID HEXAGONAL
   4	 ELEMENT
   5	 GEOMETRY CIRCULAR 57 mm
   6	 POLARIZATION CIRCULAR
   7	 ADD BLOCK 3 0 -1 -2
   9	 GROUP_EXCITATION
  10	 AMPLITUDE UNIFORM 22
  11	 PHASE UNIFORM -39 deg
  12	 END

** Generating GROUP: testgroup.
** PSTEP,QSTEP set to:114.000000,114.000000
** Grid ANGLE set to:60.000000 
** Group ROT_ANGLE set to: 0.000000 

** Writing output file: ../inputs/gr668.dat

NEL 
NPORTS
IDUM      REXA     REYA     REZA     THEA     PHEA     PSEA 
          AMP      PSH      PSC      PHEPOL
  15
  15
   1
   1
   1 	 -228.00  -197.45     0.00     0.00     0.00     0.00
   1 	 -228.00  -197.45     0.00     0.00     0.00     0.00
   	   22.00   -39.00     0.00    90.00
   	   22.00   -39.00     0.00    90.00
   2 	 -114.00  -197.45     0.00     0.00     0.00     0.00
   2 	 -114.00  -197.45     0.00     0.00     0.00     0.00
   	   22.00   -39.00     0.00    90.00
   	   22.00   -39.00     0.00    90.00
   3 	    0.00  -197.45     0.00     0.00     0.00     0.00
   3 	    0.00  -197.45     0.00     0.00     0.00     0.00
   	   22.00   -39.00     0.00    90.00
   	   22.00   -39.00     0.00    90.00
   4 	  114.00  -197.45     0.00     0.00     0.00     0.00
   4 	  114.00  -197.45     0.00     0.00     0.00     0.00
   	   22.00   -39.00     0.00    90.00
   	   22.00   -39.00     0.00    90.00
   5 	  228.00  -197.45     0.00     0.00     0.00     0.00
   5 	  228.00  -197.45     0.00     0.00     0.00     0.00
   	   22.00   -39.00     0.00    90.00
   	   22.00   -39.00     0.00    90.00
   6 	 -171.00   -98.73     0.00     0.00     0.00     0.00
   6 	 -171.00   -98.73     0.00     0.00     0.00     0.00
   	   22.00   -39.00     0.00    90.00
   	   22.00   -39.00     0.00    90.00
   7 	  -57.00   -98.73     0.00     0.00     0.00     0.00
   7 	  -57.00   -98.73     0.00     0.00     0.00     0.00
   	   22.00   -39.00     0.00    90.00
   	   22.00   -39.00     0.00    90.00
   8 	   57.00   -98.73     0.00     0.00     0.00     0.00
   8 	   57.00   -98.73     0.00     0.00     0.00     0.00
   	   22.00   -39.00     0.00    90.00
   	   22.00   -39.00     0.00    90.00
   9 	  171.00   -98.73     0.00     0.00     0.00     0.00
   9 	  171.00   -98.73     0.00     0.00     0.00     0.00
   	   22.00   -39.00     0.00    90.00
   	   22.00   -39.00     0.00    90.00
  10 	  285.00   -98.73     0.00     0.00     0.00     0.00
  10 	  285.00   -98.73     0.00     0.00     0.00     0.00
   	   22.00   -39.00     0.00    90.00
   	   22.00   -39.00     0.00    90.00
  11 	 -114.00     0.00     0.00     0.00     0.00     0.00
  11 	 -114.00     0.00     0.00     0.00     0.00     0.00
   	   22.00   -39.00     0.00    90.00
   	   22.00   -39.00     0.00    90.00
  12 	    0.00     0.00     0.00     0.00     0.00     0.00
  12 	    0.00     0.00     0.00     0.00     0.00     0.00
   	   22.00   -39.00     0.00    90.00
   	   22.00   -39.00     0.00    90.00
  13 	  114.00     0.00     0.00     0.00     0.00     0.00
  13 	  114.00     0.00     0.00     0.00     0.00     0.00
   	   22.00   -39.00     0.00    90.00
   	   22.00   -39.00     0.00    90.00
  14 	  228.00     0.00     0.00     0.00     0.00     0.00
  14 	  228.00     0.00     0.00     0.00     0.00     0.00
   	   22.00   -39.00     0.00    90.00
   	   22.00   -39.00     0.00    90.00
  15 	  342.00     0.00     0.00     0.00     0.00     0.00
  15 	  342.00     0.00     0.00     0.00     0.00     0.00
   	   22.00   -39.00     0.00    90.00
   	   22.00   -39.00     0.00    90.00

** End writing output file: ../inputs/gr668.dat 
