*******************************************************************************
                         ARRAY PREPROCESSOR ver. 1.0
*******************************************************************************



   1	GROUP testgroup
   3	 GRID HEXAGONAL
   4	 ELEMENT
   5	 GEOMETRY CIRCULAR RADIUS 16
   7	 ADD HEXAGON 3 6
   8	 ADD BLOCK -1 -7 3 5
  10	 GROUP_EXCITATION
  11	 AMPLITUDE UNIFORM 22
  12	 PHASE UNIFORM 114
  13	 END

** Generating GROUP: testgroup.
** PSTEP,QSTEP set to:32.000000,32.000000
** Grid ANGLE set to:60.000000 
** Group ROT_ANGLE set to: 0.000000 

** Writing output file: ../inputs/gr67.dat

NEL 
NPORTS
IDUM      REXA     REYA     REZA     THEA     PHEA     PSEA 
          AMP      PSH      PSC      PHEPOL
  72
  72
   1
   1
   1 	  176.00   193.99     0.00     0.00     0.00     0.00
   1 	  176.00   193.99     0.00     0.00     0.00     0.00
   	   22.00   114.00     0.00    90.00
   	   22.00   114.00     0.00    90.00
   2 	  208.00   193.99     0.00     0.00     0.00     0.00
   2 	  208.00   193.99     0.00     0.00     0.00     0.00
   	   22.00   114.00     0.00    90.00
   	   22.00   114.00     0.00    90.00
   3 	  224.00   166.28     0.00     0.00     0.00     0.00
   3 	  224.00   166.28     0.00     0.00     0.00     0.00
   	   22.00   114.00     0.00    90.00
   	   22.00   114.00     0.00    90.00
   4 	  208.00   138.56     0.00     0.00     0.00     0.00
   4 	  208.00   138.56     0.00     0.00     0.00     0.00
   	   22.00   114.00     0.00    90.00
   	   22.00   114.00     0.00    90.00
   5 	  176.00   138.56     0.00     0.00     0.00     0.00
   5 	  176.00   138.56     0.00     0.00     0.00     0.00
   	   22.00   114.00     0.00    90.00
   	   22.00   114.00     0.00    90.00
   6 	  160.00   166.28     0.00     0.00     0.00     0.00
   6 	  160.00   166.28     0.00     0.00     0.00     0.00
   	   22.00   114.00     0.00    90.00
   	   22.00   114.00     0.00    90.00
   7 	  192.00   166.28     0.00     0.00     0.00     0.00
   7 	  192.00   166.28     0.00     0.00     0.00     0.00
   	   22.00   114.00     0.00    90.00
   	   22.00   114.00     0.00    90.00
   8 	 -144.00  -193.99     0.00     0.00     0.00     0.00
   8 	 -144.00  -193.99     0.00     0.00     0.00     0.00
   	   22.00   114.00     0.00    90.00
   	   22.00   114.00     0.00    90.00
   9 	 -112.00  -193.99     0.00     0.00     0.00     0.00
   9 	 -112.00  -193.99     0.00     0.00     0.00     0.00
   	   22.00   114.00     0.00    90.00
   	   22.00   114.00     0.00    90.00
  10 	  -80.00  -193.99     0.00     0.00     0.00     0.00
  10 	  -80.00  -193.99     0.00     0.00     0.00     0.00
   	   22.00   114.00     0.00    90.00
   	   22.00   114.00     0.00    90.00
  11 	  -48.00  -193.99     0.00     0.00     0.00     0.00
  11 	  -48.00  -193.99     0.00     0.00     0.00     0.00
   	   22.00   114.00     0.00    90.00
   	   22.00   114.00     0.00    90.00
  12 	  -16.00  -193.99     0.00     0.00     0.00     0.00
  12 	  -16.00  -193.99     0.00     0.00     0.00     0.00
   	   22.00   114.00     0.00    90.00
   	   22.00   114.00     0.00    90.00
  13 	 -128.00  -166.28     0.00     0.00     0.00     0.00
  13 	 -128.00  -166.28     0.00     0.00     0.00     0.00
   	   22.00   114.00     0.00    90.00
   	   22.00   114.00     0.00    90.00
  14 	  -96.00  -166.28     0.00     0.00     0.00     0.00
  14 	  -96.00  -166.28     0.00     0.00     0.00     0.00
   	   22.00   114.00     0.00    90.00
   	   22.00   114.00     0.00    90.00
  15 	  -64.00  -166.28     0.00     0.00     0.00     0.00
  15 	  -64.00  -166.28     0.00     0.00     0.00     0.00
   	   22.00   114.00     0.00    90.00
   	   22.00   114.00     0.00    90.00
  16 	  -32.00  -166.28     0.00     0.00     0.00     0.00
  16 	  -32.00  -166.28     0.00     0.00     0.00     0.00
   	   22.00   114.00     0.00    90.00
   	   22.00   114.00     0.00    90.00
  17 	    0.00  -166.28     0.00     0.00     0.00     0.00
  17 	    0.00  -166.28     0.00     0.00     0.00     0.00
   	   22.00   114.00     0.00    90.00
   	   22.00   114.00     0.00    90.00
  18 	 -112.00  -138.56     0.00     0.00     0.00     0.00
  18 	 -112.00  -138.56     0.00     0.00     0.00     0.00
   	   22.00   114.00     0.00    90.00
   	   22.00   114.00     0.00    90.00
  19 	  -80.00  -138.56     0.00     0.00     0.00     0.00
  19 	  -80.00  -138.56     0.00     0.00     0.00     0.00
   	   22.00   114.00     0.00    90.00
   	   22.00   114.00     0.00    90.00
  20 	  -48.00  -138.56     0.00     0.00     0.00     0.00
  20 	  -48.00  -138.56     0.00     0.00     0.00     0.00
   	   22.00   114.00     0.00    90.00
   	   22.00   114.00     0.00    90.00
  21 	  -16.00  -138.56     0.00     0.00     0.00     0.00
  21 	  -16.00  -138.56     0.00     0.00     0.00     0.00
   	   22.00   114.00     0.00    90.00
   	   22.00   114.00     0.00    90.00
  22 	   16.00  -138.56     0.00     0.00     0.00     0.00
  22 	   16.00  -138.56     0.00     0.00     0.00     0.00
   	   22.00   114.00     0.00    90.00
   	   22.00   114.00     0.00    90.00
  23 	  -96.00  -110.85     0.00     0.00     0.00     0.00
  23 	  -96.00  -110.85     0.00     0.00     0.00     0.00
   	   22.00   114.00     0.00    90.00
   	   22.00   114.00     0.00    90.00
  24 	  -64.00  -110.85     0.00     0.00     0.00     0.00
  24 	  -64.00  -110.85     0.00     0.00     0.00     0.00
   	   22.00   114.00     0.00    90.00
   	   22.00   114.00     0.00    90.00
  25 	  -32.00  -110.85     0.00     0.00     0.00     0.00
  25 	  -32.00  -110.85     0.00     0.00     0.00     0.00
   	   22.00   114.00     0.00    90.00
   	   22.00   114.00     0.00    90.00
  26 	    0.00  -110.85     0.00     0.00     0.00     0.00
  26 	    0.00  -110.85     0.00     0.00     0.00     0.00
   	   22.00   114.00     0.00    90.00
   	   22.00   114.00     0.00    90.00
  27 	   32.00  -110.85     0.00     0.00     0.00     0.00
  27 	   32.00  -110.85     0.00     0.00     0.00     0.00
   	   22.00   114.00     0.00    90.00
   	   22.00   114.00     0.00    90.00
  28 	  -80.00   -83.14     0.00     0.00     0.00     0.00
  28 	  -80.00   -83.14     0.00     0.00     0.00     0.00
   	   22.00   114.00     0.00    90.00
   	   22.00   114.00     0.00    90.00
  29 	  -48.00   -83.14     0.00     0.00     0.00     0.00
  29 	  -48.00   -83.14     0.00     0.00     0.00     0.00
   	   22.00   114.00     0.00    90.00
   	   22.00   114.00     0.00    90.00
  30 	  -16.00   -83.14     0.00     0.00     0.00     0.00
  30 	  -16.00   -83.14     0.00     0.00     0.00     0.00
   	   22.00   114.00     0.00    90.00
   	   22.00   114.00     0.00    90.00
  31 	   16.00   -83.14     0.00     0.00     0.00     0.00
  31 	   16.00   -83.14     0.00     0.00     0.00     0.00
   	   22.00   114.00     0.00    90.00
   	   22.00   114.00     0.00    90.00
  32 	   48.00   -83.14     0.00     0.00     0.00     0.00
  32 	   48.00   -83.14     0.00     0.00     0.00     0.00
   	   22.00   114.00     0.00    90.00
   	   22.00   114.00     0.00    90.00
  33 	  -64.00   -55.43     0.00     0.00     0.00     0.00
  33 	  -64.00   -55.43     0.00     0.00     0.00     0.00
   	   22.00   114.00     0.00    90.00
   	   22.00   114.00     0.00    90.00
  34 	  -32.00   -55.43     0.00     0.00     0.00     0.00
  34 	  -32.00   -55.43     0.00     0.00     0.00     0.00
   	   22.00   114.00     0.00    90.00
   	   22.00   114.00     0.00    90.00
  35 	    0.00   -55.43     0.00     0.00     0.00     0.00
  35 	    0.00   -55.43     0.00     0.00     0.00     0.00
   	   22.00   114.00     0.00    90.00
   	   22.00   114.00     0.00    90.00
  36 	   32.00   -55.43     0.00     0.00     0.00     0.00
  36 	   32.00   -55.43     0.00     0.00     0.00     0.00
   	   22.00   114.00     0.00    90.00
   	   22.00   114.00     0.00    90.00
  37 	   64.00   -55.43     0.00     0.00     0.00     0.00
  37 	   64.00   -55.43     0.00     0.00     0.00     0.00
   	   22.00   114.00     0.00    90.00
   	   22.00   114.00     0.00    90.00
  38 	  -48.00   -27.71     0.00     0.00     0.00     0.00
  38 	  -48.00   -27.71     0.00     0.00     0.00     0.00
   	   22.00   114.00     0.00    90.00
   	   22.00   114.00     0.00    90.00
  39 	  -16.00   -27.71     0.00     0.00     0.00     0.00
  39 	  -16.00   -27.71     0.00     0.00     0.00     0.00
   	   22.00   114.00     0.00    90.00
   	   22.00   114.00     0.00    90.00
  40 	   16.00   -27.71     0.00     0.00     0.00     0.00
  40 	   16.00   -27.71     0.00     0.00     0.00     0.00
   	   22.00   114.00     0.00    90.00
   	   22.00   114.00     0.00    90.00
  41 	   48.00   -27.71     0.00     0.00     0.00     0.00
  41 	   48.00   -27.71     0.00     0.00     0.00     0.00
   	   22.00   114.00     0.00    90.00
   	   22.00   114.00     0.00    90.00
  42 	   80.00   -27.71     0.00     0.00     0.00     0.00
  42 	   80.00   -27.71     0.00     0.00     0.00     0.00
   	   22.00   114.00     0.00    90.00
   	   22.00   114.00     0.00    90.00
  43 	  -32.00     0.00     0.00     0.00     0.00     0.00
  43 	  -32.00     0.00     0.00     0.00     0.00     0.00
   	   22.00   114.00     0.00    90.00
   	   22.00   114.00     0.00    90.00
  44 	    0.00     0.00     0.00     0.00     0.00     0.00
  44 	    0.00     0.00     0.00     0.00     0.00     0.00
   	   22.00   114.00     0.00    90.00
   	   22.00   114.00     0.00    90.00
  45 	   32.00     0.00     0.00     0.00     0.00     0.00
  45 	   32.00     0.00     0.00     0.00     0.00     0.00
   	   22.00   114.00     0.00    90.00
   	   22.00   114.00     0.00    90.00
  46 	   64.00     0.00     0.00     0.00     0.00     0.00
  46 	   64.00     0.00     0.00     0.00     0.00     0.00
   	   22.00   114.00     0.00    90.00
   	   22.00   114.00     0.00    90.00
  47 	   96.00     0.00     0.00     0.00     0.00     0.00
  47 	   96.00     0.00     0.00     0.00     0.00     0.00
   	   22.00   114.00     0.00    90.00
   	   22.00   114.00     0.00    90.00
  48 	  -16.00    27.71     0.00     0.00     0.00     0.00
  48 	  -16.00    27.71     0.00     0.00     0.00     0.00
   	   22.00   114.00     0.00    90.00
   	   22.00   114.00     0.00    90.00
  49 	   16.00    27.71     0.00     0.00     0.00     0.00
  49 	   16.00    27.71     0.00     0.00     0.00     0.00
   	   22.00   114.00     0.00    90.00
   	   22.00   114.00     0.00    90.00
  50 	   48.00    27.71     0.00     0.00     0.00     0.00
  50 	   48.00    27.71     0.00     0.00     0.00     0.00
   	   22.00   114.00     0.00    90.00
   	   22.00   114.00     0.00    90.00
  51 	   80.00    27.71     0.00     0.00     0.00     0.00
  51 	   80.00    27.71     0.00     0.00     0.00     0.00
   	   22.00   114.00     0.00    90.00
   	   22.00   114.00     0.00    90.00
  52 	  112.00    27.71     0.00     0.00     0.00     0.00
  52 	  112.00    27.71     0.00     0.00     0.00     0.00
   	   22.00   114.00     0.00    90.00
   	   22.00   114.00     0.00    90.00
  53 	   -0.00    55.43     0.00     0.00     0.00     0.00
  53 	   -0.00    55.43     0.00     0.00     0.00     0.00
   	   22.00   114.00     0.00    90.00
   	   22.00   114.00     0.00    90.00
  54 	   32.00    55.43     0.00     0.00     0.00     0.00
  54 	   32.00    55.43     0.00     0.00     0.00     0.00
   	   22.00   114.00     0.00    90.00
   	   22.00   114.00     0.00    90.00
  55 	   64.00    55.43     0.00     0.00     0.00     0.00
  55 	   64.00    55.43     0.00     0.00     0.00     0.00
   	   22.00   114.00     0.00    90.00
   	   22.00   114.00     0.00    90.00
  56 	   96.00    55.43     0.00     0.00     0.00     0.00
  56 	   96.00    55.43     0.00     0.00     0.00     0.00
   	   22.00   114.00     0.00    90.00
   	   22.00   114.00     0.00    90.00
  57 	  128.00    55.43     0.00     0.00     0.00     0.00
  57 	  128.00    55.43     0.00     0.00     0.00     0.00
   	   22.00   114.00     0.00    90.00
   	   22.00   114.00     0.00    90.00
  58 	   16.00    83.14     0.00     0.00     0.00     0.00
  58 	   16.00    83.14     0.00     0.00     0.00     0.00
   	   22.00   114.00     0.00    90.00
   	   22.00   114.00     0.00    90.00
  59 	   48.00    83.14     0.00     0.00     0.00     0.00
  59 	   48.00    83.14     0.00     0.00     0.00     0.00
   	   22.00   114.00     0.00    90.00
   	   22.00   114.00     0.00    90.00
  60 	   80.00    83.14     0.00     0.00     0.00     0.00
  60 	   80.00    83.14     0.00     0.00     0.00     0.00
   	   22.00   114.00     0.00    90.00
   	   22.00   114.00     0.00    90.00
  61 	  112.00    83.14     0.00     0.00     0.00     0.00
  61 	  112.00    83.14     0.00     0.00     0.00     0.00
   	   22.00   114.00     0.00    90.00
   	   22.00   114.00     0.00    90.00
  62 	  144.00    83.14     0.00     0.00     0.00     0.00
  62 	  144.00    83.14     0.00     0.00     0.00     0.00
   	   22.00   114.00     0.00    90.00
   	   22.00   114.00     0.00    90.00
  63 	   32.00   110.85     0.00     0.00     0.00     0.00
  63 	   32.00   110.85     0.00     0.00     0.00     0.00
   	   22.00   114.00     0.00    90.00
   	   22.00   114.00     0.00    90.00
  64 	   64.00   110.85     0.00     0.00     0.00     0.00
  64 	   64.00   110.85     0.00     0.00     0.00     0.00
   	   22.00   114.00     0.00    90.00
   	   22.00   114.00     0.00    90.00
  65 	   96.00   110.85     0.00     0.00     0.00     0.00
  65 	   96.00   110.85     0.00     0.00     0.00     0.00
   	   22.00   114.00     0.00    90.00
   	   22.00   114.00     0.00    90.00
  66 	  128.00   110.85     0.00     0.00     0.00     0.00
  66 	  128.00   110.85     0.00     0.00     0.00     0.00
   	   22.00   114.00     0.00    90.00
   	   22.00   114.00     0.00    90.00
  67 	  160.00   110.85     0.00     0.00     0.00     0.00
  67 	  160.00   110.85     0.00     0.00     0.00     0.00
   	   22.00   114.00     0.00    90.00
   	   22.00   114.00     0.00    90.00
  68 	   48.00   138.56     0.00     0.00     0.00     0.00
  68 	   48.00   138.56     0.00     0.00     0.00     0.00
   	   22.00   114.00     0.00    90.00
   	   22.00   114.00     0.00    90.00
  69 	   80.00   138.56     0.00     0.00     0.00     0.00
  69 	   80.00   138.56     0.00     0.00     0.00     0.00
   	   22.00   114.00     0.00    90.00
   	   22.00   114.00     0.00    90.00
  70 	  112.00   138.56     0.00     0.00     0.00     0.00
  70 	  112.00   138.56     0.00     0.00     0.00     0.00
   	   22.00   114.00     0.00    90.00
   	   22.00   114.00     0.00    90.00
  71 	  144.00   138.56     0.00     0.00     0.00     0.00
  71 	  144.00   138.56     0.00     0.00     0.00     0.00
   	   22.00   114.00     0.00    90.00
   	   22.00   114.00     0.00    90.00
  72 	  176.00   138.56     0.00     0.00     0.00     0.00
  72 	  176.00   138.56     0.00     0.00     0.00     0.00
   	   22.00   114.00     0.00    90.00
   	   22.00   114.00     0.00    90.00

** End writing output file: ../inputs/gr67.dat 
