*******************************************************************************
                         ARRAY PREPROCESSOR ver. 1.0
*******************************************************************************



   1	GROUP testgroup
   3	 GRID HEXAGONAL
   4	 ELEMENT
   5	 GEOMETRY CIRCULAR 71
   6	 POLARIZATION LINEAR ORIENTATION X
   7	 ADD HEXAGON 4 8
   9	 GROUP_EXCITATION
  10	 AMPLITUDE SECOND ORDER 19 36 24 24 23
  11	 PHASE UNIFORM 69
  12	 END

** Generating GROUP: testgroup.
** PSTEP,QSTEP set to:142.000000,142.000000
** Grid ANGLE set to:60.000000 
** Group ROT_ANGLE set to: 0.000000 

** Writing output file: ../inputs/gr675.dat

NEL 
NPORTS
IDUM      REXA     REYA     REZA     THEA     PHEA     PSEA 
          AMP      PSH      PSC      PHEPOL
   7
   7
   1
   1
   1 	 1065.00  1106.78     0.00     0.00     0.00     0.00
   1 	 1065.00  1106.78     0.00     0.00     0.00     0.00
   	   19.00    69.00     0.00     0.00
   	   19.00    69.00     0.00     0.00
   2 	 1207.00  1106.78     0.00     0.00     0.00     0.00
   2 	 1207.00  1106.78     0.00     0.00     0.00     0.00
   	   24.00    69.00     0.00     0.00
   	   24.00    69.00     0.00     0.00
   3 	 1278.00   983.80     0.00     0.00     0.00     0.00
   3 	 1278.00   983.80     0.00     0.00     0.00     0.00
   	   35.63    69.00     0.00     0.00
   	   35.63    69.00     0.00     0.00
   4 	 1207.00   860.83     0.00     0.00     0.00     0.00
   4 	 1207.00   860.83     0.00     0.00     0.00     0.00
   	   28.00    69.00     0.00     0.00
   	   28.00    69.00     0.00     0.00
   5 	 1065.00   860.83     0.00     0.00     0.00     0.00
   5 	 1065.00   860.83     0.00     0.00     0.00     0.00
   	   23.00    69.00     0.00     0.00
   	   23.00    69.00     0.00     0.00
   6 	  994.00   983.80     0.00     0.00     0.00     0.00
   6 	  994.00   983.80     0.00     0.00     0.00     0.00
   	   25.62    69.00     0.00     0.00
   	   25.62    69.00     0.00     0.00
   7 	 1136.00   983.80     0.00     0.00     0.00     0.00
   7 	 1136.00   983.80     0.00     0.00     0.00     0.00
   	   19.63    69.00     0.00     0.00
   	   19.63    69.00     0.00     0.00

** End writing output file: ../inputs/gr675.dat 
