*******************************************************************************
                         ARRAY PREPROCESSOR ver. 1.0
*******************************************************************************



   1	GROUP testgroup
   3	 GRID HEXAGONAL
   4	 ELEMENT
   5	 GEOMETRY CIRCULAR RADIUS 40
   7	 ADD BLOCK -6 3 7 3
   9	 GROUP_EXCITATION
  10	 AMPLITUDE UNIFORM 21
  11	 PHASE UNIFORM 16
  12	 END

** Generating GROUP: testgroup.
** PSTEP,QSTEP set to:80.000000,80.000000
** Grid ANGLE set to:60.000000 
** Group ROT_ANGLE set to: 0.000000 

** Writing output file: ../inputs/gr68.dat

NEL 
NPORTS
IDUM      REXA     REYA     REZA     THEA     PHEA     PSEA 
          AMP      PSH      PSC      PHEPOL
  14
  14
   1
   1
   1 	 -360.00   207.85     0.00     0.00     0.00     0.00
   1 	 -360.00   207.85     0.00     0.00     0.00     0.00
   	   21.00    16.00     0.00    90.00
   	   21.00    16.00     0.00    90.00
   2 	 -280.00   207.85     0.00     0.00     0.00     0.00
   2 	 -280.00   207.85     0.00     0.00     0.00     0.00
   	   21.00    16.00     0.00    90.00
   	   21.00    16.00     0.00    90.00
   3 	 -200.00   207.85     0.00     0.00     0.00     0.00
   3 	 -200.00   207.85     0.00     0.00     0.00     0.00
   	   21.00    16.00     0.00    90.00
   	   21.00    16.00     0.00    90.00
   4 	 -120.00   207.85     0.00     0.00     0.00     0.00
   4 	 -120.00   207.85     0.00     0.00     0.00     0.00
   	   21.00    16.00     0.00    90.00
   	   21.00    16.00     0.00    90.00
   5 	  -40.00   207.85     0.00     0.00     0.00     0.00
   5 	  -40.00   207.85     0.00     0.00     0.00     0.00
   	   21.00    16.00     0.00    90.00
   	   21.00    16.00     0.00    90.00
   6 	   40.00   207.85     0.00     0.00     0.00     0.00
   6 	   40.00   207.85     0.00     0.00     0.00     0.00
   	   21.00    16.00     0.00    90.00
   	   21.00    16.00     0.00    90.00
   7 	  120.00   207.85     0.00     0.00     0.00     0.00
   7 	  120.00   207.85     0.00     0.00     0.00     0.00
   	   21.00    16.00     0.00    90.00
   	   21.00    16.00     0.00    90.00
   8 	  200.00   207.85     0.00     0.00     0.00     0.00
   8 	  200.00   207.85     0.00     0.00     0.00     0.00
   	   21.00    16.00     0.00    90.00
   	   21.00    16.00     0.00    90.00
   9 	  280.00   207.85     0.00     0.00     0.00     0.00
   9 	  280.00   207.85     0.00     0.00     0.00     0.00
   	   21.00    16.00     0.00    90.00
   	   21.00    16.00     0.00    90.00
  10 	  360.00   207.85     0.00     0.00     0.00     0.00
  10 	  360.00   207.85     0.00     0.00     0.00     0.00
   	   21.00    16.00     0.00    90.00
   	   21.00    16.00     0.00    90.00
  11 	  440.00   207.85     0.00     0.00     0.00     0.00
  11 	  440.00   207.85     0.00     0.00     0.00     0.00
   	   21.00    16.00     0.00    90.00
   	   21.00    16.00     0.00    90.00
  12 	  520.00   207.85     0.00     0.00     0.00     0.00
  12 	  520.00   207.85     0.00     0.00     0.00     0.00
   	   21.00    16.00     0.00    90.00
   	   21.00    16.00     0.00    90.00
  13 	  600.00   207.85     0.00     0.00     0.00     0.00
  13 	  600.00   207.85     0.00     0.00     0.00     0.00
   	   21.00    16.00     0.00    90.00
   	   21.00    16.00     0.00    90.00
  14 	  680.00   207.85     0.00     0.00     0.00     0.00
  14 	  680.00   207.85     0.00     0.00     0.00     0.00
   	   21.00    16.00     0.00    90.00
   	   21.00    16.00     0.00    90.00

** End writing output file: ../inputs/gr68.dat 
