*******************************************************************************
                         ARRAY PREPROCESSOR ver. 1.0
*******************************************************************************



   1	GROUP testgroup
   3	 GRID SQUARE
   4	 ELEMENT
   5	 GEOMETRY CIRCULAR 35
   7	 ADD BLOCK -2 -3 -5 -3
   8	 ADD BLOCK -5 0 0 -1
   9	 ADD BLOCK -5 2 -4 -3
  10	 ADD BLOCK -1 5 -2 1
  12	 GROUP_EXCITATION
  13	 AMPLITUDE UNIFORM 26
  14	 PHASE UNIFORM -40
  15	 END

** Generating GROUP: testgroup.
** PSTEP,QSTEP set to:70.000000,70.000000
** Grid ANGLE set to:90.000000 
** Group ROT_ANGLE set to: 0.000000 

** Writing output file: ../inputs/gr682.dat

NEL 
NPORTS
IDUM      REXA     REYA     REZA     THEA     PHEA     PSEA 
          AMP      PSH      PSC      PHEPOL
  38
  38
   1
   1
   1 	 -350.00  -210.00     0.00     0.00     0.00     0.00
   1 	 -350.00  -210.00     0.00     0.00     0.00     0.00
   	   26.00   -40.00     0.00    90.00
   	   26.00   -40.00     0.00    90.00
   2 	 -280.00  -210.00     0.00     0.00     0.00     0.00
   2 	 -280.00  -210.00     0.00     0.00     0.00     0.00
   	   26.00   -40.00     0.00    90.00
   	   26.00   -40.00     0.00    90.00
   3 	 -210.00  -210.00     0.00     0.00     0.00     0.00
   3 	 -210.00  -210.00     0.00     0.00     0.00     0.00
   	   26.00   -40.00     0.00    90.00
   	   26.00   -40.00     0.00    90.00
   4 	 -140.00  -210.00     0.00     0.00     0.00     0.00
   4 	 -140.00  -210.00     0.00     0.00     0.00     0.00
   	   26.00   -40.00     0.00    90.00
   	   26.00   -40.00     0.00    90.00
   5 	 -350.00   -70.00     0.00     0.00     0.00     0.00
   5 	 -350.00   -70.00     0.00     0.00     0.00     0.00
   	   26.00   -40.00     0.00    90.00
   	   26.00   -40.00     0.00    90.00
   6 	 -280.00   -70.00     0.00     0.00     0.00     0.00
   6 	 -280.00   -70.00     0.00     0.00     0.00     0.00
   	   26.00   -40.00     0.00    90.00
   	   26.00   -40.00     0.00    90.00
   7 	 -210.00   -70.00     0.00     0.00     0.00     0.00
   7 	 -210.00   -70.00     0.00     0.00     0.00     0.00
   	   26.00   -40.00     0.00    90.00
   	   26.00   -40.00     0.00    90.00
   8 	 -140.00   -70.00     0.00     0.00     0.00     0.00
   8 	 -140.00   -70.00     0.00     0.00     0.00     0.00
   	   26.00   -40.00     0.00    90.00
   	   26.00   -40.00     0.00    90.00
   9 	  -70.00   -70.00     0.00     0.00     0.00     0.00
   9 	  -70.00   -70.00     0.00     0.00     0.00     0.00
   	   26.00   -40.00     0.00    90.00
   	   26.00   -40.00     0.00    90.00
  10 	    0.00   -70.00     0.00     0.00     0.00     0.00
  10 	    0.00   -70.00     0.00     0.00     0.00     0.00
   	   26.00   -40.00     0.00    90.00
   	   26.00   -40.00     0.00    90.00
  11 	 -350.00     0.00     0.00     0.00     0.00     0.00
  11 	 -350.00     0.00     0.00     0.00     0.00     0.00
   	   26.00   -40.00     0.00    90.00
   	   26.00   -40.00     0.00    90.00
  12 	 -280.00     0.00     0.00     0.00     0.00     0.00
  12 	 -280.00     0.00     0.00     0.00     0.00     0.00
   	   26.00   -40.00     0.00    90.00
   	   26.00   -40.00     0.00    90.00
  13 	 -210.00     0.00     0.00     0.00     0.00     0.00
  13 	 -210.00     0.00     0.00     0.00     0.00     0.00
   	   26.00   -40.00     0.00    90.00
   	   26.00   -40.00     0.00    90.00
  14 	 -140.00     0.00     0.00     0.00     0.00     0.00
  14 	 -140.00     0.00     0.00     0.00     0.00     0.00
   	   26.00   -40.00     0.00    90.00
   	   26.00   -40.00     0.00    90.00
  15 	  -70.00     0.00     0.00     0.00     0.00     0.00
  15 	  -70.00     0.00     0.00     0.00     0.00     0.00
   	   26.00   -40.00     0.00    90.00
   	   26.00   -40.00     0.00    90.00
  16 	    0.00     0.00     0.00     0.00     0.00     0.00
  16 	    0.00     0.00     0.00     0.00     0.00     0.00
   	   26.00   -40.00     0.00    90.00
   	   26.00   -40.00     0.00    90.00
  17 	 -350.00  -210.00     0.00     0.00     0.00     0.00
  17 	 -350.00  -210.00     0.00     0.00     0.00     0.00
   	   26.00   -40.00     0.00    90.00
   	   26.00   -40.00     0.00    90.00
  18 	 -280.00  -210.00     0.00     0.00     0.00     0.00
  18 	 -280.00  -210.00     0.00     0.00     0.00     0.00
   	   26.00   -40.00     0.00    90.00
   	   26.00   -40.00     0.00    90.00
  19 	 -350.00  -140.00     0.00     0.00     0.00     0.00
  19 	 -350.00  -140.00     0.00     0.00     0.00     0.00
   	   26.00   -40.00     0.00    90.00
   	   26.00   -40.00     0.00    90.00
  20 	 -280.00  -140.00     0.00     0.00     0.00     0.00
  20 	 -280.00  -140.00     0.00     0.00     0.00     0.00
   	   26.00   -40.00     0.00    90.00
   	   26.00   -40.00     0.00    90.00
  21 	 -350.00   -70.00     0.00     0.00     0.00     0.00
  21 	 -350.00   -70.00     0.00     0.00     0.00     0.00
   	   26.00   -40.00     0.00    90.00
   	   26.00   -40.00     0.00    90.00
  22 	 -280.00   -70.00     0.00     0.00     0.00     0.00
  22 	 -280.00   -70.00     0.00     0.00     0.00     0.00
   	   26.00   -40.00     0.00    90.00
   	   26.00   -40.00     0.00    90.00
  23 	 -350.00     0.00     0.00     0.00     0.00     0.00
  23 	 -350.00     0.00     0.00     0.00     0.00     0.00
   	   26.00   -40.00     0.00    90.00
   	   26.00   -40.00     0.00    90.00
  24 	 -280.00     0.00     0.00     0.00     0.00     0.00
  24 	 -280.00     0.00     0.00     0.00     0.00     0.00
   	   26.00   -40.00     0.00    90.00
   	   26.00   -40.00     0.00    90.00
  25 	 -350.00    70.00     0.00     0.00     0.00     0.00
  25 	 -350.00    70.00     0.00     0.00     0.00     0.00
   	   26.00   -40.00     0.00    90.00
   	   26.00   -40.00     0.00    90.00
  26 	 -280.00    70.00     0.00     0.00     0.00     0.00
  26 	 -280.00    70.00     0.00     0.00     0.00     0.00
   	   26.00   -40.00     0.00    90.00
   	   26.00   -40.00     0.00    90.00
  27 	 -350.00   140.00     0.00     0.00     0.00     0.00
  27 	 -350.00   140.00     0.00     0.00     0.00     0.00
   	   26.00   -40.00     0.00    90.00
   	   26.00   -40.00     0.00    90.00
  28 	 -280.00   140.00     0.00     0.00     0.00     0.00
  28 	 -280.00   140.00     0.00     0.00     0.00     0.00
   	   26.00   -40.00     0.00    90.00
   	   26.00   -40.00     0.00    90.00
  29 	 -140.00    70.00     0.00     0.00     0.00     0.00
  29 	 -140.00    70.00     0.00     0.00     0.00     0.00
   	   26.00   -40.00     0.00    90.00
   	   26.00   -40.00     0.00    90.00
  30 	  -70.00    70.00     0.00     0.00     0.00     0.00
  30 	  -70.00    70.00     0.00     0.00     0.00     0.00
   	   26.00   -40.00     0.00    90.00
   	   26.00   -40.00     0.00    90.00
  31 	 -140.00   140.00     0.00     0.00     0.00     0.00
  31 	 -140.00   140.00     0.00     0.00     0.00     0.00
   	   26.00   -40.00     0.00    90.00
   	   26.00   -40.00     0.00    90.00
  32 	  -70.00   140.00     0.00     0.00     0.00     0.00
  32 	  -70.00   140.00     0.00     0.00     0.00     0.00
   	   26.00   -40.00     0.00    90.00
   	   26.00   -40.00     0.00    90.00
  33 	 -140.00   210.00     0.00     0.00     0.00     0.00
  33 	 -140.00   210.00     0.00     0.00     0.00     0.00
   	   26.00   -40.00     0.00    90.00
   	   26.00   -40.00     0.00    90.00
  34 	  -70.00   210.00     0.00     0.00     0.00     0.00
  34 	  -70.00   210.00     0.00     0.00     0.00     0.00
   	   26.00   -40.00     0.00    90.00
   	   26.00   -40.00     0.00    90.00
  35 	 -140.00   280.00     0.00     0.00     0.00     0.00
  35 	 -140.00   280.00     0.00     0.00     0.00     0.00
   	   26.00   -40.00     0.00    90.00
   	   26.00   -40.00     0.00    90.00
  36 	  -70.00   280.00     0.00     0.00     0.00     0.00
  36 	  -70.00   280.00     0.00     0.00     0.00     0.00
   	   26.00   -40.00     0.00    90.00
   	   26.00   -40.00     0.00    90.00
  37 	 -140.00   350.00     0.00     0.00     0.00     0.00
  37 	 -140.00   350.00     0.00     0.00     0.00     0.00
   	   26.00   -40.00     0.00    90.00
   	   26.00   -40.00     0.00    90.00
  38 	  -70.00   350.00     0.00     0.00     0.00     0.00
  38 	  -70.00   350.00     0.00     0.00     0.00     0.00
   	   26.00   -40.00     0.00    90.00
   	   26.00   -40.00     0.00    90.00

** End writing output file: ../inputs/gr682.dat 
