*******************************************************************************
                         ARRAY PREPROCESSOR ver. 1.0
*******************************************************************************



   1	GROUP testgroup
   3	 GRID RECTANGULAR PSTEP 26 QSTEP 76
   4	 ELEMENT
   5	 GEOMETRY CIRCULAR 66
   6	 POLARIZATION CIRCULAR
   7	 ADD BLOCK 1 -5 -3 11
   9	 GROUP_EXCITATION
  10	 AMPLITUDE UNIFORM 19
  11	 PHASE UNIFORM -9
  12	 END

** WARNING B2: GRID step(s) too small for specified element in GROUP: testgroup
** Generating GROUP: testgroup.
** PSTEP,QSTEP set to:26.000000,76.000000
** Grid ANGLE set to:90.000000 
** Group ROT_ANGLE set to: 0.000000 

** Writing output file: ../inputs/gr684.dat

NEL 
NPORTS
IDUM      REXA     REYA     REZA     THEA     PHEA     PSEA 
          AMP      PSH      PSC      PHEPOL
  85
  85
   1
   1
   1 	  -78.00  -380.00     0.00     0.00     0.00     0.00
   1 	  -78.00  -380.00     0.00     0.00     0.00     0.00
   	   19.00    -9.00     0.00    90.00
   	   19.00    -9.00     0.00    90.00
   2 	  -52.00  -380.00     0.00     0.00     0.00     0.00
   2 	  -52.00  -380.00     0.00     0.00     0.00     0.00
   	   19.00    -9.00     0.00    90.00
   	   19.00    -9.00     0.00    90.00
   3 	  -26.00  -380.00     0.00     0.00     0.00     0.00
   3 	  -26.00  -380.00     0.00     0.00     0.00     0.00
   	   19.00    -9.00     0.00    90.00
   	   19.00    -9.00     0.00    90.00
   4 	    0.00  -380.00     0.00     0.00     0.00     0.00
   4 	    0.00  -380.00     0.00     0.00     0.00     0.00
   	   19.00    -9.00     0.00    90.00
   	   19.00    -9.00     0.00    90.00
   5 	   26.00  -380.00     0.00     0.00     0.00     0.00
   5 	   26.00  -380.00     0.00     0.00     0.00     0.00
   	   19.00    -9.00     0.00    90.00
   	   19.00    -9.00     0.00    90.00
   6 	  -78.00  -304.00     0.00     0.00     0.00     0.00
   6 	  -78.00  -304.00     0.00     0.00     0.00     0.00
   	   19.00    -9.00     0.00    90.00
   	   19.00    -9.00     0.00    90.00
   7 	  -52.00  -304.00     0.00     0.00     0.00     0.00
   7 	  -52.00  -304.00     0.00     0.00     0.00     0.00
   	   19.00    -9.00     0.00    90.00
   	   19.00    -9.00     0.00    90.00
   8 	  -26.00  -304.00     0.00     0.00     0.00     0.00
   8 	  -26.00  -304.00     0.00     0.00     0.00     0.00
   	   19.00    -9.00     0.00    90.00
   	   19.00    -9.00     0.00    90.00
   9 	    0.00  -304.00     0.00     0.00     0.00     0.00
   9 	    0.00  -304.00     0.00     0.00     0.00     0.00
   	   19.00    -9.00     0.00    90.00
   	   19.00    -9.00     0.00    90.00
  10 	   26.00  -304.00     0.00     0.00     0.00     0.00
  10 	   26.00  -304.00     0.00     0.00     0.00     0.00
   	   19.00    -9.00     0.00    90.00
   	   19.00    -9.00     0.00    90.00
  11 	  -78.00  -228.00     0.00     0.00     0.00     0.00
  11 	  -78.00  -228.00     0.00     0.00     0.00     0.00
   	   19.00    -9.00     0.00    90.00
   	   19.00    -9.00     0.00    90.00
  12 	  -52.00  -228.00     0.00     0.00     0.00     0.00
  12 	  -52.00  -228.00     0.00     0.00     0.00     0.00
   	   19.00    -9.00     0.00    90.00
   	   19.00    -9.00     0.00    90.00
  13 	  -26.00  -228.00     0.00     0.00     0.00     0.00
  13 	  -26.00  -228.00     0.00     0.00     0.00     0.00
   	   19.00    -9.00     0.00    90.00
   	   19.00    -9.00     0.00    90.00
  14 	    0.00  -228.00     0.00     0.00     0.00     0.00
  14 	    0.00  -228.00     0.00     0.00     0.00     0.00
   	   19.00    -9.00     0.00    90.00
   	   19.00    -9.00     0.00    90.00
  15 	   26.00  -228.00     0.00     0.00     0.00     0.00
  15 	   26.00  -228.00     0.00     0.00     0.00     0.00
   	   19.00    -9.00     0.00    90.00
   	   19.00    -9.00     0.00    90.00
  16 	  -78.00  -152.00     0.00     0.00     0.00     0.00
  16 	  -78.00  -152.00     0.00     0.00     0.00     0.00
   	   19.00    -9.00     0.00    90.00
   	   19.00    -9.00     0.00    90.00
  17 	  -52.00  -152.00     0.00     0.00     0.00     0.00
  17 	  -52.00  -152.00     0.00     0.00     0.00     0.00
   	   19.00    -9.00     0.00    90.00
   	   19.00    -9.00     0.00    90.00
  18 	  -26.00  -152.00     0.00     0.00     0.00     0.00
  18 	  -26.00  -152.00     0.00     0.00     0.00     0.00
   	   19.00    -9.00     0.00    90.00
   	   19.00    -9.00     0.00    90.00
  19 	    0.00  -152.00     0.00     0.00     0.00     0.00
  19 	    0.00  -152.00     0.00     0.00     0.00     0.00
   	   19.00    -9.00     0.00    90.00
   	   19.00    -9.00     0.00    90.00
  20 	   26.00  -152.00     0.00     0.00     0.00     0.00
  20 	   26.00  -152.00     0.00     0.00     0.00     0.00
   	   19.00    -9.00     0.00    90.00
   	   19.00    -9.00     0.00    90.00
  21 	  -78.00   -76.00     0.00     0.00     0.00     0.00
  21 	  -78.00   -76.00     0.00     0.00     0.00     0.00
   	   19.00    -9.00     0.00    90.00
   	   19.00    -9.00     0.00    90.00
  22 	  -52.00   -76.00     0.00     0.00     0.00     0.00
  22 	  -52.00   -76.00     0.00     0.00     0.00     0.00
   	   19.00    -9.00     0.00    90.00
   	   19.00    -9.00     0.00    90.00
  23 	  -26.00   -76.00     0.00     0.00     0.00     0.00
  23 	  -26.00   -76.00     0.00     0.00     0.00     0.00
   	   19.00    -9.00     0.00    90.00
   	   19.00    -9.00     0.00    90.00
  24 	    0.00   -76.00     0.00     0.00     0.00     0.00
  24 	    0.00   -76.00     0.00     0.00     0.00     0.00
   	   19.00    -9.00     0.00    90.00
   	   19.00    -9.00     0.00    90.00
  25 	   26.00   -76.00     0.00     0.00     0.00     0.00
  25 	   26.00   -76.00     0.00     0.00     0.00     0.00
   	   19.00    -9.00     0.00    90.00
   	   19.00    -9.00     0.00    90.00
  26 	  -78.00     0.00     0.00     0.00     0.00     0.00
  26 	  -78.00     0.00     0.00     0.00     0.00     0.00
   	   19.00    -9.00     0.00    90.00
   	   19.00    -9.00     0.00    90.00
  27 	  -52.00     0.00     0.00     0.00     0.00     0.00
  27 	  -52.00     0.00     0.00     0.00     0.00     0.00
   	   19.00    -9.00     0.00    90.00
   	   19.00    -9.00     0.00    90.00
  28 	  -26.00     0.00     0.00     0.00     0.00     0.00
  28 	  -26.00     0.00     0.00     0.00     0.00     0.00
   	   19.00    -9.00     0.00    90.00
   	   19.00    -9.00     0.00    90.00
  29 	    0.00     0.00     0.00     0.00     0.00     0.00
  29 	    0.00     0.00     0.00     0.00     0.00     0.00
   	   19.00    -9.00     0.00    90.00
   	   19.00    -9.00     0.00    90.00
  30 	   26.00     0.00     0.00     0.00     0.00     0.00
  30 	   26.00     0.00     0.00     0.00     0.00     0.00
   	   19.00    -9.00     0.00    90.00
   	   19.00    -9.00     0.00    90.00
  31 	  -78.00    76.00     0.00     0.00     0.00     0.00
  31 	  -78.00    76.00     0.00     0.00     0.00     0.00
   	   19.00    -9.00     0.00    90.00
   	   19.00    -9.00     0.00    90.00
  32 	  -52.00    76.00     0.00     0.00     0.00     0.00
  32 	  -52.00    76.00     0.00     0.00     0.00     0.00
   	   19.00    -9.00     0.00    90.00
   	   19.00    -9.00     0.00    90.00
  33 	  -26.00    76.00     0.00     0.00     0.00     0.00
  33 	  -26.00    76.00     0.00     0.00     0.00     0.00
   	   19.00    -9.00     0.00    90.00
   	   19.00    -9.00     0.00    90.00
  34 	   -0.00    76.00     0.00     0.00     0.00     0.00
  34 	   -0.00    76.00     0.00     0.00     0.00     0.00
   	   19.00    -9.00     0.00    90.00
   	   19.00    -9.00     0.00    90.00
  35 	   26.00    76.00     0.00     0.00     0.00     0.00
  35 	   26.00    76.00     0.00     0.00     0.00     0.00
   	   19.00    -9.00     0.00    90.00
   	   19.00    -9.00     0.00    90.00
  36 	  -78.00   152.00     0.00     0.00     0.00     0.00
  36 	  -78.00   152.00     0.00     0.00     0.00     0.00
   	   19.00    -9.00     0.00    90.00
   	   19.00    -9.00     0.00    90.00
  37 	  -52.00   152.00     0.00     0.00     0.00     0.00
  37 	  -52.00   152.00     0.00     0.00     0.00     0.00
   	   19.00    -9.00     0.00    90.00
   	   19.00    -9.00     0.00    90.00
  38 	  -26.00   152.00     0.00     0.00     0.00     0.00
  38 	  -26.00   152.00     0.00     0.00     0.00     0.00
   	   19.00    -9.00     0.00    90.00
   	   19.00    -9.00     0.00    90.00
  39 	   -0.00   152.00     0.00     0.00     0.00     0.00
  39 	   -0.00   152.00     0.00     0.00     0.00     0.00
   	   19.00    -9.00     0.00    90.00
   	   19.00    -9.00     0.00    90.00
  40 	   26.00   152.00     0.00     0.00     0.00     0.00
  40 	   26.00   152.00     0.00     0.00     0.00     0.00
   	   19.00    -9.00     0.00    90.00
   	   19.00    -9.00     0.00    90.00
  41 	  -78.00   228.00     0.00     0.00     0.00     0.00
  41 	  -78.00   228.00     0.00     0.00     0.00     0.00
   	   19.00    -9.00     0.00    90.00
   	   19.00    -9.00     0.00    90.00
  42 	  -52.00   228.00     0.00     0.00     0.00     0.00
  42 	  -52.00   228.00     0.00     0.00     0.00     0.00
   	   19.00    -9.00     0.00    90.00
   	   19.00    -9.00     0.00    90.00
  43 	  -26.00   228.00     0.00     0.00     0.00     0.00
  43 	  -26.00   228.00     0.00     0.00     0.00     0.00
   	   19.00    -9.00     0.00    90.00
   	   19.00    -9.00     0.00    90.00
  44 	   -0.00   228.00     0.00     0.00     0.00     0.00
  44 	   -0.00   228.00     0.00     0.00     0.00     0.00
   	   19.00    -9.00     0.00    90.00
   	   19.00    -9.00     0.00    90.00
  45 	   26.00   228.00     0.00     0.00     0.00     0.00
  45 	   26.00   228.00     0.00     0.00     0.00     0.00
   	   19.00    -9.00     0.00    90.00
   	   19.00    -9.00     0.00    90.00
  46 	  -78.00   304.00     0.00     0.00     0.00     0.00
  46 	  -78.00   304.00     0.00     0.00     0.00     0.00
   	   19.00    -9.00     0.00    90.00
   	   19.00    -9.00     0.00    90.00
  47 	  -52.00   304.00     0.00     0.00     0.00     0.00
  47 	  -52.00   304.00     0.00     0.00     0.00     0.00
   	   19.00    -9.00     0.00    90.00
   	   19.00    -9.00     0.00    90.00
  48 	  -26.00   304.00     0.00     0.00     0.00     0.00
  48 	  -26.00   304.00     0.00     0.00     0.00     0.00
   	   19.00    -9.00     0.00    90.00
   	   19.00    -9.00     0.00    90.00
  49 	   -0.00   304.00     0.00     0.00     0.00     0.00
  49 	   -0.00   304.00     0.00     0.00     0.00     0.00
   	   19.00    -9.00     0.00    90.00
   	   19.00    -9.00     0.00    90.00
  50 	   26.00   304.00     0.00     0.00     0.00     0.00
  50 	   26.00   304.00     0.00     0.00     0.00     0.00
   	   19.00    -9.00     0.00    90.00
   	   19.00    -9.00     0.00    90.00
  51 	  -78.00   380.00     0.00     0.00     0.00     0.00
  51 	  -78.00   380.00     0.00     0.00     0.00     0.00
   	   19.00    -9.00     0.00    90.00
   	   19.00    -9.00     0.00    90.00
  52 	  -52.00   380.00     0.00     0.00     0.00     0.00
  52 	  -52.00   380.00     0.00     0.00     0.00     0.00
   	   19.00    -9.00     0.00    90.00
   	   19.00    -9.00     0.00    90.00
  53 	  -26.00   380.00     0.00     0.00     0.00     0.00
  53 	  -26.00   380.00     0.00     0.00     0.00     0.00
   	   19.00    -9.00     0.00    90.00
   	   19.00    -9.00     0.00    90.00
  54 	   -0.00   380.00     0.00     0.00     0.00     0.00
  54 	   -0.00   380.00     0.00     0.00     0.00     0.00
   	   19.00    -9.00     0.00    90.00
   	   19.00    -9.00     0.00    90.00
  55 	   26.00   380.00     0.00     0.00     0.00     0.00
  55 	   26.00   380.00     0.00     0.00     0.00     0.00
   	   19.00    -9.00     0.00    90.00
   	   19.00    -9.00     0.00    90.00
  56 	  -78.00   456.00     0.00     0.00     0.00     0.00
  56 	  -78.00   456.00     0.00     0.00     0.00     0.00
   	   19.00    -9.00     0.00    90.00
   	   19.00    -9.00     0.00    90.00
  57 	  -52.00   456.00     0.00     0.00     0.00     0.00
  57 	  -52.00   456.00     0.00     0.00     0.00     0.00
   	   19.00    -9.00     0.00    90.00
   	   19.00    -9.00     0.00    90.00
  58 	  -26.00   456.00     0.00     0.00     0.00     0.00
  58 	  -26.00   456.00     0.00     0.00     0.00     0.00
   	   19.00    -9.00     0.00    90.00
   	   19.00    -9.00     0.00    90.00
  59 	   -0.00   456.00     0.00     0.00     0.00     0.00
  59 	   -0.00   456.00     0.00     0.00     0.00     0.00
   	   19.00    -9.00     0.00    90.00
   	   19.00    -9.00     0.00    90.00
  60 	   26.00   456.00     0.00     0.00     0.00     0.00
  60 	   26.00   456.00     0.00     0.00     0.00     0.00
   	   19.00    -9.00     0.00    90.00
   	   19.00    -9.00     0.00    90.00
  61 	  -78.00   532.00     0.00     0.00     0.00     0.00
  61 	  -78.00   532.00     0.00     0.00     0.00     0.00
   	   19.00    -9.00     0.00    90.00
   	   19.00    -9.00     0.00    90.00
  62 	  -52.00   532.00     0.00     0.00     0.00     0.00
  62 	  -52.00   532.00     0.00     0.00     0.00     0.00
   	   19.00    -9.00     0.00    90.00
   	   19.00    -9.00     0.00    90.00
  63 	  -26.00   532.00     0.00     0.00     0.00     0.00
  63 	  -26.00   532.00     0.00     0.00     0.00     0.00
   	   19.00    -9.00     0.00    90.00
   	   19.00    -9.00     0.00    90.00
  64 	   -0.00   532.00     0.00     0.00     0.00     0.00
  64 	   -0.00   532.00     0.00     0.00     0.00     0.00
   	   19.00    -9.00     0.00    90.00
   	   19.00    -9.00     0.00    90.00
  65 	   26.00   532.00     0.00     0.00     0.00     0.00
  65 	   26.00   532.00     0.00     0.00     0.00     0.00
   	   19.00    -9.00     0.00    90.00
   	   19.00    -9.00     0.00    90.00
  66 	  -78.00   608.00     0.00     0.00     0.00     0.00
  66 	  -78.00   608.00     0.00     0.00     0.00     0.00
   	   19.00    -9.00     0.00    90.00
   	   19.00    -9.00     0.00    90.00
  67 	  -52.00   608.00     0.00     0.00     0.00     0.00
  67 	  -52.00   608.00     0.00     0.00     0.00     0.00
   	   19.00    -9.00     0.00    90.00
   	   19.00    -9.00     0.00    90.00
  68 	  -26.00   608.00     0.00     0.00     0.00     0.00
  68 	  -26.00   608.00     0.00     0.00     0.00     0.00
   	   19.00    -9.00     0.00    90.00
   	   19.00    -9.00     0.00    90.00
  69 	   -0.00   608.00     0.00     0.00     0.00     0.00
  69 	   -0.00   608.00     0.00     0.00     0.00     0.00
   	   19.00    -9.00     0.00    90.00
   	   19.00    -9.00     0.00    90.00
  70 	   26.00   608.00     0.00     0.00     0.00     0.00
  70 	   26.00   608.00     0.00     0.00     0.00     0.00
   	   19.00    -9.00     0.00    90.00
   	   19.00    -9.00     0.00    90.00
  71 	  -78.00   684.00     0.00     0.00     0.00     0.00
  71 	  -78.00   684.00     0.00     0.00     0.00     0.00
   	   19.00    -9.00     0.00    90.00
   	   19.00    -9.00     0.00    90.00
  72 	  -52.00   684.00     0.00     0.00     0.00     0.00
  72 	  -52.00   684.00     0.00     0.00     0.00     0.00
   	   19.00    -9.00     0.00    90.00
   	   19.00    -9.00     0.00    90.00
  73 	  -26.00   684.00     0.00     0.00     0.00     0.00
  73 	  -26.00   684.00     0.00     0.00     0.00     0.00
   	   19.00    -9.00     0.00    90.00
   	   19.00    -9.00     0.00    90.00
  74 	   -0.00   684.00     0.00     0.00     0.00     0.00
  74 	   -0.00   684.00     0.00     0.00     0.00     0.00
   	   19.00    -9.00     0.00    90.00
   	   19.00    -9.00     0.00    90.00
  75 	   26.00   684.00     0.00     0.00     0.00     0.00
  75 	   26.00   684.00     0.00     0.00     0.00     0.00
   	   19.00    -9.00     0.00    90.00
   	   19.00    -9.00     0.00    90.00
  76 	  -78.00   760.00     0.00     0.00     0.00     0.00
  76 	  -78.00   760.00     0.00     0.00     0.00     0.00
   	   19.00    -9.00     0.00    90.00
   	   19.00    -9.00     0.00    90.00
  77 	  -52.00   760.00     0.00     0.00     0.00     0.00
  77 	  -52.00   760.00     0.00     0.00     0.00     0.00
   	   19.00    -9.00     0.00    90.00
   	   19.00    -9.00     0.00    90.00
  78 	  -26.00   760.00     0.00     0.00     0.00     0.00
  78 	  -26.00   760.00     0.00     0.00     0.00     0.00
   	   19.00    -9.00     0.00    90.00
   	   19.00    -9.00     0.00    90.00
  79 	   -0.00   760.00     0.00     0.00     0.00     0.00
  79 	   -0.00   760.00     0.00     0.00     0.00     0.00
   	   19.00    -9.00     0.00    90.00
   	   19.00    -9.00     0.00    90.00
  80 	   26.00   760.00     0.00     0.00     0.00     0.00
  80 	   26.00   760.00     0.00     0.00     0.00     0.00
   	   19.00    -9.00     0.00    90.00
   	   19.00    -9.00     0.00    90.00
  81 	  -78.00   836.00     0.00     0.00     0.00     0.00
  81 	  -78.00   836.00     0.00     0.00     0.00     0.00
   	   19.00    -9.00     0.00    90.00
   	   19.00    -9.00     0.00    90.00
  82 	  -52.00   836.00     0.00     0.00     0.00     0.00
  82 	  -52.00   836.00     0.00     0.00     0.00     0.00
   	   19.00    -9.00     0.00    90.00
   	   19.00    -9.00     0.00    90.00
  83 	  -26.00   836.00     0.00     0.00     0.00     0.00
  83 	  -26.00   836.00     0.00     0.00     0.00     0.00
   	   19.00    -9.00     0.00    90.00
   	   19.00    -9.00     0.00    90.00
  84 	   -0.00   836.00     0.00     0.00     0.00     0.00
  84 	   -0.00   836.00     0.00     0.00     0.00     0.00
   	   19.00    -9.00     0.00    90.00
   	   19.00    -9.00     0.00    90.00
  85 	   26.00   836.00     0.00     0.00     0.00     0.00
  85 	   26.00   836.00     0.00     0.00     0.00     0.00
   	   19.00    -9.00     0.00    90.00
   	   19.00    -9.00     0.00    90.00

** End writing output file: ../inputs/gr684.dat 
