*******************************************************************************
                         ARRAY PREPROCESSOR ver. 1.0
*******************************************************************************



   1	GROUP testgroup
   3	 GRID HEXAGONAL
   4	 ELEMENT
   5	 GEOMETRY CIRCULAR RADIUS 55
   6	 POLARIZATION LINEAR
   7	 ADD BLOCK 6 -2 3 -1
   8	 ADD BLOCK 5 7 5 0
   9	 ADD NODE -9 0
  10	 ADD BLOCK -1 1 15 0
  12	 GROUP_EXCITATION
  13	 AMPLITUDE UNIFORM 23
  14	 PHASE UNIFORM -34
  15	 END

** Generating GROUP: testgroup.
** PSTEP,QSTEP set to:110.000000,110.000000
** Grid ANGLE set to:60.000000 
** Group ROT_ANGLE set to: 0.000000 

** Writing output file: ../inputs/gr686.dat

NEL 
NPORTS
IDUM      REXA     REYA     REZA     THEA     PHEA     PSEA 
          AMP      PSH      PSC      PHEPOL
  51
  51
   1
   1
   1 	  220.00  -190.53     0.00     0.00     0.00     0.00
   1 	  220.00  -190.53     0.00     0.00     0.00     0.00
   	   23.00   -34.00     0.00    90.00
   	   23.00   -34.00     0.00    90.00
   2 	  330.00  -190.53     0.00     0.00     0.00     0.00
   2 	  330.00  -190.53     0.00     0.00     0.00     0.00
   	   23.00   -34.00     0.00    90.00
   	   23.00   -34.00     0.00    90.00
   3 	  440.00  -190.53     0.00     0.00     0.00     0.00
   3 	  440.00  -190.53     0.00     0.00     0.00     0.00
   	   23.00   -34.00     0.00    90.00
   	   23.00   -34.00     0.00    90.00
   4 	  550.00  -190.53     0.00     0.00     0.00     0.00
   4 	  550.00  -190.53     0.00     0.00     0.00     0.00
   	   23.00   -34.00     0.00    90.00
   	   23.00   -34.00     0.00    90.00
   5 	  275.00   -95.26     0.00     0.00     0.00     0.00
   5 	  275.00   -95.26     0.00     0.00     0.00     0.00
   	   23.00   -34.00     0.00    90.00
   	   23.00   -34.00     0.00    90.00
   6 	  385.00   -95.26     0.00     0.00     0.00     0.00
   6 	  385.00   -95.26     0.00     0.00     0.00     0.00
   	   23.00   -34.00     0.00    90.00
   	   23.00   -34.00     0.00    90.00
   7 	  495.00   -95.26     0.00     0.00     0.00     0.00
   7 	  495.00   -95.26     0.00     0.00     0.00     0.00
   	   23.00   -34.00     0.00    90.00
   	   23.00   -34.00     0.00    90.00
   8 	  605.00   -95.26     0.00     0.00     0.00     0.00
   8 	  605.00   -95.26     0.00     0.00     0.00     0.00
   	   23.00   -34.00     0.00    90.00
   	   23.00   -34.00     0.00    90.00
   9 	  550.00     0.00     0.00     0.00     0.00     0.00
   9 	  550.00     0.00     0.00     0.00     0.00     0.00
   	   23.00   -34.00     0.00    90.00
   	   23.00   -34.00     0.00    90.00
  10 	  605.00    95.26     0.00     0.00     0.00     0.00
  10 	  605.00    95.26     0.00     0.00     0.00     0.00
   	   23.00   -34.00     0.00    90.00
   	   23.00   -34.00     0.00    90.00
  11 	  660.00   190.53     0.00     0.00     0.00     0.00
  11 	  660.00   190.53     0.00     0.00     0.00     0.00
   	   23.00   -34.00     0.00    90.00
   	   23.00   -34.00     0.00    90.00
  12 	  715.00   285.79     0.00     0.00     0.00     0.00
  12 	  715.00   285.79     0.00     0.00     0.00     0.00
   	   23.00   -34.00     0.00    90.00
   	   23.00   -34.00     0.00    90.00
  13 	  770.00   381.05     0.00     0.00     0.00     0.00
  13 	  770.00   381.05     0.00     0.00     0.00     0.00
   	   23.00   -34.00     0.00    90.00
   	   23.00   -34.00     0.00    90.00
  14 	  825.00   476.31     0.00     0.00     0.00     0.00
  14 	  825.00   476.31     0.00     0.00     0.00     0.00
   	   23.00   -34.00     0.00    90.00
   	   23.00   -34.00     0.00    90.00
  15 	  880.00   571.58     0.00     0.00     0.00     0.00
  15 	  880.00   571.58     0.00     0.00     0.00     0.00
   	   23.00   -34.00     0.00    90.00
   	   23.00   -34.00     0.00    90.00
  16 	  935.00   666.84     0.00     0.00     0.00     0.00
  16 	  935.00   666.84     0.00     0.00     0.00     0.00
   	   23.00   -34.00     0.00    90.00
   	   23.00   -34.00     0.00    90.00
  17 	 -990.00     0.00     0.00     0.00     0.00     0.00
  17 	 -990.00     0.00     0.00     0.00     0.00     0.00
   	   23.00   -34.00     0.00    90.00
   	   23.00   -34.00     0.00    90.00
  18 	 -110.00     0.00     0.00     0.00     0.00     0.00
  18 	 -110.00     0.00     0.00     0.00     0.00     0.00
   	   23.00   -34.00     0.00    90.00
   	   23.00   -34.00     0.00    90.00
  19 	    0.00     0.00     0.00     0.00     0.00     0.00
  19 	    0.00     0.00     0.00     0.00     0.00     0.00
   	   23.00   -34.00     0.00    90.00
   	   23.00   -34.00     0.00    90.00
  20 	  110.00     0.00     0.00     0.00     0.00     0.00
  20 	  110.00     0.00     0.00     0.00     0.00     0.00
   	   23.00   -34.00     0.00    90.00
   	   23.00   -34.00     0.00    90.00
  21 	  220.00     0.00     0.00     0.00     0.00     0.00
  21 	  220.00     0.00     0.00     0.00     0.00     0.00
   	   23.00   -34.00     0.00    90.00
   	   23.00   -34.00     0.00    90.00
  22 	  330.00     0.00     0.00     0.00     0.00     0.00
  22 	  330.00     0.00     0.00     0.00     0.00     0.00
   	   23.00   -34.00     0.00    90.00
   	   23.00   -34.00     0.00    90.00
  23 	  440.00     0.00     0.00     0.00     0.00     0.00
  23 	  440.00     0.00     0.00     0.00     0.00     0.00
   	   23.00   -34.00     0.00    90.00
   	   23.00   -34.00     0.00    90.00
  24 	  550.00     0.00     0.00     0.00     0.00     0.00
  24 	  550.00     0.00     0.00     0.00     0.00     0.00
   	   23.00   -34.00     0.00    90.00
   	   23.00   -34.00     0.00    90.00
  25 	  660.00     0.00     0.00     0.00     0.00     0.00
  25 	  660.00     0.00     0.00     0.00     0.00     0.00
   	   23.00   -34.00     0.00    90.00
   	   23.00   -34.00     0.00    90.00
  26 	  770.00     0.00     0.00     0.00     0.00     0.00
  26 	  770.00     0.00     0.00     0.00     0.00     0.00
   	   23.00   -34.00     0.00    90.00
   	   23.00   -34.00     0.00    90.00
  27 	  880.00     0.00     0.00     0.00     0.00     0.00
  27 	  880.00     0.00     0.00     0.00     0.00     0.00
   	   23.00   -34.00     0.00    90.00
   	   23.00   -34.00     0.00    90.00
  28 	  990.00     0.00     0.00     0.00     0.00     0.00
  28 	  990.00     0.00     0.00     0.00     0.00     0.00
   	   23.00   -34.00     0.00    90.00
   	   23.00   -34.00     0.00    90.00
  29 	 1100.00     0.00     0.00     0.00     0.00     0.00
  29 	 1100.00     0.00     0.00     0.00     0.00     0.00
   	   23.00   -34.00     0.00    90.00
   	   23.00   -34.00     0.00    90.00
  30 	 1210.00     0.00     0.00     0.00     0.00     0.00
  30 	 1210.00     0.00     0.00     0.00     0.00     0.00
   	   23.00   -34.00     0.00    90.00
   	   23.00   -34.00     0.00    90.00
  31 	 1320.00     0.00     0.00     0.00     0.00     0.00
  31 	 1320.00     0.00     0.00     0.00     0.00     0.00
   	   23.00   -34.00     0.00    90.00
   	   23.00   -34.00     0.00    90.00
  32 	 1430.00     0.00     0.00     0.00     0.00     0.00
  32 	 1430.00     0.00     0.00     0.00     0.00     0.00
   	   23.00   -34.00     0.00    90.00
   	   23.00   -34.00     0.00    90.00
  33 	 1540.00     0.00     0.00     0.00     0.00     0.00
  33 	 1540.00     0.00     0.00     0.00     0.00     0.00
   	   23.00   -34.00     0.00    90.00
   	   23.00   -34.00     0.00    90.00
  34 	 1650.00     0.00     0.00     0.00     0.00     0.00
  34 	 1650.00     0.00     0.00     0.00     0.00     0.00
   	   23.00   -34.00     0.00    90.00
   	   23.00   -34.00     0.00    90.00
  35 	  -55.00    95.26     0.00     0.00     0.00     0.00
  35 	  -55.00    95.26     0.00     0.00     0.00     0.00
   	   23.00   -34.00     0.00    90.00
   	   23.00   -34.00     0.00    90.00
  36 	   55.00    95.26     0.00     0.00     0.00     0.00
  36 	   55.00    95.26     0.00     0.00     0.00     0.00
   	   23.00   -34.00     0.00    90.00
   	   23.00   -34.00     0.00    90.00
  37 	  165.00    95.26     0.00     0.00     0.00     0.00
  37 	  165.00    95.26     0.00     0.00     0.00     0.00
   	   23.00   -34.00     0.00    90.00
   	   23.00   -34.00     0.00    90.00
  38 	  275.00    95.26     0.00     0.00     0.00     0.00
  38 	  275.00    95.26     0.00     0.00     0.00     0.00
   	   23.00   -34.00     0.00    90.00
   	   23.00   -34.00     0.00    90.00
  39 	  385.00    95.26     0.00     0.00     0.00     0.00
  39 	  385.00    95.26     0.00     0.00     0.00     0.00
   	   23.00   -34.00     0.00    90.00
   	   23.00   -34.00     0.00    90.00
  40 	  495.00    95.26     0.00     0.00     0.00     0.00
  40 	  495.00    95.26     0.00     0.00     0.00     0.00
   	   23.00   -34.00     0.00    90.00
   	   23.00   -34.00     0.00    90.00
  41 	  605.00    95.26     0.00     0.00     0.00     0.00
  41 	  605.00    95.26     0.00     0.00     0.00     0.00
   	   23.00   -34.00     0.00    90.00
   	   23.00   -34.00     0.00    90.00
  42 	  715.00    95.26     0.00     0.00     0.00     0.00
  42 	  715.00    95.26     0.00     0.00     0.00     0.00
   	   23.00   -34.00     0.00    90.00
   	   23.00   -34.00     0.00    90.00
  43 	  825.00    95.26     0.00     0.00     0.00     0.00
  43 	  825.00    95.26     0.00     0.00     0.00     0.00
   	   23.00   -34.00     0.00    90.00
   	   23.00   -34.00     0.00    90.00
  44 	  935.00    95.26     0.00     0.00     0.00     0.00
  44 	  935.00    95.26     0.00     0.00     0.00     0.00
   	   23.00   -34.00     0.00    90.00
   	   23.00   -34.00     0.00    90.00
  45 	 1045.00    95.26     0.00     0.00     0.00     0.00
  45 	 1045.00    95.26     0.00     0.00     0.00     0.00
   	   23.00   -34.00     0.00    90.00
   	   23.00   -34.00     0.00    90.00
  46 	 1155.00    95.26     0.00     0.00     0.00     0.00
  46 	 1155.00    95.26     0.00     0.00     0.00     0.00
   	   23.00   -34.00     0.00    90.00
   	   23.00   -34.00     0.00    90.00
  47 	 1265.00    95.26     0.00     0.00     0.00     0.00
  47 	 1265.00    95.26     0.00     0.00     0.00     0.00
   	   23.00   -34.00     0.00    90.00
   	   23.00   -34.00     0.00    90.00
  48 	 1375.00    95.26     0.00     0.00     0.00     0.00
  48 	 1375.00    95.26     0.00     0.00     0.00     0.00
   	   23.00   -34.00     0.00    90.00
   	   23.00   -34.00     0.00    90.00
  49 	 1485.00    95.26     0.00     0.00     0.00     0.00
  49 	 1485.00    95.26     0.00     0.00     0.00     0.00
   	   23.00   -34.00     0.00    90.00
   	   23.00   -34.00     0.00    90.00
  50 	 1595.00    95.26     0.00     0.00     0.00     0.00
  50 	 1595.00    95.26     0.00     0.00     0.00     0.00
   	   23.00   -34.00     0.00    90.00
   	   23.00   -34.00     0.00    90.00
  51 	 1705.00    95.26     0.00     0.00     0.00     0.00
  51 	 1705.00    95.26     0.00     0.00     0.00     0.00
   	   23.00   -34.00     0.00    90.00
   	   23.00   -34.00     0.00    90.00

** End writing output file: ../inputs/gr686.dat 
