*******************************************************************************
                         ARRAY PREPROCESSOR ver. 1.0
*******************************************************************************



   1	GROUP testgroup
   3	 GRID TRIANGULAR ANGLE 49 PSTEP 69 QSTEP 33
   4	 ELEMENT
   5	 GEOMETRY CIRCULAR 64
   6	 POLARIZATION CIRCULAR RH
   8	 ADD HEXAGON 1 -13
   9	 ADD BLOCK -5 1 -9 -3
  11	 GROUP_EXCITATION
  12	 AMPLITUDE UNIFORM 31
  13	 PHASE UNIFORM -54
  14	 END

** WARNING B2: GRID step(s) too small for specified element in GROUP: testgroup
** Generating GROUP: testgroup.
** PSTEP,QSTEP set to:69.000000,33.000000
** Grid ANGLE set to:49.000000 
** Group ROT_ANGLE set to: 0.000000 

** Writing output file: ../inputs/gr688.dat

NEL 
NPORTS
IDUM      REXA     REYA     REZA     THEA     PHEA     PSEA 
          AMP      PSH      PSC      PHEPOL
  32
  32
   1
   1
   1 	 -259.80  -298.86     0.00     0.00     0.00     0.00
   1 	 -259.80  -298.86     0.00     0.00     0.00     0.00
   	   31.00   -54.00     0.00    90.00
   	   31.00   -54.00     0.00    90.00
   2 	 -190.80  -298.86     0.00     0.00     0.00     0.00
   2 	 -190.80  -298.86     0.00     0.00     0.00     0.00
   	   31.00   -54.00     0.00    90.00
   	   31.00   -54.00     0.00    90.00
   3 	 -143.45  -323.77     0.00     0.00     0.00     0.00
   3 	 -143.45  -323.77     0.00     0.00     0.00     0.00
   	   31.00   -54.00     0.00    90.00
   	   31.00   -54.00     0.00    90.00
   4 	 -165.10  -348.68     0.00     0.00     0.00     0.00
   4 	 -165.10  -348.68     0.00     0.00     0.00     0.00
   	   31.00   -54.00     0.00    90.00
   	   31.00   -54.00     0.00    90.00
   5 	 -234.10  -348.68     0.00     0.00     0.00     0.00
   5 	 -234.10  -348.68     0.00     0.00     0.00     0.00
   	   31.00   -54.00     0.00    90.00
   	   31.00   -54.00     0.00    90.00
   6 	 -281.45  -323.77     0.00     0.00     0.00     0.00
   6 	 -281.45  -323.77     0.00     0.00     0.00     0.00
   	   31.00   -54.00     0.00    90.00
   	   31.00   -54.00     0.00    90.00
   7 	 -212.45  -323.77     0.00     0.00     0.00     0.00
   7 	 -212.45  -323.77     0.00     0.00     0.00     0.00
   	   31.00   -54.00     0.00    90.00
   	   31.00   -54.00     0.00    90.00
   8 	 -685.95   -74.72     0.00     0.00     0.00     0.00
   8 	 -685.95   -74.72     0.00     0.00     0.00     0.00
   	   31.00   -54.00     0.00    90.00
   	   31.00   -54.00     0.00    90.00
   9 	 -616.95   -74.72     0.00     0.00     0.00     0.00
   9 	 -616.95   -74.72     0.00     0.00     0.00     0.00
   	   31.00   -54.00     0.00    90.00
   	   31.00   -54.00     0.00    90.00
  10 	 -547.95   -74.72     0.00     0.00     0.00     0.00
  10 	 -547.95   -74.72     0.00     0.00     0.00     0.00
   	   31.00   -54.00     0.00    90.00
   	   31.00   -54.00     0.00    90.00
  11 	 -478.95   -74.72     0.00     0.00     0.00     0.00
  11 	 -478.95   -74.72     0.00     0.00     0.00     0.00
   	   31.00   -54.00     0.00    90.00
   	   31.00   -54.00     0.00    90.00
  12 	 -409.95   -74.72     0.00     0.00     0.00     0.00
  12 	 -409.95   -74.72     0.00     0.00     0.00     0.00
   	   31.00   -54.00     0.00    90.00
   	   31.00   -54.00     0.00    90.00
  13 	 -664.30   -49.81     0.00     0.00     0.00     0.00
  13 	 -664.30   -49.81     0.00     0.00     0.00     0.00
   	   31.00   -54.00     0.00    90.00
   	   31.00   -54.00     0.00    90.00
  14 	 -595.30   -49.81     0.00     0.00     0.00     0.00
  14 	 -595.30   -49.81     0.00     0.00     0.00     0.00
   	   31.00   -54.00     0.00    90.00
   	   31.00   -54.00     0.00    90.00
  15 	 -526.30   -49.81     0.00     0.00     0.00     0.00
  15 	 -526.30   -49.81     0.00     0.00     0.00     0.00
   	   31.00   -54.00     0.00    90.00
   	   31.00   -54.00     0.00    90.00
  16 	 -457.30   -49.81     0.00     0.00     0.00     0.00
  16 	 -457.30   -49.81     0.00     0.00     0.00     0.00
   	   31.00   -54.00     0.00    90.00
   	   31.00   -54.00     0.00    90.00
  17 	 -388.30   -49.81     0.00     0.00     0.00     0.00
  17 	 -388.30   -49.81     0.00     0.00     0.00     0.00
   	   31.00   -54.00     0.00    90.00
   	   31.00   -54.00     0.00    90.00
  18 	 -642.65   -24.91     0.00     0.00     0.00     0.00
  18 	 -642.65   -24.91     0.00     0.00     0.00     0.00
   	   31.00   -54.00     0.00    90.00
   	   31.00   -54.00     0.00    90.00
  19 	 -573.65   -24.91     0.00     0.00     0.00     0.00
  19 	 -573.65   -24.91     0.00     0.00     0.00     0.00
   	   31.00   -54.00     0.00    90.00
   	   31.00   -54.00     0.00    90.00
  20 	 -504.65   -24.91     0.00     0.00     0.00     0.00
  20 	 -504.65   -24.91     0.00     0.00     0.00     0.00
   	   31.00   -54.00     0.00    90.00
   	   31.00   -54.00     0.00    90.00
  21 	 -435.65   -24.91     0.00     0.00     0.00     0.00
  21 	 -435.65   -24.91     0.00     0.00     0.00     0.00
   	   31.00   -54.00     0.00    90.00
   	   31.00   -54.00     0.00    90.00
  22 	 -366.65   -24.91     0.00     0.00     0.00     0.00
  22 	 -366.65   -24.91     0.00     0.00     0.00     0.00
   	   31.00   -54.00     0.00    90.00
   	   31.00   -54.00     0.00    90.00
  23 	 -621.00     0.00     0.00     0.00     0.00     0.00
  23 	 -621.00     0.00     0.00     0.00     0.00     0.00
   	   31.00   -54.00     0.00    90.00
   	   31.00   -54.00     0.00    90.00
  24 	 -552.00     0.00     0.00     0.00     0.00     0.00
  24 	 -552.00     0.00     0.00     0.00     0.00     0.00
   	   31.00   -54.00     0.00    90.00
   	   31.00   -54.00     0.00    90.00
  25 	 -483.00     0.00     0.00     0.00     0.00     0.00
  25 	 -483.00     0.00     0.00     0.00     0.00     0.00
   	   31.00   -54.00     0.00    90.00
   	   31.00   -54.00     0.00    90.00
  26 	 -414.00     0.00     0.00     0.00     0.00     0.00
  26 	 -414.00     0.00     0.00     0.00     0.00     0.00
   	   31.00   -54.00     0.00    90.00
   	   31.00   -54.00     0.00    90.00
  27 	 -345.00     0.00     0.00     0.00     0.00     0.00
  27 	 -345.00     0.00     0.00     0.00     0.00     0.00
   	   31.00   -54.00     0.00    90.00
   	   31.00   -54.00     0.00    90.00
  28 	 -599.35    24.91     0.00     0.00     0.00     0.00
  28 	 -599.35    24.91     0.00     0.00     0.00     0.00
   	   31.00   -54.00     0.00    90.00
   	   31.00   -54.00     0.00    90.00
  29 	 -530.35    24.91     0.00     0.00     0.00     0.00
  29 	 -530.35    24.91     0.00     0.00     0.00     0.00
   	   31.00   -54.00     0.00    90.00
   	   31.00   -54.00     0.00    90.00
  30 	 -461.35    24.91     0.00     0.00     0.00     0.00
  30 	 -461.35    24.91     0.00     0.00     0.00     0.00
   	   31.00   -54.00     0.00    90.00
   	   31.00   -54.00     0.00    90.00
  31 	 -392.35    24.91     0.00     0.00     0.00     0.00
  31 	 -392.35    24.91     0.00     0.00     0.00     0.00
   	   31.00   -54.00     0.00    90.00
   	   31.00   -54.00     0.00    90.00
  32 	 -323.35    24.91     0.00     0.00     0.00     0.00
  32 	 -323.35    24.91     0.00     0.00     0.00     0.00
   	   31.00   -54.00     0.00    90.00
   	   31.00   -54.00     0.00    90.00

** End writing output file: ../inputs/gr688.dat 
