*******************************************************************************
                         ARRAY PREPROCESSOR ver. 1.0
*******************************************************************************



   1	GROUP testgroup
   3	 GRID RECTANGULAR PSTEP 75 QSTEP 82
   4	 ELEMENT
   5	 GEOMETRY RECTANGULAR 19 79
   7	 POLARIZATION CIRCULAR RH
   9	 ADD BLOCK 2 -5 2 0
  11	 GROUP_EXCITATION
  12	 AMPLITUDE SECOND ORDER 33 29 23 22 32
  13	 PHASE UNIFORM -114
  14	 END

** Generating GROUP: testgroup.
** PSTEP,QSTEP set to:75.000000,82.000000
** Grid ANGLE set to:90.000000 
** Group ROT_ANGLE set to: 0.000000 

** Writing output file: ../inputs/gr690.dat

NEL 
NPORTS
IDUM      REXA     REYA     REZA     THEA     PHEA     PSEA 
          AMP      PSH      PSC      PHEPOL
   6
   6
   1
   1
   1 	  150.00  -410.00     0.00     0.00     0.00     0.00
   1 	  150.00  -410.00     0.00     0.00     0.00     0.00
   	   22.00  -114.00     0.00    90.00
   	   22.00  -114.00     0.00    90.00
   2 	  150.00  -328.00     0.00     0.00     0.00     0.00
   2 	  150.00  -328.00     0.00     0.00     0.00     0.00
   	   27.84  -114.00     0.00    90.00
   	   27.84  -114.00     0.00    90.00
   3 	  150.00  -246.00     0.00     0.00     0.00     0.00
   3 	  150.00  -246.00     0.00     0.00     0.00     0.00
   	   31.76  -114.00     0.00    90.00
   	   31.76  -114.00     0.00    90.00
   4 	  150.00  -164.00     0.00     0.00     0.00     0.00
   4 	  150.00  -164.00     0.00     0.00     0.00     0.00
   	   33.76  -114.00     0.00    90.00
   	   33.76  -114.00     0.00    90.00
   5 	  150.00   -82.00     0.00     0.00     0.00     0.00
   5 	  150.00   -82.00     0.00     0.00     0.00     0.00
   	   33.84  -114.00     0.00    90.00
   	   33.84  -114.00     0.00    90.00
   6 	  150.00     0.00     0.00     0.00     0.00     0.00
   6 	  150.00     0.00     0.00     0.00     0.00     0.00
   	   32.00  -114.00     0.00    90.00
   	   32.00  -114.00     0.00    90.00

** End writing output file: ../inputs/gr690.dat 
