*******************************************************************************
                         ARRAY PREPROCESSOR ver. 1.0
*******************************************************************************



   1	GROUP testgroup
   3	 GRID HEXAGONAL
   4	 ELEMENT
   5	 GEOMETRY CIRCULAR 61
   6	 POLARIZATION CIRCULAR
   7	 ADD BLOCK 4 -6 -5 2
   8	 ADD NODE -2 -4 ORIENTATION -17 -1 32
  10	 GROUP_EXCITATION
  11	 AMPLITUDE UNIFORM 22
  12	 PHASE UNIFORM 16
  13	 END

** Generating GROUP: testgroup.
** PSTEP,QSTEP set to:122.000000,122.000000
** Grid ANGLE set to:60.000000 
** Group ROT_ANGLE set to: 0.000000 

** Writing output file: ../inputs/gr693.dat

NEL 
NPORTS
IDUM      REXA     REYA     REZA     THEA     PHEA     PSEA 
          AMP      PSH      PSC      PHEPOL
  91
  91
   1
   1
   1 	 -976.00  -633.93     0.00     0.00     0.00     0.00
   1 	 -976.00  -633.93     0.00     0.00     0.00     0.00
   	   22.00    16.00     0.00    90.00
   	   22.00    16.00     0.00    90.00
   2 	 -854.00  -633.93     0.00     0.00     0.00     0.00
   2 	 -854.00  -633.93     0.00     0.00     0.00     0.00
   	   22.00    16.00     0.00    90.00
   	   22.00    16.00     0.00    90.00
   3 	 -732.00  -633.93     0.00     0.00     0.00     0.00
   3 	 -732.00  -633.93     0.00     0.00     0.00     0.00
   	   22.00    16.00     0.00    90.00
   	   22.00    16.00     0.00    90.00
   4 	 -610.00  -633.93     0.00     0.00     0.00     0.00
   4 	 -610.00  -633.93     0.00     0.00     0.00     0.00
   	   22.00    16.00     0.00    90.00
   	   22.00    16.00     0.00    90.00
   5 	 -488.00  -633.93     0.00     0.00     0.00     0.00
   5 	 -488.00  -633.93     0.00     0.00     0.00     0.00
   	   22.00    16.00     0.00    90.00
   	   22.00    16.00     0.00    90.00
   6 	 -366.00  -633.93     0.00     0.00     0.00     0.00
   6 	 -366.00  -633.93     0.00     0.00     0.00     0.00
   	   22.00    16.00     0.00    90.00
   	   22.00    16.00     0.00    90.00
   7 	 -244.00  -633.93     0.00     0.00     0.00     0.00
   7 	 -244.00  -633.93     0.00     0.00     0.00     0.00
   	   22.00    16.00     0.00    90.00
   	   22.00    16.00     0.00    90.00
   8 	 -122.00  -633.93     0.00     0.00     0.00     0.00
   8 	 -122.00  -633.93     0.00     0.00     0.00     0.00
   	   22.00    16.00     0.00    90.00
   	   22.00    16.00     0.00    90.00
   9 	    0.00  -633.93     0.00     0.00     0.00     0.00
   9 	    0.00  -633.93     0.00     0.00     0.00     0.00
   	   22.00    16.00     0.00    90.00
   	   22.00    16.00     0.00    90.00
  10 	  122.00  -633.93     0.00     0.00     0.00     0.00
  10 	  122.00  -633.93     0.00     0.00     0.00     0.00
   	   22.00    16.00     0.00    90.00
   	   22.00    16.00     0.00    90.00
  11 	 -915.00  -528.28     0.00     0.00     0.00     0.00
  11 	 -915.00  -528.28     0.00     0.00     0.00     0.00
   	   22.00    16.00     0.00    90.00
   	   22.00    16.00     0.00    90.00
  12 	 -793.00  -528.28     0.00     0.00     0.00     0.00
  12 	 -793.00  -528.28     0.00     0.00     0.00     0.00
   	   22.00    16.00     0.00    90.00
   	   22.00    16.00     0.00    90.00
  13 	 -671.00  -528.28     0.00     0.00     0.00     0.00
  13 	 -671.00  -528.28     0.00     0.00     0.00     0.00
   	   22.00    16.00     0.00    90.00
   	   22.00    16.00     0.00    90.00
  14 	 -549.00  -528.28     0.00     0.00     0.00     0.00
  14 	 -549.00  -528.28     0.00     0.00     0.00     0.00
   	   22.00    16.00     0.00    90.00
   	   22.00    16.00     0.00    90.00
  15 	 -427.00  -528.28     0.00     0.00     0.00     0.00
  15 	 -427.00  -528.28     0.00     0.00     0.00     0.00
   	   22.00    16.00     0.00    90.00
   	   22.00    16.00     0.00    90.00
  16 	 -305.00  -528.28     0.00     0.00     0.00     0.00
  16 	 -305.00  -528.28     0.00     0.00     0.00     0.00
   	   22.00    16.00     0.00    90.00
   	   22.00    16.00     0.00    90.00
  17 	 -183.00  -528.28     0.00     0.00     0.00     0.00
  17 	 -183.00  -528.28     0.00     0.00     0.00     0.00
   	   22.00    16.00     0.00    90.00
   	   22.00    16.00     0.00    90.00
  18 	  -61.00  -528.28     0.00     0.00     0.00     0.00
  18 	  -61.00  -528.28     0.00     0.00     0.00     0.00
   	   22.00    16.00     0.00    90.00
   	   22.00    16.00     0.00    90.00
  19 	   61.00  -528.28     0.00     0.00     0.00     0.00
  19 	   61.00  -528.28     0.00     0.00     0.00     0.00
   	   22.00    16.00     0.00    90.00
   	   22.00    16.00     0.00    90.00
  20 	  183.00  -528.28     0.00     0.00     0.00     0.00
  20 	  183.00  -528.28     0.00     0.00     0.00     0.00
   	   22.00    16.00     0.00    90.00
   	   22.00    16.00     0.00    90.00
  21 	 -854.00  -422.62     0.00     0.00     0.00     0.00
  21 	 -854.00  -422.62     0.00     0.00     0.00     0.00
   	   22.00    16.00     0.00    90.00
   	   22.00    16.00     0.00    90.00
  22 	 -732.00  -422.62     0.00     0.00     0.00     0.00
  22 	 -732.00  -422.62     0.00     0.00     0.00     0.00
   	   22.00    16.00     0.00    90.00
   	   22.00    16.00     0.00    90.00
  23 	 -610.00  -422.62     0.00     0.00     0.00     0.00
  23 	 -610.00  -422.62     0.00     0.00     0.00     0.00
   	   22.00    16.00     0.00    90.00
   	   22.00    16.00     0.00    90.00
  24 	 -488.00  -422.62     0.00     0.00     0.00     0.00
  24 	 -488.00  -422.62     0.00     0.00     0.00     0.00
   	   22.00    16.00     0.00    90.00
   	   22.00    16.00     0.00    90.00
  25 	 -366.00  -422.62     0.00     0.00     0.00     0.00
  25 	 -366.00  -422.62     0.00     0.00     0.00     0.00
   	   22.00    16.00     0.00    90.00
   	   22.00    16.00     0.00    90.00
  26 	 -244.00  -422.62     0.00     0.00     0.00     0.00
  26 	 -244.00  -422.62     0.00     0.00     0.00     0.00
   	   22.00    16.00     0.00    90.00
   	   22.00    16.00     0.00    90.00
  27 	 -122.00  -422.62     0.00     0.00     0.00     0.00
  27 	 -122.00  -422.62     0.00     0.00     0.00     0.00
   	   22.00    16.00     0.00    90.00
   	   22.00    16.00     0.00    90.00
  28 	    0.00  -422.62     0.00     0.00     0.00     0.00
  28 	    0.00  -422.62     0.00     0.00     0.00     0.00
   	   22.00    16.00     0.00    90.00
   	   22.00    16.00     0.00    90.00
  29 	  122.00  -422.62     0.00     0.00     0.00     0.00
  29 	  122.00  -422.62     0.00     0.00     0.00     0.00
   	   22.00    16.00     0.00    90.00
   	   22.00    16.00     0.00    90.00
  30 	  244.00  -422.62     0.00     0.00     0.00     0.00
  30 	  244.00  -422.62     0.00     0.00     0.00     0.00
   	   22.00    16.00     0.00    90.00
   	   22.00    16.00     0.00    90.00
  31 	 -793.00  -316.97     0.00     0.00     0.00     0.00
  31 	 -793.00  -316.97     0.00     0.00     0.00     0.00
   	   22.00    16.00     0.00    90.00
   	   22.00    16.00     0.00    90.00
  32 	 -671.00  -316.97     0.00     0.00     0.00     0.00
  32 	 -671.00  -316.97     0.00     0.00     0.00     0.00
   	   22.00    16.00     0.00    90.00
   	   22.00    16.00     0.00    90.00
  33 	 -549.00  -316.97     0.00     0.00     0.00     0.00
  33 	 -549.00  -316.97     0.00     0.00     0.00     0.00
   	   22.00    16.00     0.00    90.00
   	   22.00    16.00     0.00    90.00
  34 	 -427.00  -316.97     0.00     0.00     0.00     0.00
  34 	 -427.00  -316.97     0.00     0.00     0.00     0.00
   	   22.00    16.00     0.00    90.00
   	   22.00    16.00     0.00    90.00
  35 	 -305.00  -316.97     0.00     0.00     0.00     0.00
  35 	 -305.00  -316.97     0.00     0.00     0.00     0.00
   	   22.00    16.00     0.00    90.00
   	   22.00    16.00     0.00    90.00
  36 	 -183.00  -316.97     0.00     0.00     0.00     0.00
  36 	 -183.00  -316.97     0.00     0.00     0.00     0.00
   	   22.00    16.00     0.00    90.00
   	   22.00    16.00     0.00    90.00
  37 	  -61.00  -316.97     0.00     0.00     0.00     0.00
  37 	  -61.00  -316.97     0.00     0.00     0.00     0.00
   	   22.00    16.00     0.00    90.00
   	   22.00    16.00     0.00    90.00
  38 	   61.00  -316.97     0.00     0.00     0.00     0.00
  38 	   61.00  -316.97     0.00     0.00     0.00     0.00
   	   22.00    16.00     0.00    90.00
   	   22.00    16.00     0.00    90.00
  39 	  183.00  -316.97     0.00     0.00     0.00     0.00
  39 	  183.00  -316.97     0.00     0.00     0.00     0.00
   	   22.00    16.00     0.00    90.00
   	   22.00    16.00     0.00    90.00
  40 	  305.00  -316.97     0.00     0.00     0.00     0.00
  40 	  305.00  -316.97     0.00     0.00     0.00     0.00
   	   22.00    16.00     0.00    90.00
   	   22.00    16.00     0.00    90.00
  41 	 -732.00  -211.31     0.00     0.00     0.00     0.00
  41 	 -732.00  -211.31     0.00     0.00     0.00     0.00
   	   22.00    16.00     0.00    90.00
   	   22.00    16.00     0.00    90.00
  42 	 -610.00  -211.31     0.00     0.00     0.00     0.00
  42 	 -610.00  -211.31     0.00     0.00     0.00     0.00
   	   22.00    16.00     0.00    90.00
   	   22.00    16.00     0.00    90.00
  43 	 -488.00  -211.31     0.00     0.00     0.00     0.00
  43 	 -488.00  -211.31     0.00     0.00     0.00     0.00
   	   22.00    16.00     0.00    90.00
   	   22.00    16.00     0.00    90.00
  44 	 -366.00  -211.31     0.00     0.00     0.00     0.00
  44 	 -366.00  -211.31     0.00     0.00     0.00     0.00
   	   22.00    16.00     0.00    90.00
   	   22.00    16.00     0.00    90.00
  45 	 -244.00  -211.31     0.00     0.00     0.00     0.00
  45 	 -244.00  -211.31     0.00     0.00     0.00     0.00
   	   22.00    16.00     0.00    90.00
   	   22.00    16.00     0.00    90.00
  46 	 -122.00  -211.31     0.00     0.00     0.00     0.00
  46 	 -122.00  -211.31     0.00     0.00     0.00     0.00
   	   22.00    16.00     0.00    90.00
   	   22.00    16.00     0.00    90.00
  47 	    0.00  -211.31     0.00     0.00     0.00     0.00
  47 	    0.00  -211.31     0.00     0.00     0.00     0.00
   	   22.00    16.00     0.00    90.00
   	   22.00    16.00     0.00    90.00
  48 	  122.00  -211.31     0.00     0.00     0.00     0.00
  48 	  122.00  -211.31     0.00     0.00     0.00     0.00
   	   22.00    16.00     0.00    90.00
   	   22.00    16.00     0.00    90.00
  49 	  244.00  -211.31     0.00     0.00     0.00     0.00
  49 	  244.00  -211.31     0.00     0.00     0.00     0.00
   	   22.00    16.00     0.00    90.00
   	   22.00    16.00     0.00    90.00
  50 	  366.00  -211.31     0.00     0.00     0.00     0.00
  50 	  366.00  -211.31     0.00     0.00     0.00     0.00
   	   22.00    16.00     0.00    90.00
   	   22.00    16.00     0.00    90.00
  51 	 -671.00  -105.66     0.00     0.00     0.00     0.00
  51 	 -671.00  -105.66     0.00     0.00     0.00     0.00
   	   22.00    16.00     0.00    90.00
   	   22.00    16.00     0.00    90.00
  52 	 -549.00  -105.66     0.00     0.00     0.00     0.00
  52 	 -549.00  -105.66     0.00     0.00     0.00     0.00
   	   22.00    16.00     0.00    90.00
   	   22.00    16.00     0.00    90.00
  53 	 -427.00  -105.66     0.00     0.00     0.00     0.00
  53 	 -427.00  -105.66     0.00     0.00     0.00     0.00
   	   22.00    16.00     0.00    90.00
   	   22.00    16.00     0.00    90.00
  54 	 -305.00  -105.66     0.00     0.00     0.00     0.00
  54 	 -305.00  -105.66     0.00     0.00     0.00     0.00
   	   22.00    16.00     0.00    90.00
   	   22.00    16.00     0.00    90.00
  55 	 -183.00  -105.66     0.00     0.00     0.00     0.00
  55 	 -183.00  -105.66     0.00     0.00     0.00     0.00
   	   22.00    16.00     0.00    90.00
   	   22.00    16.00     0.00    90.00
  56 	  -61.00  -105.66     0.00     0.00     0.00     0.00
  56 	  -61.00  -105.66     0.00     0.00     0.00     0.00
   	   22.00    16.00     0.00    90.00
   	   22.00    16.00     0.00    90.00
  57 	   61.00  -105.66     0.00     0.00     0.00     0.00
  57 	   61.00  -105.66     0.00     0.00     0.00     0.00
   	   22.00    16.00     0.00    90.00
   	   22.00    16.00     0.00    90.00
  58 	  183.00  -105.66     0.00     0.00     0.00     0.00
  58 	  183.00  -105.66     0.00     0.00     0.00     0.00
   	   22.00    16.00     0.00    90.00
   	   22.00    16.00     0.00    90.00
  59 	  305.00  -105.66     0.00     0.00     0.00     0.00
  59 	  305.00  -105.66     0.00     0.00     0.00     0.00
   	   22.00    16.00     0.00    90.00
   	   22.00    16.00     0.00    90.00
  60 	  427.00  -105.66     0.00     0.00     0.00     0.00
  60 	  427.00  -105.66     0.00     0.00     0.00     0.00
   	   22.00    16.00     0.00    90.00
   	   22.00    16.00     0.00    90.00
  61 	 -610.00     0.00     0.00     0.00     0.00     0.00
  61 	 -610.00     0.00     0.00     0.00     0.00     0.00
   	   22.00    16.00     0.00    90.00
   	   22.00    16.00     0.00    90.00
  62 	 -488.00     0.00     0.00     0.00     0.00     0.00
  62 	 -488.00     0.00     0.00     0.00     0.00     0.00
   	   22.00    16.00     0.00    90.00
   	   22.00    16.00     0.00    90.00
  63 	 -366.00     0.00     0.00     0.00     0.00     0.00
  63 	 -366.00     0.00     0.00     0.00     0.00     0.00
   	   22.00    16.00     0.00    90.00
   	   22.00    16.00     0.00    90.00
  64 	 -244.00     0.00     0.00     0.00     0.00     0.00
  64 	 -244.00     0.00     0.00     0.00     0.00     0.00
   	   22.00    16.00     0.00    90.00
   	   22.00    16.00     0.00    90.00
  65 	 -122.00     0.00     0.00     0.00     0.00     0.00
  65 	 -122.00     0.00     0.00     0.00     0.00     0.00
   	   22.00    16.00     0.00    90.00
   	   22.00    16.00     0.00    90.00
  66 	    0.00     0.00     0.00     0.00     0.00     0.00
  66 	    0.00     0.00     0.00     0.00     0.00     0.00
   	   22.00    16.00     0.00    90.00
   	   22.00    16.00     0.00    90.00
  67 	  122.00     0.00     0.00     0.00     0.00     0.00
  67 	  122.00     0.00     0.00     0.00     0.00     0.00
   	   22.00    16.00     0.00    90.00
   	   22.00    16.00     0.00    90.00
  68 	  244.00     0.00     0.00     0.00     0.00     0.00
  68 	  244.00     0.00     0.00     0.00     0.00     0.00
   	   22.00    16.00     0.00    90.00
   	   22.00    16.00     0.00    90.00
  69 	  366.00     0.00     0.00     0.00     0.00     0.00
  69 	  366.00     0.00     0.00     0.00     0.00     0.00
   	   22.00    16.00     0.00    90.00
   	   22.00    16.00     0.00    90.00
  70 	  488.00     0.00     0.00     0.00     0.00     0.00
  70 	  488.00     0.00     0.00     0.00     0.00     0.00
   	   22.00    16.00     0.00    90.00
   	   22.00    16.00     0.00    90.00
  71 	 -549.00   105.66     0.00     0.00     0.00     0.00
  71 	 -549.00   105.66     0.00     0.00     0.00     0.00
   	   22.00    16.00     0.00    90.00
   	   22.00    16.00     0.00    90.00
  72 	 -427.00   105.66     0.00     0.00     0.00     0.00
  72 	 -427.00   105.66     0.00     0.00     0.00     0.00
   	   22.00    16.00     0.00    90.00
   	   22.00    16.00     0.00    90.00
  73 	 -305.00   105.66     0.00     0.00     0.00     0.00
  73 	 -305.00   105.66     0.00     0.00     0.00     0.00
   	   22.00    16.00     0.00    90.00
   	   22.00    16.00     0.00    90.00
  74 	 -183.00   105.66     0.00     0.00     0.00     0.00
  74 	 -183.00   105.66     0.00     0.00     0.00     0.00
   	   22.00    16.00     0.00    90.00
   	   22.00    16.00     0.00    90.00
  75 	  -61.00   105.66     0.00     0.00     0.00     0.00
  75 	  -61.00   105.66     0.00     0.00     0.00     0.00
   	   22.00    16.00     0.00    90.00
   	   22.00    16.00     0.00    90.00
  76 	   61.00   105.66     0.00     0.00     0.00     0.00
  76 	   61.00   105.66     0.00     0.00     0.00     0.00
   	   22.00    16.00     0.00    90.00
   	   22.00    16.00     0.00    90.00
  77 	  183.00   105.66     0.00     0.00     0.00     0.00
  77 	  183.00   105.66     0.00     0.00     0.00     0.00
   	   22.00    16.00     0.00    90.00
   	   22.00    16.00     0.00    90.00
  78 	  305.00   105.66     0.00     0.00     0.00     0.00
  78 	  305.00   105.66     0.00     0.00     0.00     0.00
   	   22.00    16.00     0.00    90.00
   	   22.00    16.00     0.00    90.00
  79 	  427.00   105.66     0.00     0.00     0.00     0.00
  79 	  427.00   105.66     0.00     0.00     0.00     0.00
   	   22.00    16.00     0.00    90.00
   	   22.00    16.00     0.00    90.00
  80 	  549.00   105.66     0.00     0.00     0.00     0.00
  80 	  549.00   105.66     0.00     0.00     0.00     0.00
   	   22.00    16.00     0.00    90.00
   	   22.00    16.00     0.00    90.00
  81 	 -488.00   211.31     0.00     0.00     0.00     0.00
  81 	 -488.00   211.31     0.00     0.00     0.00     0.00
   	   22.00    16.00     0.00    90.00
   	   22.00    16.00     0.00    90.00
  82 	 -366.00   211.31     0.00     0.00     0.00     0.00
  82 	 -366.00   211.31     0.00     0.00     0.00     0.00
   	   22.00    16.00     0.00    90.00
   	   22.00    16.00     0.00    90.00
  83 	 -244.00   211.31     0.00     0.00     0.00     0.00
  83 	 -244.00   211.31     0.00     0.00     0.00     0.00
   	   22.00    16.00     0.00    90.00
   	   22.00    16.00     0.00    90.00
  84 	 -122.00   211.31     0.00     0.00     0.00     0.00
  84 	 -122.00   211.31     0.00     0.00     0.00     0.00
   	   22.00    16.00     0.00    90.00
   	   22.00    16.00     0.00    90.00
  85 	   -0.00   211.31     0.00     0.00     0.00     0.00
  85 	   -0.00   211.31     0.00     0.00     0.00     0.00
   	   22.00    16.00     0.00    90.00
   	   22.00    16.00     0.00    90.00
  86 	  122.00   211.31     0.00     0.00     0.00     0.00
  86 	  122.00   211.31     0.00     0.00     0.00     0.00
   	   22.00    16.00     0.00    90.00
   	   22.00    16.00     0.00    90.00
  87 	  244.00   211.31     0.00     0.00     0.00     0.00
  87 	  244.00   211.31     0.00     0.00     0.00     0.00
   	   22.00    16.00     0.00    90.00
   	   22.00    16.00     0.00    90.00
  88 	  366.00   211.31     0.00     0.00     0.00     0.00
  88 	  366.00   211.31     0.00     0.00     0.00     0.00
   	   22.00    16.00     0.00    90.00
   	   22.00    16.00     0.00    90.00
  89 	  488.00   211.31     0.00     0.00     0.00     0.00
  89 	  488.00   211.31     0.00     0.00     0.00     0.00
   	   22.00    16.00     0.00    90.00
   	   22.00    16.00     0.00    90.00
  90 	  610.00   211.31     0.00     0.00     0.00     0.00
  90 	  610.00   211.31     0.00     0.00     0.00     0.00
   	   22.00    16.00     0.00    90.00
   	   22.00    16.00     0.00    90.00
  91 	 -488.00  -422.62     0.00   -17.00    -1.00    32.00
  91 	 -488.00  -422.62     0.00   -17.00    -1.00    32.00
   	   22.00    16.00     0.00    90.00
   	   22.00    16.00     0.00    90.00

** End writing output file: ../inputs/gr693.dat 
