*******************************************************************************
                         ARRAY PREPROCESSOR ver. 1.0
*******************************************************************************



   1	GROUP testgroup
   3	 GRID RECTANGULAR
   4	 ELEMENT
   5	 GEOMETRY RECTANGULAR PDIM 86 QDIM 56
   7	 POLARIZATION LINEAR ORIENTATION X
   8	 ADD BLOCK 6 -3 -4 -2
  10	 GROUP_EXCITATION
  11	 AMPLITUDE UNIFORM 35
  12	 PHASE UNIFORM 33
  13	 END

** Generating GROUP: testgroup.
** PSTEP,QSTEP set to:86.000000,56.000000
** Grid ANGLE set to:90.000000 
** Group ROT_ANGLE set to: 0.000000 

** Writing output file: ../inputs/gr694.dat

NEL 
NPORTS
IDUM      REXA     REYA     REZA     THEA     PHEA     PSEA 
          AMP      PSH      PSC      PHEPOL
  22
  22
   1
   1
   1 	 -344.00  -168.00     0.00     0.00     0.00     0.00
   1 	 -344.00  -168.00     0.00     0.00     0.00     0.00
   	   35.00    33.00     0.00     0.00
   	   35.00    33.00     0.00     0.00
   2 	 -258.00  -168.00     0.00     0.00     0.00     0.00
   2 	 -258.00  -168.00     0.00     0.00     0.00     0.00
   	   35.00    33.00     0.00     0.00
   	   35.00    33.00     0.00     0.00
   3 	 -172.00  -168.00     0.00     0.00     0.00     0.00
   3 	 -172.00  -168.00     0.00     0.00     0.00     0.00
   	   35.00    33.00     0.00     0.00
   	   35.00    33.00     0.00     0.00
   4 	  -86.00  -168.00     0.00     0.00     0.00     0.00
   4 	  -86.00  -168.00     0.00     0.00     0.00     0.00
   	   35.00    33.00     0.00     0.00
   	   35.00    33.00     0.00     0.00
   5 	    0.00  -168.00     0.00     0.00     0.00     0.00
   5 	    0.00  -168.00     0.00     0.00     0.00     0.00
   	   35.00    33.00     0.00     0.00
   	   35.00    33.00     0.00     0.00
   6 	   86.00  -168.00     0.00     0.00     0.00     0.00
   6 	   86.00  -168.00     0.00     0.00     0.00     0.00
   	   35.00    33.00     0.00     0.00
   	   35.00    33.00     0.00     0.00
   7 	  172.00  -168.00     0.00     0.00     0.00     0.00
   7 	  172.00  -168.00     0.00     0.00     0.00     0.00
   	   35.00    33.00     0.00     0.00
   	   35.00    33.00     0.00     0.00
   8 	  258.00  -168.00     0.00     0.00     0.00     0.00
   8 	  258.00  -168.00     0.00     0.00     0.00     0.00
   	   35.00    33.00     0.00     0.00
   	   35.00    33.00     0.00     0.00
   9 	  344.00  -168.00     0.00     0.00     0.00     0.00
   9 	  344.00  -168.00     0.00     0.00     0.00     0.00
   	   35.00    33.00     0.00     0.00
   	   35.00    33.00     0.00     0.00
  10 	  430.00  -168.00     0.00     0.00     0.00     0.00
  10 	  430.00  -168.00     0.00     0.00     0.00     0.00
   	   35.00    33.00     0.00     0.00
   	   35.00    33.00     0.00     0.00
  11 	  516.00  -168.00     0.00     0.00     0.00     0.00
  11 	  516.00  -168.00     0.00     0.00     0.00     0.00
   	   35.00    33.00     0.00     0.00
   	   35.00    33.00     0.00     0.00
  12 	 -344.00  -112.00     0.00     0.00     0.00     0.00
  12 	 -344.00  -112.00     0.00     0.00     0.00     0.00
   	   35.00    33.00     0.00     0.00
   	   35.00    33.00     0.00     0.00
  13 	 -258.00  -112.00     0.00     0.00     0.00     0.00
  13 	 -258.00  -112.00     0.00     0.00     0.00     0.00
   	   35.00    33.00     0.00     0.00
   	   35.00    33.00     0.00     0.00
  14 	 -172.00  -112.00     0.00     0.00     0.00     0.00
  14 	 -172.00  -112.00     0.00     0.00     0.00     0.00
   	   35.00    33.00     0.00     0.00
   	   35.00    33.00     0.00     0.00
  15 	  -86.00  -112.00     0.00     0.00     0.00     0.00
  15 	  -86.00  -112.00     0.00     0.00     0.00     0.00
   	   35.00    33.00     0.00     0.00
   	   35.00    33.00     0.00     0.00
  16 	    0.00  -112.00     0.00     0.00     0.00     0.00
  16 	    0.00  -112.00     0.00     0.00     0.00     0.00
   	   35.00    33.00     0.00     0.00
   	   35.00    33.00     0.00     0.00
  17 	   86.00  -112.00     0.00     0.00     0.00     0.00
  17 	   86.00  -112.00     0.00     0.00     0.00     0.00
   	   35.00    33.00     0.00     0.00
   	   35.00    33.00     0.00     0.00
  18 	  172.00  -112.00     0.00     0.00     0.00     0.00
  18 	  172.00  -112.00     0.00     0.00     0.00     0.00
   	   35.00    33.00     0.00     0.00
   	   35.00    33.00     0.00     0.00
  19 	  258.00  -112.00     0.00     0.00     0.00     0.00
  19 	  258.00  -112.00     0.00     0.00     0.00     0.00
   	   35.00    33.00     0.00     0.00
   	   35.00    33.00     0.00     0.00
  20 	  344.00  -112.00     0.00     0.00     0.00     0.00
  20 	  344.00  -112.00     0.00     0.00     0.00     0.00
   	   35.00    33.00     0.00     0.00
   	   35.00    33.00     0.00     0.00
  21 	  430.00  -112.00     0.00     0.00     0.00     0.00
  21 	  430.00  -112.00     0.00     0.00     0.00     0.00
   	   35.00    33.00     0.00     0.00
   	   35.00    33.00     0.00     0.00
  22 	  516.00  -112.00     0.00     0.00     0.00     0.00
  22 	  516.00  -112.00     0.00     0.00     0.00     0.00
   	   35.00    33.00     0.00     0.00
   	   35.00    33.00     0.00     0.00

** End writing output file: ../inputs/gr694.dat 
