*******************************************************************************
                         ARRAY PREPROCESSOR ver. 1.0
*******************************************************************************



   1	GROUP testgroup
   3	 GRID HEXAGONAL STEP 63
   4	 ELEMENT
   5	 GEOMETRY CIRCULAR RADIUS 82
   7	 ADD BLOCK 0 5 9 0
   8	 ADD BLOCK -4 -7 -3 -1
  10	 GROUP_EXCITATION
  11	 AMPLITUDE UNIFORM 16
  12	 PHASE UNIFORM -13 deg
  13	 END

** WARNING B2: GRID step(s) too small for specified element in GROUP: testgroup
** Generating GROUP: testgroup.
** PSTEP,QSTEP set to:63.000000,63.000000
** Grid ANGLE set to:60.000000 
** Group ROT_ANGLE set to: 0.000000 

** Writing output file: ../inputs/gr696.dat

NEL 
NPORTS
IDUM      REXA     REYA     REZA     THEA     PHEA     PSEA 
          AMP      PSH      PSC      PHEPOL
  74
  74
   1
   1
   1 	    0.00     0.00     0.00     0.00     0.00     0.00
   1 	    0.00     0.00     0.00     0.00     0.00     0.00
   	   16.00   -13.00     0.00    90.00
   	   16.00   -13.00     0.00    90.00
   2 	   63.00     0.00     0.00     0.00     0.00     0.00
   2 	   63.00     0.00     0.00     0.00     0.00     0.00
   	   16.00   -13.00     0.00    90.00
   	   16.00   -13.00     0.00    90.00
   3 	  126.00     0.00     0.00     0.00     0.00     0.00
   3 	  126.00     0.00     0.00     0.00     0.00     0.00
   	   16.00   -13.00     0.00    90.00
   	   16.00   -13.00     0.00    90.00
   4 	  189.00     0.00     0.00     0.00     0.00     0.00
   4 	  189.00     0.00     0.00     0.00     0.00     0.00
   	   16.00   -13.00     0.00    90.00
   	   16.00   -13.00     0.00    90.00
   5 	  252.00     0.00     0.00     0.00     0.00     0.00
   5 	  252.00     0.00     0.00     0.00     0.00     0.00
   	   16.00   -13.00     0.00    90.00
   	   16.00   -13.00     0.00    90.00
   6 	  315.00     0.00     0.00     0.00     0.00     0.00
   6 	  315.00     0.00     0.00     0.00     0.00     0.00
   	   16.00   -13.00     0.00    90.00
   	   16.00   -13.00     0.00    90.00
   7 	  378.00     0.00     0.00     0.00     0.00     0.00
   7 	  378.00     0.00     0.00     0.00     0.00     0.00
   	   16.00   -13.00     0.00    90.00
   	   16.00   -13.00     0.00    90.00
   8 	  441.00     0.00     0.00     0.00     0.00     0.00
   8 	  441.00     0.00     0.00     0.00     0.00     0.00
   	   16.00   -13.00     0.00    90.00
   	   16.00   -13.00     0.00    90.00
   9 	  504.00     0.00     0.00     0.00     0.00     0.00
   9 	  504.00     0.00     0.00     0.00     0.00     0.00
   	   16.00   -13.00     0.00    90.00
   	   16.00   -13.00     0.00    90.00
  10 	  567.00     0.00     0.00     0.00     0.00     0.00
  10 	  567.00     0.00     0.00     0.00     0.00     0.00
   	   16.00   -13.00     0.00    90.00
   	   16.00   -13.00     0.00    90.00
  11 	   31.50    54.56     0.00     0.00     0.00     0.00
  11 	   31.50    54.56     0.00     0.00     0.00     0.00
   	   16.00   -13.00     0.00    90.00
   	   16.00   -13.00     0.00    90.00
  12 	   94.50    54.56     0.00     0.00     0.00     0.00
  12 	   94.50    54.56     0.00     0.00     0.00     0.00
   	   16.00   -13.00     0.00    90.00
   	   16.00   -13.00     0.00    90.00
  13 	  157.50    54.56     0.00     0.00     0.00     0.00
  13 	  157.50    54.56     0.00     0.00     0.00     0.00
   	   16.00   -13.00     0.00    90.00
   	   16.00   -13.00     0.00    90.00
  14 	  220.50    54.56     0.00     0.00     0.00     0.00
  14 	  220.50    54.56     0.00     0.00     0.00     0.00
   	   16.00   -13.00     0.00    90.00
   	   16.00   -13.00     0.00    90.00
  15 	  283.50    54.56     0.00     0.00     0.00     0.00
  15 	  283.50    54.56     0.00     0.00     0.00     0.00
   	   16.00   -13.00     0.00    90.00
   	   16.00   -13.00     0.00    90.00
  16 	  346.50    54.56     0.00     0.00     0.00     0.00
  16 	  346.50    54.56     0.00     0.00     0.00     0.00
   	   16.00   -13.00     0.00    90.00
   	   16.00   -13.00     0.00    90.00
  17 	  409.50    54.56     0.00     0.00     0.00     0.00
  17 	  409.50    54.56     0.00     0.00     0.00     0.00
   	   16.00   -13.00     0.00    90.00
   	   16.00   -13.00     0.00    90.00
  18 	  472.50    54.56     0.00     0.00     0.00     0.00
  18 	  472.50    54.56     0.00     0.00     0.00     0.00
   	   16.00   -13.00     0.00    90.00
   	   16.00   -13.00     0.00    90.00
  19 	  535.50    54.56     0.00     0.00     0.00     0.00
  19 	  535.50    54.56     0.00     0.00     0.00     0.00
   	   16.00   -13.00     0.00    90.00
   	   16.00   -13.00     0.00    90.00
  20 	  598.50    54.56     0.00     0.00     0.00     0.00
  20 	  598.50    54.56     0.00     0.00     0.00     0.00
   	   16.00   -13.00     0.00    90.00
   	   16.00   -13.00     0.00    90.00
  21 	   63.00   109.12     0.00     0.00     0.00     0.00
  21 	   63.00   109.12     0.00     0.00     0.00     0.00
   	   16.00   -13.00     0.00    90.00
   	   16.00   -13.00     0.00    90.00
  22 	  126.00   109.12     0.00     0.00     0.00     0.00
  22 	  126.00   109.12     0.00     0.00     0.00     0.00
   	   16.00   -13.00     0.00    90.00
   	   16.00   -13.00     0.00    90.00
  23 	  189.00   109.12     0.00     0.00     0.00     0.00
  23 	  189.00   109.12     0.00     0.00     0.00     0.00
   	   16.00   -13.00     0.00    90.00
   	   16.00   -13.00     0.00    90.00
  24 	  252.00   109.12     0.00     0.00     0.00     0.00
  24 	  252.00   109.12     0.00     0.00     0.00     0.00
   	   16.00   -13.00     0.00    90.00
   	   16.00   -13.00     0.00    90.00
  25 	  315.00   109.12     0.00     0.00     0.00     0.00
  25 	  315.00   109.12     0.00     0.00     0.00     0.00
   	   16.00   -13.00     0.00    90.00
   	   16.00   -13.00     0.00    90.00
  26 	  378.00   109.12     0.00     0.00     0.00     0.00
  26 	  378.00   109.12     0.00     0.00     0.00     0.00
   	   16.00   -13.00     0.00    90.00
   	   16.00   -13.00     0.00    90.00
  27 	  441.00   109.12     0.00     0.00     0.00     0.00
  27 	  441.00   109.12     0.00     0.00     0.00     0.00
   	   16.00   -13.00     0.00    90.00
   	   16.00   -13.00     0.00    90.00
  28 	  504.00   109.12     0.00     0.00     0.00     0.00
  28 	  504.00   109.12     0.00     0.00     0.00     0.00
   	   16.00   -13.00     0.00    90.00
   	   16.00   -13.00     0.00    90.00
  29 	  567.00   109.12     0.00     0.00     0.00     0.00
  29 	  567.00   109.12     0.00     0.00     0.00     0.00
   	   16.00   -13.00     0.00    90.00
   	   16.00   -13.00     0.00    90.00
  30 	  630.00   109.12     0.00     0.00     0.00     0.00
  30 	  630.00   109.12     0.00     0.00     0.00     0.00
   	   16.00   -13.00     0.00    90.00
   	   16.00   -13.00     0.00    90.00
  31 	   94.50   163.68     0.00     0.00     0.00     0.00
  31 	   94.50   163.68     0.00     0.00     0.00     0.00
   	   16.00   -13.00     0.00    90.00
   	   16.00   -13.00     0.00    90.00
  32 	  157.50   163.68     0.00     0.00     0.00     0.00
  32 	  157.50   163.68     0.00     0.00     0.00     0.00
   	   16.00   -13.00     0.00    90.00
   	   16.00   -13.00     0.00    90.00
  33 	  220.50   163.68     0.00     0.00     0.00     0.00
  33 	  220.50   163.68     0.00     0.00     0.00     0.00
   	   16.00   -13.00     0.00    90.00
   	   16.00   -13.00     0.00    90.00
  34 	  283.50   163.68     0.00     0.00     0.00     0.00
  34 	  283.50   163.68     0.00     0.00     0.00     0.00
   	   16.00   -13.00     0.00    90.00
   	   16.00   -13.00     0.00    90.00
  35 	  346.50   163.68     0.00     0.00     0.00     0.00
  35 	  346.50   163.68     0.00     0.00     0.00     0.00
   	   16.00   -13.00     0.00    90.00
   	   16.00   -13.00     0.00    90.00
  36 	  409.50   163.68     0.00     0.00     0.00     0.00
  36 	  409.50   163.68     0.00     0.00     0.00     0.00
   	   16.00   -13.00     0.00    90.00
   	   16.00   -13.00     0.00    90.00
  37 	  472.50   163.68     0.00     0.00     0.00     0.00
  37 	  472.50   163.68     0.00     0.00     0.00     0.00
   	   16.00   -13.00     0.00    90.00
   	   16.00   -13.00     0.00    90.00
  38 	  535.50   163.68     0.00     0.00     0.00     0.00
  38 	  535.50   163.68     0.00     0.00     0.00     0.00
   	   16.00   -13.00     0.00    90.00
   	   16.00   -13.00     0.00    90.00
  39 	  598.50   163.68     0.00     0.00     0.00     0.00
  39 	  598.50   163.68     0.00     0.00     0.00     0.00
   	   16.00   -13.00     0.00    90.00
   	   16.00   -13.00     0.00    90.00
  40 	  661.50   163.68     0.00     0.00     0.00     0.00
  40 	  661.50   163.68     0.00     0.00     0.00     0.00
   	   16.00   -13.00     0.00    90.00
   	   16.00   -13.00     0.00    90.00
  41 	  126.00   218.24     0.00     0.00     0.00     0.00
  41 	  126.00   218.24     0.00     0.00     0.00     0.00
   	   16.00   -13.00     0.00    90.00
   	   16.00   -13.00     0.00    90.00
  42 	  189.00   218.24     0.00     0.00     0.00     0.00
  42 	  189.00   218.24     0.00     0.00     0.00     0.00
   	   16.00   -13.00     0.00    90.00
   	   16.00   -13.00     0.00    90.00
  43 	  252.00   218.24     0.00     0.00     0.00     0.00
  43 	  252.00   218.24     0.00     0.00     0.00     0.00
   	   16.00   -13.00     0.00    90.00
   	   16.00   -13.00     0.00    90.00
  44 	  315.00   218.24     0.00     0.00     0.00     0.00
  44 	  315.00   218.24     0.00     0.00     0.00     0.00
   	   16.00   -13.00     0.00    90.00
   	   16.00   -13.00     0.00    90.00
  45 	  378.00   218.24     0.00     0.00     0.00     0.00
  45 	  378.00   218.24     0.00     0.00     0.00     0.00
   	   16.00   -13.00     0.00    90.00
   	   16.00   -13.00     0.00    90.00
  46 	  441.00   218.24     0.00     0.00     0.00     0.00
  46 	  441.00   218.24     0.00     0.00     0.00     0.00
   	   16.00   -13.00     0.00    90.00
   	   16.00   -13.00     0.00    90.00
  47 	  504.00   218.24     0.00     0.00     0.00     0.00
  47 	  504.00   218.24     0.00     0.00     0.00     0.00
   	   16.00   -13.00     0.00    90.00
   	   16.00   -13.00     0.00    90.00
  48 	  567.00   218.24     0.00     0.00     0.00     0.00
  48 	  567.00   218.24     0.00     0.00     0.00     0.00
   	   16.00   -13.00     0.00    90.00
   	   16.00   -13.00     0.00    90.00
  49 	  630.00   218.24     0.00     0.00     0.00     0.00
  49 	  630.00   218.24     0.00     0.00     0.00     0.00
   	   16.00   -13.00     0.00    90.00
   	   16.00   -13.00     0.00    90.00
  50 	  693.00   218.24     0.00     0.00     0.00     0.00
  50 	  693.00   218.24     0.00     0.00     0.00     0.00
   	   16.00   -13.00     0.00    90.00
   	   16.00   -13.00     0.00    90.00
  51 	  157.50   272.80     0.00     0.00     0.00     0.00
  51 	  157.50   272.80     0.00     0.00     0.00     0.00
   	   16.00   -13.00     0.00    90.00
   	   16.00   -13.00     0.00    90.00
  52 	  220.50   272.80     0.00     0.00     0.00     0.00
  52 	  220.50   272.80     0.00     0.00     0.00     0.00
   	   16.00   -13.00     0.00    90.00
   	   16.00   -13.00     0.00    90.00
  53 	  283.50   272.80     0.00     0.00     0.00     0.00
  53 	  283.50   272.80     0.00     0.00     0.00     0.00
   	   16.00   -13.00     0.00    90.00
   	   16.00   -13.00     0.00    90.00
  54 	  346.50   272.80     0.00     0.00     0.00     0.00
  54 	  346.50   272.80     0.00     0.00     0.00     0.00
   	   16.00   -13.00     0.00    90.00
   	   16.00   -13.00     0.00    90.00
  55 	  409.50   272.80     0.00     0.00     0.00     0.00
  55 	  409.50   272.80     0.00     0.00     0.00     0.00
   	   16.00   -13.00     0.00    90.00
   	   16.00   -13.00     0.00    90.00
  56 	  472.50   272.80     0.00     0.00     0.00     0.00
  56 	  472.50   272.80     0.00     0.00     0.00     0.00
   	   16.00   -13.00     0.00    90.00
   	   16.00   -13.00     0.00    90.00
  57 	  535.50   272.80     0.00     0.00     0.00     0.00
  57 	  535.50   272.80     0.00     0.00     0.00     0.00
   	   16.00   -13.00     0.00    90.00
   	   16.00   -13.00     0.00    90.00
  58 	  598.50   272.80     0.00     0.00     0.00     0.00
  58 	  598.50   272.80     0.00     0.00     0.00     0.00
   	   16.00   -13.00     0.00    90.00
   	   16.00   -13.00     0.00    90.00
  59 	  661.50   272.80     0.00     0.00     0.00     0.00
  59 	  661.50   272.80     0.00     0.00     0.00     0.00
   	   16.00   -13.00     0.00    90.00
   	   16.00   -13.00     0.00    90.00
  60 	  724.50   272.80     0.00     0.00     0.00     0.00
  60 	  724.50   272.80     0.00     0.00     0.00     0.00
   	   16.00   -13.00     0.00    90.00
   	   16.00   -13.00     0.00    90.00
  61 	 -472.50  -381.92     0.00     0.00     0.00     0.00
  61 	 -472.50  -381.92     0.00     0.00     0.00     0.00
   	   16.00   -13.00     0.00    90.00
   	   16.00   -13.00     0.00    90.00
  62 	 -409.50  -381.92     0.00     0.00     0.00     0.00
  62 	 -409.50  -381.92     0.00     0.00     0.00     0.00
   	   16.00   -13.00     0.00    90.00
   	   16.00   -13.00     0.00    90.00
  63 	 -441.00  -327.36     0.00     0.00     0.00     0.00
  63 	 -441.00  -327.36     0.00     0.00     0.00     0.00
   	   16.00   -13.00     0.00    90.00
   	   16.00   -13.00     0.00    90.00
  64 	 -378.00  -327.36     0.00     0.00     0.00     0.00
  64 	 -378.00  -327.36     0.00     0.00     0.00     0.00
   	   16.00   -13.00     0.00    90.00
   	   16.00   -13.00     0.00    90.00
  65 	 -409.50  -272.80     0.00     0.00     0.00     0.00
  65 	 -409.50  -272.80     0.00     0.00     0.00     0.00
   	   16.00   -13.00     0.00    90.00
   	   16.00   -13.00     0.00    90.00
  66 	 -346.50  -272.80     0.00     0.00     0.00     0.00
  66 	 -346.50  -272.80     0.00     0.00     0.00     0.00
   	   16.00   -13.00     0.00    90.00
   	   16.00   -13.00     0.00    90.00
  67 	 -378.00  -218.24     0.00     0.00     0.00     0.00
  67 	 -378.00  -218.24     0.00     0.00     0.00     0.00
   	   16.00   -13.00     0.00    90.00
   	   16.00   -13.00     0.00    90.00
  68 	 -315.00  -218.24     0.00     0.00     0.00     0.00
  68 	 -315.00  -218.24     0.00     0.00     0.00     0.00
   	   16.00   -13.00     0.00    90.00
   	   16.00   -13.00     0.00    90.00
  69 	 -346.50  -163.68     0.00     0.00     0.00     0.00
  69 	 -346.50  -163.68     0.00     0.00     0.00     0.00
   	   16.00   -13.00     0.00    90.00
   	   16.00   -13.00     0.00    90.00
  70 	 -283.50  -163.68     0.00     0.00     0.00     0.00
  70 	 -283.50  -163.68     0.00     0.00     0.00     0.00
   	   16.00   -13.00     0.00    90.00
   	   16.00   -13.00     0.00    90.00
  71 	 -315.00  -109.12     0.00     0.00     0.00     0.00
  71 	 -315.00  -109.12     0.00     0.00     0.00     0.00
   	   16.00   -13.00     0.00    90.00
   	   16.00   -13.00     0.00    90.00
  72 	 -252.00  -109.12     0.00     0.00     0.00     0.00
  72 	 -252.00  -109.12     0.00     0.00     0.00     0.00
   	   16.00   -13.00     0.00    90.00
   	   16.00   -13.00     0.00    90.00
  73 	 -283.50   -54.56     0.00     0.00     0.00     0.00
  73 	 -283.50   -54.56     0.00     0.00     0.00     0.00
   	   16.00   -13.00     0.00    90.00
   	   16.00   -13.00     0.00    90.00
  74 	 -220.50   -54.56     0.00     0.00     0.00     0.00
  74 	 -220.50   -54.56     0.00     0.00     0.00     0.00
   	   16.00   -13.00     0.00    90.00
   	   16.00   -13.00     0.00    90.00

** End writing output file: ../inputs/gr696.dat 
