*******************************************************************************
                         ARRAY PREPROCESSOR ver. 1.0
*******************************************************************************



   1	GROUP testgroup
   3	 GRID HEXAGONAL
   4	 ELEMENT
   5	 GEOMETRY CIRCULAR RADIUS 70
   6	 POLARIZATION LINEAR
   7	 ADD NODE 7 -4
   8	 ADD BLOCK -8 3 11 -5
   9	 ADD BLOCK -1 8 3 -2
  11	 GROUP_EXCITATION
  12	 AMPLITUDE UNIFORM 20
  13	 PHASE UNIFORM 1 deg
  14	 END

** Generating GROUP: testgroup.
** PSTEP,QSTEP set to:140.000000,140.000000
** Grid ANGLE set to:60.000000 
** Group ROT_ANGLE set to: 0.000000 

** Writing output file: ../inputs/gr697.dat

NEL 
NPORTS
IDUM      REXA     REYA     REZA     THEA     PHEA     PSEA 
          AMP      PSH      PSC      PHEPOL
 236
 236
   1
   1
   1 	  700.00  -484.97     0.00     0.00     0.00     0.00
   1 	  700.00  -484.97     0.00     0.00     0.00     0.00
   	   20.00     1.00     0.00    90.00
   	   20.00     1.00     0.00    90.00
   2 	-1470.00  -606.22     0.00     0.00     0.00     0.00
   2 	-1470.00  -606.22     0.00     0.00     0.00     0.00
   	   20.00     1.00     0.00    90.00
   	   20.00     1.00     0.00    90.00
   3 	-1330.00  -606.22     0.00     0.00     0.00     0.00
   3 	-1330.00  -606.22     0.00     0.00     0.00     0.00
   	   20.00     1.00     0.00    90.00
   	   20.00     1.00     0.00    90.00
   4 	-1190.00  -606.22     0.00     0.00     0.00     0.00
   4 	-1190.00  -606.22     0.00     0.00     0.00     0.00
   	   20.00     1.00     0.00    90.00
   	   20.00     1.00     0.00    90.00
   5 	-1050.00  -606.22     0.00     0.00     0.00     0.00
   5 	-1050.00  -606.22     0.00     0.00     0.00     0.00
   	   20.00     1.00     0.00    90.00
   	   20.00     1.00     0.00    90.00
   6 	 -910.00  -606.22     0.00     0.00     0.00     0.00
   6 	 -910.00  -606.22     0.00     0.00     0.00     0.00
   	   20.00     1.00     0.00    90.00
   	   20.00     1.00     0.00    90.00
   7 	 -770.00  -606.22     0.00     0.00     0.00     0.00
   7 	 -770.00  -606.22     0.00     0.00     0.00     0.00
   	   20.00     1.00     0.00    90.00
   	   20.00     1.00     0.00    90.00
   8 	 -630.00  -606.22     0.00     0.00     0.00     0.00
   8 	 -630.00  -606.22     0.00     0.00     0.00     0.00
   	   20.00     1.00     0.00    90.00
   	   20.00     1.00     0.00    90.00
   9 	 -490.00  -606.22     0.00     0.00     0.00     0.00
   9 	 -490.00  -606.22     0.00     0.00     0.00     0.00
   	   20.00     1.00     0.00    90.00
   	   20.00     1.00     0.00    90.00
  10 	 -350.00  -606.22     0.00     0.00     0.00     0.00
  10 	 -350.00  -606.22     0.00     0.00     0.00     0.00
   	   20.00     1.00     0.00    90.00
   	   20.00     1.00     0.00    90.00
  11 	 -210.00  -606.22     0.00     0.00     0.00     0.00
  11 	 -210.00  -606.22     0.00     0.00     0.00     0.00
   	   20.00     1.00     0.00    90.00
   	   20.00     1.00     0.00    90.00
  12 	  -70.00  -606.22     0.00     0.00     0.00     0.00
  12 	  -70.00  -606.22     0.00     0.00     0.00     0.00
   	   20.00     1.00     0.00    90.00
   	   20.00     1.00     0.00    90.00
  13 	   70.00  -606.22     0.00     0.00     0.00     0.00
  13 	   70.00  -606.22     0.00     0.00     0.00     0.00
   	   20.00     1.00     0.00    90.00
   	   20.00     1.00     0.00    90.00
  14 	  210.00  -606.22     0.00     0.00     0.00     0.00
  14 	  210.00  -606.22     0.00     0.00     0.00     0.00
   	   20.00     1.00     0.00    90.00
   	   20.00     1.00     0.00    90.00
  15 	  350.00  -606.22     0.00     0.00     0.00     0.00
  15 	  350.00  -606.22     0.00     0.00     0.00     0.00
   	   20.00     1.00     0.00    90.00
   	   20.00     1.00     0.00    90.00
  16 	  490.00  -606.22     0.00     0.00     0.00     0.00
  16 	  490.00  -606.22     0.00     0.00     0.00     0.00
   	   20.00     1.00     0.00    90.00
   	   20.00     1.00     0.00    90.00
  17 	  630.00  -606.22     0.00     0.00     0.00     0.00
  17 	  630.00  -606.22     0.00     0.00     0.00     0.00
   	   20.00     1.00     0.00    90.00
   	   20.00     1.00     0.00    90.00
  18 	  770.00  -606.22     0.00     0.00     0.00     0.00
  18 	  770.00  -606.22     0.00     0.00     0.00     0.00
   	   20.00     1.00     0.00    90.00
   	   20.00     1.00     0.00    90.00
  19 	  910.00  -606.22     0.00     0.00     0.00     0.00
  19 	  910.00  -606.22     0.00     0.00     0.00     0.00
   	   20.00     1.00     0.00    90.00
   	   20.00     1.00     0.00    90.00
  20 	 1050.00  -606.22     0.00     0.00     0.00     0.00
  20 	 1050.00  -606.22     0.00     0.00     0.00     0.00
   	   20.00     1.00     0.00    90.00
   	   20.00     1.00     0.00    90.00
  21 	 1190.00  -606.22     0.00     0.00     0.00     0.00
  21 	 1190.00  -606.22     0.00     0.00     0.00     0.00
   	   20.00     1.00     0.00    90.00
   	   20.00     1.00     0.00    90.00
  22 	-1400.00  -484.97     0.00     0.00     0.00     0.00
  22 	-1400.00  -484.97     0.00     0.00     0.00     0.00
   	   20.00     1.00     0.00    90.00
   	   20.00     1.00     0.00    90.00
  23 	-1260.00  -484.97     0.00     0.00     0.00     0.00
  23 	-1260.00  -484.97     0.00     0.00     0.00     0.00
   	   20.00     1.00     0.00    90.00
   	   20.00     1.00     0.00    90.00
  24 	-1120.00  -484.97     0.00     0.00     0.00     0.00
  24 	-1120.00  -484.97     0.00     0.00     0.00     0.00
   	   20.00     1.00     0.00    90.00
   	   20.00     1.00     0.00    90.00
  25 	 -980.00  -484.97     0.00     0.00     0.00     0.00
  25 	 -980.00  -484.97     0.00     0.00     0.00     0.00
   	   20.00     1.00     0.00    90.00
   	   20.00     1.00     0.00    90.00
  26 	 -840.00  -484.97     0.00     0.00     0.00     0.00
  26 	 -840.00  -484.97     0.00     0.00     0.00     0.00
   	   20.00     1.00     0.00    90.00
   	   20.00     1.00     0.00    90.00
  27 	 -700.00  -484.97     0.00     0.00     0.00     0.00
  27 	 -700.00  -484.97     0.00     0.00     0.00     0.00
   	   20.00     1.00     0.00    90.00
   	   20.00     1.00     0.00    90.00
  28 	 -560.00  -484.97     0.00     0.00     0.00     0.00
  28 	 -560.00  -484.97     0.00     0.00     0.00     0.00
   	   20.00     1.00     0.00    90.00
   	   20.00     1.00     0.00    90.00
  29 	 -420.00  -484.97     0.00     0.00     0.00     0.00
  29 	 -420.00  -484.97     0.00     0.00     0.00     0.00
   	   20.00     1.00     0.00    90.00
   	   20.00     1.00     0.00    90.00
  30 	 -280.00  -484.97     0.00     0.00     0.00     0.00
  30 	 -280.00  -484.97     0.00     0.00     0.00     0.00
   	   20.00     1.00     0.00    90.00
   	   20.00     1.00     0.00    90.00
  31 	 -140.00  -484.97     0.00     0.00     0.00     0.00
  31 	 -140.00  -484.97     0.00     0.00     0.00     0.00
   	   20.00     1.00     0.00    90.00
   	   20.00     1.00     0.00    90.00
  32 	    0.00  -484.97     0.00     0.00     0.00     0.00
  32 	    0.00  -484.97     0.00     0.00     0.00     0.00
   	   20.00     1.00     0.00    90.00
   	   20.00     1.00     0.00    90.00
  33 	  140.00  -484.97     0.00     0.00     0.00     0.00
  33 	  140.00  -484.97     0.00     0.00     0.00     0.00
   	   20.00     1.00     0.00    90.00
   	   20.00     1.00     0.00    90.00
  34 	  280.00  -484.97     0.00     0.00     0.00     0.00
  34 	  280.00  -484.97     0.00     0.00     0.00     0.00
   	   20.00     1.00     0.00    90.00
   	   20.00     1.00     0.00    90.00
  35 	  420.00  -484.97     0.00     0.00     0.00     0.00
  35 	  420.00  -484.97     0.00     0.00     0.00     0.00
   	   20.00     1.00     0.00    90.00
   	   20.00     1.00     0.00    90.00
  36 	  560.00  -484.97     0.00     0.00     0.00     0.00
  36 	  560.00  -484.97     0.00     0.00     0.00     0.00
   	   20.00     1.00     0.00    90.00
   	   20.00     1.00     0.00    90.00
  37 	  700.00  -484.97     0.00     0.00     0.00     0.00
  37 	  700.00  -484.97     0.00     0.00     0.00     0.00
   	   20.00     1.00     0.00    90.00
   	   20.00     1.00     0.00    90.00
  38 	  840.00  -484.97     0.00     0.00     0.00     0.00
  38 	  840.00  -484.97     0.00     0.00     0.00     0.00
   	   20.00     1.00     0.00    90.00
   	   20.00     1.00     0.00    90.00
  39 	  980.00  -484.97     0.00     0.00     0.00     0.00
  39 	  980.00  -484.97     0.00     0.00     0.00     0.00
   	   20.00     1.00     0.00    90.00
   	   20.00     1.00     0.00    90.00
  40 	 1120.00  -484.97     0.00     0.00     0.00     0.00
  40 	 1120.00  -484.97     0.00     0.00     0.00     0.00
   	   20.00     1.00     0.00    90.00
   	   20.00     1.00     0.00    90.00
  41 	 1260.00  -484.97     0.00     0.00     0.00     0.00
  41 	 1260.00  -484.97     0.00     0.00     0.00     0.00
   	   20.00     1.00     0.00    90.00
   	   20.00     1.00     0.00    90.00
  42 	-1330.00  -363.73     0.00     0.00     0.00     0.00
  42 	-1330.00  -363.73     0.00     0.00     0.00     0.00
   	   20.00     1.00     0.00    90.00
   	   20.00     1.00     0.00    90.00
  43 	-1190.00  -363.73     0.00     0.00     0.00     0.00
  43 	-1190.00  -363.73     0.00     0.00     0.00     0.00
   	   20.00     1.00     0.00    90.00
   	   20.00     1.00     0.00    90.00
  44 	-1050.00  -363.73     0.00     0.00     0.00     0.00
  44 	-1050.00  -363.73     0.00     0.00     0.00     0.00
   	   20.00     1.00     0.00    90.00
   	   20.00     1.00     0.00    90.00
  45 	 -910.00  -363.73     0.00     0.00     0.00     0.00
  45 	 -910.00  -363.73     0.00     0.00     0.00     0.00
   	   20.00     1.00     0.00    90.00
   	   20.00     1.00     0.00    90.00
  46 	 -770.00  -363.73     0.00     0.00     0.00     0.00
  46 	 -770.00  -363.73     0.00     0.00     0.00     0.00
   	   20.00     1.00     0.00    90.00
   	   20.00     1.00     0.00    90.00
  47 	 -630.00  -363.73     0.00     0.00     0.00     0.00
  47 	 -630.00  -363.73     0.00     0.00     0.00     0.00
   	   20.00     1.00     0.00    90.00
   	   20.00     1.00     0.00    90.00
  48 	 -490.00  -363.73     0.00     0.00     0.00     0.00
  48 	 -490.00  -363.73     0.00     0.00     0.00     0.00
   	   20.00     1.00     0.00    90.00
   	   20.00     1.00     0.00    90.00
  49 	 -350.00  -363.73     0.00     0.00     0.00     0.00
  49 	 -350.00  -363.73     0.00     0.00     0.00     0.00
   	   20.00     1.00     0.00    90.00
   	   20.00     1.00     0.00    90.00
  50 	 -210.00  -363.73     0.00     0.00     0.00     0.00
  50 	 -210.00  -363.73     0.00     0.00     0.00     0.00
   	   20.00     1.00     0.00    90.00
   	   20.00     1.00     0.00    90.00
  51 	  -70.00  -363.73     0.00     0.00     0.00     0.00
  51 	  -70.00  -363.73     0.00     0.00     0.00     0.00
   	   20.00     1.00     0.00    90.00
   	   20.00     1.00     0.00    90.00
  52 	   70.00  -363.73     0.00     0.00     0.00     0.00
  52 	   70.00  -363.73     0.00     0.00     0.00     0.00
   	   20.00     1.00     0.00    90.00
   	   20.00     1.00     0.00    90.00
  53 	  210.00  -363.73     0.00     0.00     0.00     0.00
  53 	  210.00  -363.73     0.00     0.00     0.00     0.00
   	   20.00     1.00     0.00    90.00
   	   20.00     1.00     0.00    90.00
  54 	  350.00  -363.73     0.00     0.00     0.00     0.00
  54 	  350.00  -363.73     0.00     0.00     0.00     0.00
   	   20.00     1.00     0.00    90.00
   	   20.00     1.00     0.00    90.00
  55 	  490.00  -363.73     0.00     0.00     0.00     0.00
  55 	  490.00  -363.73     0.00     0.00     0.00     0.00
   	   20.00     1.00     0.00    90.00
   	   20.00     1.00     0.00    90.00
  56 	  630.00  -363.73     0.00     0.00     0.00     0.00
  56 	  630.00  -363.73     0.00     0.00     0.00     0.00
   	   20.00     1.00     0.00    90.00
   	   20.00     1.00     0.00    90.00
  57 	  770.00  -363.73     0.00     0.00     0.00     0.00
  57 	  770.00  -363.73     0.00     0.00     0.00     0.00
   	   20.00     1.00     0.00    90.00
   	   20.00     1.00     0.00    90.00
  58 	  910.00  -363.73     0.00     0.00     0.00     0.00
  58 	  910.00  -363.73     0.00     0.00     0.00     0.00
   	   20.00     1.00     0.00    90.00
   	   20.00     1.00     0.00    90.00
  59 	 1050.00  -363.73     0.00     0.00     0.00     0.00
  59 	 1050.00  -363.73     0.00     0.00     0.00     0.00
   	   20.00     1.00     0.00    90.00
   	   20.00     1.00     0.00    90.00
  60 	 1190.00  -363.73     0.00     0.00     0.00     0.00
  60 	 1190.00  -363.73     0.00     0.00     0.00     0.00
   	   20.00     1.00     0.00    90.00
   	   20.00     1.00     0.00    90.00
  61 	 1330.00  -363.73     0.00     0.00     0.00     0.00
  61 	 1330.00  -363.73     0.00     0.00     0.00     0.00
   	   20.00     1.00     0.00    90.00
   	   20.00     1.00     0.00    90.00
  62 	-1260.00  -242.49     0.00     0.00     0.00     0.00
  62 	-1260.00  -242.49     0.00     0.00     0.00     0.00
   	   20.00     1.00     0.00    90.00
   	   20.00     1.00     0.00    90.00
  63 	-1120.00  -242.49     0.00     0.00     0.00     0.00
  63 	-1120.00  -242.49     0.00     0.00     0.00     0.00
   	   20.00     1.00     0.00    90.00
   	   20.00     1.00     0.00    90.00
  64 	 -980.00  -242.49     0.00     0.00     0.00     0.00
  64 	 -980.00  -242.49     0.00     0.00     0.00     0.00
   	   20.00     1.00     0.00    90.00
   	   20.00     1.00     0.00    90.00
  65 	 -840.00  -242.49     0.00     0.00     0.00     0.00
  65 	 -840.00  -242.49     0.00     0.00     0.00     0.00
   	   20.00     1.00     0.00    90.00
   	   20.00     1.00     0.00    90.00
  66 	 -700.00  -242.49     0.00     0.00     0.00     0.00
  66 	 -700.00  -242.49     0.00     0.00     0.00     0.00
   	   20.00     1.00     0.00    90.00
   	   20.00     1.00     0.00    90.00
  67 	 -560.00  -242.49     0.00     0.00     0.00     0.00
  67 	 -560.00  -242.49     0.00     0.00     0.00     0.00
   	   20.00     1.00     0.00    90.00
   	   20.00     1.00     0.00    90.00
  68 	 -420.00  -242.49     0.00     0.00     0.00     0.00
  68 	 -420.00  -242.49     0.00     0.00     0.00     0.00
   	   20.00     1.00     0.00    90.00
   	   20.00     1.00     0.00    90.00
  69 	 -280.00  -242.49     0.00     0.00     0.00     0.00
  69 	 -280.00  -242.49     0.00     0.00     0.00     0.00
   	   20.00     1.00     0.00    90.00
   	   20.00     1.00     0.00    90.00
  70 	 -140.00  -242.49     0.00     0.00     0.00     0.00
  70 	 -140.00  -242.49     0.00     0.00     0.00     0.00
   	   20.00     1.00     0.00    90.00
   	   20.00     1.00     0.00    90.00
  71 	    0.00  -242.49     0.00     0.00     0.00     0.00
  71 	    0.00  -242.49     0.00     0.00     0.00     0.00
   	   20.00     1.00     0.00    90.00
   	   20.00     1.00     0.00    90.00
  72 	  140.00  -242.49     0.00     0.00     0.00     0.00
  72 	  140.00  -242.49     0.00     0.00     0.00     0.00
   	   20.00     1.00     0.00    90.00
   	   20.00     1.00     0.00    90.00
  73 	  280.00  -242.49     0.00     0.00     0.00     0.00
  73 	  280.00  -242.49     0.00     0.00     0.00     0.00
   	   20.00     1.00     0.00    90.00
   	   20.00     1.00     0.00    90.00
  74 	  420.00  -242.49     0.00     0.00     0.00     0.00
  74 	  420.00  -242.49     0.00     0.00     0.00     0.00
   	   20.00     1.00     0.00    90.00
   	   20.00     1.00     0.00    90.00
  75 	  560.00  -242.49     0.00     0.00     0.00     0.00
  75 	  560.00  -242.49     0.00     0.00     0.00     0.00
   	   20.00     1.00     0.00    90.00
   	   20.00     1.00     0.00    90.00
  76 	  700.00  -242.49     0.00     0.00     0.00     0.00
  76 	  700.00  -242.49     0.00     0.00     0.00     0.00
   	   20.00     1.00     0.00    90.00
   	   20.00     1.00     0.00    90.00
  77 	  840.00  -242.49     0.00     0.00     0.00     0.00
  77 	  840.00  -242.49     0.00     0.00     0.00     0.00
   	   20.00     1.00     0.00    90.00
   	   20.00     1.00     0.00    90.00
  78 	  980.00  -242.49     0.00     0.00     0.00     0.00
  78 	  980.00  -242.49     0.00     0.00     0.00     0.00
   	   20.00     1.00     0.00    90.00
   	   20.00     1.00     0.00    90.00
  79 	 1120.00  -242.49     0.00     0.00     0.00     0.00
  79 	 1120.00  -242.49     0.00     0.00     0.00     0.00
   	   20.00     1.00     0.00    90.00
   	   20.00     1.00     0.00    90.00
  80 	 1260.00  -242.49     0.00     0.00     0.00     0.00
  80 	 1260.00  -242.49     0.00     0.00     0.00     0.00
   	   20.00     1.00     0.00    90.00
   	   20.00     1.00     0.00    90.00
  81 	 1400.00  -242.49     0.00     0.00     0.00     0.00
  81 	 1400.00  -242.49     0.00     0.00     0.00     0.00
   	   20.00     1.00     0.00    90.00
   	   20.00     1.00     0.00    90.00
  82 	-1190.00  -121.24     0.00     0.00     0.00     0.00
  82 	-1190.00  -121.24     0.00     0.00     0.00     0.00
   	   20.00     1.00     0.00    90.00
   	   20.00     1.00     0.00    90.00
  83 	-1050.00  -121.24     0.00     0.00     0.00     0.00
  83 	-1050.00  -121.24     0.00     0.00     0.00     0.00
   	   20.00     1.00     0.00    90.00
   	   20.00     1.00     0.00    90.00
  84 	 -910.00  -121.24     0.00     0.00     0.00     0.00
  84 	 -910.00  -121.24     0.00     0.00     0.00     0.00
   	   20.00     1.00     0.00    90.00
   	   20.00     1.00     0.00    90.00
  85 	 -770.00  -121.24     0.00     0.00     0.00     0.00
  85 	 -770.00  -121.24     0.00     0.00     0.00     0.00
   	   20.00     1.00     0.00    90.00
   	   20.00     1.00     0.00    90.00
  86 	 -630.00  -121.24     0.00     0.00     0.00     0.00
  86 	 -630.00  -121.24     0.00     0.00     0.00     0.00
   	   20.00     1.00     0.00    90.00
   	   20.00     1.00     0.00    90.00
  87 	 -490.00  -121.24     0.00     0.00     0.00     0.00
  87 	 -490.00  -121.24     0.00     0.00     0.00     0.00
   	   20.00     1.00     0.00    90.00
   	   20.00     1.00     0.00    90.00
  88 	 -350.00  -121.24     0.00     0.00     0.00     0.00
  88 	 -350.00  -121.24     0.00     0.00     0.00     0.00
   	   20.00     1.00     0.00    90.00
   	   20.00     1.00     0.00    90.00
  89 	 -210.00  -121.24     0.00     0.00     0.00     0.00
  89 	 -210.00  -121.24     0.00     0.00     0.00     0.00
   	   20.00     1.00     0.00    90.00
   	   20.00     1.00     0.00    90.00
  90 	  -70.00  -121.24     0.00     0.00     0.00     0.00
  90 	  -70.00  -121.24     0.00     0.00     0.00     0.00
   	   20.00     1.00     0.00    90.00
   	   20.00     1.00     0.00    90.00
  91 	   70.00  -121.24     0.00     0.00     0.00     0.00
  91 	   70.00  -121.24     0.00     0.00     0.00     0.00
   	   20.00     1.00     0.00    90.00
   	   20.00     1.00     0.00    90.00
  92 	  210.00  -121.24     0.00     0.00     0.00     0.00
  92 	  210.00  -121.24     0.00     0.00     0.00     0.00
   	   20.00     1.00     0.00    90.00
   	   20.00     1.00     0.00    90.00
  93 	  350.00  -121.24     0.00     0.00     0.00     0.00
  93 	  350.00  -121.24     0.00     0.00     0.00     0.00
   	   20.00     1.00     0.00    90.00
   	   20.00     1.00     0.00    90.00
  94 	  490.00  -121.24     0.00     0.00     0.00     0.00
  94 	  490.00  -121.24     0.00     0.00     0.00     0.00
   	   20.00     1.00     0.00    90.00
   	   20.00     1.00     0.00    90.00
  95 	  630.00  -121.24     0.00     0.00     0.00     0.00
  95 	  630.00  -121.24     0.00     0.00     0.00     0.00
   	   20.00     1.00     0.00    90.00
   	   20.00     1.00     0.00    90.00
  96 	  770.00  -121.24     0.00     0.00     0.00     0.00
  96 	  770.00  -121.24     0.00     0.00     0.00     0.00
   	   20.00     1.00     0.00    90.00
   	   20.00     1.00     0.00    90.00
  97 	  910.00  -121.24     0.00     0.00     0.00     0.00
  97 	  910.00  -121.24     0.00     0.00     0.00     0.00
   	   20.00     1.00     0.00    90.00
   	   20.00     1.00     0.00    90.00
  98 	 1050.00  -121.24     0.00     0.00     0.00     0.00
  98 	 1050.00  -121.24     0.00     0.00     0.00     0.00
   	   20.00     1.00     0.00    90.00
   	   20.00     1.00     0.00    90.00
  99 	 1190.00  -121.24     0.00     0.00     0.00     0.00
  99 	 1190.00  -121.24     0.00     0.00     0.00     0.00
   	   20.00     1.00     0.00    90.00
   	   20.00     1.00     0.00    90.00
 100 	 1330.00  -121.24     0.00     0.00     0.00     0.00
 100 	 1330.00  -121.24     0.00     0.00     0.00     0.00
   	   20.00     1.00     0.00    90.00
   	   20.00     1.00     0.00    90.00
 101 	 1470.00  -121.24     0.00     0.00     0.00     0.00
 101 	 1470.00  -121.24     0.00     0.00     0.00     0.00
   	   20.00     1.00     0.00    90.00
   	   20.00     1.00     0.00    90.00
 102 	-1120.00     0.00     0.00     0.00     0.00     0.00
 102 	-1120.00     0.00     0.00     0.00     0.00     0.00
   	   20.00     1.00     0.00    90.00
   	   20.00     1.00     0.00    90.00
 103 	 -980.00     0.00     0.00     0.00     0.00     0.00
 103 	 -980.00     0.00     0.00     0.00     0.00     0.00
   	   20.00     1.00     0.00    90.00
   	   20.00     1.00     0.00    90.00
 104 	 -840.00     0.00     0.00     0.00     0.00     0.00
 104 	 -840.00     0.00     0.00     0.00     0.00     0.00
   	   20.00     1.00     0.00    90.00
   	   20.00     1.00     0.00    90.00
 105 	 -700.00     0.00     0.00     0.00     0.00     0.00
 105 	 -700.00     0.00     0.00     0.00     0.00     0.00
   	   20.00     1.00     0.00    90.00
   	   20.00     1.00     0.00    90.00
 106 	 -560.00     0.00     0.00     0.00     0.00     0.00
 106 	 -560.00     0.00     0.00     0.00     0.00     0.00
   	   20.00     1.00     0.00    90.00
   	   20.00     1.00     0.00    90.00
 107 	 -420.00     0.00     0.00     0.00     0.00     0.00
 107 	 -420.00     0.00     0.00     0.00     0.00     0.00
   	   20.00     1.00     0.00    90.00
   	   20.00     1.00     0.00    90.00
 108 	 -280.00     0.00     0.00     0.00     0.00     0.00
 108 	 -280.00     0.00     0.00     0.00     0.00     0.00
   	   20.00     1.00     0.00    90.00
   	   20.00     1.00     0.00    90.00
 109 	 -140.00     0.00     0.00     0.00     0.00     0.00
 109 	 -140.00     0.00     0.00     0.00     0.00     0.00
   	   20.00     1.00     0.00    90.00
   	   20.00     1.00     0.00    90.00
 110 	    0.00     0.00     0.00     0.00     0.00     0.00
 110 	    0.00     0.00     0.00     0.00     0.00     0.00
   	   20.00     1.00     0.00    90.00
   	   20.00     1.00     0.00    90.00
 111 	  140.00     0.00     0.00     0.00     0.00     0.00
 111 	  140.00     0.00     0.00     0.00     0.00     0.00
   	   20.00     1.00     0.00    90.00
   	   20.00     1.00     0.00    90.00
 112 	  280.00     0.00     0.00     0.00     0.00     0.00
 112 	  280.00     0.00     0.00     0.00     0.00     0.00
   	   20.00     1.00     0.00    90.00
   	   20.00     1.00     0.00    90.00
 113 	  420.00     0.00     0.00     0.00     0.00     0.00
 113 	  420.00     0.00     0.00     0.00     0.00     0.00
   	   20.00     1.00     0.00    90.00
   	   20.00     1.00     0.00    90.00
 114 	  560.00     0.00     0.00     0.00     0.00     0.00
 114 	  560.00     0.00     0.00     0.00     0.00     0.00
   	   20.00     1.00     0.00    90.00
   	   20.00     1.00     0.00    90.00
 115 	  700.00     0.00     0.00     0.00     0.00     0.00
 115 	  700.00     0.00     0.00     0.00     0.00     0.00
   	   20.00     1.00     0.00    90.00
   	   20.00     1.00     0.00    90.00
 116 	  840.00     0.00     0.00     0.00     0.00     0.00
 116 	  840.00     0.00     0.00     0.00     0.00     0.00
   	   20.00     1.00     0.00    90.00
   	   20.00     1.00     0.00    90.00
 117 	  980.00     0.00     0.00     0.00     0.00     0.00
 117 	  980.00     0.00     0.00     0.00     0.00     0.00
   	   20.00     1.00     0.00    90.00
   	   20.00     1.00     0.00    90.00
 118 	 1120.00     0.00     0.00     0.00     0.00     0.00
 118 	 1120.00     0.00     0.00     0.00     0.00     0.00
   	   20.00     1.00     0.00    90.00
   	   20.00     1.00     0.00    90.00
 119 	 1260.00     0.00     0.00     0.00     0.00     0.00
 119 	 1260.00     0.00     0.00     0.00     0.00     0.00
   	   20.00     1.00     0.00    90.00
   	   20.00     1.00     0.00    90.00
 120 	 1400.00     0.00     0.00     0.00     0.00     0.00
 120 	 1400.00     0.00     0.00     0.00     0.00     0.00
   	   20.00     1.00     0.00    90.00
   	   20.00     1.00     0.00    90.00
 121 	 1540.00     0.00     0.00     0.00     0.00     0.00
 121 	 1540.00     0.00     0.00     0.00     0.00     0.00
   	   20.00     1.00     0.00    90.00
   	   20.00     1.00     0.00    90.00
 122 	-1050.00   121.24     0.00     0.00     0.00     0.00
 122 	-1050.00   121.24     0.00     0.00     0.00     0.00
   	   20.00     1.00     0.00    90.00
   	   20.00     1.00     0.00    90.00
 123 	 -910.00   121.24     0.00     0.00     0.00     0.00
 123 	 -910.00   121.24     0.00     0.00     0.00     0.00
   	   20.00     1.00     0.00    90.00
   	   20.00     1.00     0.00    90.00
 124 	 -770.00   121.24     0.00     0.00     0.00     0.00
 124 	 -770.00   121.24     0.00     0.00     0.00     0.00
   	   20.00     1.00     0.00    90.00
   	   20.00     1.00     0.00    90.00
 125 	 -630.00   121.24     0.00     0.00     0.00     0.00
 125 	 -630.00   121.24     0.00     0.00     0.00     0.00
   	   20.00     1.00     0.00    90.00
   	   20.00     1.00     0.00    90.00
 126 	 -490.00   121.24     0.00     0.00     0.00     0.00
 126 	 -490.00   121.24     0.00     0.00     0.00     0.00
   	   20.00     1.00     0.00    90.00
   	   20.00     1.00     0.00    90.00
 127 	 -350.00   121.24     0.00     0.00     0.00     0.00
 127 	 -350.00   121.24     0.00     0.00     0.00     0.00
   	   20.00     1.00     0.00    90.00
   	   20.00     1.00     0.00    90.00
 128 	 -210.00   121.24     0.00     0.00     0.00     0.00
 128 	 -210.00   121.24     0.00     0.00     0.00     0.00
   	   20.00     1.00     0.00    90.00
   	   20.00     1.00     0.00    90.00
 129 	  -70.00   121.24     0.00     0.00     0.00     0.00
 129 	  -70.00   121.24     0.00     0.00     0.00     0.00
   	   20.00     1.00     0.00    90.00
   	   20.00     1.00     0.00    90.00
 130 	   70.00   121.24     0.00     0.00     0.00     0.00
 130 	   70.00   121.24     0.00     0.00     0.00     0.00
   	   20.00     1.00     0.00    90.00
   	   20.00     1.00     0.00    90.00
 131 	  210.00   121.24     0.00     0.00     0.00     0.00
 131 	  210.00   121.24     0.00     0.00     0.00     0.00
   	   20.00     1.00     0.00    90.00
   	   20.00     1.00     0.00    90.00
 132 	  350.00   121.24     0.00     0.00     0.00     0.00
 132 	  350.00   121.24     0.00     0.00     0.00     0.00
   	   20.00     1.00     0.00    90.00
   	   20.00     1.00     0.00    90.00
 133 	  490.00   121.24     0.00     0.00     0.00     0.00
 133 	  490.00   121.24     0.00     0.00     0.00     0.00
   	   20.00     1.00     0.00    90.00
   	   20.00     1.00     0.00    90.00
 134 	  630.00   121.24     0.00     0.00     0.00     0.00
 134 	  630.00   121.24     0.00     0.00     0.00     0.00
   	   20.00     1.00     0.00    90.00
   	   20.00     1.00     0.00    90.00
 135 	  770.00   121.24     0.00     0.00     0.00     0.00
 135 	  770.00   121.24     0.00     0.00     0.00     0.00
   	   20.00     1.00     0.00    90.00
   	   20.00     1.00     0.00    90.00
 136 	  910.00   121.24     0.00     0.00     0.00     0.00
 136 	  910.00   121.24     0.00     0.00     0.00     0.00
   	   20.00     1.00     0.00    90.00
   	   20.00     1.00     0.00    90.00
 137 	 1050.00   121.24     0.00     0.00     0.00     0.00
 137 	 1050.00   121.24     0.00     0.00     0.00     0.00
   	   20.00     1.00     0.00    90.00
   	   20.00     1.00     0.00    90.00
 138 	 1190.00   121.24     0.00     0.00     0.00     0.00
 138 	 1190.00   121.24     0.00     0.00     0.00     0.00
   	   20.00     1.00     0.00    90.00
   	   20.00     1.00     0.00    90.00
 139 	 1330.00   121.24     0.00     0.00     0.00     0.00
 139 	 1330.00   121.24     0.00     0.00     0.00     0.00
   	   20.00     1.00     0.00    90.00
   	   20.00     1.00     0.00    90.00
 140 	 1470.00   121.24     0.00     0.00     0.00     0.00
 140 	 1470.00   121.24     0.00     0.00     0.00     0.00
   	   20.00     1.00     0.00    90.00
   	   20.00     1.00     0.00    90.00
 141 	 1610.00   121.24     0.00     0.00     0.00     0.00
 141 	 1610.00   121.24     0.00     0.00     0.00     0.00
   	   20.00     1.00     0.00    90.00
   	   20.00     1.00     0.00    90.00
 142 	 -980.00   242.49     0.00     0.00     0.00     0.00
 142 	 -980.00   242.49     0.00     0.00     0.00     0.00
   	   20.00     1.00     0.00    90.00
   	   20.00     1.00     0.00    90.00
 143 	 -840.00   242.49     0.00     0.00     0.00     0.00
 143 	 -840.00   242.49     0.00     0.00     0.00     0.00
   	   20.00     1.00     0.00    90.00
   	   20.00     1.00     0.00    90.00
 144 	 -700.00   242.49     0.00     0.00     0.00     0.00
 144 	 -700.00   242.49     0.00     0.00     0.00     0.00
   	   20.00     1.00     0.00    90.00
   	   20.00     1.00     0.00    90.00
 145 	 -560.00   242.49     0.00     0.00     0.00     0.00
 145 	 -560.00   242.49     0.00     0.00     0.00     0.00
   	   20.00     1.00     0.00    90.00
   	   20.00     1.00     0.00    90.00
 146 	 -420.00   242.49     0.00     0.00     0.00     0.00
 146 	 -420.00   242.49     0.00     0.00     0.00     0.00
   	   20.00     1.00     0.00    90.00
   	   20.00     1.00     0.00    90.00
 147 	 -280.00   242.49     0.00     0.00     0.00     0.00
 147 	 -280.00   242.49     0.00     0.00     0.00     0.00
   	   20.00     1.00     0.00    90.00
   	   20.00     1.00     0.00    90.00
 148 	 -140.00   242.49     0.00     0.00     0.00     0.00
 148 	 -140.00   242.49     0.00     0.00     0.00     0.00
   	   20.00     1.00     0.00    90.00
   	   20.00     1.00     0.00    90.00
 149 	   -0.00   242.49     0.00     0.00     0.00     0.00
 149 	   -0.00   242.49     0.00     0.00     0.00     0.00
   	   20.00     1.00     0.00    90.00
   	   20.00     1.00     0.00    90.00
 150 	  140.00   242.49     0.00     0.00     0.00     0.00
 150 	  140.00   242.49     0.00     0.00     0.00     0.00
   	   20.00     1.00     0.00    90.00
   	   20.00     1.00     0.00    90.00
 151 	  280.00   242.49     0.00     0.00     0.00     0.00
 151 	  280.00   242.49     0.00     0.00     0.00     0.00
   	   20.00     1.00     0.00    90.00
   	   20.00     1.00     0.00    90.00
 152 	  420.00   242.49     0.00     0.00     0.00     0.00
 152 	  420.00   242.49     0.00     0.00     0.00     0.00
   	   20.00     1.00     0.00    90.00
   	   20.00     1.00     0.00    90.00
 153 	  560.00   242.49     0.00     0.00     0.00     0.00
 153 	  560.00   242.49     0.00     0.00     0.00     0.00
   	   20.00     1.00     0.00    90.00
   	   20.00     1.00     0.00    90.00
 154 	  700.00   242.49     0.00     0.00     0.00     0.00
 154 	  700.00   242.49     0.00     0.00     0.00     0.00
   	   20.00     1.00     0.00    90.00
   	   20.00     1.00     0.00    90.00
 155 	  840.00   242.49     0.00     0.00     0.00     0.00
 155 	  840.00   242.49     0.00     0.00     0.00     0.00
   	   20.00     1.00     0.00    90.00
   	   20.00     1.00     0.00    90.00
 156 	  980.00   242.49     0.00     0.00     0.00     0.00
 156 	  980.00   242.49     0.00     0.00     0.00     0.00
   	   20.00     1.00     0.00    90.00
   	   20.00     1.00     0.00    90.00
 157 	 1120.00   242.49     0.00     0.00     0.00     0.00
 157 	 1120.00   242.49     0.00     0.00     0.00     0.00
   	   20.00     1.00     0.00    90.00
   	   20.00     1.00     0.00    90.00
 158 	 1260.00   242.49     0.00     0.00     0.00     0.00
 158 	 1260.00   242.49     0.00     0.00     0.00     0.00
   	   20.00     1.00     0.00    90.00
   	   20.00     1.00     0.00    90.00
 159 	 1400.00   242.49     0.00     0.00     0.00     0.00
 159 	 1400.00   242.49     0.00     0.00     0.00     0.00
   	   20.00     1.00     0.00    90.00
   	   20.00     1.00     0.00    90.00
 160 	 1540.00   242.49     0.00     0.00     0.00     0.00
 160 	 1540.00   242.49     0.00     0.00     0.00     0.00
   	   20.00     1.00     0.00    90.00
   	   20.00     1.00     0.00    90.00
 161 	 1680.00   242.49     0.00     0.00     0.00     0.00
 161 	 1680.00   242.49     0.00     0.00     0.00     0.00
   	   20.00     1.00     0.00    90.00
   	   20.00     1.00     0.00    90.00
 162 	 -910.00   363.73     0.00     0.00     0.00     0.00
 162 	 -910.00   363.73     0.00     0.00     0.00     0.00
   	   20.00     1.00     0.00    90.00
   	   20.00     1.00     0.00    90.00
 163 	 -770.00   363.73     0.00     0.00     0.00     0.00
 163 	 -770.00   363.73     0.00     0.00     0.00     0.00
   	   20.00     1.00     0.00    90.00
   	   20.00     1.00     0.00    90.00
 164 	 -630.00   363.73     0.00     0.00     0.00     0.00
 164 	 -630.00   363.73     0.00     0.00     0.00     0.00
   	   20.00     1.00     0.00    90.00
   	   20.00     1.00     0.00    90.00
 165 	 -490.00   363.73     0.00     0.00     0.00     0.00
 165 	 -490.00   363.73     0.00     0.00     0.00     0.00
   	   20.00     1.00     0.00    90.00
   	   20.00     1.00     0.00    90.00
 166 	 -350.00   363.73     0.00     0.00     0.00     0.00
 166 	 -350.00   363.73     0.00     0.00     0.00     0.00
   	   20.00     1.00     0.00    90.00
   	   20.00     1.00     0.00    90.00
 167 	 -210.00   363.73     0.00     0.00     0.00     0.00
 167 	 -210.00   363.73     0.00     0.00     0.00     0.00
   	   20.00     1.00     0.00    90.00
   	   20.00     1.00     0.00    90.00
 168 	  -70.00   363.73     0.00     0.00     0.00     0.00
 168 	  -70.00   363.73     0.00     0.00     0.00     0.00
   	   20.00     1.00     0.00    90.00
   	   20.00     1.00     0.00    90.00
 169 	   70.00   363.73     0.00     0.00     0.00     0.00
 169 	   70.00   363.73     0.00     0.00     0.00     0.00
   	   20.00     1.00     0.00    90.00
   	   20.00     1.00     0.00    90.00
 170 	  210.00   363.73     0.00     0.00     0.00     0.00
 170 	  210.00   363.73     0.00     0.00     0.00     0.00
   	   20.00     1.00     0.00    90.00
   	   20.00     1.00     0.00    90.00
 171 	  350.00   363.73     0.00     0.00     0.00     0.00
 171 	  350.00   363.73     0.00     0.00     0.00     0.00
   	   20.00     1.00     0.00    90.00
   	   20.00     1.00     0.00    90.00
 172 	  490.00   363.73     0.00     0.00     0.00     0.00
 172 	  490.00   363.73     0.00     0.00     0.00     0.00
   	   20.00     1.00     0.00    90.00
   	   20.00     1.00     0.00    90.00
 173 	  630.00   363.73     0.00     0.00     0.00     0.00
 173 	  630.00   363.73     0.00     0.00     0.00     0.00
   	   20.00     1.00     0.00    90.00
   	   20.00     1.00     0.00    90.00
 174 	  770.00   363.73     0.00     0.00     0.00     0.00
 174 	  770.00   363.73     0.00     0.00     0.00     0.00
   	   20.00     1.00     0.00    90.00
   	   20.00     1.00     0.00    90.00
 175 	  910.00   363.73     0.00     0.00     0.00     0.00
 175 	  910.00   363.73     0.00     0.00     0.00     0.00
   	   20.00     1.00     0.00    90.00
   	   20.00     1.00     0.00    90.00
 176 	 1050.00   363.73     0.00     0.00     0.00     0.00
 176 	 1050.00   363.73     0.00     0.00     0.00     0.00
   	   20.00     1.00     0.00    90.00
   	   20.00     1.00     0.00    90.00
 177 	 1190.00   363.73     0.00     0.00     0.00     0.00
 177 	 1190.00   363.73     0.00     0.00     0.00     0.00
   	   20.00     1.00     0.00    90.00
   	   20.00     1.00     0.00    90.00
 178 	 1330.00   363.73     0.00     0.00     0.00     0.00
 178 	 1330.00   363.73     0.00     0.00     0.00     0.00
   	   20.00     1.00     0.00    90.00
   	   20.00     1.00     0.00    90.00
 179 	 1470.00   363.73     0.00     0.00     0.00     0.00
 179 	 1470.00   363.73     0.00     0.00     0.00     0.00
   	   20.00     1.00     0.00    90.00
   	   20.00     1.00     0.00    90.00
 180 	 1610.00   363.73     0.00     0.00     0.00     0.00
 180 	 1610.00   363.73     0.00     0.00     0.00     0.00
   	   20.00     1.00     0.00    90.00
   	   20.00     1.00     0.00    90.00
 181 	 1750.00   363.73     0.00     0.00     0.00     0.00
 181 	 1750.00   363.73     0.00     0.00     0.00     0.00
   	   20.00     1.00     0.00    90.00
   	   20.00     1.00     0.00    90.00
 182 	 -280.00  -242.49     0.00     0.00     0.00     0.00
 182 	 -280.00  -242.49     0.00     0.00     0.00     0.00
   	   20.00     1.00     0.00    90.00
   	   20.00     1.00     0.00    90.00
 183 	 -140.00  -242.49     0.00     0.00     0.00     0.00
 183 	 -140.00  -242.49     0.00     0.00     0.00     0.00
   	   20.00     1.00     0.00    90.00
   	   20.00     1.00     0.00    90.00
 184 	    0.00  -242.49     0.00     0.00     0.00     0.00
 184 	    0.00  -242.49     0.00     0.00     0.00     0.00
   	   20.00     1.00     0.00    90.00
   	   20.00     1.00     0.00    90.00
 185 	  140.00  -242.49     0.00     0.00     0.00     0.00
 185 	  140.00  -242.49     0.00     0.00     0.00     0.00
   	   20.00     1.00     0.00    90.00
   	   20.00     1.00     0.00    90.00
 186 	  280.00  -242.49     0.00     0.00     0.00     0.00
 186 	  280.00  -242.49     0.00     0.00     0.00     0.00
   	   20.00     1.00     0.00    90.00
   	   20.00     1.00     0.00    90.00
 187 	 -210.00  -121.24     0.00     0.00     0.00     0.00
 187 	 -210.00  -121.24     0.00     0.00     0.00     0.00
   	   20.00     1.00     0.00    90.00
   	   20.00     1.00     0.00    90.00
 188 	  -70.00  -121.24     0.00     0.00     0.00     0.00
 188 	  -70.00  -121.24     0.00     0.00     0.00     0.00
   	   20.00     1.00     0.00    90.00
   	   20.00     1.00     0.00    90.00
 189 	   70.00  -121.24     0.00     0.00     0.00     0.00
 189 	   70.00  -121.24     0.00     0.00     0.00     0.00
   	   20.00     1.00     0.00    90.00
   	   20.00     1.00     0.00    90.00
 190 	  210.00  -121.24     0.00     0.00     0.00     0.00
 190 	  210.00  -121.24     0.00     0.00     0.00     0.00
   	   20.00     1.00     0.00    90.00
   	   20.00     1.00     0.00    90.00
 191 	  350.00  -121.24     0.00     0.00     0.00     0.00
 191 	  350.00  -121.24     0.00     0.00     0.00     0.00
   	   20.00     1.00     0.00    90.00
   	   20.00     1.00     0.00    90.00
 192 	 -140.00     0.00     0.00     0.00     0.00     0.00
 192 	 -140.00     0.00     0.00     0.00     0.00     0.00
   	   20.00     1.00     0.00    90.00
   	   20.00     1.00     0.00    90.00
 193 	    0.00     0.00     0.00     0.00     0.00     0.00
 193 	    0.00     0.00     0.00     0.00     0.00     0.00
   	   20.00     1.00     0.00    90.00
   	   20.00     1.00     0.00    90.00
 194 	  140.00     0.00     0.00     0.00     0.00     0.00
 194 	  140.00     0.00     0.00     0.00     0.00     0.00
   	   20.00     1.00     0.00    90.00
   	   20.00     1.00     0.00    90.00
 195 	  280.00     0.00     0.00     0.00     0.00     0.00
 195 	  280.00     0.00     0.00     0.00     0.00     0.00
   	   20.00     1.00     0.00    90.00
   	   20.00     1.00     0.00    90.00
 196 	  420.00     0.00     0.00     0.00     0.00     0.00
 196 	  420.00     0.00     0.00     0.00     0.00     0.00
   	   20.00     1.00     0.00    90.00
   	   20.00     1.00     0.00    90.00
 197 	  -70.00   121.24     0.00     0.00     0.00     0.00
 197 	  -70.00   121.24     0.00     0.00     0.00     0.00
   	   20.00     1.00     0.00    90.00
   	   20.00     1.00     0.00    90.00
 198 	   70.00   121.24     0.00     0.00     0.00     0.00
 198 	   70.00   121.24     0.00     0.00     0.00     0.00
   	   20.00     1.00     0.00    90.00
   	   20.00     1.00     0.00    90.00
 199 	  210.00   121.24     0.00     0.00     0.00     0.00
 199 	  210.00   121.24     0.00     0.00     0.00     0.00
   	   20.00     1.00     0.00    90.00
   	   20.00     1.00     0.00    90.00
 200 	  350.00   121.24     0.00     0.00     0.00     0.00
 200 	  350.00   121.24     0.00     0.00     0.00     0.00
   	   20.00     1.00     0.00    90.00
   	   20.00     1.00     0.00    90.00
 201 	  490.00   121.24     0.00     0.00     0.00     0.00
 201 	  490.00   121.24     0.00     0.00     0.00     0.00
   	   20.00     1.00     0.00    90.00
   	   20.00     1.00     0.00    90.00
 202 	   -0.00   242.49     0.00     0.00     0.00     0.00
 202 	   -0.00   242.49     0.00     0.00     0.00     0.00
   	   20.00     1.00     0.00    90.00
   	   20.00     1.00     0.00    90.00
 203 	  140.00   242.49     0.00     0.00     0.00     0.00
 203 	  140.00   242.49     0.00     0.00     0.00     0.00
   	   20.00     1.00     0.00    90.00
   	   20.00     1.00     0.00    90.00
 204 	  280.00   242.49     0.00     0.00     0.00     0.00
 204 	  280.00   242.49     0.00     0.00     0.00     0.00
   	   20.00     1.00     0.00    90.00
   	   20.00     1.00     0.00    90.00
 205 	  420.00   242.49     0.00     0.00     0.00     0.00
 205 	  420.00   242.49     0.00     0.00     0.00     0.00
   	   20.00     1.00     0.00    90.00
   	   20.00     1.00     0.00    90.00
 206 	  560.00   242.49     0.00     0.00     0.00     0.00
 206 	  560.00   242.49     0.00     0.00     0.00     0.00
   	   20.00     1.00     0.00    90.00
   	   20.00     1.00     0.00    90.00
 207 	   70.00   363.73     0.00     0.00     0.00     0.00
 207 	   70.00   363.73     0.00     0.00     0.00     0.00
   	   20.00     1.00     0.00    90.00
   	   20.00     1.00     0.00    90.00
 208 	  210.00   363.73     0.00     0.00     0.00     0.00
 208 	  210.00   363.73     0.00     0.00     0.00     0.00
   	   20.00     1.00     0.00    90.00
   	   20.00     1.00     0.00    90.00
 209 	  350.00   363.73     0.00     0.00     0.00     0.00
 209 	  350.00   363.73     0.00     0.00     0.00     0.00
   	   20.00     1.00     0.00    90.00
   	   20.00     1.00     0.00    90.00
 210 	  490.00   363.73     0.00     0.00     0.00     0.00
 210 	  490.00   363.73     0.00     0.00     0.00     0.00
   	   20.00     1.00     0.00    90.00
   	   20.00     1.00     0.00    90.00
 211 	  630.00   363.73     0.00     0.00     0.00     0.00
 211 	  630.00   363.73     0.00     0.00     0.00     0.00
   	   20.00     1.00     0.00    90.00
   	   20.00     1.00     0.00    90.00
 212 	  140.00   484.97     0.00     0.00     0.00     0.00
 212 	  140.00   484.97     0.00     0.00     0.00     0.00
   	   20.00     1.00     0.00    90.00
   	   20.00     1.00     0.00    90.00
 213 	  280.00   484.97     0.00     0.00     0.00     0.00
 213 	  280.00   484.97     0.00     0.00     0.00     0.00
   	   20.00     1.00     0.00    90.00
   	   20.00     1.00     0.00    90.00
 214 	  420.00   484.97     0.00     0.00     0.00     0.00
 214 	  420.00   484.97     0.00     0.00     0.00     0.00
   	   20.00     1.00     0.00    90.00
   	   20.00     1.00     0.00    90.00
 215 	  560.00   484.97     0.00     0.00     0.00     0.00
 215 	  560.00   484.97     0.00     0.00     0.00     0.00
   	   20.00     1.00     0.00    90.00
   	   20.00     1.00     0.00    90.00
 216 	  700.00   484.97     0.00     0.00     0.00     0.00
 216 	  700.00   484.97     0.00     0.00     0.00     0.00
   	   20.00     1.00     0.00    90.00
   	   20.00     1.00     0.00    90.00
 217 	  210.00   606.22     0.00     0.00     0.00     0.00
 217 	  210.00   606.22     0.00     0.00     0.00     0.00
   	   20.00     1.00     0.00    90.00
   	   20.00     1.00     0.00    90.00
 218 	  350.00   606.22     0.00     0.00     0.00     0.00
 218 	  350.00   606.22     0.00     0.00     0.00     0.00
   	   20.00     1.00     0.00    90.00
   	   20.00     1.00     0.00    90.00
 219 	  490.00   606.22     0.00     0.00     0.00     0.00
 219 	  490.00   606.22     0.00     0.00     0.00     0.00
   	   20.00     1.00     0.00    90.00
   	   20.00     1.00     0.00    90.00
 220 	  630.00   606.22     0.00     0.00     0.00     0.00
 220 	  630.00   606.22     0.00     0.00     0.00     0.00
   	   20.00     1.00     0.00    90.00
   	   20.00     1.00     0.00    90.00
 221 	  770.00   606.22     0.00     0.00     0.00     0.00
 221 	  770.00   606.22     0.00     0.00     0.00     0.00
   	   20.00     1.00     0.00    90.00
   	   20.00     1.00     0.00    90.00
 222 	  280.00   727.46     0.00     0.00     0.00     0.00
 222 	  280.00   727.46     0.00     0.00     0.00     0.00
   	   20.00     1.00     0.00    90.00
   	   20.00     1.00     0.00    90.00
 223 	  420.00   727.46     0.00     0.00     0.00     0.00
 223 	  420.00   727.46     0.00     0.00     0.00     0.00
   	   20.00     1.00     0.00    90.00
   	   20.00     1.00     0.00    90.00
 224 	  560.00   727.46     0.00     0.00     0.00     0.00
 224 	  560.00   727.46     0.00     0.00     0.00     0.00
   	   20.00     1.00     0.00    90.00
   	   20.00     1.00     0.00    90.00
 225 	  700.00   727.46     0.00     0.00     0.00     0.00
 225 	  700.00   727.46     0.00     0.00     0.00     0.00
   	   20.00     1.00     0.00    90.00
   	   20.00     1.00     0.00    90.00
 226 	  840.00   727.46     0.00     0.00     0.00     0.00
 226 	  840.00   727.46     0.00     0.00     0.00     0.00
   	   20.00     1.00     0.00    90.00
   	   20.00     1.00     0.00    90.00
 227 	  350.00   848.70     0.00     0.00     0.00     0.00
 227 	  350.00   848.70     0.00     0.00     0.00     0.00
   	   20.00     1.00     0.00    90.00
   	   20.00     1.00     0.00    90.00
 228 	  490.00   848.70     0.00     0.00     0.00     0.00
 228 	  490.00   848.70     0.00     0.00     0.00     0.00
   	   20.00     1.00     0.00    90.00
   	   20.00     1.00     0.00    90.00
 229 	  630.00   848.70     0.00     0.00     0.00     0.00
 229 	  630.00   848.70     0.00     0.00     0.00     0.00
   	   20.00     1.00     0.00    90.00
   	   20.00     1.00     0.00    90.00
 230 	  770.00   848.70     0.00     0.00     0.00     0.00
 230 	  770.00   848.70     0.00     0.00     0.00     0.00
   	   20.00     1.00     0.00    90.00
   	   20.00     1.00     0.00    90.00
 231 	  910.00   848.70     0.00     0.00     0.00     0.00
 231 	  910.00   848.70     0.00     0.00     0.00     0.00
   	   20.00     1.00     0.00    90.00
   	   20.00     1.00     0.00    90.00
 232 	  420.00   969.95     0.00     0.00     0.00     0.00
 232 	  420.00   969.95     0.00     0.00     0.00     0.00
   	   20.00     1.00     0.00    90.00
   	   20.00     1.00     0.00    90.00
 233 	  560.00   969.95     0.00     0.00     0.00     0.00
 233 	  560.00   969.95     0.00     0.00     0.00     0.00
   	   20.00     1.00     0.00    90.00
   	   20.00     1.00     0.00    90.00
 234 	  700.00   969.95     0.00     0.00     0.00     0.00
 234 	  700.00   969.95     0.00     0.00     0.00     0.00
   	   20.00     1.00     0.00    90.00
   	   20.00     1.00     0.00    90.00
 235 	  840.00   969.95     0.00     0.00     0.00     0.00
 235 	  840.00   969.95     0.00     0.00     0.00     0.00
   	   20.00     1.00     0.00    90.00
   	   20.00     1.00     0.00    90.00
 236 	  980.00   969.95     0.00     0.00     0.00     0.00
 236 	  980.00   969.95     0.00     0.00     0.00     0.00
   	   20.00     1.00     0.00    90.00
   	   20.00     1.00     0.00    90.00

** End writing output file: ../inputs/gr697.dat 
