*******************************************************************************
                         ARRAY PREPROCESSOR ver. 1.0
*******************************************************************************



   1	GROUP testgroup
   3	 GRID RECTANGULAR PSTEP 69 QSTEP 68 mm
   4	 ELEMENT
   5	 GEOMETRY CIRCULAR 72
   7	 ADD BLOCK -2 1 7 6
   9	 GROUP_EXCITATION
  10	 AMPLITUDE UNIFORM 20
  11	 PHASE UNIFORM -168
  12	 END

** WARNING B2: GRID step(s) too small for specified element in GROUP: testgroup
** Generating GROUP: testgroup.
** PSTEP,QSTEP set to:69.000000,68.000000
** Grid ANGLE set to:90.000000 
** Group ROT_ANGLE set to: 0.000000 

** Writing output file: ../inputs/gr699.dat

NEL 
NPORTS
IDUM      REXA     REYA     REZA     THEA     PHEA     PSEA 
          AMP      PSH      PSC      PHEPOL
  60
  60
   1
   1
   1 	 -138.00    68.00     0.00     0.00     0.00     0.00
   1 	 -138.00    68.00     0.00     0.00     0.00     0.00
   	   20.00  -168.00     0.00    90.00
   	   20.00  -168.00     0.00    90.00
   2 	  -69.00    68.00     0.00     0.00     0.00     0.00
   2 	  -69.00    68.00     0.00     0.00     0.00     0.00
   	   20.00  -168.00     0.00    90.00
   	   20.00  -168.00     0.00    90.00
   3 	   -0.00    68.00     0.00     0.00     0.00     0.00
   3 	   -0.00    68.00     0.00     0.00     0.00     0.00
   	   20.00  -168.00     0.00    90.00
   	   20.00  -168.00     0.00    90.00
   4 	   69.00    68.00     0.00     0.00     0.00     0.00
   4 	   69.00    68.00     0.00     0.00     0.00     0.00
   	   20.00  -168.00     0.00    90.00
   	   20.00  -168.00     0.00    90.00
   5 	  138.00    68.00     0.00     0.00     0.00     0.00
   5 	  138.00    68.00     0.00     0.00     0.00     0.00
   	   20.00  -168.00     0.00    90.00
   	   20.00  -168.00     0.00    90.00
   6 	  207.00    68.00     0.00     0.00     0.00     0.00
   6 	  207.00    68.00     0.00     0.00     0.00     0.00
   	   20.00  -168.00     0.00    90.00
   	   20.00  -168.00     0.00    90.00
   7 	  276.00    68.00     0.00     0.00     0.00     0.00
   7 	  276.00    68.00     0.00     0.00     0.00     0.00
   	   20.00  -168.00     0.00    90.00
   	   20.00  -168.00     0.00    90.00
   8 	  345.00    68.00     0.00     0.00     0.00     0.00
   8 	  345.00    68.00     0.00     0.00     0.00     0.00
   	   20.00  -168.00     0.00    90.00
   	   20.00  -168.00     0.00    90.00
   9 	  414.00    68.00     0.00     0.00     0.00     0.00
   9 	  414.00    68.00     0.00     0.00     0.00     0.00
   	   20.00  -168.00     0.00    90.00
   	   20.00  -168.00     0.00    90.00
  10 	  483.00    68.00     0.00     0.00     0.00     0.00
  10 	  483.00    68.00     0.00     0.00     0.00     0.00
   	   20.00  -168.00     0.00    90.00
   	   20.00  -168.00     0.00    90.00
  11 	 -138.00   136.00     0.00     0.00     0.00     0.00
  11 	 -138.00   136.00     0.00     0.00     0.00     0.00
   	   20.00  -168.00     0.00    90.00
   	   20.00  -168.00     0.00    90.00
  12 	  -69.00   136.00     0.00     0.00     0.00     0.00
  12 	  -69.00   136.00     0.00     0.00     0.00     0.00
   	   20.00  -168.00     0.00    90.00
   	   20.00  -168.00     0.00    90.00
  13 	   -0.00   136.00     0.00     0.00     0.00     0.00
  13 	   -0.00   136.00     0.00     0.00     0.00     0.00
   	   20.00  -168.00     0.00    90.00
   	   20.00  -168.00     0.00    90.00
  14 	   69.00   136.00     0.00     0.00     0.00     0.00
  14 	   69.00   136.00     0.00     0.00     0.00     0.00
   	   20.00  -168.00     0.00    90.00
   	   20.00  -168.00     0.00    90.00
  15 	  138.00   136.00     0.00     0.00     0.00     0.00
  15 	  138.00   136.00     0.00     0.00     0.00     0.00
   	   20.00  -168.00     0.00    90.00
   	   20.00  -168.00     0.00    90.00
  16 	  207.00   136.00     0.00     0.00     0.00     0.00
  16 	  207.00   136.00     0.00     0.00     0.00     0.00
   	   20.00  -168.00     0.00    90.00
   	   20.00  -168.00     0.00    90.00
  17 	  276.00   136.00     0.00     0.00     0.00     0.00
  17 	  276.00   136.00     0.00     0.00     0.00     0.00
   	   20.00  -168.00     0.00    90.00
   	   20.00  -168.00     0.00    90.00
  18 	  345.00   136.00     0.00     0.00     0.00     0.00
  18 	  345.00   136.00     0.00     0.00     0.00     0.00
   	   20.00  -168.00     0.00    90.00
   	   20.00  -168.00     0.00    90.00
  19 	  414.00   136.00     0.00     0.00     0.00     0.00
  19 	  414.00   136.00     0.00     0.00     0.00     0.00
   	   20.00  -168.00     0.00    90.00
   	   20.00  -168.00     0.00    90.00
  20 	  483.00   136.00     0.00     0.00     0.00     0.00
  20 	  483.00   136.00     0.00     0.00     0.00     0.00
   	   20.00  -168.00     0.00    90.00
   	   20.00  -168.00     0.00    90.00
  21 	 -138.00   204.00     0.00     0.00     0.00     0.00
  21 	 -138.00   204.00     0.00     0.00     0.00     0.00
   	   20.00  -168.00     0.00    90.00
   	   20.00  -168.00     0.00    90.00
  22 	  -69.00   204.00     0.00     0.00     0.00     0.00
  22 	  -69.00   204.00     0.00     0.00     0.00     0.00
   	   20.00  -168.00     0.00    90.00
   	   20.00  -168.00     0.00    90.00
  23 	   -0.00   204.00     0.00     0.00     0.00     0.00
  23 	   -0.00   204.00     0.00     0.00     0.00     0.00
   	   20.00  -168.00     0.00    90.00
   	   20.00  -168.00     0.00    90.00
  24 	   69.00   204.00     0.00     0.00     0.00     0.00
  24 	   69.00   204.00     0.00     0.00     0.00     0.00
   	   20.00  -168.00     0.00    90.00
   	   20.00  -168.00     0.00    90.00
  25 	  138.00   204.00     0.00     0.00     0.00     0.00
  25 	  138.00   204.00     0.00     0.00     0.00     0.00
   	   20.00  -168.00     0.00    90.00
   	   20.00  -168.00     0.00    90.00
  26 	  207.00   204.00     0.00     0.00     0.00     0.00
  26 	  207.00   204.00     0.00     0.00     0.00     0.00
   	   20.00  -168.00     0.00    90.00
   	   20.00  -168.00     0.00    90.00
  27 	  276.00   204.00     0.00     0.00     0.00     0.00
  27 	  276.00   204.00     0.00     0.00     0.00     0.00
   	   20.00  -168.00     0.00    90.00
   	   20.00  -168.00     0.00    90.00
  28 	  345.00   204.00     0.00     0.00     0.00     0.00
  28 	  345.00   204.00     0.00     0.00     0.00     0.00
   	   20.00  -168.00     0.00    90.00
   	   20.00  -168.00     0.00    90.00
  29 	  414.00   204.00     0.00     0.00     0.00     0.00
  29 	  414.00   204.00     0.00     0.00     0.00     0.00
   	   20.00  -168.00     0.00    90.00
   	   20.00  -168.00     0.00    90.00
  30 	  483.00   204.00     0.00     0.00     0.00     0.00
  30 	  483.00   204.00     0.00     0.00     0.00     0.00
   	   20.00  -168.00     0.00    90.00
   	   20.00  -168.00     0.00    90.00
  31 	 -138.00   272.00     0.00     0.00     0.00     0.00
  31 	 -138.00   272.00     0.00     0.00     0.00     0.00
   	   20.00  -168.00     0.00    90.00
   	   20.00  -168.00     0.00    90.00
  32 	  -69.00   272.00     0.00     0.00     0.00     0.00
  32 	  -69.00   272.00     0.00     0.00     0.00     0.00
   	   20.00  -168.00     0.00    90.00
   	   20.00  -168.00     0.00    90.00
  33 	   -0.00   272.00     0.00     0.00     0.00     0.00
  33 	   -0.00   272.00     0.00     0.00     0.00     0.00
   	   20.00  -168.00     0.00    90.00
   	   20.00  -168.00     0.00    90.00
  34 	   69.00   272.00     0.00     0.00     0.00     0.00
  34 	   69.00   272.00     0.00     0.00     0.00     0.00
   	   20.00  -168.00     0.00    90.00
   	   20.00  -168.00     0.00    90.00
  35 	  138.00   272.00     0.00     0.00     0.00     0.00
  35 	  138.00   272.00     0.00     0.00     0.00     0.00
   	   20.00  -168.00     0.00    90.00
   	   20.00  -168.00     0.00    90.00
  36 	  207.00   272.00     0.00     0.00     0.00     0.00
  36 	  207.00   272.00     0.00     0.00     0.00     0.00
   	   20.00  -168.00     0.00    90.00
   	   20.00  -168.00     0.00    90.00
  37 	  276.00   272.00     0.00     0.00     0.00     0.00
  37 	  276.00   272.00     0.00     0.00     0.00     0.00
   	   20.00  -168.00     0.00    90.00
   	   20.00  -168.00     0.00    90.00
  38 	  345.00   272.00     0.00     0.00     0.00     0.00
  38 	  345.00   272.00     0.00     0.00     0.00     0.00
   	   20.00  -168.00     0.00    90.00
   	   20.00  -168.00     0.00    90.00
  39 	  414.00   272.00     0.00     0.00     0.00     0.00
  39 	  414.00   272.00     0.00     0.00     0.00     0.00
   	   20.00  -168.00     0.00    90.00
   	   20.00  -168.00     0.00    90.00
  40 	  483.00   272.00     0.00     0.00     0.00     0.00
  40 	  483.00   272.00     0.00     0.00     0.00     0.00
   	   20.00  -168.00     0.00    90.00
   	   20.00  -168.00     0.00    90.00
  41 	 -138.00   340.00     0.00     0.00     0.00     0.00
  41 	 -138.00   340.00     0.00     0.00     0.00     0.00
   	   20.00  -168.00     0.00    90.00
   	   20.00  -168.00     0.00    90.00
  42 	  -69.00   340.00     0.00     0.00     0.00     0.00
  42 	  -69.00   340.00     0.00     0.00     0.00     0.00
   	   20.00  -168.00     0.00    90.00
   	   20.00  -168.00     0.00    90.00
  43 	   -0.00   340.00     0.00     0.00     0.00     0.00
  43 	   -0.00   340.00     0.00     0.00     0.00     0.00
   	   20.00  -168.00     0.00    90.00
   	   20.00  -168.00     0.00    90.00
  44 	   69.00   340.00     0.00     0.00     0.00     0.00
  44 	   69.00   340.00     0.00     0.00     0.00     0.00
   	   20.00  -168.00     0.00    90.00
   	   20.00  -168.00     0.00    90.00
  45 	  138.00   340.00     0.00     0.00     0.00     0.00
  45 	  138.00   340.00     0.00     0.00     0.00     0.00
   	   20.00  -168.00     0.00    90.00
   	   20.00  -168.00     0.00    90.00
  46 	  207.00   340.00     0.00     0.00     0.00     0.00
  46 	  207.00   340.00     0.00     0.00     0.00     0.00
   	   20.00  -168.00     0.00    90.00
   	   20.00  -168.00     0.00    90.00
  47 	  276.00   340.00     0.00     0.00     0.00     0.00
  47 	  276.00   340.00     0.00     0.00     0.00     0.00
   	   20.00  -168.00     0.00    90.00
   	   20.00  -168.00     0.00    90.00
  48 	  345.00   340.00     0.00     0.00     0.00     0.00
  48 	  345.00   340.00     0.00     0.00     0.00     0.00
   	   20.00  -168.00     0.00    90.00
   	   20.00  -168.00     0.00    90.00
  49 	  414.00   340.00     0.00     0.00     0.00     0.00
  49 	  414.00   340.00     0.00     0.00     0.00     0.00
   	   20.00  -168.00     0.00    90.00
   	   20.00  -168.00     0.00    90.00
  50 	  483.00   340.00     0.00     0.00     0.00     0.00
  50 	  483.00   340.00     0.00     0.00     0.00     0.00
   	   20.00  -168.00     0.00    90.00
   	   20.00  -168.00     0.00    90.00
  51 	 -138.00   408.00     0.00     0.00     0.00     0.00
  51 	 -138.00   408.00     0.00     0.00     0.00     0.00
   	   20.00  -168.00     0.00    90.00
   	   20.00  -168.00     0.00    90.00
  52 	  -69.00   408.00     0.00     0.00     0.00     0.00
  52 	  -69.00   408.00     0.00     0.00     0.00     0.00
   	   20.00  -168.00     0.00    90.00
   	   20.00  -168.00     0.00    90.00
  53 	   -0.00   408.00     0.00     0.00     0.00     0.00
  53 	   -0.00   408.00     0.00     0.00     0.00     0.00
   	   20.00  -168.00     0.00    90.00
   	   20.00  -168.00     0.00    90.00
  54 	   69.00   408.00     0.00     0.00     0.00     0.00
  54 	   69.00   408.00     0.00     0.00     0.00     0.00
   	   20.00  -168.00     0.00    90.00
   	   20.00  -168.00     0.00    90.00
  55 	  138.00   408.00     0.00     0.00     0.00     0.00
  55 	  138.00   408.00     0.00     0.00     0.00     0.00
   	   20.00  -168.00     0.00    90.00
   	   20.00  -168.00     0.00    90.00
  56 	  207.00   408.00     0.00     0.00     0.00     0.00
  56 	  207.00   408.00     0.00     0.00     0.00     0.00
   	   20.00  -168.00     0.00    90.00
   	   20.00  -168.00     0.00    90.00
  57 	  276.00   408.00     0.00     0.00     0.00     0.00
  57 	  276.00   408.00     0.00     0.00     0.00     0.00
   	   20.00  -168.00     0.00    90.00
   	   20.00  -168.00     0.00    90.00
  58 	  345.00   408.00     0.00     0.00     0.00     0.00
  58 	  345.00   408.00     0.00     0.00     0.00     0.00
   	   20.00  -168.00     0.00    90.00
   	   20.00  -168.00     0.00    90.00
  59 	  414.00   408.00     0.00     0.00     0.00     0.00
  59 	  414.00   408.00     0.00     0.00     0.00     0.00
   	   20.00  -168.00     0.00    90.00
   	   20.00  -168.00     0.00    90.00
  60 	  483.00   408.00     0.00     0.00     0.00     0.00
  60 	  483.00   408.00     0.00     0.00     0.00     0.00
   	   20.00  -168.00     0.00    90.00
   	   20.00  -168.00     0.00    90.00

** End writing output file: ../inputs/gr699.dat 
