*******************************************************************************
                         ARRAY PREPROCESSOR ver. 1.0
*******************************************************************************



   1	GROUP testgroup
   3	 GRID HEXAGONAL STEP 71
   4	 ELEMENT
   5	 GEOMETRY CIRCULAR 15
   7	 ADD HEXAGON -2 1
   9	 GROUP_EXCITATION
  10	 AMPLITUDE UNIFORM 36
  11	 PHASE ROTATION SEQUENTIAL ANGLE -208 -80
  13	 END

** Generating GROUP: testgroup.
** PSTEP,QSTEP set to:71.000000,71.000000
** Grid ANGLE set to:60.000000 
** Group ROT_ANGLE set to: 0.000000 

** Writing output file: ../inputs/gr703.dat

NEL 
NPORTS
IDUM      REXA     REYA     REZA     THEA     PHEA     PSEA 
          AMP      PSH      PSC      PHEPOL
   7
   7
   1
   1
   1 	 -142.00   122.98     0.00     0.00  -208.00     0.00
   1 	 -142.00   122.98     0.00     0.00  -208.00     0.00
   	   36.00  -208.00     0.00    90.00
   	   36.00  -208.00     0.00    90.00
   2 	  -71.00   122.98     0.00     0.00  -288.00     0.00
   2 	  -71.00   122.98     0.00     0.00  -288.00     0.00
   	   36.00  -288.00     0.00    90.00
   	   36.00  -288.00     0.00    90.00
   3 	  -35.50    61.49     0.00     0.00  -368.00     0.00
   3 	  -35.50    61.49     0.00     0.00  -368.00     0.00
   	   36.00  -368.00     0.00    90.00
   	   36.00  -368.00     0.00    90.00
   4 	  -71.00     0.00     0.00     0.00  -448.00     0.00
   4 	  -71.00     0.00     0.00     0.00  -448.00     0.00
   	   36.00  -448.00     0.00    90.00
   	   36.00  -448.00     0.00    90.00
   5 	 -142.00     0.00     0.00     0.00  -528.00     0.00
   5 	 -142.00     0.00     0.00     0.00  -528.00     0.00
   	   36.00  -528.00     0.00    90.00
   	   36.00  -528.00     0.00    90.00
   6 	 -177.50    61.49     0.00     0.00  -608.00     0.00
   6 	 -177.50    61.49     0.00     0.00  -608.00     0.00
   	   36.00  -608.00     0.00    90.00
   	   36.00  -608.00     0.00    90.00
   7 	 -106.50    61.49     0.00     0.00  -688.00     0.00
   7 	 -106.50    61.49     0.00     0.00  -688.00     0.00
   	   36.00  -688.00     0.00    90.00
   	   36.00  -688.00     0.00    90.00

** End writing output file: ../inputs/gr703.dat 
