*******************************************************************************
                         ARRAY PREPROCESSOR ver. 1.0
*******************************************************************************



   1	GROUP testgroup
   3	 GRID HEXAGONAL
   4	 ELEMENT
   5	 GEOMETRY CIRCULAR 44
   6	 POLARIZATION CIRCULAR LH
   8	 ADD HEXAGON 4 7
   9	 ADD BLOCK -2 -4 6 -4
  11	 GROUP_EXCITATION
  12	 AMPLITUDE UNIFORM 22
  13	 PHASE UNIFORM -12 deg
  14	 END

** Generating GROUP: testgroup.
** PSTEP,QSTEP set to:88.000000,88.000000
** Grid ANGLE set to:60.000000 
** Group ROT_ANGLE set to: 0.000000 

** Writing output file: ../inputs/gr705.dat

NEL 
NPORTS
IDUM      REXA     REYA     REZA     THEA     PHEA     PSEA 
          AMP      PSH      PSC      PHEPOL
  16
  16
   1
   1
   1 	  616.00   609.68     0.00     0.00     0.00     0.00
   1 	  616.00   609.68     0.00     0.00     0.00     0.00
   	   22.00   -12.00     0.00    90.00
   	   22.00   -12.00     0.00    90.00
   2 	  704.00   609.68     0.00     0.00     0.00     0.00
   2 	  704.00   609.68     0.00     0.00     0.00     0.00
   	   22.00   -12.00     0.00    90.00
   	   22.00   -12.00     0.00    90.00
   3 	  748.00   533.47     0.00     0.00     0.00     0.00
   3 	  748.00   533.47     0.00     0.00     0.00     0.00
   	   22.00   -12.00     0.00    90.00
   	   22.00   -12.00     0.00    90.00
   4 	  704.00   457.26     0.00     0.00     0.00     0.00
   4 	  704.00   457.26     0.00     0.00     0.00     0.00
   	   22.00   -12.00     0.00    90.00
   	   22.00   -12.00     0.00    90.00
   5 	  616.00   457.26     0.00     0.00     0.00     0.00
   5 	  616.00   457.26     0.00     0.00     0.00     0.00
   	   22.00   -12.00     0.00    90.00
   	   22.00   -12.00     0.00    90.00
   6 	  572.00   533.47     0.00     0.00     0.00     0.00
   6 	  572.00   533.47     0.00     0.00     0.00     0.00
   	   22.00   -12.00     0.00    90.00
   	   22.00   -12.00     0.00    90.00
   7 	  660.00   533.47     0.00     0.00     0.00     0.00
   7 	  660.00   533.47     0.00     0.00     0.00     0.00
   	   22.00   -12.00     0.00    90.00
   	   22.00   -12.00     0.00    90.00
   8 	 -352.00  -304.84     0.00     0.00     0.00     0.00
   8 	 -352.00  -304.84     0.00     0.00     0.00     0.00
   	   22.00   -12.00     0.00    90.00
   	   22.00   -12.00     0.00    90.00
   9 	 -264.00  -304.84     0.00     0.00     0.00     0.00
   9 	 -264.00  -304.84     0.00     0.00     0.00     0.00
   	   22.00   -12.00     0.00    90.00
   	   22.00   -12.00     0.00    90.00
  10 	 -176.00  -304.84     0.00     0.00     0.00     0.00
  10 	 -176.00  -304.84     0.00     0.00     0.00     0.00
   	   22.00   -12.00     0.00    90.00
   	   22.00   -12.00     0.00    90.00
  11 	  -88.00  -304.84     0.00     0.00     0.00     0.00
  11 	  -88.00  -304.84     0.00     0.00     0.00     0.00
   	   22.00   -12.00     0.00    90.00
   	   22.00   -12.00     0.00    90.00
  12 	    0.00  -304.84     0.00     0.00     0.00     0.00
  12 	    0.00  -304.84     0.00     0.00     0.00     0.00
   	   22.00   -12.00     0.00    90.00
   	   22.00   -12.00     0.00    90.00
  13 	   88.00  -304.84     0.00     0.00     0.00     0.00
  13 	   88.00  -304.84     0.00     0.00     0.00     0.00
   	   22.00   -12.00     0.00    90.00
   	   22.00   -12.00     0.00    90.00
  14 	  176.00  -304.84     0.00     0.00     0.00     0.00
  14 	  176.00  -304.84     0.00     0.00     0.00     0.00
   	   22.00   -12.00     0.00    90.00
   	   22.00   -12.00     0.00    90.00
  15 	  264.00  -304.84     0.00     0.00     0.00     0.00
  15 	  264.00  -304.84     0.00     0.00     0.00     0.00
   	   22.00   -12.00     0.00    90.00
   	   22.00   -12.00     0.00    90.00
  16 	  352.00  -304.84     0.00     0.00     0.00     0.00
  16 	  352.00  -304.84     0.00     0.00     0.00     0.00
   	   22.00   -12.00     0.00    90.00
   	   22.00   -12.00     0.00    90.00

** End writing output file: ../inputs/gr705.dat 
