*******************************************************************************
                         ARRAY PREPROCESSOR ver. 1.0
*******************************************************************************



   1	GROUP testgroup
   3	 GRID TRIANGULAR
   4	 ELEMENT
   5	 GEOMETRY CIRCULAR 30
   6	 POLARIZATION CIRCULAR
   7	 ADD BLOCK 4 4 1 -5
   9	 GROUP_EXCITATION
  10	 AMPLITUDE UNIFORM 20
  11	 PHASE UNIFORM 71
  12	 END

** WARNING B2: GRID step(s) too small for specified element in GROUP: testgroup
** Generating GROUP: testgroup.
** PSTEP,QSTEP set to:60.000000,60.000000
** Grid ANGLE set to:60.000000 
** Group ROT_ANGLE set to: 0.000000 

** Writing output file: ../inputs/gr71.dat

NEL 
NPORTS
IDUM      REXA     REYA     REZA     THEA     PHEA     PSEA 
          AMP      PSH      PSC      PHEPOL
  40
  40
   1
   1
   1 	  -90.00  -259.81     0.00     0.00     0.00     0.00
   1 	  -90.00  -259.81     0.00     0.00     0.00     0.00
   	   20.00    71.00     0.00    90.00
   	   20.00    71.00     0.00    90.00
   2 	  -30.00  -259.81     0.00     0.00     0.00     0.00
   2 	  -30.00  -259.81     0.00     0.00     0.00     0.00
   	   20.00    71.00     0.00    90.00
   	   20.00    71.00     0.00    90.00
   3 	   30.00  -259.81     0.00     0.00     0.00     0.00
   3 	   30.00  -259.81     0.00     0.00     0.00     0.00
   	   20.00    71.00     0.00    90.00
   	   20.00    71.00     0.00    90.00
   4 	   90.00  -259.81     0.00     0.00     0.00     0.00
   4 	   90.00  -259.81     0.00     0.00     0.00     0.00
   	   20.00    71.00     0.00    90.00
   	   20.00    71.00     0.00    90.00
   5 	  -60.00  -207.85     0.00     0.00     0.00     0.00
   5 	  -60.00  -207.85     0.00     0.00     0.00     0.00
   	   20.00    71.00     0.00    90.00
   	   20.00    71.00     0.00    90.00
   6 	    0.00  -207.85     0.00     0.00     0.00     0.00
   6 	    0.00  -207.85     0.00     0.00     0.00     0.00
   	   20.00    71.00     0.00    90.00
   	   20.00    71.00     0.00    90.00
   7 	   60.00  -207.85     0.00     0.00     0.00     0.00
   7 	   60.00  -207.85     0.00     0.00     0.00     0.00
   	   20.00    71.00     0.00    90.00
   	   20.00    71.00     0.00    90.00
   8 	  120.00  -207.85     0.00     0.00     0.00     0.00
   8 	  120.00  -207.85     0.00     0.00     0.00     0.00
   	   20.00    71.00     0.00    90.00
   	   20.00    71.00     0.00    90.00
   9 	  -30.00  -155.88     0.00     0.00     0.00     0.00
   9 	  -30.00  -155.88     0.00     0.00     0.00     0.00
   	   20.00    71.00     0.00    90.00
   	   20.00    71.00     0.00    90.00
  10 	   30.00  -155.88     0.00     0.00     0.00     0.00
  10 	   30.00  -155.88     0.00     0.00     0.00     0.00
   	   20.00    71.00     0.00    90.00
   	   20.00    71.00     0.00    90.00
  11 	   90.00  -155.88     0.00     0.00     0.00     0.00
  11 	   90.00  -155.88     0.00     0.00     0.00     0.00
   	   20.00    71.00     0.00    90.00
   	   20.00    71.00     0.00    90.00
  12 	  150.00  -155.88     0.00     0.00     0.00     0.00
  12 	  150.00  -155.88     0.00     0.00     0.00     0.00
   	   20.00    71.00     0.00    90.00
   	   20.00    71.00     0.00    90.00
  13 	    0.00  -103.92     0.00     0.00     0.00     0.00
  13 	    0.00  -103.92     0.00     0.00     0.00     0.00
   	   20.00    71.00     0.00    90.00
   	   20.00    71.00     0.00    90.00
  14 	   60.00  -103.92     0.00     0.00     0.00     0.00
  14 	   60.00  -103.92     0.00     0.00     0.00     0.00
   	   20.00    71.00     0.00    90.00
   	   20.00    71.00     0.00    90.00
  15 	  120.00  -103.92     0.00     0.00     0.00     0.00
  15 	  120.00  -103.92     0.00     0.00     0.00     0.00
   	   20.00    71.00     0.00    90.00
   	   20.00    71.00     0.00    90.00
  16 	  180.00  -103.92     0.00     0.00     0.00     0.00
  16 	  180.00  -103.92     0.00     0.00     0.00     0.00
   	   20.00    71.00     0.00    90.00
   	   20.00    71.00     0.00    90.00
  17 	   30.00   -51.96     0.00     0.00     0.00     0.00
  17 	   30.00   -51.96     0.00     0.00     0.00     0.00
   	   20.00    71.00     0.00    90.00
   	   20.00    71.00     0.00    90.00
  18 	   90.00   -51.96     0.00     0.00     0.00     0.00
  18 	   90.00   -51.96     0.00     0.00     0.00     0.00
   	   20.00    71.00     0.00    90.00
   	   20.00    71.00     0.00    90.00
  19 	  150.00   -51.96     0.00     0.00     0.00     0.00
  19 	  150.00   -51.96     0.00     0.00     0.00     0.00
   	   20.00    71.00     0.00    90.00
   	   20.00    71.00     0.00    90.00
  20 	  210.00   -51.96     0.00     0.00     0.00     0.00
  20 	  210.00   -51.96     0.00     0.00     0.00     0.00
   	   20.00    71.00     0.00    90.00
   	   20.00    71.00     0.00    90.00
  21 	   60.00     0.00     0.00     0.00     0.00     0.00
  21 	   60.00     0.00     0.00     0.00     0.00     0.00
   	   20.00    71.00     0.00    90.00
   	   20.00    71.00     0.00    90.00
  22 	  120.00     0.00     0.00     0.00     0.00     0.00
  22 	  120.00     0.00     0.00     0.00     0.00     0.00
   	   20.00    71.00     0.00    90.00
   	   20.00    71.00     0.00    90.00
  23 	  180.00     0.00     0.00     0.00     0.00     0.00
  23 	  180.00     0.00     0.00     0.00     0.00     0.00
   	   20.00    71.00     0.00    90.00
   	   20.00    71.00     0.00    90.00
  24 	  240.00     0.00     0.00     0.00     0.00     0.00
  24 	  240.00     0.00     0.00     0.00     0.00     0.00
   	   20.00    71.00     0.00    90.00
   	   20.00    71.00     0.00    90.00
  25 	   90.00    51.96     0.00     0.00     0.00     0.00
  25 	   90.00    51.96     0.00     0.00     0.00     0.00
   	   20.00    71.00     0.00    90.00
   	   20.00    71.00     0.00    90.00
  26 	  150.00    51.96     0.00     0.00     0.00     0.00
  26 	  150.00    51.96     0.00     0.00     0.00     0.00
   	   20.00    71.00     0.00    90.00
   	   20.00    71.00     0.00    90.00
  27 	  210.00    51.96     0.00     0.00     0.00     0.00
  27 	  210.00    51.96     0.00     0.00     0.00     0.00
   	   20.00    71.00     0.00    90.00
   	   20.00    71.00     0.00    90.00
  28 	  270.00    51.96     0.00     0.00     0.00     0.00
  28 	  270.00    51.96     0.00     0.00     0.00     0.00
   	   20.00    71.00     0.00    90.00
   	   20.00    71.00     0.00    90.00
  29 	  120.00   103.92     0.00     0.00     0.00     0.00
  29 	  120.00   103.92     0.00     0.00     0.00     0.00
   	   20.00    71.00     0.00    90.00
   	   20.00    71.00     0.00    90.00
  30 	  180.00   103.92     0.00     0.00     0.00     0.00
  30 	  180.00   103.92     0.00     0.00     0.00     0.00
   	   20.00    71.00     0.00    90.00
   	   20.00    71.00     0.00    90.00
  31 	  240.00   103.92     0.00     0.00     0.00     0.00
  31 	  240.00   103.92     0.00     0.00     0.00     0.00
   	   20.00    71.00     0.00    90.00
   	   20.00    71.00     0.00    90.00
  32 	  300.00   103.92     0.00     0.00     0.00     0.00
  32 	  300.00   103.92     0.00     0.00     0.00     0.00
   	   20.00    71.00     0.00    90.00
   	   20.00    71.00     0.00    90.00
  33 	  150.00   155.88     0.00     0.00     0.00     0.00
  33 	  150.00   155.88     0.00     0.00     0.00     0.00
   	   20.00    71.00     0.00    90.00
   	   20.00    71.00     0.00    90.00
  34 	  210.00   155.88     0.00     0.00     0.00     0.00
  34 	  210.00   155.88     0.00     0.00     0.00     0.00
   	   20.00    71.00     0.00    90.00
   	   20.00    71.00     0.00    90.00
  35 	  270.00   155.88     0.00     0.00     0.00     0.00
  35 	  270.00   155.88     0.00     0.00     0.00     0.00
   	   20.00    71.00     0.00    90.00
   	   20.00    71.00     0.00    90.00
  36 	  330.00   155.88     0.00     0.00     0.00     0.00
  36 	  330.00   155.88     0.00     0.00     0.00     0.00
   	   20.00    71.00     0.00    90.00
   	   20.00    71.00     0.00    90.00
  37 	  180.00   207.85     0.00     0.00     0.00     0.00
  37 	  180.00   207.85     0.00     0.00     0.00     0.00
   	   20.00    71.00     0.00    90.00
   	   20.00    71.00     0.00    90.00
  38 	  240.00   207.85     0.00     0.00     0.00     0.00
  38 	  240.00   207.85     0.00     0.00     0.00     0.00
   	   20.00    71.00     0.00    90.00
   	   20.00    71.00     0.00    90.00
  39 	  300.00   207.85     0.00     0.00     0.00     0.00
  39 	  300.00   207.85     0.00     0.00     0.00     0.00
   	   20.00    71.00     0.00    90.00
   	   20.00    71.00     0.00    90.00
  40 	  360.00   207.85     0.00     0.00     0.00     0.00
  40 	  360.00   207.85     0.00     0.00     0.00     0.00
   	   20.00    71.00     0.00    90.00
   	   20.00    71.00     0.00    90.00

** End writing output file: ../inputs/gr71.dat 
