*******************************************************************************
                         ARRAY PREPROCESSOR ver. 1.0
*******************************************************************************



   1	GROUP testgroup
   3	 GRID SQUARE
   4	 ELEMENT
   5	 GEOMETRY RECTANGULAR PDIM 71 QDIM 83
   8	 ADD BLOCK -5 0 -6 1
   9	 ADD BLOCK -3 -8 -7 -1
  11	 GROUP_EXCITATION
  12	 AMPLITUDE UNIFORM 23
  13	 PHASE UNIFORM 0
  14	 END

** Generating GROUP: testgroup.
** PSTEP,QSTEP set to:83.000000,83.000000
** Grid ANGLE set to:90.000000 
** Group ROT_ANGLE set to: 0.000000 

** Writing output file: ../inputs/gr711.dat

NEL 
NPORTS
IDUM      REXA     REYA     REZA     THEA     PHEA     PSEA 
          AMP      PSH      PSC      PHEPOL
  44
  44
   1
   1
   1 	 -498.00     0.00     0.00     0.00     0.00     0.00
   1 	 -498.00     0.00     0.00     0.00     0.00     0.00
   	   23.00     0.00     0.00    90.00
   	   23.00     0.00     0.00    90.00
   2 	 -415.00     0.00     0.00     0.00     0.00     0.00
   2 	 -415.00     0.00     0.00     0.00     0.00     0.00
   	   23.00     0.00     0.00    90.00
   	   23.00     0.00     0.00    90.00
   3 	 -498.00    83.00     0.00     0.00     0.00     0.00
   3 	 -498.00    83.00     0.00     0.00     0.00     0.00
   	   23.00     0.00     0.00    90.00
   	   23.00     0.00     0.00    90.00
   4 	 -415.00    83.00     0.00     0.00     0.00     0.00
   4 	 -415.00    83.00     0.00     0.00     0.00     0.00
   	   23.00     0.00     0.00    90.00
   	   23.00     0.00     0.00    90.00
   5 	 -581.00  -664.00     0.00     0.00     0.00     0.00
   5 	 -581.00  -664.00     0.00     0.00     0.00     0.00
   	   23.00     0.00     0.00    90.00
   	   23.00     0.00     0.00    90.00
   6 	 -498.00  -664.00     0.00     0.00     0.00     0.00
   6 	 -498.00  -664.00     0.00     0.00     0.00     0.00
   	   23.00     0.00     0.00    90.00
   	   23.00     0.00     0.00    90.00
   7 	 -415.00  -664.00     0.00     0.00     0.00     0.00
   7 	 -415.00  -664.00     0.00     0.00     0.00     0.00
   	   23.00     0.00     0.00    90.00
   	   23.00     0.00     0.00    90.00
   8 	 -332.00  -664.00     0.00     0.00     0.00     0.00
   8 	 -332.00  -664.00     0.00     0.00     0.00     0.00
   	   23.00     0.00     0.00    90.00
   	   23.00     0.00     0.00    90.00
   9 	 -249.00  -664.00     0.00     0.00     0.00     0.00
   9 	 -249.00  -664.00     0.00     0.00     0.00     0.00
   	   23.00     0.00     0.00    90.00
   	   23.00     0.00     0.00    90.00
  10 	 -581.00  -581.00     0.00     0.00     0.00     0.00
  10 	 -581.00  -581.00     0.00     0.00     0.00     0.00
   	   23.00     0.00     0.00    90.00
   	   23.00     0.00     0.00    90.00
  11 	 -498.00  -581.00     0.00     0.00     0.00     0.00
  11 	 -498.00  -581.00     0.00     0.00     0.00     0.00
   	   23.00     0.00     0.00    90.00
   	   23.00     0.00     0.00    90.00
  12 	 -415.00  -581.00     0.00     0.00     0.00     0.00
  12 	 -415.00  -581.00     0.00     0.00     0.00     0.00
   	   23.00     0.00     0.00    90.00
   	   23.00     0.00     0.00    90.00
  13 	 -332.00  -581.00     0.00     0.00     0.00     0.00
  13 	 -332.00  -581.00     0.00     0.00     0.00     0.00
   	   23.00     0.00     0.00    90.00
   	   23.00     0.00     0.00    90.00
  14 	 -249.00  -581.00     0.00     0.00     0.00     0.00
  14 	 -249.00  -581.00     0.00     0.00     0.00     0.00
   	   23.00     0.00     0.00    90.00
   	   23.00     0.00     0.00    90.00
  15 	 -581.00  -498.00     0.00     0.00     0.00     0.00
  15 	 -581.00  -498.00     0.00     0.00     0.00     0.00
   	   23.00     0.00     0.00    90.00
   	   23.00     0.00     0.00    90.00
  16 	 -498.00  -498.00     0.00     0.00     0.00     0.00
  16 	 -498.00  -498.00     0.00     0.00     0.00     0.00
   	   23.00     0.00     0.00    90.00
   	   23.00     0.00     0.00    90.00
  17 	 -415.00  -498.00     0.00     0.00     0.00     0.00
  17 	 -415.00  -498.00     0.00     0.00     0.00     0.00
   	   23.00     0.00     0.00    90.00
   	   23.00     0.00     0.00    90.00
  18 	 -332.00  -498.00     0.00     0.00     0.00     0.00
  18 	 -332.00  -498.00     0.00     0.00     0.00     0.00
   	   23.00     0.00     0.00    90.00
   	   23.00     0.00     0.00    90.00
  19 	 -249.00  -498.00     0.00     0.00     0.00     0.00
  19 	 -249.00  -498.00     0.00     0.00     0.00     0.00
   	   23.00     0.00     0.00    90.00
   	   23.00     0.00     0.00    90.00
  20 	 -581.00  -415.00     0.00     0.00     0.00     0.00
  20 	 -581.00  -415.00     0.00     0.00     0.00     0.00
   	   23.00     0.00     0.00    90.00
   	   23.00     0.00     0.00    90.00
  21 	 -498.00  -415.00     0.00     0.00     0.00     0.00
  21 	 -498.00  -415.00     0.00     0.00     0.00     0.00
   	   23.00     0.00     0.00    90.00
   	   23.00     0.00     0.00    90.00
  22 	 -415.00  -415.00     0.00     0.00     0.00     0.00
  22 	 -415.00  -415.00     0.00     0.00     0.00     0.00
   	   23.00     0.00     0.00    90.00
   	   23.00     0.00     0.00    90.00
  23 	 -332.00  -415.00     0.00     0.00     0.00     0.00
  23 	 -332.00  -415.00     0.00     0.00     0.00     0.00
   	   23.00     0.00     0.00    90.00
   	   23.00     0.00     0.00    90.00
  24 	 -249.00  -415.00     0.00     0.00     0.00     0.00
  24 	 -249.00  -415.00     0.00     0.00     0.00     0.00
   	   23.00     0.00     0.00    90.00
   	   23.00     0.00     0.00    90.00
  25 	 -581.00  -332.00     0.00     0.00     0.00     0.00
  25 	 -581.00  -332.00     0.00     0.00     0.00     0.00
   	   23.00     0.00     0.00    90.00
   	   23.00     0.00     0.00    90.00
  26 	 -498.00  -332.00     0.00     0.00     0.00     0.00
  26 	 -498.00  -332.00     0.00     0.00     0.00     0.00
   	   23.00     0.00     0.00    90.00
   	   23.00     0.00     0.00    90.00
  27 	 -415.00  -332.00     0.00     0.00     0.00     0.00
  27 	 -415.00  -332.00     0.00     0.00     0.00     0.00
   	   23.00     0.00     0.00    90.00
   	   23.00     0.00     0.00    90.00
  28 	 -332.00  -332.00     0.00     0.00     0.00     0.00
  28 	 -332.00  -332.00     0.00     0.00     0.00     0.00
   	   23.00     0.00     0.00    90.00
   	   23.00     0.00     0.00    90.00
  29 	 -249.00  -332.00     0.00     0.00     0.00     0.00
  29 	 -249.00  -332.00     0.00     0.00     0.00     0.00
   	   23.00     0.00     0.00    90.00
   	   23.00     0.00     0.00    90.00
  30 	 -581.00  -249.00     0.00     0.00     0.00     0.00
  30 	 -581.00  -249.00     0.00     0.00     0.00     0.00
   	   23.00     0.00     0.00    90.00
   	   23.00     0.00     0.00    90.00
  31 	 -498.00  -249.00     0.00     0.00     0.00     0.00
  31 	 -498.00  -249.00     0.00     0.00     0.00     0.00
   	   23.00     0.00     0.00    90.00
   	   23.00     0.00     0.00    90.00
  32 	 -415.00  -249.00     0.00     0.00     0.00     0.00
  32 	 -415.00  -249.00     0.00     0.00     0.00     0.00
   	   23.00     0.00     0.00    90.00
   	   23.00     0.00     0.00    90.00
  33 	 -332.00  -249.00     0.00     0.00     0.00     0.00
  33 	 -332.00  -249.00     0.00     0.00     0.00     0.00
   	   23.00     0.00     0.00    90.00
   	   23.00     0.00     0.00    90.00
  34 	 -249.00  -249.00     0.00     0.00     0.00     0.00
  34 	 -249.00  -249.00     0.00     0.00     0.00     0.00
   	   23.00     0.00     0.00    90.00
   	   23.00     0.00     0.00    90.00
  35 	 -581.00  -166.00     0.00     0.00     0.00     0.00
  35 	 -581.00  -166.00     0.00     0.00     0.00     0.00
   	   23.00     0.00     0.00    90.00
   	   23.00     0.00     0.00    90.00
  36 	 -498.00  -166.00     0.00     0.00     0.00     0.00
  36 	 -498.00  -166.00     0.00     0.00     0.00     0.00
   	   23.00     0.00     0.00    90.00
   	   23.00     0.00     0.00    90.00
  37 	 -415.00  -166.00     0.00     0.00     0.00     0.00
  37 	 -415.00  -166.00     0.00     0.00     0.00     0.00
   	   23.00     0.00     0.00    90.00
   	   23.00     0.00     0.00    90.00
  38 	 -332.00  -166.00     0.00     0.00     0.00     0.00
  38 	 -332.00  -166.00     0.00     0.00     0.00     0.00
   	   23.00     0.00     0.00    90.00
   	   23.00     0.00     0.00    90.00
  39 	 -249.00  -166.00     0.00     0.00     0.00     0.00
  39 	 -249.00  -166.00     0.00     0.00     0.00     0.00
   	   23.00     0.00     0.00    90.00
   	   23.00     0.00     0.00    90.00
  40 	 -581.00   -83.00     0.00     0.00     0.00     0.00
  40 	 -581.00   -83.00     0.00     0.00     0.00     0.00
   	   23.00     0.00     0.00    90.00
   	   23.00     0.00     0.00    90.00
  41 	 -498.00   -83.00     0.00     0.00     0.00     0.00
  41 	 -498.00   -83.00     0.00     0.00     0.00     0.00
   	   23.00     0.00     0.00    90.00
   	   23.00     0.00     0.00    90.00
  42 	 -415.00   -83.00     0.00     0.00     0.00     0.00
  42 	 -415.00   -83.00     0.00     0.00     0.00     0.00
   	   23.00     0.00     0.00    90.00
   	   23.00     0.00     0.00    90.00
  43 	 -332.00   -83.00     0.00     0.00     0.00     0.00
  43 	 -332.00   -83.00     0.00     0.00     0.00     0.00
   	   23.00     0.00     0.00    90.00
   	   23.00     0.00     0.00    90.00
  44 	 -249.00   -83.00     0.00     0.00     0.00     0.00
  44 	 -249.00   -83.00     0.00     0.00     0.00     0.00
   	   23.00     0.00     0.00    90.00
   	   23.00     0.00     0.00    90.00

** End writing output file: ../inputs/gr711.dat 
