*******************************************************************************
                         ARRAY PREPROCESSOR ver. 1.0
*******************************************************************************



   1	GROUP testgroup
   3	 GRID HEXAGONAL
   4	 ELEMENT
   5	 GEOMETRY CIRCULAR RADIUS 48
   7	 ADD HEXAGON 0 -2
   9	 GROUP_EXCITATION
  10	 AMPLITUDE UNIFORM 24
  11	 PHASE UNIFORM 74
  12	 END

** Generating GROUP: testgroup.
** PSTEP,QSTEP set to:96.000000,96.000000
** Grid ANGLE set to:60.000000 
** Group ROT_ANGLE set to: 0.000000 

** Writing output file: ../inputs/gr715.dat

NEL 
NPORTS
IDUM      REXA     REYA     REZA     THEA     PHEA     PSEA 
          AMP      PSH      PSC      PHEPOL
   7
   7
   1
   1
   1 	 -144.00   -83.14     0.00     0.00     0.00     0.00
   1 	 -144.00   -83.14     0.00     0.00     0.00     0.00
   	   24.00    74.00     0.00    90.00
   	   24.00    74.00     0.00    90.00
   2 	  -48.00   -83.14     0.00     0.00     0.00     0.00
   2 	  -48.00   -83.14     0.00     0.00     0.00     0.00
   	   24.00    74.00     0.00    90.00
   	   24.00    74.00     0.00    90.00
   3 	    0.00  -166.28     0.00     0.00     0.00     0.00
   3 	    0.00  -166.28     0.00     0.00     0.00     0.00
   	   24.00    74.00     0.00    90.00
   	   24.00    74.00     0.00    90.00
   4 	  -48.00  -249.42     0.00     0.00     0.00     0.00
   4 	  -48.00  -249.42     0.00     0.00     0.00     0.00
   	   24.00    74.00     0.00    90.00
   	   24.00    74.00     0.00    90.00
   5 	 -144.00  -249.42     0.00     0.00     0.00     0.00
   5 	 -144.00  -249.42     0.00     0.00     0.00     0.00
   	   24.00    74.00     0.00    90.00
   	   24.00    74.00     0.00    90.00
   6 	 -192.00  -166.28     0.00     0.00     0.00     0.00
   6 	 -192.00  -166.28     0.00     0.00     0.00     0.00
   	   24.00    74.00     0.00    90.00
   	   24.00    74.00     0.00    90.00
   7 	  -96.00  -166.28     0.00     0.00     0.00     0.00
   7 	  -96.00  -166.28     0.00     0.00     0.00     0.00
   	   24.00    74.00     0.00    90.00
   	   24.00    74.00     0.00    90.00

** End writing output file: ../inputs/gr715.dat 
