*******************************************************************************
                         ARRAY PREPROCESSOR ver. 1.0
*******************************************************************************



   1	GROUP testgroup
   3	 GRID RECTANGULAR PSTEP 92 QSTEP 78
   4	 ELEMENT
   5	 GEOMETRY CIRCULAR 17
   7	 ADD BLOCK -1 -11 -1 -2
   9	 GROUP_EXCITATION
  10	 AMPLITUDE UNIFORM 30
  11	 PHASE ROTATION SEQUENTIAL
  12	 END

** Generating GROUP: testgroup.
** PSTEP,QSTEP set to:92.000000,78.000000
** Grid ANGLE set to:90.000000 
** Group ROT_ANGLE set to: 0.000000 

** Writing output file: ../inputs/gr717.dat

NEL 
NPORTS
IDUM      REXA     REYA     REZA     THEA     PHEA     PSEA 
          AMP      PSH      PSC      PHEPOL
  10
  10
   1
   1
   1 	  -92.00  -858.00     0.00     0.00  -324.00     0.00
   1 	  -92.00  -858.00     0.00     0.00  -324.00     0.00
   	   30.00  -324.00     0.00    90.00
   	   30.00  -324.00     0.00    90.00
   2 	  -92.00  -780.00     0.00     0.00  -288.00     0.00
   2 	  -92.00  -780.00     0.00     0.00  -288.00     0.00
   	   30.00  -288.00     0.00    90.00
   	   30.00  -288.00     0.00    90.00
   3 	  -92.00  -702.00     0.00     0.00  -252.00     0.00
   3 	  -92.00  -702.00     0.00     0.00  -252.00     0.00
   	   30.00  -252.00     0.00    90.00
   	   30.00  -252.00     0.00    90.00
   4 	  -92.00  -624.00     0.00     0.00  -216.00     0.00
   4 	  -92.00  -624.00     0.00     0.00  -216.00     0.00
   	   30.00  -216.00     0.00    90.00
   	   30.00  -216.00     0.00    90.00
   5 	  -92.00  -546.00     0.00     0.00  -180.00     0.00
   5 	  -92.00  -546.00     0.00     0.00  -180.00     0.00
   	   30.00  -180.00     0.00    90.00
   	   30.00  -180.00     0.00    90.00
   6 	  -92.00  -468.00     0.00     0.00  -144.00     0.00
   6 	  -92.00  -468.00     0.00     0.00  -144.00     0.00
   	   30.00  -144.00     0.00    90.00
   	   30.00  -144.00     0.00    90.00
   7 	  -92.00  -390.00     0.00     0.00  -108.00     0.00
   7 	  -92.00  -390.00     0.00     0.00  -108.00     0.00
   	   30.00  -108.00     0.00    90.00
   	   30.00  -108.00     0.00    90.00
   8 	  -92.00  -312.00     0.00     0.00   -72.00     0.00
   8 	  -92.00  -312.00     0.00     0.00   -72.00     0.00
   	   30.00   -72.00     0.00    90.00
   	   30.00   -72.00     0.00    90.00
   9 	  -92.00  -234.00     0.00     0.00   -36.00     0.00
   9 	  -92.00  -234.00     0.00     0.00   -36.00     0.00
   	   30.00   -36.00     0.00    90.00
   	   30.00   -36.00     0.00    90.00
  10 	  -92.00  -156.00     0.00     0.00     0.00     0.00
  10 	  -92.00  -156.00     0.00     0.00     0.00     0.00
   	   30.00     0.00     0.00    90.00
   	   30.00     0.00     0.00    90.00

** End writing output file: ../inputs/gr717.dat 
