*******************************************************************************
                         ARRAY PREPROCESSOR ver. 1.0
*******************************************************************************



   1	GROUP testgroup
   3	 GRID RECTANGULAR
   4	 ELEMENT
   5	 GEOMETRY RECTANGULAR PDIM 24 QDIM 54
   8	 ADD BLOCK 3 1 -3 0
   9	 ADD BLOCK 0 0 4 -1
  11	 GROUP_EXCITATION
  12	 AMPLITUDE UNIFORM 15
  13	 PHASE UNIFORM -129
  14	 END

** Generating GROUP: testgroup.
** PSTEP,QSTEP set to:24.000000,54.000000
** Grid ANGLE set to:90.000000 
** Group ROT_ANGLE set to: 0.000000 

** Writing output file: ../inputs/gr719.dat

NEL 
NPORTS
IDUM      REXA     REYA     REZA     THEA     PHEA     PSEA 
          AMP      PSH      PSC      PHEPOL
  24
  24
   1
   1
   1 	  -72.00     0.00     0.00     0.00     0.00     0.00
   1 	  -72.00     0.00     0.00     0.00     0.00     0.00
   	   15.00  -129.00     0.00    90.00
   	   15.00  -129.00     0.00    90.00
   2 	  -48.00     0.00     0.00     0.00     0.00     0.00
   2 	  -48.00     0.00     0.00     0.00     0.00     0.00
   	   15.00  -129.00     0.00    90.00
   	   15.00  -129.00     0.00    90.00
   3 	  -24.00     0.00     0.00     0.00     0.00     0.00
   3 	  -24.00     0.00     0.00     0.00     0.00     0.00
   	   15.00  -129.00     0.00    90.00
   	   15.00  -129.00     0.00    90.00
   4 	    0.00     0.00     0.00     0.00     0.00     0.00
   4 	    0.00     0.00     0.00     0.00     0.00     0.00
   	   15.00  -129.00     0.00    90.00
   	   15.00  -129.00     0.00    90.00
   5 	   24.00     0.00     0.00     0.00     0.00     0.00
   5 	   24.00     0.00     0.00     0.00     0.00     0.00
   	   15.00  -129.00     0.00    90.00
   	   15.00  -129.00     0.00    90.00
   6 	   48.00     0.00     0.00     0.00     0.00     0.00
   6 	   48.00     0.00     0.00     0.00     0.00     0.00
   	   15.00  -129.00     0.00    90.00
   	   15.00  -129.00     0.00    90.00
   7 	   72.00     0.00     0.00     0.00     0.00     0.00
   7 	   72.00     0.00     0.00     0.00     0.00     0.00
   	   15.00  -129.00     0.00    90.00
   	   15.00  -129.00     0.00    90.00
   8 	  -72.00    54.00     0.00     0.00     0.00     0.00
   8 	  -72.00    54.00     0.00     0.00     0.00     0.00
   	   15.00  -129.00     0.00    90.00
   	   15.00  -129.00     0.00    90.00
   9 	  -48.00    54.00     0.00     0.00     0.00     0.00
   9 	  -48.00    54.00     0.00     0.00     0.00     0.00
   	   15.00  -129.00     0.00    90.00
   	   15.00  -129.00     0.00    90.00
  10 	  -24.00    54.00     0.00     0.00     0.00     0.00
  10 	  -24.00    54.00     0.00     0.00     0.00     0.00
   	   15.00  -129.00     0.00    90.00
   	   15.00  -129.00     0.00    90.00
  11 	   -0.00    54.00     0.00     0.00     0.00     0.00
  11 	   -0.00    54.00     0.00     0.00     0.00     0.00
   	   15.00  -129.00     0.00    90.00
   	   15.00  -129.00     0.00    90.00
  12 	   24.00    54.00     0.00     0.00     0.00     0.00
  12 	   24.00    54.00     0.00     0.00     0.00     0.00
   	   15.00  -129.00     0.00    90.00
   	   15.00  -129.00     0.00    90.00
  13 	   48.00    54.00     0.00     0.00     0.00     0.00
  13 	   48.00    54.00     0.00     0.00     0.00     0.00
   	   15.00  -129.00     0.00    90.00
   	   15.00  -129.00     0.00    90.00
  14 	   72.00    54.00     0.00     0.00     0.00     0.00
  14 	   72.00    54.00     0.00     0.00     0.00     0.00
   	   15.00  -129.00     0.00    90.00
   	   15.00  -129.00     0.00    90.00
  15 	    0.00   -54.00     0.00     0.00     0.00     0.00
  15 	    0.00   -54.00     0.00     0.00     0.00     0.00
   	   15.00  -129.00     0.00    90.00
   	   15.00  -129.00     0.00    90.00
  16 	   24.00   -54.00     0.00     0.00     0.00     0.00
  16 	   24.00   -54.00     0.00     0.00     0.00     0.00
   	   15.00  -129.00     0.00    90.00
   	   15.00  -129.00     0.00    90.00
  17 	   48.00   -54.00     0.00     0.00     0.00     0.00
  17 	   48.00   -54.00     0.00     0.00     0.00     0.00
   	   15.00  -129.00     0.00    90.00
   	   15.00  -129.00     0.00    90.00
  18 	   72.00   -54.00     0.00     0.00     0.00     0.00
  18 	   72.00   -54.00     0.00     0.00     0.00     0.00
   	   15.00  -129.00     0.00    90.00
   	   15.00  -129.00     0.00    90.00
  19 	   96.00   -54.00     0.00     0.00     0.00     0.00
  19 	   96.00   -54.00     0.00     0.00     0.00     0.00
   	   15.00  -129.00     0.00    90.00
   	   15.00  -129.00     0.00    90.00
  20 	    0.00     0.00     0.00     0.00     0.00     0.00
  20 	    0.00     0.00     0.00     0.00     0.00     0.00
   	   15.00  -129.00     0.00    90.00
   	   15.00  -129.00     0.00    90.00
  21 	   24.00     0.00     0.00     0.00     0.00     0.00
  21 	   24.00     0.00     0.00     0.00     0.00     0.00
   	   15.00  -129.00     0.00    90.00
   	   15.00  -129.00     0.00    90.00
  22 	   48.00     0.00     0.00     0.00     0.00     0.00
  22 	   48.00     0.00     0.00     0.00     0.00     0.00
   	   15.00  -129.00     0.00    90.00
   	   15.00  -129.00     0.00    90.00
  23 	   72.00     0.00     0.00     0.00     0.00     0.00
  23 	   72.00     0.00     0.00     0.00     0.00     0.00
   	   15.00  -129.00     0.00    90.00
   	   15.00  -129.00     0.00    90.00
  24 	   96.00     0.00     0.00     0.00     0.00     0.00
  24 	   96.00     0.00     0.00     0.00     0.00     0.00
   	   15.00  -129.00     0.00    90.00
   	   15.00  -129.00     0.00    90.00

** End writing output file: ../inputs/gr719.dat 
