*******************************************************************************
                         ARRAY PREPROCESSOR ver. 1.0
*******************************************************************************



   1	GROUP testgroup
   3	 GRID SQUARE
   4	 ELEMENT
   5	 GEOMETRY CIRCULAR 43
   6	 POLARIZATION LINEAR ORIENTATION X
   7	 ADD BLOCK -2 -3 2 2
   8	 ADD HEXAGON 0 3
   9	 ADD HEXAGON -8 -8
  10	 ADD BLOCK 9 2 -4 1
  12	 GROUP_EXCITATION
  13	 AMPLITUDE UNIFORM 18
  14	 PHASE UNIFORM -14
  15	 END

** Generating GROUP: testgroup.
** PSTEP,QSTEP set to:86.000000,86.000000
** Grid ANGLE set to:90.000000 
** Group ROT_ANGLE set to: 0.000000 

** Writing output file: ../inputs/gr721.dat

NEL 
NPORTS
IDUM      REXA     REYA     REZA     THEA     PHEA     PSEA 
          AMP      PSH      PSC      PHEPOL
  72
  72
   1
   1
   1 	 -172.00  -258.00     0.00     0.00     0.00     0.00
   1 	 -172.00  -258.00     0.00     0.00     0.00     0.00
   	   18.00   -14.00     0.00     0.00
   	   18.00   -14.00     0.00     0.00
   2 	  -86.00  -258.00     0.00     0.00     0.00     0.00
   2 	  -86.00  -258.00     0.00     0.00     0.00     0.00
   	   18.00   -14.00     0.00     0.00
   	   18.00   -14.00     0.00     0.00
   3 	    0.00  -258.00     0.00     0.00     0.00     0.00
   3 	    0.00  -258.00     0.00     0.00     0.00     0.00
   	   18.00   -14.00     0.00     0.00
   	   18.00   -14.00     0.00     0.00
   4 	   86.00  -258.00     0.00     0.00     0.00     0.00
   4 	   86.00  -258.00     0.00     0.00     0.00     0.00
   	   18.00   -14.00     0.00     0.00
   	   18.00   -14.00     0.00     0.00
   5 	  172.00  -258.00     0.00     0.00     0.00     0.00
   5 	  172.00  -258.00     0.00     0.00     0.00     0.00
   	   18.00   -14.00     0.00     0.00
   	   18.00   -14.00     0.00     0.00
   6 	 -172.00  -172.00     0.00     0.00     0.00     0.00
   6 	 -172.00  -172.00     0.00     0.00     0.00     0.00
   	   18.00   -14.00     0.00     0.00
   	   18.00   -14.00     0.00     0.00
   7 	  -86.00  -172.00     0.00     0.00     0.00     0.00
   7 	  -86.00  -172.00     0.00     0.00     0.00     0.00
   	   18.00   -14.00     0.00     0.00
   	   18.00   -14.00     0.00     0.00
   8 	    0.00  -172.00     0.00     0.00     0.00     0.00
   8 	    0.00  -172.00     0.00     0.00     0.00     0.00
   	   18.00   -14.00     0.00     0.00
   	   18.00   -14.00     0.00     0.00
   9 	   86.00  -172.00     0.00     0.00     0.00     0.00
   9 	   86.00  -172.00     0.00     0.00     0.00     0.00
   	   18.00   -14.00     0.00     0.00
   	   18.00   -14.00     0.00     0.00
  10 	  172.00  -172.00     0.00     0.00     0.00     0.00
  10 	  172.00  -172.00     0.00     0.00     0.00     0.00
   	   18.00   -14.00     0.00     0.00
   	   18.00   -14.00     0.00     0.00
  11 	 -172.00   -86.00     0.00     0.00     0.00     0.00
  11 	 -172.00   -86.00     0.00     0.00     0.00     0.00
   	   18.00   -14.00     0.00     0.00
   	   18.00   -14.00     0.00     0.00
  12 	  -86.00   -86.00     0.00     0.00     0.00     0.00
  12 	  -86.00   -86.00     0.00     0.00     0.00     0.00
   	   18.00   -14.00     0.00     0.00
   	   18.00   -14.00     0.00     0.00
  13 	    0.00   -86.00     0.00     0.00     0.00     0.00
  13 	    0.00   -86.00     0.00     0.00     0.00     0.00
   	   18.00   -14.00     0.00     0.00
   	   18.00   -14.00     0.00     0.00
  14 	   86.00   -86.00     0.00     0.00     0.00     0.00
  14 	   86.00   -86.00     0.00     0.00     0.00     0.00
   	   18.00   -14.00     0.00     0.00
   	   18.00   -14.00     0.00     0.00
  15 	  172.00   -86.00     0.00     0.00     0.00     0.00
  15 	  172.00   -86.00     0.00     0.00     0.00     0.00
   	   18.00   -14.00     0.00     0.00
   	   18.00   -14.00     0.00     0.00
  16 	 -172.00     0.00     0.00     0.00     0.00     0.00
  16 	 -172.00     0.00     0.00     0.00     0.00     0.00
   	   18.00   -14.00     0.00     0.00
   	   18.00   -14.00     0.00     0.00
  17 	  -86.00     0.00     0.00     0.00     0.00     0.00
  17 	  -86.00     0.00     0.00     0.00     0.00     0.00
   	   18.00   -14.00     0.00     0.00
   	   18.00   -14.00     0.00     0.00
  18 	    0.00     0.00     0.00     0.00     0.00     0.00
  18 	    0.00     0.00     0.00     0.00     0.00     0.00
   	   18.00   -14.00     0.00     0.00
   	   18.00   -14.00     0.00     0.00
  19 	   86.00     0.00     0.00     0.00     0.00     0.00
  19 	   86.00     0.00     0.00     0.00     0.00     0.00
   	   18.00   -14.00     0.00     0.00
   	   18.00   -14.00     0.00     0.00
  20 	  172.00     0.00     0.00     0.00     0.00     0.00
  20 	  172.00     0.00     0.00     0.00     0.00     0.00
   	   18.00   -14.00     0.00     0.00
   	   18.00   -14.00     0.00     0.00
  21 	 -172.00    86.00     0.00     0.00     0.00     0.00
  21 	 -172.00    86.00     0.00     0.00     0.00     0.00
   	   18.00   -14.00     0.00     0.00
   	   18.00   -14.00     0.00     0.00
  22 	  -86.00    86.00     0.00     0.00     0.00     0.00
  22 	  -86.00    86.00     0.00     0.00     0.00     0.00
   	   18.00   -14.00     0.00     0.00
   	   18.00   -14.00     0.00     0.00
  23 	   -0.00    86.00     0.00     0.00     0.00     0.00
  23 	   -0.00    86.00     0.00     0.00     0.00     0.00
   	   18.00   -14.00     0.00     0.00
   	   18.00   -14.00     0.00     0.00
  24 	   86.00    86.00     0.00     0.00     0.00     0.00
  24 	   86.00    86.00     0.00     0.00     0.00     0.00
   	   18.00   -14.00     0.00     0.00
   	   18.00   -14.00     0.00     0.00
  25 	  172.00    86.00     0.00     0.00     0.00     0.00
  25 	  172.00    86.00     0.00     0.00     0.00     0.00
   	   18.00   -14.00     0.00     0.00
   	   18.00   -14.00     0.00     0.00
  26 	 -172.00   172.00     0.00     0.00     0.00     0.00
  26 	 -172.00   172.00     0.00     0.00     0.00     0.00
   	   18.00   -14.00     0.00     0.00
   	   18.00   -14.00     0.00     0.00
  27 	  -86.00   172.00     0.00     0.00     0.00     0.00
  27 	  -86.00   172.00     0.00     0.00     0.00     0.00
   	   18.00   -14.00     0.00     0.00
   	   18.00   -14.00     0.00     0.00
  28 	   -0.00   172.00     0.00     0.00     0.00     0.00
  28 	   -0.00   172.00     0.00     0.00     0.00     0.00
   	   18.00   -14.00     0.00     0.00
   	   18.00   -14.00     0.00     0.00
  29 	   86.00   172.00     0.00     0.00     0.00     0.00
  29 	   86.00   172.00     0.00     0.00     0.00     0.00
   	   18.00   -14.00     0.00     0.00
   	   18.00   -14.00     0.00     0.00
  30 	  172.00   172.00     0.00     0.00     0.00     0.00
  30 	  172.00   172.00     0.00     0.00     0.00     0.00
   	   18.00   -14.00     0.00     0.00
   	   18.00   -14.00     0.00     0.00
  31 	  -86.00   344.00     0.00     0.00     0.00     0.00
  31 	  -86.00   344.00     0.00     0.00     0.00     0.00
   	   18.00   -14.00     0.00     0.00
   	   18.00   -14.00     0.00     0.00
  32 	   -0.00   344.00     0.00     0.00     0.00     0.00
  32 	   -0.00   344.00     0.00     0.00     0.00     0.00
   	   18.00   -14.00     0.00     0.00
   	   18.00   -14.00     0.00     0.00
  33 	   86.00   258.00     0.00     0.00     0.00     0.00
  33 	   86.00   258.00     0.00     0.00     0.00     0.00
   	   18.00   -14.00     0.00     0.00
   	   18.00   -14.00     0.00     0.00
  34 	   86.00   172.00     0.00     0.00     0.00     0.00
  34 	   86.00   172.00     0.00     0.00     0.00     0.00
   	   18.00   -14.00     0.00     0.00
   	   18.00   -14.00     0.00     0.00
  35 	   -0.00   172.00     0.00     0.00     0.00     0.00
  35 	   -0.00   172.00     0.00     0.00     0.00     0.00
   	   18.00   -14.00     0.00     0.00
   	   18.00   -14.00     0.00     0.00
  36 	  -86.00   258.00     0.00     0.00     0.00     0.00
  36 	  -86.00   258.00     0.00     0.00     0.00     0.00
   	   18.00   -14.00     0.00     0.00
   	   18.00   -14.00     0.00     0.00
  37 	   -0.00   258.00     0.00     0.00     0.00     0.00
  37 	   -0.00   258.00     0.00     0.00     0.00     0.00
   	   18.00   -14.00     0.00     0.00
   	   18.00   -14.00     0.00     0.00
  38 	 -774.00  -602.00     0.00     0.00     0.00     0.00
  38 	 -774.00  -602.00     0.00     0.00     0.00     0.00
   	   18.00   -14.00     0.00     0.00
   	   18.00   -14.00     0.00     0.00
  39 	 -688.00  -602.00     0.00     0.00     0.00     0.00
  39 	 -688.00  -602.00     0.00     0.00     0.00     0.00
   	   18.00   -14.00     0.00     0.00
   	   18.00   -14.00     0.00     0.00
  40 	 -602.00  -688.00     0.00     0.00     0.00     0.00
  40 	 -602.00  -688.00     0.00     0.00     0.00     0.00
   	   18.00   -14.00     0.00     0.00
   	   18.00   -14.00     0.00     0.00
  41 	 -602.00  -774.00     0.00     0.00     0.00     0.00
  41 	 -602.00  -774.00     0.00     0.00     0.00     0.00
   	   18.00   -14.00     0.00     0.00
   	   18.00   -14.00     0.00     0.00
  42 	 -688.00  -774.00     0.00     0.00     0.00     0.00
  42 	 -688.00  -774.00     0.00     0.00     0.00     0.00
   	   18.00   -14.00     0.00     0.00
   	   18.00   -14.00     0.00     0.00
  43 	 -774.00  -688.00     0.00     0.00     0.00     0.00
  43 	 -774.00  -688.00     0.00     0.00     0.00     0.00
   	   18.00   -14.00     0.00     0.00
   	   18.00   -14.00     0.00     0.00
  44 	 -688.00  -688.00     0.00     0.00     0.00     0.00
  44 	 -688.00  -688.00     0.00     0.00     0.00     0.00
   	   18.00   -14.00     0.00     0.00
   	   18.00   -14.00     0.00     0.00
  45 	 -344.00    86.00     0.00     0.00     0.00     0.00
  45 	 -344.00    86.00     0.00     0.00     0.00     0.00
   	   18.00   -14.00     0.00     0.00
   	   18.00   -14.00     0.00     0.00
  46 	 -258.00    86.00     0.00     0.00     0.00     0.00
  46 	 -258.00    86.00     0.00     0.00     0.00     0.00
   	   18.00   -14.00     0.00     0.00
   	   18.00   -14.00     0.00     0.00
  47 	 -172.00    86.00     0.00     0.00     0.00     0.00
  47 	 -172.00    86.00     0.00     0.00     0.00     0.00
   	   18.00   -14.00     0.00     0.00
   	   18.00   -14.00     0.00     0.00
  48 	  -86.00    86.00     0.00     0.00     0.00     0.00
  48 	  -86.00    86.00     0.00     0.00     0.00     0.00
   	   18.00   -14.00     0.00     0.00
   	   18.00   -14.00     0.00     0.00
  49 	   -0.00    86.00     0.00     0.00     0.00     0.00
  49 	   -0.00    86.00     0.00     0.00     0.00     0.00
   	   18.00   -14.00     0.00     0.00
   	   18.00   -14.00     0.00     0.00
  50 	   86.00    86.00     0.00     0.00     0.00     0.00
  50 	   86.00    86.00     0.00     0.00     0.00     0.00
   	   18.00   -14.00     0.00     0.00
   	   18.00   -14.00     0.00     0.00
  51 	  172.00    86.00     0.00     0.00     0.00     0.00
  51 	  172.00    86.00     0.00     0.00     0.00     0.00
   	   18.00   -14.00     0.00     0.00
   	   18.00   -14.00     0.00     0.00
  52 	  258.00    86.00     0.00     0.00     0.00     0.00
  52 	  258.00    86.00     0.00     0.00     0.00     0.00
   	   18.00   -14.00     0.00     0.00
   	   18.00   -14.00     0.00     0.00
  53 	  344.00    86.00     0.00     0.00     0.00     0.00
  53 	  344.00    86.00     0.00     0.00     0.00     0.00
   	   18.00   -14.00     0.00     0.00
   	   18.00   -14.00     0.00     0.00
  54 	  430.00    86.00     0.00     0.00     0.00     0.00
  54 	  430.00    86.00     0.00     0.00     0.00     0.00
   	   18.00   -14.00     0.00     0.00
   	   18.00   -14.00     0.00     0.00
  55 	  516.00    86.00     0.00     0.00     0.00     0.00
  55 	  516.00    86.00     0.00     0.00     0.00     0.00
   	   18.00   -14.00     0.00     0.00
   	   18.00   -14.00     0.00     0.00
  56 	  602.00    86.00     0.00     0.00     0.00     0.00
  56 	  602.00    86.00     0.00     0.00     0.00     0.00
   	   18.00   -14.00     0.00     0.00
   	   18.00   -14.00     0.00     0.00
  57 	  688.00    86.00     0.00     0.00     0.00     0.00
  57 	  688.00    86.00     0.00     0.00     0.00     0.00
   	   18.00   -14.00     0.00     0.00
   	   18.00   -14.00     0.00     0.00
  58 	  774.00    86.00     0.00     0.00     0.00     0.00
  58 	  774.00    86.00     0.00     0.00     0.00     0.00
   	   18.00   -14.00     0.00     0.00
   	   18.00   -14.00     0.00     0.00
  59 	 -344.00   172.00     0.00     0.00     0.00     0.00
  59 	 -344.00   172.00     0.00     0.00     0.00     0.00
   	   18.00   -14.00     0.00     0.00
   	   18.00   -14.00     0.00     0.00
  60 	 -258.00   172.00     0.00     0.00     0.00     0.00
  60 	 -258.00   172.00     0.00     0.00     0.00     0.00
   	   18.00   -14.00     0.00     0.00
   	   18.00   -14.00     0.00     0.00
  61 	 -172.00   172.00     0.00     0.00     0.00     0.00
  61 	 -172.00   172.00     0.00     0.00     0.00     0.00
   	   18.00   -14.00     0.00     0.00
   	   18.00   -14.00     0.00     0.00
  62 	  -86.00   172.00     0.00     0.00     0.00     0.00
  62 	  -86.00   172.00     0.00     0.00     0.00     0.00
   	   18.00   -14.00     0.00     0.00
   	   18.00   -14.00     0.00     0.00
  63 	   -0.00   172.00     0.00     0.00     0.00     0.00
  63 	   -0.00   172.00     0.00     0.00     0.00     0.00
   	   18.00   -14.00     0.00     0.00
   	   18.00   -14.00     0.00     0.00
  64 	   86.00   172.00     0.00     0.00     0.00     0.00
  64 	   86.00   172.00     0.00     0.00     0.00     0.00
   	   18.00   -14.00     0.00     0.00
   	   18.00   -14.00     0.00     0.00
  65 	  172.00   172.00     0.00     0.00     0.00     0.00
  65 	  172.00   172.00     0.00     0.00     0.00     0.00
   	   18.00   -14.00     0.00     0.00
   	   18.00   -14.00     0.00     0.00
  66 	  258.00   172.00     0.00     0.00     0.00     0.00
  66 	  258.00   172.00     0.00     0.00     0.00     0.00
   	   18.00   -14.00     0.00     0.00
   	   18.00   -14.00     0.00     0.00
  67 	  344.00   172.00     0.00     0.00     0.00     0.00
  67 	  344.00   172.00     0.00     0.00     0.00     0.00
   	   18.00   -14.00     0.00     0.00
   	   18.00   -14.00     0.00     0.00
  68 	  430.00   172.00     0.00     0.00     0.00     0.00
  68 	  430.00   172.00     0.00     0.00     0.00     0.00
   	   18.00   -14.00     0.00     0.00
   	   18.00   -14.00     0.00     0.00
  69 	  516.00   172.00     0.00     0.00     0.00     0.00
  69 	  516.00   172.00     0.00     0.00     0.00     0.00
   	   18.00   -14.00     0.00     0.00
   	   18.00   -14.00     0.00     0.00
  70 	  602.00   172.00     0.00     0.00     0.00     0.00
  70 	  602.00   172.00     0.00     0.00     0.00     0.00
   	   18.00   -14.00     0.00     0.00
   	   18.00   -14.00     0.00     0.00
  71 	  688.00   172.00     0.00     0.00     0.00     0.00
  71 	  688.00   172.00     0.00     0.00     0.00     0.00
   	   18.00   -14.00     0.00     0.00
   	   18.00   -14.00     0.00     0.00
  72 	  774.00   172.00     0.00     0.00     0.00     0.00
  72 	  774.00   172.00     0.00     0.00     0.00     0.00
   	   18.00   -14.00     0.00     0.00
   	   18.00   -14.00     0.00     0.00

** End writing output file: ../inputs/gr721.dat 
