*******************************************************************************
                         ARRAY PREPROCESSOR ver. 1.0
*******************************************************************************



   1	GROUP testgroup
   3	 GRID RECTANGULAR
   4	 ELEMENT
   5	 GEOMETRY RECTANGULAR 45 44
   8	 ADD BLOCK 7 4 -5 1
  10	 GROUP_EXCITATION
  11	 AMPLITUDE UNIFORM 31
  12	 PHASE ROTATION SEQUENTIAL
  13	 END

** Generating GROUP: testgroup.
** PSTEP,QSTEP set to:62.936476,62.936476
** Grid ANGLE set to:90.000000 
** Group ROT_ANGLE set to: 0.000000 

** Writing output file: ../inputs/gr723.dat

NEL 
NPORTS
IDUM      REXA     REYA     REZA     THEA     PHEA     PSEA 
          AMP      PSH      PSC      PHEPOL
  52
  52
   1
   1
   1 	 -314.68    62.94     0.00     0.00  -186.92     0.00
   1 	 -314.68    62.94     0.00     0.00  -186.92     0.00
   	   31.00  -186.92     0.00    90.00
   	   31.00  -186.92     0.00    90.00
   2 	 -251.75    62.94     0.00     0.00  -180.00     0.00
   2 	 -251.75    62.94     0.00     0.00  -180.00     0.00
   	   31.00  -180.00     0.00    90.00
   	   31.00  -180.00     0.00    90.00
   3 	 -188.81    62.94     0.00     0.00  -173.08     0.00
   3 	 -188.81    62.94     0.00     0.00  -173.08     0.00
   	   31.00  -173.08     0.00    90.00
   	   31.00  -173.08     0.00    90.00
   4 	 -125.87    62.94     0.00     0.00  -166.15     0.00
   4 	 -125.87    62.94     0.00     0.00  -166.15     0.00
   	   31.00  -166.15     0.00    90.00
   	   31.00  -166.15     0.00    90.00
   5 	  -62.94    62.94     0.00     0.00  -159.23     0.00
   5 	  -62.94    62.94     0.00     0.00  -159.23     0.00
   	   31.00  -159.23     0.00    90.00
   	   31.00  -159.23     0.00    90.00
   6 	   -0.00    62.94     0.00     0.00  -152.31     0.00
   6 	   -0.00    62.94     0.00     0.00  -152.31     0.00
   	   31.00  -152.31     0.00    90.00
   	   31.00  -152.31     0.00    90.00
   7 	   62.94    62.94     0.00     0.00  -145.38     0.00
   7 	   62.94    62.94     0.00     0.00  -145.38     0.00
   	   31.00  -145.38     0.00    90.00
   	   31.00  -145.38     0.00    90.00
   8 	  125.87    62.94     0.00     0.00  -138.46     0.00
   8 	  125.87    62.94     0.00     0.00  -138.46     0.00
   	   31.00  -138.46     0.00    90.00
   	   31.00  -138.46     0.00    90.00
   9 	  188.81    62.94     0.00     0.00  -131.54     0.00
   9 	  188.81    62.94     0.00     0.00  -131.54     0.00
   	   31.00  -131.54     0.00    90.00
   	   31.00  -131.54     0.00    90.00
  10 	  251.75    62.94     0.00     0.00  -124.62     0.00
  10 	  251.75    62.94     0.00     0.00  -124.62     0.00
   	   31.00  -124.62     0.00    90.00
   	   31.00  -124.62     0.00    90.00
  11 	  314.68    62.94     0.00     0.00  -117.69     0.00
  11 	  314.68    62.94     0.00     0.00  -117.69     0.00
   	   31.00  -117.69     0.00    90.00
   	   31.00  -117.69     0.00    90.00
  12 	  377.62    62.94     0.00     0.00  -110.77     0.00
  12 	  377.62    62.94     0.00     0.00  -110.77     0.00
   	   31.00  -110.77     0.00    90.00
   	   31.00  -110.77     0.00    90.00
  13 	  440.56    62.94     0.00     0.00  -103.85     0.00
  13 	  440.56    62.94     0.00     0.00  -103.85     0.00
   	   31.00  -103.85     0.00    90.00
   	   31.00  -103.85     0.00    90.00
  14 	 -314.68   125.87     0.00     0.00  -193.85     0.00
  14 	 -314.68   125.87     0.00     0.00  -193.85     0.00
   	   31.00  -193.85     0.00    90.00
   	   31.00  -193.85     0.00    90.00
  15 	 -251.75   125.87     0.00     0.00  -353.08     0.00
  15 	 -251.75   125.87     0.00     0.00  -353.08     0.00
   	   31.00  -353.08     0.00    90.00
   	   31.00  -353.08     0.00    90.00
  16 	 -188.81   125.87     0.00     0.00  -346.15     0.00
  16 	 -188.81   125.87     0.00     0.00  -346.15     0.00
   	   31.00  -346.15     0.00    90.00
   	   31.00  -346.15     0.00    90.00
  17 	 -125.87   125.87     0.00     0.00  -339.23     0.00
  17 	 -125.87   125.87     0.00     0.00  -339.23     0.00
   	   31.00  -339.23     0.00    90.00
   	   31.00  -339.23     0.00    90.00
  18 	  -62.94   125.87     0.00     0.00  -332.31     0.00
  18 	  -62.94   125.87     0.00     0.00  -332.31     0.00
   	   31.00  -332.31     0.00    90.00
   	   31.00  -332.31     0.00    90.00
  19 	   -0.00   125.87     0.00     0.00  -325.38     0.00
  19 	   -0.00   125.87     0.00     0.00  -325.38     0.00
   	   31.00  -325.38     0.00    90.00
   	   31.00  -325.38     0.00    90.00
  20 	   62.94   125.87     0.00     0.00  -318.46     0.00
  20 	   62.94   125.87     0.00     0.00  -318.46     0.00
   	   31.00  -318.46     0.00    90.00
   	   31.00  -318.46     0.00    90.00
  21 	  125.87   125.87     0.00     0.00  -311.54     0.00
  21 	  125.87   125.87     0.00     0.00  -311.54     0.00
   	   31.00  -311.54     0.00    90.00
   	   31.00  -311.54     0.00    90.00
  22 	  188.81   125.87     0.00     0.00  -304.62     0.00
  22 	  188.81   125.87     0.00     0.00  -304.62     0.00
   	   31.00  -304.62     0.00    90.00
   	   31.00  -304.62     0.00    90.00
  23 	  251.75   125.87     0.00     0.00  -297.69     0.00
  23 	  251.75   125.87     0.00     0.00  -297.69     0.00
   	   31.00  -297.69     0.00    90.00
   	   31.00  -297.69     0.00    90.00
  24 	  314.68   125.87     0.00     0.00  -290.77     0.00
  24 	  314.68   125.87     0.00     0.00  -290.77     0.00
   	   31.00  -290.77     0.00    90.00
   	   31.00  -290.77     0.00    90.00
  25 	  377.62   125.87     0.00     0.00  -283.85     0.00
  25 	  377.62   125.87     0.00     0.00  -283.85     0.00
   	   31.00  -283.85     0.00    90.00
   	   31.00  -283.85     0.00    90.00
  26 	  440.56   125.87     0.00     0.00   -96.92     0.00
  26 	  440.56   125.87     0.00     0.00   -96.92     0.00
   	   31.00   -96.92     0.00    90.00
   	   31.00   -96.92     0.00    90.00
  27 	 -314.68   188.81     0.00     0.00  -200.77     0.00
  27 	 -314.68   188.81     0.00     0.00  -200.77     0.00
   	   31.00  -200.77     0.00    90.00
   	   31.00  -200.77     0.00    90.00
  28 	 -251.75   188.81     0.00     0.00  -207.69     0.00
  28 	 -251.75   188.81     0.00     0.00  -207.69     0.00
   	   31.00  -207.69     0.00    90.00
   	   31.00  -207.69     0.00    90.00
  29 	 -188.81   188.81     0.00     0.00  -214.62     0.00
  29 	 -188.81   188.81     0.00     0.00  -214.62     0.00
   	   31.00  -214.62     0.00    90.00
   	   31.00  -214.62     0.00    90.00
  30 	 -125.87   188.81     0.00     0.00  -221.54     0.00
  30 	 -125.87   188.81     0.00     0.00  -221.54     0.00
   	   31.00  -221.54     0.00    90.00
   	   31.00  -221.54     0.00    90.00
  31 	  -62.94   188.81     0.00     0.00  -228.46     0.00
  31 	  -62.94   188.81     0.00     0.00  -228.46     0.00
   	   31.00  -228.46     0.00    90.00
   	   31.00  -228.46     0.00    90.00
  32 	   -0.00   188.81     0.00     0.00  -235.38     0.00
  32 	   -0.00   188.81     0.00     0.00  -235.38     0.00
   	   31.00  -235.38     0.00    90.00
   	   31.00  -235.38     0.00    90.00
  33 	   62.94   188.81     0.00     0.00  -242.31     0.00
  33 	   62.94   188.81     0.00     0.00  -242.31     0.00
   	   31.00  -242.31     0.00    90.00
   	   31.00  -242.31     0.00    90.00
  34 	  125.87   188.81     0.00     0.00  -249.23     0.00
  34 	  125.87   188.81     0.00     0.00  -249.23     0.00
   	   31.00  -249.23     0.00    90.00
   	   31.00  -249.23     0.00    90.00
  35 	  188.81   188.81     0.00     0.00  -256.15     0.00
  35 	  188.81   188.81     0.00     0.00  -256.15     0.00
   	   31.00  -256.15     0.00    90.00
   	   31.00  -256.15     0.00    90.00
  36 	  251.75   188.81     0.00     0.00  -263.08     0.00
  36 	  251.75   188.81     0.00     0.00  -263.08     0.00
   	   31.00  -263.08     0.00    90.00
   	   31.00  -263.08     0.00    90.00
  37 	  314.68   188.81     0.00     0.00  -270.00     0.00
  37 	  314.68   188.81     0.00     0.00  -270.00     0.00
   	   31.00  -270.00     0.00    90.00
   	   31.00  -270.00     0.00    90.00
  38 	  377.62   188.81     0.00     0.00  -276.92     0.00
  38 	  377.62   188.81     0.00     0.00  -276.92     0.00
   	   31.00  -276.92     0.00    90.00
   	   31.00  -276.92     0.00    90.00
  39 	  440.56   188.81     0.00     0.00   -90.00     0.00
  39 	  440.56   188.81     0.00     0.00   -90.00     0.00
   	   31.00   -90.00     0.00    90.00
   	   31.00   -90.00     0.00    90.00
  40 	 -314.68   251.75     0.00     0.00     0.00     0.00
  40 	 -314.68   251.75     0.00     0.00     0.00     0.00
   	   31.00     0.00     0.00    90.00
   	   31.00     0.00     0.00    90.00
  41 	 -251.75   251.75     0.00     0.00    -6.92     0.00
  41 	 -251.75   251.75     0.00     0.00    -6.92     0.00
   	   31.00    -6.92     0.00    90.00
   	   31.00    -6.92     0.00    90.00
  42 	 -188.81   251.75     0.00     0.00   -13.85     0.00
  42 	 -188.81   251.75     0.00     0.00   -13.85     0.00
   	   31.00   -13.85     0.00    90.00
   	   31.00   -13.85     0.00    90.00
  43 	 -125.87   251.75     0.00     0.00   -20.77     0.00
  43 	 -125.87   251.75     0.00     0.00   -20.77     0.00
   	   31.00   -20.77     0.00    90.00
   	   31.00   -20.77     0.00    90.00
  44 	  -62.94   251.75     0.00     0.00   -27.69     0.00
  44 	  -62.94   251.75     0.00     0.00   -27.69     0.00
   	   31.00   -27.69     0.00    90.00
   	   31.00   -27.69     0.00    90.00
  45 	   -0.00   251.75     0.00     0.00   -34.62     0.00
  45 	   -0.00   251.75     0.00     0.00   -34.62     0.00
   	   31.00   -34.62     0.00    90.00
   	   31.00   -34.62     0.00    90.00
  46 	   62.94   251.75     0.00     0.00   -41.54     0.00
  46 	   62.94   251.75     0.00     0.00   -41.54     0.00
   	   31.00   -41.54     0.00    90.00
   	   31.00   -41.54     0.00    90.00
  47 	  125.87   251.75     0.00     0.00   -48.46     0.00
  47 	  125.87   251.75     0.00     0.00   -48.46     0.00
   	   31.00   -48.46     0.00    90.00
   	   31.00   -48.46     0.00    90.00
  48 	  188.81   251.75     0.00     0.00   -55.38     0.00
  48 	  188.81   251.75     0.00     0.00   -55.38     0.00
   	   31.00   -55.38     0.00    90.00
   	   31.00   -55.38     0.00    90.00
  49 	  251.75   251.75     0.00     0.00   -62.31     0.00
  49 	  251.75   251.75     0.00     0.00   -62.31     0.00
   	   31.00   -62.31     0.00    90.00
   	   31.00   -62.31     0.00    90.00
  50 	  314.68   251.75     0.00     0.00   -69.23     0.00
  50 	  314.68   251.75     0.00     0.00   -69.23     0.00
   	   31.00   -69.23     0.00    90.00
   	   31.00   -69.23     0.00    90.00
  51 	  377.62   251.75     0.00     0.00   -76.15     0.00
  51 	  377.62   251.75     0.00     0.00   -76.15     0.00
   	   31.00   -76.15     0.00    90.00
   	   31.00   -76.15     0.00    90.00
  52 	  440.56   251.75     0.00     0.00   -83.08     0.00
  52 	  440.56   251.75     0.00     0.00   -83.08     0.00
   	   31.00   -83.08     0.00    90.00
   	   31.00   -83.08     0.00    90.00

** End writing output file: ../inputs/gr723.dat 
