*******************************************************************************
                         ARRAY PREPROCESSOR ver. 1.0
*******************************************************************************



   1	GROUP testgroup
   3	 GRID HEXAGONAL
   4	 ELEMENT
   5	 GEOMETRY CIRCULAR 54
   7	 PORTS 4
   8	 PORT 1
   9	 AMPLITUDE 37
  10	 PHASE_POL_ARRANG 507
  11	 PORT 2
  12	 AMPLITUDE 25
  13	 PORT 3
  14	 AMPLITUDE 30
  15	 PHASE_POL_ARRANG 625
  16	 PORT 4
  17	 AMPLITUDE 34
  18	 PHASE_POL_ARRANG 566
  19	 ADD BLOCK 0 -3 6 -3
  21	 GROUP_EXCITATION
  22	 AMPLITUDE UNIFORM 27
  23	 PHASE UNIFORM -39 deg
  24	 END

** Generating GROUP: testgroup.
** PSTEP,QSTEP set to:108.000000,108.000000
** Grid ANGLE set to:60.000000 
** Group ROT_ANGLE set to: 0.000000 

** Writing output file: ../inputs/gr724.dat

NEL 
NPORTS
IDUM      REXA     REYA     REZA     THEA     PHEA     PSEA 
          AMP      PSH      PSC      PHEPOL
   7
   7
   4
   4
   1 	 -162.00  -280.59     0.00     0.00     0.00     0.00
   1 	 -162.00  -280.59     0.00     0.00     0.00     0.00
   	  999.00   468.00     0.00    90.00
   	  999.00   468.00     0.00    90.00
   	  675.00   -39.00     0.00    90.00
   	  675.00   -39.00     0.00    90.00
   	  810.00   586.00     0.00    90.00
   	  810.00   586.00     0.00    90.00
   	  918.00   527.00     0.00    90.00
   	  918.00   527.00     0.00    90.00
   2 	  -54.00  -280.59     0.00     0.00     0.00     0.00
   2 	  -54.00  -280.59     0.00     0.00     0.00     0.00
   	  999.00   468.00     0.00    90.00
   	  999.00   468.00     0.00    90.00
   	  675.00   -39.00     0.00    90.00
   	  675.00   -39.00     0.00    90.00
   	  810.00   586.00     0.00    90.00
   	  810.00   586.00     0.00    90.00
   	  918.00   527.00     0.00    90.00
   	  918.00   527.00     0.00    90.00
   3 	   54.00  -280.59     0.00     0.00     0.00     0.00
   3 	   54.00  -280.59     0.00     0.00     0.00     0.00
   	  999.00   468.00     0.00    90.00
   	  999.00   468.00     0.00    90.00
   	  675.00   -39.00     0.00    90.00
   	  675.00   -39.00     0.00    90.00
   	  810.00   586.00     0.00    90.00
   	  810.00   586.00     0.00    90.00
   	  918.00   527.00     0.00    90.00
   	  918.00   527.00     0.00    90.00
   4 	  162.00  -280.59     0.00     0.00     0.00     0.00
   4 	  162.00  -280.59     0.00     0.00     0.00     0.00
   	  999.00   468.00     0.00    90.00
   	  999.00   468.00     0.00    90.00
   	  675.00   -39.00     0.00    90.00
   	  675.00   -39.00     0.00    90.00
   	  810.00   586.00     0.00    90.00
   	  810.00   586.00     0.00    90.00
   	  918.00   527.00     0.00    90.00
   	  918.00   527.00     0.00    90.00
   5 	  270.00  -280.59     0.00     0.00     0.00     0.00
   5 	  270.00  -280.59     0.00     0.00     0.00     0.00
   	  999.00   468.00     0.00    90.00
   	  999.00   468.00     0.00    90.00
   	  675.00   -39.00     0.00    90.00
   	  675.00   -39.00     0.00    90.00
   	  810.00   586.00     0.00    90.00
   	  810.00   586.00     0.00    90.00
   	  918.00   527.00     0.00    90.00
   	  918.00   527.00     0.00    90.00
   6 	  378.00  -280.59     0.00     0.00     0.00     0.00
   6 	  378.00  -280.59     0.00     0.00     0.00     0.00
   	  999.00   468.00     0.00    90.00
   	  999.00   468.00     0.00    90.00
   	  675.00   -39.00     0.00    90.00
   	  675.00   -39.00     0.00    90.00
   	  810.00   586.00     0.00    90.00
   	  810.00   586.00     0.00    90.00
   	  918.00   527.00     0.00    90.00
   	  918.00   527.00     0.00    90.00
   7 	  486.00  -280.59     0.00     0.00     0.00     0.00
   7 	  486.00  -280.59     0.00     0.00     0.00     0.00
   	  999.00   468.00     0.00    90.00
   	  999.00   468.00     0.00    90.00
   	  675.00   -39.00     0.00    90.00
   	  675.00   -39.00     0.00    90.00
   	  810.00   586.00     0.00    90.00
   	  810.00   586.00     0.00    90.00
   	  918.00   527.00     0.00    90.00
   	  918.00   527.00     0.00    90.00

** End writing output file: ../inputs/gr724.dat 
