*******************************************************************************
                         ARRAY PREPROCESSOR ver. 1.0
*******************************************************************************



   1	GROUP testgroup
   3	 GRID SQUARE
   4	 ELEMENT
   5	 GEOMETRY CIRCULAR 94
   6	 POLARIZATION CIRCULAR
   7	 ADD BLOCK 5 0 4 -5
   9	 GROUP_EXCITATION
  10	 AMPLITUDE SECOND ORDER 22 31 30 24 32
  11	 PHASE UNIFORM -13
  12	 END

** Generating GROUP: testgroup.
** PSTEP,QSTEP set to:188.000000,188.000000
** Grid ANGLE set to:90.000000 
** Group ROT_ANGLE set to: 0.000000 

** Writing output file: ../inputs/gr730.dat

NEL 
NPORTS
IDUM      REXA     REYA     REZA     THEA     PHEA     PSEA 
          AMP      PSH      PSC      PHEPOL
  12
  12
   1
   1
   1 	  752.00  -940.00     0.00     0.00     0.00     0.00
   1 	  752.00  -940.00     0.00     0.00     0.00     0.00
   	   33.00   -13.00     0.00    90.00
   	   33.00   -13.00     0.00    90.00
   2 	  940.00  -940.00     0.00     0.00     0.00     0.00
   2 	  940.00  -940.00     0.00     0.00     0.00     0.00
   	   32.00   -13.00     0.00    90.00
   	   32.00   -13.00     0.00    90.00
   3 	  752.00  -752.00     0.00     0.00     0.00     0.00
   3 	  752.00  -752.00     0.00     0.00     0.00     0.00
   	   30.76   -13.00     0.00    90.00
   	   30.76   -13.00     0.00    90.00
   4 	  940.00  -752.00     0.00     0.00     0.00     0.00
   4 	  940.00  -752.00     0.00     0.00     0.00     0.00
   	   29.76   -13.00     0.00    90.00
   	   29.76   -13.00     0.00    90.00
   5 	  752.00  -564.00     0.00     0.00     0.00     0.00
   5 	  752.00  -564.00     0.00     0.00     0.00     0.00
   	   30.44   -13.00     0.00    90.00
   	   30.44   -13.00     0.00    90.00
   6 	  940.00  -564.00     0.00     0.00     0.00     0.00
   6 	  940.00  -564.00     0.00     0.00     0.00     0.00
   	   29.44   -13.00     0.00    90.00
   	   29.44   -13.00     0.00    90.00
   7 	  752.00  -376.00     0.00     0.00     0.00     0.00
   7 	  752.00  -376.00     0.00     0.00     0.00     0.00
   	   32.04   -13.00     0.00    90.00
   	   32.04   -13.00     0.00    90.00
   8 	  940.00  -376.00     0.00     0.00     0.00     0.00
   8 	  940.00  -376.00     0.00     0.00     0.00     0.00
   	   31.04   -13.00     0.00    90.00
   	   31.04   -13.00     0.00    90.00
   9 	  752.00  -188.00     0.00     0.00     0.00     0.00
   9 	  752.00  -188.00     0.00     0.00     0.00     0.00
   	   35.56   -13.00     0.00    90.00
   	   35.56   -13.00     0.00    90.00
  10 	  940.00  -188.00     0.00     0.00     0.00     0.00
  10 	  940.00  -188.00     0.00     0.00     0.00     0.00
   	   34.56   -13.00     0.00    90.00
   	   34.56   -13.00     0.00    90.00
  11 	  752.00     0.00     0.00     0.00     0.00     0.00
  11 	  752.00     0.00     0.00     0.00     0.00     0.00
   	   41.00   -13.00     0.00    90.00
   	   41.00   -13.00     0.00    90.00
  12 	  940.00     0.00     0.00     0.00     0.00     0.00
  12 	  940.00     0.00     0.00     0.00     0.00     0.00
   	   40.00   -13.00     0.00    90.00
   	   40.00   -13.00     0.00    90.00

** End writing output file: ../inputs/gr730.dat 
