*******************************************************************************
                         ARRAY PREPROCESSOR ver. 1.0
*******************************************************************************



   1	GROUP testgroup
   3	 GRID HEXAGONAL
   4	 ELEMENT
   5	 GEOMETRY CIRCULAR 107
   6	 POLARIZATION CIRCULAR LH
   8	 PORTS 9
   9	 PORT 1
  10	 AMPLITUDE 50
  12	 PHASE_SCANNING 413
  13	 PHASE_POL_ARRANG 418
  14	 PORT 2
  15	 AMPLITUDE 81
  17	 PHASE_SHAPING 391
  18	 PHASE_POL_ARRANG 634
  19	 PORT 3
  20	 AMPLITUDE 50
  22	 PORT 4
  23	 AMPLITUDE 78
  25	 PHASE_POL_ARRANG 502
  26	 PORT 5
  27	 AMPLITUDE 46
  29	 PHASE_SCANNING 453
  30	 PORT 6
  31	 AMPLITUDE 40
  33	 PHASE_POL_ARRANG 548
  34	 PORT 7
  35	 AMPLITUDE 81
  37	 PHASE_POL_ARRANG 493
  38	 PORT 8
  39	 AMPLITUDE 46
  41	 PHASE_POL_ARRANG 490 deg
  42	 PORT 9
  43	 AMPLITUDE 65
  45	 PHASE_POL_ARRANG 453
  46	 ADD BLOCK -5 -3 -4 -6
  48	 GROUP_EXCITATION
  49	 AMPLITUDE UNIFORM 23
  50	 PHASE UNIFORM -249
  51	 END

** Generating GROUP: testgroup.
** PSTEP,QSTEP set to:214.000000,214.000000
** Grid ANGLE set to:60.000000 
** Group ROT_ANGLE set to: 0.000000 

** Writing output file: ../inputs/gr736.dat

NEL 
NPORTS
IDUM      REXA     REYA     REZA     THEA     PHEA     PSEA 
          AMP      PSH      PSC      PHEPOL
   8
   8
   9
   9
   1 	-1712.00 -1111.98     0.00     0.00     0.00     0.00
   1 	-1712.00 -1111.98     0.00     0.00     0.00     0.00
   	 1150.00   169.00   413.00    90.00
   	 1150.00   169.00   413.00    90.00
   	 1863.00   776.00     0.00    90.00
   	 1863.00   776.00     0.00    90.00
   	 1150.00  -249.00     0.00    90.00
   	 1150.00  -249.00     0.00    90.00
   	 1794.00   253.00     0.00    90.00
   	 1794.00   253.00     0.00    90.00
   	 1058.00  -249.00   453.00    90.00
   	 1058.00  -249.00   453.00    90.00
   	  920.00   299.00     0.00    90.00
   	  920.00   299.00     0.00    90.00
   	 1863.00   244.00     0.00    90.00
   	 1863.00   244.00     0.00    90.00
   	 1058.00   241.00     0.00    90.00
   	 1058.00   241.00     0.00    90.00
   	 1495.00   204.00     0.00    90.00
   	 1495.00   204.00     0.00    90.00
   2 	-1498.00 -1111.98     0.00     0.00     0.00     0.00
   2 	-1498.00 -1111.98     0.00     0.00     0.00     0.00
   	 1150.00   169.00   413.00    90.00
   	 1150.00   169.00   413.00    90.00
   	 1863.00   776.00     0.00    90.00
   	 1863.00   776.00     0.00    90.00
   	 1150.00  -249.00     0.00    90.00
   	 1150.00  -249.00     0.00    90.00
   	 1794.00   253.00     0.00    90.00
   	 1794.00   253.00     0.00    90.00
   	 1058.00  -249.00   453.00    90.00
   	 1058.00  -249.00   453.00    90.00
   	  920.00   299.00     0.00    90.00
   	  920.00   299.00     0.00    90.00
   	 1863.00   244.00     0.00    90.00
   	 1863.00   244.00     0.00    90.00
   	 1058.00   241.00     0.00    90.00
   	 1058.00   241.00     0.00    90.00
   	 1495.00   204.00     0.00    90.00
   	 1495.00   204.00     0.00    90.00
   3 	-1605.00  -926.65     0.00     0.00     0.00     0.00
   3 	-1605.00  -926.65     0.00     0.00     0.00     0.00
   	 1150.00   169.00   413.00    90.00
   	 1150.00   169.00   413.00    90.00
   	 1863.00   776.00     0.00    90.00
   	 1863.00   776.00     0.00    90.00
   	 1150.00  -249.00     0.00    90.00
   	 1150.00  -249.00     0.00    90.00
   	 1794.00   253.00     0.00    90.00
   	 1794.00   253.00     0.00    90.00
   	 1058.00  -249.00   453.00    90.00
   	 1058.00  -249.00   453.00    90.00
   	  920.00   299.00     0.00    90.00
   	  920.00   299.00     0.00    90.00
   	 1863.00   244.00     0.00    90.00
   	 1863.00   244.00     0.00    90.00
   	 1058.00   241.00     0.00    90.00
   	 1058.00   241.00     0.00    90.00
   	 1495.00   204.00     0.00    90.00
   	 1495.00   204.00     0.00    90.00
   4 	-1391.00  -926.65     0.00     0.00     0.00     0.00
   4 	-1391.00  -926.65     0.00     0.00     0.00     0.00
   	 1150.00   169.00   413.00    90.00
   	 1150.00   169.00   413.00    90.00
   	 1863.00   776.00     0.00    90.00
   	 1863.00   776.00     0.00    90.00
   	 1150.00  -249.00     0.00    90.00
   	 1150.00  -249.00     0.00    90.00
   	 1794.00   253.00     0.00    90.00
   	 1794.00   253.00     0.00    90.00
   	 1058.00  -249.00   453.00    90.00
   	 1058.00  -249.00   453.00    90.00
   	  920.00   299.00     0.00    90.00
   	  920.00   299.00     0.00    90.00
   	 1863.00   244.00     0.00    90.00
   	 1863.00   244.00     0.00    90.00
   	 1058.00   241.00     0.00    90.00
   	 1058.00   241.00     0.00    90.00
   	 1495.00   204.00     0.00    90.00
   	 1495.00   204.00     0.00    90.00
   5 	-1498.00  -741.32     0.00     0.00     0.00     0.00
   5 	-1498.00  -741.32     0.00     0.00     0.00     0.00
   	 1150.00   169.00   413.00    90.00
   	 1150.00   169.00   413.00    90.00
   	 1863.00   776.00     0.00    90.00
   	 1863.00   776.00     0.00    90.00
   	 1150.00  -249.00     0.00    90.00
   	 1150.00  -249.00     0.00    90.00
   	 1794.00   253.00     0.00    90.00
   	 1794.00   253.00     0.00    90.00
   	 1058.00  -249.00   453.00    90.00
   	 1058.00  -249.00   453.00    90.00
   	  920.00   299.00     0.00    90.00
   	  920.00   299.00     0.00    90.00
   	 1863.00   244.00     0.00    90.00
   	 1863.00   244.00     0.00    90.00
   	 1058.00   241.00     0.00    90.00
   	 1058.00   241.00     0.00    90.00
   	 1495.00   204.00     0.00    90.00
   	 1495.00   204.00     0.00    90.00
   6 	-1284.00  -741.32     0.00     0.00     0.00     0.00
   6 	-1284.00  -741.32     0.00     0.00     0.00     0.00
   	 1150.00   169.00   413.00    90.00
   	 1150.00   169.00   413.00    90.00
   	 1863.00   776.00     0.00    90.00
   	 1863.00   776.00     0.00    90.00
   	 1150.00  -249.00     0.00    90.00
   	 1150.00  -249.00     0.00    90.00
   	 1794.00   253.00     0.00    90.00
   	 1794.00   253.00     0.00    90.00
   	 1058.00  -249.00   453.00    90.00
   	 1058.00  -249.00   453.00    90.00
   	  920.00   299.00     0.00    90.00
   	  920.00   299.00     0.00    90.00
   	 1863.00   244.00     0.00    90.00
   	 1863.00   244.00     0.00    90.00
   	 1058.00   241.00     0.00    90.00
   	 1058.00   241.00     0.00    90.00
   	 1495.00   204.00     0.00    90.00
   	 1495.00   204.00     0.00    90.00
   7 	-1391.00  -555.99     0.00     0.00     0.00     0.00
   7 	-1391.00  -555.99     0.00     0.00     0.00     0.00
   	 1150.00   169.00   413.00    90.00
   	 1150.00   169.00   413.00    90.00
   	 1863.00   776.00     0.00    90.00
   	 1863.00   776.00     0.00    90.00
   	 1150.00  -249.00     0.00    90.00
   	 1150.00  -249.00     0.00    90.00
   	 1794.00   253.00     0.00    90.00
   	 1794.00   253.00     0.00    90.00
   	 1058.00  -249.00   453.00    90.00
   	 1058.00  -249.00   453.00    90.00
   	  920.00   299.00     0.00    90.00
   	  920.00   299.00     0.00    90.00
   	 1863.00   244.00     0.00    90.00
   	 1863.00   244.00     0.00    90.00
   	 1058.00   241.00     0.00    90.00
   	 1058.00   241.00     0.00    90.00
   	 1495.00   204.00     0.00    90.00
   	 1495.00   204.00     0.00    90.00
   8 	-1177.00  -555.99     0.00     0.00     0.00     0.00
   8 	-1177.00  -555.99     0.00     0.00     0.00     0.00
   	 1150.00   169.00   413.00    90.00
   	 1150.00   169.00   413.00    90.00
   	 1863.00   776.00     0.00    90.00
   	 1863.00   776.00     0.00    90.00
   	 1150.00  -249.00     0.00    90.00
   	 1150.00  -249.00     0.00    90.00
   	 1794.00   253.00     0.00    90.00
   	 1794.00   253.00     0.00    90.00
   	 1058.00  -249.00   453.00    90.00
   	 1058.00  -249.00   453.00    90.00
   	  920.00   299.00     0.00    90.00
   	  920.00   299.00     0.00    90.00
   	 1863.00   244.00     0.00    90.00
   	 1863.00   244.00     0.00    90.00
   	 1058.00   241.00     0.00    90.00
   	 1058.00   241.00     0.00    90.00
   	 1495.00   204.00     0.00    90.00
   	 1495.00   204.00     0.00    90.00

** End writing output file: ../inputs/gr736.dat 
