*******************************************************************************
                         ARRAY PREPROCESSOR ver. 1.0
*******************************************************************************



   1	GROUP testgroup
   3	 GRID TRIANGULAR
   4	 ELEMENT
   5	 GEOMETRY CIRCULAR 39
   7	 ADD NODE -3 5
   8	 ADD BLOCK 8 -7 5 0
   9	 ADD BLOCK -12 10 6 1
  11	 GROUP_EXCITATION
  12	 AMPLITUDE UNIFORM 29
  13	 PHASE UNIFORM -264
  14	 END

** WARNING B2: GRID step(s) too small for specified element in GROUP: testgroup
** Generating GROUP: testgroup.
** PSTEP,QSTEP set to:78.000000,78.000000
** Grid ANGLE set to:60.000000 
** Group ROT_ANGLE set to: 0.000000 

** Writing output file: ../inputs/gr738.dat

NEL 
NPORTS
IDUM      REXA     REYA     REZA     THEA     PHEA     PSEA 
          AMP      PSH      PSC      PHEPOL
 223
 223
   1
   1
   1 	  -39.00   337.75     0.00     0.00     0.00     0.00
   1 	  -39.00   337.75     0.00     0.00     0.00     0.00
   	   29.00  -264.00     0.00    90.00
   	   29.00  -264.00     0.00    90.00
   2 	  117.00  -472.85     0.00     0.00     0.00     0.00
   2 	  117.00  -472.85     0.00     0.00     0.00     0.00
   	   29.00  -264.00     0.00    90.00
   	   29.00  -264.00     0.00    90.00
   3 	  195.00  -472.85     0.00     0.00     0.00     0.00
   3 	  195.00  -472.85     0.00     0.00     0.00     0.00
   	   29.00  -264.00     0.00    90.00
   	   29.00  -264.00     0.00    90.00
   4 	  273.00  -472.85     0.00     0.00     0.00     0.00
   4 	  273.00  -472.85     0.00     0.00     0.00     0.00
   	   29.00  -264.00     0.00    90.00
   	   29.00  -264.00     0.00    90.00
   5 	  351.00  -472.85     0.00     0.00     0.00     0.00
   5 	  351.00  -472.85     0.00     0.00     0.00     0.00
   	   29.00  -264.00     0.00    90.00
   	   29.00  -264.00     0.00    90.00
   6 	  156.00  -405.30     0.00     0.00     0.00     0.00
   6 	  156.00  -405.30     0.00     0.00     0.00     0.00
   	   29.00  -264.00     0.00    90.00
   	   29.00  -264.00     0.00    90.00
   7 	  234.00  -405.30     0.00     0.00     0.00     0.00
   7 	  234.00  -405.30     0.00     0.00     0.00     0.00
   	   29.00  -264.00     0.00    90.00
   	   29.00  -264.00     0.00    90.00
   8 	  312.00  -405.30     0.00     0.00     0.00     0.00
   8 	  312.00  -405.30     0.00     0.00     0.00     0.00
   	   29.00  -264.00     0.00    90.00
   	   29.00  -264.00     0.00    90.00
   9 	  390.00  -405.30     0.00     0.00     0.00     0.00
   9 	  390.00  -405.30     0.00     0.00     0.00     0.00
   	   29.00  -264.00     0.00    90.00
   	   29.00  -264.00     0.00    90.00
  10 	  195.00  -337.75     0.00     0.00     0.00     0.00
  10 	  195.00  -337.75     0.00     0.00     0.00     0.00
   	   29.00  -264.00     0.00    90.00
   	   29.00  -264.00     0.00    90.00
  11 	  273.00  -337.75     0.00     0.00     0.00     0.00
  11 	  273.00  -337.75     0.00     0.00     0.00     0.00
   	   29.00  -264.00     0.00    90.00
   	   29.00  -264.00     0.00    90.00
  12 	  351.00  -337.75     0.00     0.00     0.00     0.00
  12 	  351.00  -337.75     0.00     0.00     0.00     0.00
   	   29.00  -264.00     0.00    90.00
   	   29.00  -264.00     0.00    90.00
  13 	  429.00  -337.75     0.00     0.00     0.00     0.00
  13 	  429.00  -337.75     0.00     0.00     0.00     0.00
   	   29.00  -264.00     0.00    90.00
   	   29.00  -264.00     0.00    90.00
  14 	  234.00  -270.20     0.00     0.00     0.00     0.00
  14 	  234.00  -270.20     0.00     0.00     0.00     0.00
   	   29.00  -264.00     0.00    90.00
   	   29.00  -264.00     0.00    90.00
  15 	  312.00  -270.20     0.00     0.00     0.00     0.00
  15 	  312.00  -270.20     0.00     0.00     0.00     0.00
   	   29.00  -264.00     0.00    90.00
   	   29.00  -264.00     0.00    90.00
  16 	  390.00  -270.20     0.00     0.00     0.00     0.00
  16 	  390.00  -270.20     0.00     0.00     0.00     0.00
   	   29.00  -264.00     0.00    90.00
   	   29.00  -264.00     0.00    90.00
  17 	  468.00  -270.20     0.00     0.00     0.00     0.00
  17 	  468.00  -270.20     0.00     0.00     0.00     0.00
   	   29.00  -264.00     0.00    90.00
   	   29.00  -264.00     0.00    90.00
  18 	  273.00  -202.65     0.00     0.00     0.00     0.00
  18 	  273.00  -202.65     0.00     0.00     0.00     0.00
   	   29.00  -264.00     0.00    90.00
   	   29.00  -264.00     0.00    90.00
  19 	  351.00  -202.65     0.00     0.00     0.00     0.00
  19 	  351.00  -202.65     0.00     0.00     0.00     0.00
   	   29.00  -264.00     0.00    90.00
   	   29.00  -264.00     0.00    90.00
  20 	  429.00  -202.65     0.00     0.00     0.00     0.00
  20 	  429.00  -202.65     0.00     0.00     0.00     0.00
   	   29.00  -264.00     0.00    90.00
   	   29.00  -264.00     0.00    90.00
  21 	  507.00  -202.65     0.00     0.00     0.00     0.00
  21 	  507.00  -202.65     0.00     0.00     0.00     0.00
   	   29.00  -264.00     0.00    90.00
   	   29.00  -264.00     0.00    90.00
  22 	  312.00  -135.10     0.00     0.00     0.00     0.00
  22 	  312.00  -135.10     0.00     0.00     0.00     0.00
   	   29.00  -264.00     0.00    90.00
   	   29.00  -264.00     0.00    90.00
  23 	  390.00  -135.10     0.00     0.00     0.00     0.00
  23 	  390.00  -135.10     0.00     0.00     0.00     0.00
   	   29.00  -264.00     0.00    90.00
   	   29.00  -264.00     0.00    90.00
  24 	  468.00  -135.10     0.00     0.00     0.00     0.00
  24 	  468.00  -135.10     0.00     0.00     0.00     0.00
   	   29.00  -264.00     0.00    90.00
   	   29.00  -264.00     0.00    90.00
  25 	  546.00  -135.10     0.00     0.00     0.00     0.00
  25 	  546.00  -135.10     0.00     0.00     0.00     0.00
   	   29.00  -264.00     0.00    90.00
   	   29.00  -264.00     0.00    90.00
  26 	  351.00   -67.55     0.00     0.00     0.00     0.00
  26 	  351.00   -67.55     0.00     0.00     0.00     0.00
   	   29.00  -264.00     0.00    90.00
   	   29.00  -264.00     0.00    90.00
  27 	  429.00   -67.55     0.00     0.00     0.00     0.00
  27 	  429.00   -67.55     0.00     0.00     0.00     0.00
   	   29.00  -264.00     0.00    90.00
   	   29.00  -264.00     0.00    90.00
  28 	  507.00   -67.55     0.00     0.00     0.00     0.00
  28 	  507.00   -67.55     0.00     0.00     0.00     0.00
   	   29.00  -264.00     0.00    90.00
   	   29.00  -264.00     0.00    90.00
  29 	  585.00   -67.55     0.00     0.00     0.00     0.00
  29 	  585.00   -67.55     0.00     0.00     0.00     0.00
   	   29.00  -264.00     0.00    90.00
   	   29.00  -264.00     0.00    90.00
  30 	  390.00     0.00     0.00     0.00     0.00     0.00
  30 	  390.00     0.00     0.00     0.00     0.00     0.00
   	   29.00  -264.00     0.00    90.00
   	   29.00  -264.00     0.00    90.00
  31 	  468.00     0.00     0.00     0.00     0.00     0.00
  31 	  468.00     0.00     0.00     0.00     0.00     0.00
   	   29.00  -264.00     0.00    90.00
   	   29.00  -264.00     0.00    90.00
  32 	  546.00     0.00     0.00     0.00     0.00     0.00
  32 	  546.00     0.00     0.00     0.00     0.00     0.00
   	   29.00  -264.00     0.00    90.00
   	   29.00  -264.00     0.00    90.00
  33 	  624.00     0.00     0.00     0.00     0.00     0.00
  33 	  624.00     0.00     0.00     0.00     0.00     0.00
   	   29.00  -264.00     0.00    90.00
   	   29.00  -264.00     0.00    90.00
  34 	 -897.00    67.55     0.00     0.00     0.00     0.00
  34 	 -897.00    67.55     0.00     0.00     0.00     0.00
   	   29.00  -264.00     0.00    90.00
   	   29.00  -264.00     0.00    90.00
  35 	 -819.00    67.55     0.00     0.00     0.00     0.00
  35 	 -819.00    67.55     0.00     0.00     0.00     0.00
   	   29.00  -264.00     0.00    90.00
   	   29.00  -264.00     0.00    90.00
  36 	 -741.00    67.55     0.00     0.00     0.00     0.00
  36 	 -741.00    67.55     0.00     0.00     0.00     0.00
   	   29.00  -264.00     0.00    90.00
   	   29.00  -264.00     0.00    90.00
  37 	 -663.00    67.55     0.00     0.00     0.00     0.00
  37 	 -663.00    67.55     0.00     0.00     0.00     0.00
   	   29.00  -264.00     0.00    90.00
   	   29.00  -264.00     0.00    90.00
  38 	 -585.00    67.55     0.00     0.00     0.00     0.00
  38 	 -585.00    67.55     0.00     0.00     0.00     0.00
   	   29.00  -264.00     0.00    90.00
   	   29.00  -264.00     0.00    90.00
  39 	 -507.00    67.55     0.00     0.00     0.00     0.00
  39 	 -507.00    67.55     0.00     0.00     0.00     0.00
   	   29.00  -264.00     0.00    90.00
   	   29.00  -264.00     0.00    90.00
  40 	 -429.00    67.55     0.00     0.00     0.00     0.00
  40 	 -429.00    67.55     0.00     0.00     0.00     0.00
   	   29.00  -264.00     0.00    90.00
   	   29.00  -264.00     0.00    90.00
  41 	 -351.00    67.55     0.00     0.00     0.00     0.00
  41 	 -351.00    67.55     0.00     0.00     0.00     0.00
   	   29.00  -264.00     0.00    90.00
   	   29.00  -264.00     0.00    90.00
  42 	 -273.00    67.55     0.00     0.00     0.00     0.00
  42 	 -273.00    67.55     0.00     0.00     0.00     0.00
   	   29.00  -264.00     0.00    90.00
   	   29.00  -264.00     0.00    90.00
  43 	 -195.00    67.55     0.00     0.00     0.00     0.00
  43 	 -195.00    67.55     0.00     0.00     0.00     0.00
   	   29.00  -264.00     0.00    90.00
   	   29.00  -264.00     0.00    90.00
  44 	 -117.00    67.55     0.00     0.00     0.00     0.00
  44 	 -117.00    67.55     0.00     0.00     0.00     0.00
   	   29.00  -264.00     0.00    90.00
   	   29.00  -264.00     0.00    90.00
  45 	  -39.00    67.55     0.00     0.00     0.00     0.00
  45 	  -39.00    67.55     0.00     0.00     0.00     0.00
   	   29.00  -264.00     0.00    90.00
   	   29.00  -264.00     0.00    90.00
  46 	   39.00    67.55     0.00     0.00     0.00     0.00
  46 	   39.00    67.55     0.00     0.00     0.00     0.00
   	   29.00  -264.00     0.00    90.00
   	   29.00  -264.00     0.00    90.00
  47 	  117.00    67.55     0.00     0.00     0.00     0.00
  47 	  117.00    67.55     0.00     0.00     0.00     0.00
   	   29.00  -264.00     0.00    90.00
   	   29.00  -264.00     0.00    90.00
  48 	  195.00    67.55     0.00     0.00     0.00     0.00
  48 	  195.00    67.55     0.00     0.00     0.00     0.00
   	   29.00  -264.00     0.00    90.00
   	   29.00  -264.00     0.00    90.00
  49 	  273.00    67.55     0.00     0.00     0.00     0.00
  49 	  273.00    67.55     0.00     0.00     0.00     0.00
   	   29.00  -264.00     0.00    90.00
   	   29.00  -264.00     0.00    90.00
  50 	  351.00    67.55     0.00     0.00     0.00     0.00
  50 	  351.00    67.55     0.00     0.00     0.00     0.00
   	   29.00  -264.00     0.00    90.00
   	   29.00  -264.00     0.00    90.00
  51 	  429.00    67.55     0.00     0.00     0.00     0.00
  51 	  429.00    67.55     0.00     0.00     0.00     0.00
   	   29.00  -264.00     0.00    90.00
   	   29.00  -264.00     0.00    90.00
  52 	  507.00    67.55     0.00     0.00     0.00     0.00
  52 	  507.00    67.55     0.00     0.00     0.00     0.00
   	   29.00  -264.00     0.00    90.00
   	   29.00  -264.00     0.00    90.00
  53 	 -858.00   135.10     0.00     0.00     0.00     0.00
  53 	 -858.00   135.10     0.00     0.00     0.00     0.00
   	   29.00  -264.00     0.00    90.00
   	   29.00  -264.00     0.00    90.00
  54 	 -780.00   135.10     0.00     0.00     0.00     0.00
  54 	 -780.00   135.10     0.00     0.00     0.00     0.00
   	   29.00  -264.00     0.00    90.00
   	   29.00  -264.00     0.00    90.00
  55 	 -702.00   135.10     0.00     0.00     0.00     0.00
  55 	 -702.00   135.10     0.00     0.00     0.00     0.00
   	   29.00  -264.00     0.00    90.00
   	   29.00  -264.00     0.00    90.00
  56 	 -624.00   135.10     0.00     0.00     0.00     0.00
  56 	 -624.00   135.10     0.00     0.00     0.00     0.00
   	   29.00  -264.00     0.00    90.00
   	   29.00  -264.00     0.00    90.00
  57 	 -546.00   135.10     0.00     0.00     0.00     0.00
  57 	 -546.00   135.10     0.00     0.00     0.00     0.00
   	   29.00  -264.00     0.00    90.00
   	   29.00  -264.00     0.00    90.00
  58 	 -468.00   135.10     0.00     0.00     0.00     0.00
  58 	 -468.00   135.10     0.00     0.00     0.00     0.00
   	   29.00  -264.00     0.00    90.00
   	   29.00  -264.00     0.00    90.00
  59 	 -390.00   135.10     0.00     0.00     0.00     0.00
  59 	 -390.00   135.10     0.00     0.00     0.00     0.00
   	   29.00  -264.00     0.00    90.00
   	   29.00  -264.00     0.00    90.00
  60 	 -312.00   135.10     0.00     0.00     0.00     0.00
  60 	 -312.00   135.10     0.00     0.00     0.00     0.00
   	   29.00  -264.00     0.00    90.00
   	   29.00  -264.00     0.00    90.00
  61 	 -234.00   135.10     0.00     0.00     0.00     0.00
  61 	 -234.00   135.10     0.00     0.00     0.00     0.00
   	   29.00  -264.00     0.00    90.00
   	   29.00  -264.00     0.00    90.00
  62 	 -156.00   135.10     0.00     0.00     0.00     0.00
  62 	 -156.00   135.10     0.00     0.00     0.00     0.00
   	   29.00  -264.00     0.00    90.00
   	   29.00  -264.00     0.00    90.00
  63 	  -78.00   135.10     0.00     0.00     0.00     0.00
  63 	  -78.00   135.10     0.00     0.00     0.00     0.00
   	   29.00  -264.00     0.00    90.00
   	   29.00  -264.00     0.00    90.00
  64 	   -0.00   135.10     0.00     0.00     0.00     0.00
  64 	   -0.00   135.10     0.00     0.00     0.00     0.00
   	   29.00  -264.00     0.00    90.00
   	   29.00  -264.00     0.00    90.00
  65 	   78.00   135.10     0.00     0.00     0.00     0.00
  65 	   78.00   135.10     0.00     0.00     0.00     0.00
   	   29.00  -264.00     0.00    90.00
   	   29.00  -264.00     0.00    90.00
  66 	  156.00   135.10     0.00     0.00     0.00     0.00
  66 	  156.00   135.10     0.00     0.00     0.00     0.00
   	   29.00  -264.00     0.00    90.00
   	   29.00  -264.00     0.00    90.00
  67 	  234.00   135.10     0.00     0.00     0.00     0.00
  67 	  234.00   135.10     0.00     0.00     0.00     0.00
   	   29.00  -264.00     0.00    90.00
   	   29.00  -264.00     0.00    90.00
  68 	  312.00   135.10     0.00     0.00     0.00     0.00
  68 	  312.00   135.10     0.00     0.00     0.00     0.00
   	   29.00  -264.00     0.00    90.00
   	   29.00  -264.00     0.00    90.00
  69 	  390.00   135.10     0.00     0.00     0.00     0.00
  69 	  390.00   135.10     0.00     0.00     0.00     0.00
   	   29.00  -264.00     0.00    90.00
   	   29.00  -264.00     0.00    90.00
  70 	  468.00   135.10     0.00     0.00     0.00     0.00
  70 	  468.00   135.10     0.00     0.00     0.00     0.00
   	   29.00  -264.00     0.00    90.00
   	   29.00  -264.00     0.00    90.00
  71 	  546.00   135.10     0.00     0.00     0.00     0.00
  71 	  546.00   135.10     0.00     0.00     0.00     0.00
   	   29.00  -264.00     0.00    90.00
   	   29.00  -264.00     0.00    90.00
  72 	 -819.00   202.65     0.00     0.00     0.00     0.00
  72 	 -819.00   202.65     0.00     0.00     0.00     0.00
   	   29.00  -264.00     0.00    90.00
   	   29.00  -264.00     0.00    90.00
  73 	 -741.00   202.65     0.00     0.00     0.00     0.00
  73 	 -741.00   202.65     0.00     0.00     0.00     0.00
   	   29.00  -264.00     0.00    90.00
   	   29.00  -264.00     0.00    90.00
  74 	 -663.00   202.65     0.00     0.00     0.00     0.00
  74 	 -663.00   202.65     0.00     0.00     0.00     0.00
   	   29.00  -264.00     0.00    90.00
   	   29.00  -264.00     0.00    90.00
  75 	 -585.00   202.65     0.00     0.00     0.00     0.00
  75 	 -585.00   202.65     0.00     0.00     0.00     0.00
   	   29.00  -264.00     0.00    90.00
   	   29.00  -264.00     0.00    90.00
  76 	 -507.00   202.65     0.00     0.00     0.00     0.00
  76 	 -507.00   202.65     0.00     0.00     0.00     0.00
   	   29.00  -264.00     0.00    90.00
   	   29.00  -264.00     0.00    90.00
  77 	 -429.00   202.65     0.00     0.00     0.00     0.00
  77 	 -429.00   202.65     0.00     0.00     0.00     0.00
   	   29.00  -264.00     0.00    90.00
   	   29.00  -264.00     0.00    90.00
  78 	 -351.00   202.65     0.00     0.00     0.00     0.00
  78 	 -351.00   202.65     0.00     0.00     0.00     0.00
   	   29.00  -264.00     0.00    90.00
   	   29.00  -264.00     0.00    90.00
  79 	 -273.00   202.65     0.00     0.00     0.00     0.00
  79 	 -273.00   202.65     0.00     0.00     0.00     0.00
   	   29.00  -264.00     0.00    90.00
   	   29.00  -264.00     0.00    90.00
  80 	 -195.00   202.65     0.00     0.00     0.00     0.00
  80 	 -195.00   202.65     0.00     0.00     0.00     0.00
   	   29.00  -264.00     0.00    90.00
   	   29.00  -264.00     0.00    90.00
  81 	 -117.00   202.65     0.00     0.00     0.00     0.00
  81 	 -117.00   202.65     0.00     0.00     0.00     0.00
   	   29.00  -264.00     0.00    90.00
   	   29.00  -264.00     0.00    90.00
  82 	  -39.00   202.65     0.00     0.00     0.00     0.00
  82 	  -39.00   202.65     0.00     0.00     0.00     0.00
   	   29.00  -264.00     0.00    90.00
   	   29.00  -264.00     0.00    90.00
  83 	   39.00   202.65     0.00     0.00     0.00     0.00
  83 	   39.00   202.65     0.00     0.00     0.00     0.00
   	   29.00  -264.00     0.00    90.00
   	   29.00  -264.00     0.00    90.00
  84 	  117.00   202.65     0.00     0.00     0.00     0.00
  84 	  117.00   202.65     0.00     0.00     0.00     0.00
   	   29.00  -264.00     0.00    90.00
   	   29.00  -264.00     0.00    90.00
  85 	  195.00   202.65     0.00     0.00     0.00     0.00
  85 	  195.00   202.65     0.00     0.00     0.00     0.00
   	   29.00  -264.00     0.00    90.00
   	   29.00  -264.00     0.00    90.00
  86 	  273.00   202.65     0.00     0.00     0.00     0.00
  86 	  273.00   202.65     0.00     0.00     0.00     0.00
   	   29.00  -264.00     0.00    90.00
   	   29.00  -264.00     0.00    90.00
  87 	  351.00   202.65     0.00     0.00     0.00     0.00
  87 	  351.00   202.65     0.00     0.00     0.00     0.00
   	   29.00  -264.00     0.00    90.00
   	   29.00  -264.00     0.00    90.00
  88 	  429.00   202.65     0.00     0.00     0.00     0.00
  88 	  429.00   202.65     0.00     0.00     0.00     0.00
   	   29.00  -264.00     0.00    90.00
   	   29.00  -264.00     0.00    90.00
  89 	  507.00   202.65     0.00     0.00     0.00     0.00
  89 	  507.00   202.65     0.00     0.00     0.00     0.00
   	   29.00  -264.00     0.00    90.00
   	   29.00  -264.00     0.00    90.00
  90 	  585.00   202.65     0.00     0.00     0.00     0.00
  90 	  585.00   202.65     0.00     0.00     0.00     0.00
   	   29.00  -264.00     0.00    90.00
   	   29.00  -264.00     0.00    90.00
  91 	 -780.00   270.20     0.00     0.00     0.00     0.00
  91 	 -780.00   270.20     0.00     0.00     0.00     0.00
   	   29.00  -264.00     0.00    90.00
   	   29.00  -264.00     0.00    90.00
  92 	 -702.00   270.20     0.00     0.00     0.00     0.00
  92 	 -702.00   270.20     0.00     0.00     0.00     0.00
   	   29.00  -264.00     0.00    90.00
   	   29.00  -264.00     0.00    90.00
  93 	 -624.00   270.20     0.00     0.00     0.00     0.00
  93 	 -624.00   270.20     0.00     0.00     0.00     0.00
   	   29.00  -264.00     0.00    90.00
   	   29.00  -264.00     0.00    90.00
  94 	 -546.00   270.20     0.00     0.00     0.00     0.00
  94 	 -546.00   270.20     0.00     0.00     0.00     0.00
   	   29.00  -264.00     0.00    90.00
   	   29.00  -264.00     0.00    90.00
  95 	 -468.00   270.20     0.00     0.00     0.00     0.00
  95 	 -468.00   270.20     0.00     0.00     0.00     0.00
   	   29.00  -264.00     0.00    90.00
   	   29.00  -264.00     0.00    90.00
  96 	 -390.00   270.20     0.00     0.00     0.00     0.00
  96 	 -390.00   270.20     0.00     0.00     0.00     0.00
   	   29.00  -264.00     0.00    90.00
   	   29.00  -264.00     0.00    90.00
  97 	 -312.00   270.20     0.00     0.00     0.00     0.00
  97 	 -312.00   270.20     0.00     0.00     0.00     0.00
   	   29.00  -264.00     0.00    90.00
   	   29.00  -264.00     0.00    90.00
  98 	 -234.00   270.20     0.00     0.00     0.00     0.00
  98 	 -234.00   270.20     0.00     0.00     0.00     0.00
   	   29.00  -264.00     0.00    90.00
   	   29.00  -264.00     0.00    90.00
  99 	 -156.00   270.20     0.00     0.00     0.00     0.00
  99 	 -156.00   270.20     0.00     0.00     0.00     0.00
   	   29.00  -264.00     0.00    90.00
   	   29.00  -264.00     0.00    90.00
 100 	  -78.00   270.20     0.00     0.00     0.00     0.00
 100 	  -78.00   270.20     0.00     0.00     0.00     0.00
   	   29.00  -264.00     0.00    90.00
   	   29.00  -264.00     0.00    90.00
 101 	   -0.00   270.20     0.00     0.00     0.00     0.00
 101 	   -0.00   270.20     0.00     0.00     0.00     0.00
   	   29.00  -264.00     0.00    90.00
   	   29.00  -264.00     0.00    90.00
 102 	   78.00   270.20     0.00     0.00     0.00     0.00
 102 	   78.00   270.20     0.00     0.00     0.00     0.00
   	   29.00  -264.00     0.00    90.00
   	   29.00  -264.00     0.00    90.00
 103 	  156.00   270.20     0.00     0.00     0.00     0.00
 103 	  156.00   270.20     0.00     0.00     0.00     0.00
   	   29.00  -264.00     0.00    90.00
   	   29.00  -264.00     0.00    90.00
 104 	  234.00   270.20     0.00     0.00     0.00     0.00
 104 	  234.00   270.20     0.00     0.00     0.00     0.00
   	   29.00  -264.00     0.00    90.00
   	   29.00  -264.00     0.00    90.00
 105 	  312.00   270.20     0.00     0.00     0.00     0.00
 105 	  312.00   270.20     0.00     0.00     0.00     0.00
   	   29.00  -264.00     0.00    90.00
   	   29.00  -264.00     0.00    90.00
 106 	  390.00   270.20     0.00     0.00     0.00     0.00
 106 	  390.00   270.20     0.00     0.00     0.00     0.00
   	   29.00  -264.00     0.00    90.00
   	   29.00  -264.00     0.00    90.00
 107 	  468.00   270.20     0.00     0.00     0.00     0.00
 107 	  468.00   270.20     0.00     0.00     0.00     0.00
   	   29.00  -264.00     0.00    90.00
   	   29.00  -264.00     0.00    90.00
 108 	  546.00   270.20     0.00     0.00     0.00     0.00
 108 	  546.00   270.20     0.00     0.00     0.00     0.00
   	   29.00  -264.00     0.00    90.00
   	   29.00  -264.00     0.00    90.00
 109 	  624.00   270.20     0.00     0.00     0.00     0.00
 109 	  624.00   270.20     0.00     0.00     0.00     0.00
   	   29.00  -264.00     0.00    90.00
   	   29.00  -264.00     0.00    90.00
 110 	 -741.00   337.75     0.00     0.00     0.00     0.00
 110 	 -741.00   337.75     0.00     0.00     0.00     0.00
   	   29.00  -264.00     0.00    90.00
   	   29.00  -264.00     0.00    90.00
 111 	 -663.00   337.75     0.00     0.00     0.00     0.00
 111 	 -663.00   337.75     0.00     0.00     0.00     0.00
   	   29.00  -264.00     0.00    90.00
   	   29.00  -264.00     0.00    90.00
 112 	 -585.00   337.75     0.00     0.00     0.00     0.00
 112 	 -585.00   337.75     0.00     0.00     0.00     0.00
   	   29.00  -264.00     0.00    90.00
   	   29.00  -264.00     0.00    90.00
 113 	 -507.00   337.75     0.00     0.00     0.00     0.00
 113 	 -507.00   337.75     0.00     0.00     0.00     0.00
   	   29.00  -264.00     0.00    90.00
   	   29.00  -264.00     0.00    90.00
 114 	 -429.00   337.75     0.00     0.00     0.00     0.00
 114 	 -429.00   337.75     0.00     0.00     0.00     0.00
   	   29.00  -264.00     0.00    90.00
   	   29.00  -264.00     0.00    90.00
 115 	 -351.00   337.75     0.00     0.00     0.00     0.00
 115 	 -351.00   337.75     0.00     0.00     0.00     0.00
   	   29.00  -264.00     0.00    90.00
   	   29.00  -264.00     0.00    90.00
 116 	 -273.00   337.75     0.00     0.00     0.00     0.00
 116 	 -273.00   337.75     0.00     0.00     0.00     0.00
   	   29.00  -264.00     0.00    90.00
   	   29.00  -264.00     0.00    90.00
 117 	 -195.00   337.75     0.00     0.00     0.00     0.00
 117 	 -195.00   337.75     0.00     0.00     0.00     0.00
   	   29.00  -264.00     0.00    90.00
   	   29.00  -264.00     0.00    90.00
 118 	 -117.00   337.75     0.00     0.00     0.00     0.00
 118 	 -117.00   337.75     0.00     0.00     0.00     0.00
   	   29.00  -264.00     0.00    90.00
   	   29.00  -264.00     0.00    90.00
 119 	  -39.00   337.75     0.00     0.00     0.00     0.00
 119 	  -39.00   337.75     0.00     0.00     0.00     0.00
   	   29.00  -264.00     0.00    90.00
   	   29.00  -264.00     0.00    90.00
 120 	   39.00   337.75     0.00     0.00     0.00     0.00
 120 	   39.00   337.75     0.00     0.00     0.00     0.00
   	   29.00  -264.00     0.00    90.00
   	   29.00  -264.00     0.00    90.00
 121 	  117.00   337.75     0.00     0.00     0.00     0.00
 121 	  117.00   337.75     0.00     0.00     0.00     0.00
   	   29.00  -264.00     0.00    90.00
   	   29.00  -264.00     0.00    90.00
 122 	  195.00   337.75     0.00     0.00     0.00     0.00
 122 	  195.00   337.75     0.00     0.00     0.00     0.00
   	   29.00  -264.00     0.00    90.00
   	   29.00  -264.00     0.00    90.00
 123 	  273.00   337.75     0.00     0.00     0.00     0.00
 123 	  273.00   337.75     0.00     0.00     0.00     0.00
   	   29.00  -264.00     0.00    90.00
   	   29.00  -264.00     0.00    90.00
 124 	  351.00   337.75     0.00     0.00     0.00     0.00
 124 	  351.00   337.75     0.00     0.00     0.00     0.00
   	   29.00  -264.00     0.00    90.00
   	   29.00  -264.00     0.00    90.00
 125 	  429.00   337.75     0.00     0.00     0.00     0.00
 125 	  429.00   337.75     0.00     0.00     0.00     0.00
   	   29.00  -264.00     0.00    90.00
   	   29.00  -264.00     0.00    90.00
 126 	  507.00   337.75     0.00     0.00     0.00     0.00
 126 	  507.00   337.75     0.00     0.00     0.00     0.00
   	   29.00  -264.00     0.00    90.00
   	   29.00  -264.00     0.00    90.00
 127 	  585.00   337.75     0.00     0.00     0.00     0.00
 127 	  585.00   337.75     0.00     0.00     0.00     0.00
   	   29.00  -264.00     0.00    90.00
   	   29.00  -264.00     0.00    90.00
 128 	  663.00   337.75     0.00     0.00     0.00     0.00
 128 	  663.00   337.75     0.00     0.00     0.00     0.00
   	   29.00  -264.00     0.00    90.00
   	   29.00  -264.00     0.00    90.00
 129 	 -702.00   405.30     0.00     0.00     0.00     0.00
 129 	 -702.00   405.30     0.00     0.00     0.00     0.00
   	   29.00  -264.00     0.00    90.00
   	   29.00  -264.00     0.00    90.00
 130 	 -624.00   405.30     0.00     0.00     0.00     0.00
 130 	 -624.00   405.30     0.00     0.00     0.00     0.00
   	   29.00  -264.00     0.00    90.00
   	   29.00  -264.00     0.00    90.00
 131 	 -546.00   405.30     0.00     0.00     0.00     0.00
 131 	 -546.00   405.30     0.00     0.00     0.00     0.00
   	   29.00  -264.00     0.00    90.00
   	   29.00  -264.00     0.00    90.00
 132 	 -468.00   405.30     0.00     0.00     0.00     0.00
 132 	 -468.00   405.30     0.00     0.00     0.00     0.00
   	   29.00  -264.00     0.00    90.00
   	   29.00  -264.00     0.00    90.00
 133 	 -390.00   405.30     0.00     0.00     0.00     0.00
 133 	 -390.00   405.30     0.00     0.00     0.00     0.00
   	   29.00  -264.00     0.00    90.00
   	   29.00  -264.00     0.00    90.00
 134 	 -312.00   405.30     0.00     0.00     0.00     0.00
 134 	 -312.00   405.30     0.00     0.00     0.00     0.00
   	   29.00  -264.00     0.00    90.00
   	   29.00  -264.00     0.00    90.00
 135 	 -234.00   405.30     0.00     0.00     0.00     0.00
 135 	 -234.00   405.30     0.00     0.00     0.00     0.00
   	   29.00  -264.00     0.00    90.00
   	   29.00  -264.00     0.00    90.00
 136 	 -156.00   405.30     0.00     0.00     0.00     0.00
 136 	 -156.00   405.30     0.00     0.00     0.00     0.00
   	   29.00  -264.00     0.00    90.00
   	   29.00  -264.00     0.00    90.00
 137 	  -78.00   405.30     0.00     0.00     0.00     0.00
 137 	  -78.00   405.30     0.00     0.00     0.00     0.00
   	   29.00  -264.00     0.00    90.00
   	   29.00  -264.00     0.00    90.00
 138 	   -0.00   405.30     0.00     0.00     0.00     0.00
 138 	   -0.00   405.30     0.00     0.00     0.00     0.00
   	   29.00  -264.00     0.00    90.00
   	   29.00  -264.00     0.00    90.00
 139 	   78.00   405.30     0.00     0.00     0.00     0.00
 139 	   78.00   405.30     0.00     0.00     0.00     0.00
   	   29.00  -264.00     0.00    90.00
   	   29.00  -264.00     0.00    90.00
 140 	  156.00   405.30     0.00     0.00     0.00     0.00
 140 	  156.00   405.30     0.00     0.00     0.00     0.00
   	   29.00  -264.00     0.00    90.00
   	   29.00  -264.00     0.00    90.00
 141 	  234.00   405.30     0.00     0.00     0.00     0.00
 141 	  234.00   405.30     0.00     0.00     0.00     0.00
   	   29.00  -264.00     0.00    90.00
   	   29.00  -264.00     0.00    90.00
 142 	  312.00   405.30     0.00     0.00     0.00     0.00
 142 	  312.00   405.30     0.00     0.00     0.00     0.00
   	   29.00  -264.00     0.00    90.00
   	   29.00  -264.00     0.00    90.00
 143 	  390.00   405.30     0.00     0.00     0.00     0.00
 143 	  390.00   405.30     0.00     0.00     0.00     0.00
   	   29.00  -264.00     0.00    90.00
   	   29.00  -264.00     0.00    90.00
 144 	  468.00   405.30     0.00     0.00     0.00     0.00
 144 	  468.00   405.30     0.00     0.00     0.00     0.00
   	   29.00  -264.00     0.00    90.00
   	   29.00  -264.00     0.00    90.00
 145 	  546.00   405.30     0.00     0.00     0.00     0.00
 145 	  546.00   405.30     0.00     0.00     0.00     0.00
   	   29.00  -264.00     0.00    90.00
   	   29.00  -264.00     0.00    90.00
 146 	  624.00   405.30     0.00     0.00     0.00     0.00
 146 	  624.00   405.30     0.00     0.00     0.00     0.00
   	   29.00  -264.00     0.00    90.00
   	   29.00  -264.00     0.00    90.00
 147 	  702.00   405.30     0.00     0.00     0.00     0.00
 147 	  702.00   405.30     0.00     0.00     0.00     0.00
   	   29.00  -264.00     0.00    90.00
   	   29.00  -264.00     0.00    90.00
 148 	 -663.00   472.85     0.00     0.00     0.00     0.00
 148 	 -663.00   472.85     0.00     0.00     0.00     0.00
   	   29.00  -264.00     0.00    90.00
   	   29.00  -264.00     0.00    90.00
 149 	 -585.00   472.85     0.00     0.00     0.00     0.00
 149 	 -585.00   472.85     0.00     0.00     0.00     0.00
   	   29.00  -264.00     0.00    90.00
   	   29.00  -264.00     0.00    90.00
 150 	 -507.00   472.85     0.00     0.00     0.00     0.00
 150 	 -507.00   472.85     0.00     0.00     0.00     0.00
   	   29.00  -264.00     0.00    90.00
   	   29.00  -264.00     0.00    90.00
 151 	 -429.00   472.85     0.00     0.00     0.00     0.00
 151 	 -429.00   472.85     0.00     0.00     0.00     0.00
   	   29.00  -264.00     0.00    90.00
   	   29.00  -264.00     0.00    90.00
 152 	 -351.00   472.85     0.00     0.00     0.00     0.00
 152 	 -351.00   472.85     0.00     0.00     0.00     0.00
   	   29.00  -264.00     0.00    90.00
   	   29.00  -264.00     0.00    90.00
 153 	 -273.00   472.85     0.00     0.00     0.00     0.00
 153 	 -273.00   472.85     0.00     0.00     0.00     0.00
   	   29.00  -264.00     0.00    90.00
   	   29.00  -264.00     0.00    90.00
 154 	 -195.00   472.85     0.00     0.00     0.00     0.00
 154 	 -195.00   472.85     0.00     0.00     0.00     0.00
   	   29.00  -264.00     0.00    90.00
   	   29.00  -264.00     0.00    90.00
 155 	 -117.00   472.85     0.00     0.00     0.00     0.00
 155 	 -117.00   472.85     0.00     0.00     0.00     0.00
   	   29.00  -264.00     0.00    90.00
   	   29.00  -264.00     0.00    90.00
 156 	  -39.00   472.85     0.00     0.00     0.00     0.00
 156 	  -39.00   472.85     0.00     0.00     0.00     0.00
   	   29.00  -264.00     0.00    90.00
   	   29.00  -264.00     0.00    90.00
 157 	   39.00   472.85     0.00     0.00     0.00     0.00
 157 	   39.00   472.85     0.00     0.00     0.00     0.00
   	   29.00  -264.00     0.00    90.00
   	   29.00  -264.00     0.00    90.00
 158 	  117.00   472.85     0.00     0.00     0.00     0.00
 158 	  117.00   472.85     0.00     0.00     0.00     0.00
   	   29.00  -264.00     0.00    90.00
   	   29.00  -264.00     0.00    90.00
 159 	  195.00   472.85     0.00     0.00     0.00     0.00
 159 	  195.00   472.85     0.00     0.00     0.00     0.00
   	   29.00  -264.00     0.00    90.00
   	   29.00  -264.00     0.00    90.00
 160 	  273.00   472.85     0.00     0.00     0.00     0.00
 160 	  273.00   472.85     0.00     0.00     0.00     0.00
   	   29.00  -264.00     0.00    90.00
   	   29.00  -264.00     0.00    90.00
 161 	  351.00   472.85     0.00     0.00     0.00     0.00
 161 	  351.00   472.85     0.00     0.00     0.00     0.00
   	   29.00  -264.00     0.00    90.00
   	   29.00  -264.00     0.00    90.00
 162 	  429.00   472.85     0.00     0.00     0.00     0.00
 162 	  429.00   472.85     0.00     0.00     0.00     0.00
   	   29.00  -264.00     0.00    90.00
   	   29.00  -264.00     0.00    90.00
 163 	  507.00   472.85     0.00     0.00     0.00     0.00
 163 	  507.00   472.85     0.00     0.00     0.00     0.00
   	   29.00  -264.00     0.00    90.00
   	   29.00  -264.00     0.00    90.00
 164 	  585.00   472.85     0.00     0.00     0.00     0.00
 164 	  585.00   472.85     0.00     0.00     0.00     0.00
   	   29.00  -264.00     0.00    90.00
   	   29.00  -264.00     0.00    90.00
 165 	  663.00   472.85     0.00     0.00     0.00     0.00
 165 	  663.00   472.85     0.00     0.00     0.00     0.00
   	   29.00  -264.00     0.00    90.00
   	   29.00  -264.00     0.00    90.00
 166 	  741.00   472.85     0.00     0.00     0.00     0.00
 166 	  741.00   472.85     0.00     0.00     0.00     0.00
   	   29.00  -264.00     0.00    90.00
   	   29.00  -264.00     0.00    90.00
 167 	 -624.00   540.40     0.00     0.00     0.00     0.00
 167 	 -624.00   540.40     0.00     0.00     0.00     0.00
   	   29.00  -264.00     0.00    90.00
   	   29.00  -264.00     0.00    90.00
 168 	 -546.00   540.40     0.00     0.00     0.00     0.00
 168 	 -546.00   540.40     0.00     0.00     0.00     0.00
   	   29.00  -264.00     0.00    90.00
   	   29.00  -264.00     0.00    90.00
 169 	 -468.00   540.40     0.00     0.00     0.00     0.00
 169 	 -468.00   540.40     0.00     0.00     0.00     0.00
   	   29.00  -264.00     0.00    90.00
   	   29.00  -264.00     0.00    90.00
 170 	 -390.00   540.40     0.00     0.00     0.00     0.00
 170 	 -390.00   540.40     0.00     0.00     0.00     0.00
   	   29.00  -264.00     0.00    90.00
   	   29.00  -264.00     0.00    90.00
 171 	 -312.00   540.40     0.00     0.00     0.00     0.00
 171 	 -312.00   540.40     0.00     0.00     0.00     0.00
   	   29.00  -264.00     0.00    90.00
   	   29.00  -264.00     0.00    90.00
 172 	 -234.00   540.40     0.00     0.00     0.00     0.00
 172 	 -234.00   540.40     0.00     0.00     0.00     0.00
   	   29.00  -264.00     0.00    90.00
   	   29.00  -264.00     0.00    90.00
 173 	 -156.00   540.40     0.00     0.00     0.00     0.00
 173 	 -156.00   540.40     0.00     0.00     0.00     0.00
   	   29.00  -264.00     0.00    90.00
   	   29.00  -264.00     0.00    90.00
 174 	  -78.00   540.40     0.00     0.00     0.00     0.00
 174 	  -78.00   540.40     0.00     0.00     0.00     0.00
   	   29.00  -264.00     0.00    90.00
   	   29.00  -264.00     0.00    90.00
 175 	   -0.00   540.40     0.00     0.00     0.00     0.00
 175 	   -0.00   540.40     0.00     0.00     0.00     0.00
   	   29.00  -264.00     0.00    90.00
   	   29.00  -264.00     0.00    90.00
 176 	   78.00   540.40     0.00     0.00     0.00     0.00
 176 	   78.00   540.40     0.00     0.00     0.00     0.00
   	   29.00  -264.00     0.00    90.00
   	   29.00  -264.00     0.00    90.00
 177 	  156.00   540.40     0.00     0.00     0.00     0.00
 177 	  156.00   540.40     0.00     0.00     0.00     0.00
   	   29.00  -264.00     0.00    90.00
   	   29.00  -264.00     0.00    90.00
 178 	  234.00   540.40     0.00     0.00     0.00     0.00
 178 	  234.00   540.40     0.00     0.00     0.00     0.00
   	   29.00  -264.00     0.00    90.00
   	   29.00  -264.00     0.00    90.00
 179 	  312.00   540.40     0.00     0.00     0.00     0.00
 179 	  312.00   540.40     0.00     0.00     0.00     0.00
   	   29.00  -264.00     0.00    90.00
   	   29.00  -264.00     0.00    90.00
 180 	  390.00   540.40     0.00     0.00     0.00     0.00
 180 	  390.00   540.40     0.00     0.00     0.00     0.00
   	   29.00  -264.00     0.00    90.00
   	   29.00  -264.00     0.00    90.00
 181 	  468.00   540.40     0.00     0.00     0.00     0.00
 181 	  468.00   540.40     0.00     0.00     0.00     0.00
   	   29.00  -264.00     0.00    90.00
   	   29.00  -264.00     0.00    90.00
 182 	  546.00   540.40     0.00     0.00     0.00     0.00
 182 	  546.00   540.40     0.00     0.00     0.00     0.00
   	   29.00  -264.00     0.00    90.00
   	   29.00  -264.00     0.00    90.00
 183 	  624.00   540.40     0.00     0.00     0.00     0.00
 183 	  624.00   540.40     0.00     0.00     0.00     0.00
   	   29.00  -264.00     0.00    90.00
   	   29.00  -264.00     0.00    90.00
 184 	  702.00   540.40     0.00     0.00     0.00     0.00
 184 	  702.00   540.40     0.00     0.00     0.00     0.00
   	   29.00  -264.00     0.00    90.00
   	   29.00  -264.00     0.00    90.00
 185 	  780.00   540.40     0.00     0.00     0.00     0.00
 185 	  780.00   540.40     0.00     0.00     0.00     0.00
   	   29.00  -264.00     0.00    90.00
   	   29.00  -264.00     0.00    90.00
 186 	 -585.00   607.95     0.00     0.00     0.00     0.00
 186 	 -585.00   607.95     0.00     0.00     0.00     0.00
   	   29.00  -264.00     0.00    90.00
   	   29.00  -264.00     0.00    90.00
 187 	 -507.00   607.95     0.00     0.00     0.00     0.00
 187 	 -507.00   607.95     0.00     0.00     0.00     0.00
   	   29.00  -264.00     0.00    90.00
   	   29.00  -264.00     0.00    90.00
 188 	 -429.00   607.95     0.00     0.00     0.00     0.00
 188 	 -429.00   607.95     0.00     0.00     0.00     0.00
   	   29.00  -264.00     0.00    90.00
   	   29.00  -264.00     0.00    90.00
 189 	 -351.00   607.95     0.00     0.00     0.00     0.00
 189 	 -351.00   607.95     0.00     0.00     0.00     0.00
   	   29.00  -264.00     0.00    90.00
   	   29.00  -264.00     0.00    90.00
 190 	 -273.00   607.95     0.00     0.00     0.00     0.00
 190 	 -273.00   607.95     0.00     0.00     0.00     0.00
   	   29.00  -264.00     0.00    90.00
   	   29.00  -264.00     0.00    90.00
 191 	 -195.00   607.95     0.00     0.00     0.00     0.00
 191 	 -195.00   607.95     0.00     0.00     0.00     0.00
   	   29.00  -264.00     0.00    90.00
   	   29.00  -264.00     0.00    90.00
 192 	 -117.00   607.95     0.00     0.00     0.00     0.00
 192 	 -117.00   607.95     0.00     0.00     0.00     0.00
   	   29.00  -264.00     0.00    90.00
   	   29.00  -264.00     0.00    90.00
 193 	  -39.00   607.95     0.00     0.00     0.00     0.00
 193 	  -39.00   607.95     0.00     0.00     0.00     0.00
   	   29.00  -264.00     0.00    90.00
   	   29.00  -264.00     0.00    90.00
 194 	   39.00   607.95     0.00     0.00     0.00     0.00
 194 	   39.00   607.95     0.00     0.00     0.00     0.00
   	   29.00  -264.00     0.00    90.00
   	   29.00  -264.00     0.00    90.00
 195 	  117.00   607.95     0.00     0.00     0.00     0.00
 195 	  117.00   607.95     0.00     0.00     0.00     0.00
   	   29.00  -264.00     0.00    90.00
   	   29.00  -264.00     0.00    90.00
 196 	  195.00   607.95     0.00     0.00     0.00     0.00
 196 	  195.00   607.95     0.00     0.00     0.00     0.00
   	   29.00  -264.00     0.00    90.00
   	   29.00  -264.00     0.00    90.00
 197 	  273.00   607.95     0.00     0.00     0.00     0.00
 197 	  273.00   607.95     0.00     0.00     0.00     0.00
   	   29.00  -264.00     0.00    90.00
   	   29.00  -264.00     0.00    90.00
 198 	  351.00   607.95     0.00     0.00     0.00     0.00
 198 	  351.00   607.95     0.00     0.00     0.00     0.00
   	   29.00  -264.00     0.00    90.00
   	   29.00  -264.00     0.00    90.00
 199 	  429.00   607.95     0.00     0.00     0.00     0.00
 199 	  429.00   607.95     0.00     0.00     0.00     0.00
   	   29.00  -264.00     0.00    90.00
   	   29.00  -264.00     0.00    90.00
 200 	  507.00   607.95     0.00     0.00     0.00     0.00
 200 	  507.00   607.95     0.00     0.00     0.00     0.00
   	   29.00  -264.00     0.00    90.00
   	   29.00  -264.00     0.00    90.00
 201 	  585.00   607.95     0.00     0.00     0.00     0.00
 201 	  585.00   607.95     0.00     0.00     0.00     0.00
   	   29.00  -264.00     0.00    90.00
   	   29.00  -264.00     0.00    90.00
 202 	  663.00   607.95     0.00     0.00     0.00     0.00
 202 	  663.00   607.95     0.00     0.00     0.00     0.00
   	   29.00  -264.00     0.00    90.00
   	   29.00  -264.00     0.00    90.00
 203 	  741.00   607.95     0.00     0.00     0.00     0.00
 203 	  741.00   607.95     0.00     0.00     0.00     0.00
   	   29.00  -264.00     0.00    90.00
   	   29.00  -264.00     0.00    90.00
 204 	  819.00   607.95     0.00     0.00     0.00     0.00
 204 	  819.00   607.95     0.00     0.00     0.00     0.00
   	   29.00  -264.00     0.00    90.00
   	   29.00  -264.00     0.00    90.00
 205 	 -546.00   675.50     0.00     0.00     0.00     0.00
 205 	 -546.00   675.50     0.00     0.00     0.00     0.00
   	   29.00  -264.00     0.00    90.00
   	   29.00  -264.00     0.00    90.00
 206 	 -468.00   675.50     0.00     0.00     0.00     0.00
 206 	 -468.00   675.50     0.00     0.00     0.00     0.00
   	   29.00  -264.00     0.00    90.00
   	   29.00  -264.00     0.00    90.00
 207 	 -390.00   675.50     0.00     0.00     0.00     0.00
 207 	 -390.00   675.50     0.00     0.00     0.00     0.00
   	   29.00  -264.00     0.00    90.00
   	   29.00  -264.00     0.00    90.00
 208 	 -312.00   675.50     0.00     0.00     0.00     0.00
 208 	 -312.00   675.50     0.00     0.00     0.00     0.00
   	   29.00  -264.00     0.00    90.00
   	   29.00  -264.00     0.00    90.00
 209 	 -234.00   675.50     0.00     0.00     0.00     0.00
 209 	 -234.00   675.50     0.00     0.00     0.00     0.00
   	   29.00  -264.00     0.00    90.00
   	   29.00  -264.00     0.00    90.00
 210 	 -156.00   675.50     0.00     0.00     0.00     0.00
 210 	 -156.00   675.50     0.00     0.00     0.00     0.00
   	   29.00  -264.00     0.00    90.00
   	   29.00  -264.00     0.00    90.00
 211 	  -78.00   675.50     0.00     0.00     0.00     0.00
 211 	  -78.00   675.50     0.00     0.00     0.00     0.00
   	   29.00  -264.00     0.00    90.00
   	   29.00  -264.00     0.00    90.00
 212 	   -0.00   675.50     0.00     0.00     0.00     0.00
 212 	   -0.00   675.50     0.00     0.00     0.00     0.00
   	   29.00  -264.00     0.00    90.00
   	   29.00  -264.00     0.00    90.00
 213 	   78.00   675.50     0.00     0.00     0.00     0.00
 213 	   78.00   675.50     0.00     0.00     0.00     0.00
   	   29.00  -264.00     0.00    90.00
   	   29.00  -264.00     0.00    90.00
 214 	  156.00   675.50     0.00     0.00     0.00     0.00
 214 	  156.00   675.50     0.00     0.00     0.00     0.00
   	   29.00  -264.00     0.00    90.00
   	   29.00  -264.00     0.00    90.00
 215 	  234.00   675.50     0.00     0.00     0.00     0.00
 215 	  234.00   675.50     0.00     0.00     0.00     0.00
   	   29.00  -264.00     0.00    90.00
   	   29.00  -264.00     0.00    90.00
 216 	  312.00   675.50     0.00     0.00     0.00     0.00
 216 	  312.00   675.50     0.00     0.00     0.00     0.00
   	   29.00  -264.00     0.00    90.00
   	   29.00  -264.00     0.00    90.00
 217 	  390.00   675.50     0.00     0.00     0.00     0.00
 217 	  390.00   675.50     0.00     0.00     0.00     0.00
   	   29.00  -264.00     0.00    90.00
   	   29.00  -264.00     0.00    90.00
 218 	  468.00   675.50     0.00     0.00     0.00     0.00
 218 	  468.00   675.50     0.00     0.00     0.00     0.00
   	   29.00  -264.00     0.00    90.00
   	   29.00  -264.00     0.00    90.00
 219 	  546.00   675.50     0.00     0.00     0.00     0.00
 219 	  546.00   675.50     0.00     0.00     0.00     0.00
   	   29.00  -264.00     0.00    90.00
   	   29.00  -264.00     0.00    90.00
 220 	  624.00   675.50     0.00     0.00     0.00     0.00
 220 	  624.00   675.50     0.00     0.00     0.00     0.00
   	   29.00  -264.00     0.00    90.00
   	   29.00  -264.00     0.00    90.00
 221 	  702.00   675.50     0.00     0.00     0.00     0.00
 221 	  702.00   675.50     0.00     0.00     0.00     0.00
   	   29.00  -264.00     0.00    90.00
   	   29.00  -264.00     0.00    90.00
 222 	  780.00   675.50     0.00     0.00     0.00     0.00
 222 	  780.00   675.50     0.00     0.00     0.00     0.00
   	   29.00  -264.00     0.00    90.00
   	   29.00  -264.00     0.00    90.00
 223 	  858.00   675.50     0.00     0.00     0.00     0.00
 223 	  858.00   675.50     0.00     0.00     0.00     0.00
   	   29.00  -264.00     0.00    90.00
   	   29.00  -264.00     0.00    90.00

** End writing output file: ../inputs/gr738.dat 
