*******************************************************************************
                         ARRAY PREPROCESSOR ver. 1.0
*******************************************************************************



   1	GROUP testgroup
   3	 GRID RECTANGULAR
   4	 ELEMENT
   5	 GEOMETRY CIRCULAR RADIUS 87
   6	 POLARIZATION CIRCULAR RH
   8	 ADD BLOCK 0 2 1 2
   9	 ADD BLOCK -5 4 -3 -5
  10	 ADD BLOCK 7 -2 -2 -8
  12	 GROUP_EXCITATION
  13	 AMPLITUDE UNIFORM 24
  14	 PHASE UNIFORM -265
  15	 END

** Generating GROUP: testgroup.
** PSTEP,QSTEP set to:174.000000,174.000000
** Grid ANGLE set to:90.000000 
** Group ROT_ANGLE set to: 0.000000 

** Writing output file: ../inputs/gr749.dat

NEL 
NPORTS
IDUM      REXA     REYA     REZA     THEA     PHEA     PSEA 
          AMP      PSH      PSC      PHEPOL
 102
 102
   1
   1
   1 	   -0.00   348.00     0.00     0.00     0.00     0.00
   1 	   -0.00   348.00     0.00     0.00     0.00     0.00
   	   24.00  -265.00     0.00    90.00
   	   24.00  -265.00     0.00    90.00
   2 	  174.00   348.00     0.00     0.00     0.00     0.00
   2 	  174.00   348.00     0.00     0.00     0.00     0.00
   	   24.00  -265.00     0.00    90.00
   	   24.00  -265.00     0.00    90.00
   3 	 -870.00  -870.00     0.00     0.00     0.00     0.00
   3 	 -870.00  -870.00     0.00     0.00     0.00     0.00
   	   24.00  -265.00     0.00    90.00
   	   24.00  -265.00     0.00    90.00
   4 	 -696.00  -870.00     0.00     0.00     0.00     0.00
   4 	 -696.00  -870.00     0.00     0.00     0.00     0.00
   	   24.00  -265.00     0.00    90.00
   	   24.00  -265.00     0.00    90.00
   5 	 -522.00  -870.00     0.00     0.00     0.00     0.00
   5 	 -522.00  -870.00     0.00     0.00     0.00     0.00
   	   24.00  -265.00     0.00    90.00
   	   24.00  -265.00     0.00    90.00
   6 	 -870.00  -696.00     0.00     0.00     0.00     0.00
   6 	 -870.00  -696.00     0.00     0.00     0.00     0.00
   	   24.00  -265.00     0.00    90.00
   	   24.00  -265.00     0.00    90.00
   7 	 -696.00  -696.00     0.00     0.00     0.00     0.00
   7 	 -696.00  -696.00     0.00     0.00     0.00     0.00
   	   24.00  -265.00     0.00    90.00
   	   24.00  -265.00     0.00    90.00
   8 	 -522.00  -696.00     0.00     0.00     0.00     0.00
   8 	 -522.00  -696.00     0.00     0.00     0.00     0.00
   	   24.00  -265.00     0.00    90.00
   	   24.00  -265.00     0.00    90.00
   9 	 -870.00  -522.00     0.00     0.00     0.00     0.00
   9 	 -870.00  -522.00     0.00     0.00     0.00     0.00
   	   24.00  -265.00     0.00    90.00
   	   24.00  -265.00     0.00    90.00
  10 	 -696.00  -522.00     0.00     0.00     0.00     0.00
  10 	 -696.00  -522.00     0.00     0.00     0.00     0.00
   	   24.00  -265.00     0.00    90.00
   	   24.00  -265.00     0.00    90.00
  11 	 -522.00  -522.00     0.00     0.00     0.00     0.00
  11 	 -522.00  -522.00     0.00     0.00     0.00     0.00
   	   24.00  -265.00     0.00    90.00
   	   24.00  -265.00     0.00    90.00
  12 	 -870.00  -348.00     0.00     0.00     0.00     0.00
  12 	 -870.00  -348.00     0.00     0.00     0.00     0.00
   	   24.00  -265.00     0.00    90.00
   	   24.00  -265.00     0.00    90.00
  13 	 -696.00  -348.00     0.00     0.00     0.00     0.00
  13 	 -696.00  -348.00     0.00     0.00     0.00     0.00
   	   24.00  -265.00     0.00    90.00
   	   24.00  -265.00     0.00    90.00
  14 	 -522.00  -348.00     0.00     0.00     0.00     0.00
  14 	 -522.00  -348.00     0.00     0.00     0.00     0.00
   	   24.00  -265.00     0.00    90.00
   	   24.00  -265.00     0.00    90.00
  15 	 -870.00  -174.00     0.00     0.00     0.00     0.00
  15 	 -870.00  -174.00     0.00     0.00     0.00     0.00
   	   24.00  -265.00     0.00    90.00
   	   24.00  -265.00     0.00    90.00
  16 	 -696.00  -174.00     0.00     0.00     0.00     0.00
  16 	 -696.00  -174.00     0.00     0.00     0.00     0.00
   	   24.00  -265.00     0.00    90.00
   	   24.00  -265.00     0.00    90.00
  17 	 -522.00  -174.00     0.00     0.00     0.00     0.00
  17 	 -522.00  -174.00     0.00     0.00     0.00     0.00
   	   24.00  -265.00     0.00    90.00
   	   24.00  -265.00     0.00    90.00
  18 	 -870.00     0.00     0.00     0.00     0.00     0.00
  18 	 -870.00     0.00     0.00     0.00     0.00     0.00
   	   24.00  -265.00     0.00    90.00
   	   24.00  -265.00     0.00    90.00
  19 	 -696.00     0.00     0.00     0.00     0.00     0.00
  19 	 -696.00     0.00     0.00     0.00     0.00     0.00
   	   24.00  -265.00     0.00    90.00
   	   24.00  -265.00     0.00    90.00
  20 	 -522.00     0.00     0.00     0.00     0.00     0.00
  20 	 -522.00     0.00     0.00     0.00     0.00     0.00
   	   24.00  -265.00     0.00    90.00
   	   24.00  -265.00     0.00    90.00
  21 	 -870.00   174.00     0.00     0.00     0.00     0.00
  21 	 -870.00   174.00     0.00     0.00     0.00     0.00
   	   24.00  -265.00     0.00    90.00
   	   24.00  -265.00     0.00    90.00
  22 	 -696.00   174.00     0.00     0.00     0.00     0.00
  22 	 -696.00   174.00     0.00     0.00     0.00     0.00
   	   24.00  -265.00     0.00    90.00
   	   24.00  -265.00     0.00    90.00
  23 	 -522.00   174.00     0.00     0.00     0.00     0.00
  23 	 -522.00   174.00     0.00     0.00     0.00     0.00
   	   24.00  -265.00     0.00    90.00
   	   24.00  -265.00     0.00    90.00
  24 	 -870.00   348.00     0.00     0.00     0.00     0.00
  24 	 -870.00   348.00     0.00     0.00     0.00     0.00
   	   24.00  -265.00     0.00    90.00
   	   24.00  -265.00     0.00    90.00
  25 	 -696.00   348.00     0.00     0.00     0.00     0.00
  25 	 -696.00   348.00     0.00     0.00     0.00     0.00
   	   24.00  -265.00     0.00    90.00
   	   24.00  -265.00     0.00    90.00
  26 	 -522.00   348.00     0.00     0.00     0.00     0.00
  26 	 -522.00   348.00     0.00     0.00     0.00     0.00
   	   24.00  -265.00     0.00    90.00
   	   24.00  -265.00     0.00    90.00
  27 	 -870.00   522.00     0.00     0.00     0.00     0.00
  27 	 -870.00   522.00     0.00     0.00     0.00     0.00
   	   24.00  -265.00     0.00    90.00
   	   24.00  -265.00     0.00    90.00
  28 	 -696.00   522.00     0.00     0.00     0.00     0.00
  28 	 -696.00   522.00     0.00     0.00     0.00     0.00
   	   24.00  -265.00     0.00    90.00
   	   24.00  -265.00     0.00    90.00
  29 	 -522.00   522.00     0.00     0.00     0.00     0.00
  29 	 -522.00   522.00     0.00     0.00     0.00     0.00
   	   24.00  -265.00     0.00    90.00
   	   24.00  -265.00     0.00    90.00
  30 	 -870.00   696.00     0.00     0.00     0.00     0.00
  30 	 -870.00   696.00     0.00     0.00     0.00     0.00
   	   24.00  -265.00     0.00    90.00
   	   24.00  -265.00     0.00    90.00
  31 	 -696.00   696.00     0.00     0.00     0.00     0.00
  31 	 -696.00   696.00     0.00     0.00     0.00     0.00
   	   24.00  -265.00     0.00    90.00
   	   24.00  -265.00     0.00    90.00
  32 	 -522.00   696.00     0.00     0.00     0.00     0.00
  32 	 -522.00   696.00     0.00     0.00     0.00     0.00
   	   24.00  -265.00     0.00    90.00
   	   24.00  -265.00     0.00    90.00
  33 	 -348.00 -1392.00     0.00     0.00     0.00     0.00
  33 	 -348.00 -1392.00     0.00     0.00     0.00     0.00
   	   24.00  -265.00     0.00    90.00
   	   24.00  -265.00     0.00    90.00
  34 	 -174.00 -1392.00     0.00     0.00     0.00     0.00
  34 	 -174.00 -1392.00     0.00     0.00     0.00     0.00
   	   24.00  -265.00     0.00    90.00
   	   24.00  -265.00     0.00    90.00
  35 	    0.00 -1392.00     0.00     0.00     0.00     0.00
  35 	    0.00 -1392.00     0.00     0.00     0.00     0.00
   	   24.00  -265.00     0.00    90.00
   	   24.00  -265.00     0.00    90.00
  36 	  174.00 -1392.00     0.00     0.00     0.00     0.00
  36 	  174.00 -1392.00     0.00     0.00     0.00     0.00
   	   24.00  -265.00     0.00    90.00
   	   24.00  -265.00     0.00    90.00
  37 	  348.00 -1392.00     0.00     0.00     0.00     0.00
  37 	  348.00 -1392.00     0.00     0.00     0.00     0.00
   	   24.00  -265.00     0.00    90.00
   	   24.00  -265.00     0.00    90.00
  38 	  522.00 -1392.00     0.00     0.00     0.00     0.00
  38 	  522.00 -1392.00     0.00     0.00     0.00     0.00
   	   24.00  -265.00     0.00    90.00
   	   24.00  -265.00     0.00    90.00
  39 	  696.00 -1392.00     0.00     0.00     0.00     0.00
  39 	  696.00 -1392.00     0.00     0.00     0.00     0.00
   	   24.00  -265.00     0.00    90.00
   	   24.00  -265.00     0.00    90.00
  40 	  870.00 -1392.00     0.00     0.00     0.00     0.00
  40 	  870.00 -1392.00     0.00     0.00     0.00     0.00
   	   24.00  -265.00     0.00    90.00
   	   24.00  -265.00     0.00    90.00
  41 	 1044.00 -1392.00     0.00     0.00     0.00     0.00
  41 	 1044.00 -1392.00     0.00     0.00     0.00     0.00
   	   24.00  -265.00     0.00    90.00
   	   24.00  -265.00     0.00    90.00
  42 	 1218.00 -1392.00     0.00     0.00     0.00     0.00
  42 	 1218.00 -1392.00     0.00     0.00     0.00     0.00
   	   24.00  -265.00     0.00    90.00
   	   24.00  -265.00     0.00    90.00
  43 	 -348.00 -1218.00     0.00     0.00     0.00     0.00
  43 	 -348.00 -1218.00     0.00     0.00     0.00     0.00
   	   24.00  -265.00     0.00    90.00
   	   24.00  -265.00     0.00    90.00
  44 	 -174.00 -1218.00     0.00     0.00     0.00     0.00
  44 	 -174.00 -1218.00     0.00     0.00     0.00     0.00
   	   24.00  -265.00     0.00    90.00
   	   24.00  -265.00     0.00    90.00
  45 	    0.00 -1218.00     0.00     0.00     0.00     0.00
  45 	    0.00 -1218.00     0.00     0.00     0.00     0.00
   	   24.00  -265.00     0.00    90.00
   	   24.00  -265.00     0.00    90.00
  46 	  174.00 -1218.00     0.00     0.00     0.00     0.00
  46 	  174.00 -1218.00     0.00     0.00     0.00     0.00
   	   24.00  -265.00     0.00    90.00
   	   24.00  -265.00     0.00    90.00
  47 	  348.00 -1218.00     0.00     0.00     0.00     0.00
  47 	  348.00 -1218.00     0.00     0.00     0.00     0.00
   	   24.00  -265.00     0.00    90.00
   	   24.00  -265.00     0.00    90.00
  48 	  522.00 -1218.00     0.00     0.00     0.00     0.00
  48 	  522.00 -1218.00     0.00     0.00     0.00     0.00
   	   24.00  -265.00     0.00    90.00
   	   24.00  -265.00     0.00    90.00
  49 	  696.00 -1218.00     0.00     0.00     0.00     0.00
  49 	  696.00 -1218.00     0.00     0.00     0.00     0.00
   	   24.00  -265.00     0.00    90.00
   	   24.00  -265.00     0.00    90.00
  50 	  870.00 -1218.00     0.00     0.00     0.00     0.00
  50 	  870.00 -1218.00     0.00     0.00     0.00     0.00
   	   24.00  -265.00     0.00    90.00
   	   24.00  -265.00     0.00    90.00
  51 	 1044.00 -1218.00     0.00     0.00     0.00     0.00
  51 	 1044.00 -1218.00     0.00     0.00     0.00     0.00
   	   24.00  -265.00     0.00    90.00
   	   24.00  -265.00     0.00    90.00
  52 	 1218.00 -1218.00     0.00     0.00     0.00     0.00
  52 	 1218.00 -1218.00     0.00     0.00     0.00     0.00
   	   24.00  -265.00     0.00    90.00
   	   24.00  -265.00     0.00    90.00
  53 	 -348.00 -1044.00     0.00     0.00     0.00     0.00
  53 	 -348.00 -1044.00     0.00     0.00     0.00     0.00
   	   24.00  -265.00     0.00    90.00
   	   24.00  -265.00     0.00    90.00
  54 	 -174.00 -1044.00     0.00     0.00     0.00     0.00
  54 	 -174.00 -1044.00     0.00     0.00     0.00     0.00
   	   24.00  -265.00     0.00    90.00
   	   24.00  -265.00     0.00    90.00
  55 	    0.00 -1044.00     0.00     0.00     0.00     0.00
  55 	    0.00 -1044.00     0.00     0.00     0.00     0.00
   	   24.00  -265.00     0.00    90.00
   	   24.00  -265.00     0.00    90.00
  56 	  174.00 -1044.00     0.00     0.00     0.00     0.00
  56 	  174.00 -1044.00     0.00     0.00     0.00     0.00
   	   24.00  -265.00     0.00    90.00
   	   24.00  -265.00     0.00    90.00
  57 	  348.00 -1044.00     0.00     0.00     0.00     0.00
  57 	  348.00 -1044.00     0.00     0.00     0.00     0.00
   	   24.00  -265.00     0.00    90.00
   	   24.00  -265.00     0.00    90.00
  58 	  522.00 -1044.00     0.00     0.00     0.00     0.00
  58 	  522.00 -1044.00     0.00     0.00     0.00     0.00
   	   24.00  -265.00     0.00    90.00
   	   24.00  -265.00     0.00    90.00
  59 	  696.00 -1044.00     0.00     0.00     0.00     0.00
  59 	  696.00 -1044.00     0.00     0.00     0.00     0.00
   	   24.00  -265.00     0.00    90.00
   	   24.00  -265.00     0.00    90.00
  60 	  870.00 -1044.00     0.00     0.00     0.00     0.00
  60 	  870.00 -1044.00     0.00     0.00     0.00     0.00
   	   24.00  -265.00     0.00    90.00
   	   24.00  -265.00     0.00    90.00
  61 	 1044.00 -1044.00     0.00     0.00     0.00     0.00
  61 	 1044.00 -1044.00     0.00     0.00     0.00     0.00
   	   24.00  -265.00     0.00    90.00
   	   24.00  -265.00     0.00    90.00
  62 	 1218.00 -1044.00     0.00     0.00     0.00     0.00
  62 	 1218.00 -1044.00     0.00     0.00     0.00     0.00
   	   24.00  -265.00     0.00    90.00
   	   24.00  -265.00     0.00    90.00
  63 	 -348.00  -870.00     0.00     0.00     0.00     0.00
  63 	 -348.00  -870.00     0.00     0.00     0.00     0.00
   	   24.00  -265.00     0.00    90.00
   	   24.00  -265.00     0.00    90.00
  64 	 -174.00  -870.00     0.00     0.00     0.00     0.00
  64 	 -174.00  -870.00     0.00     0.00     0.00     0.00
   	   24.00  -265.00     0.00    90.00
   	   24.00  -265.00     0.00    90.00
  65 	    0.00  -870.00     0.00     0.00     0.00     0.00
  65 	    0.00  -870.00     0.00     0.00     0.00     0.00
   	   24.00  -265.00     0.00    90.00
   	   24.00  -265.00     0.00    90.00
  66 	  174.00  -870.00     0.00     0.00     0.00     0.00
  66 	  174.00  -870.00     0.00     0.00     0.00     0.00
   	   24.00  -265.00     0.00    90.00
   	   24.00  -265.00     0.00    90.00
  67 	  348.00  -870.00     0.00     0.00     0.00     0.00
  67 	  348.00  -870.00     0.00     0.00     0.00     0.00
   	   24.00  -265.00     0.00    90.00
   	   24.00  -265.00     0.00    90.00
  68 	  522.00  -870.00     0.00     0.00     0.00     0.00
  68 	  522.00  -870.00     0.00     0.00     0.00     0.00
   	   24.00  -265.00     0.00    90.00
   	   24.00  -265.00     0.00    90.00
  69 	  696.00  -870.00     0.00     0.00     0.00     0.00
  69 	  696.00  -870.00     0.00     0.00     0.00     0.00
   	   24.00  -265.00     0.00    90.00
   	   24.00  -265.00     0.00    90.00
  70 	  870.00  -870.00     0.00     0.00     0.00     0.00
  70 	  870.00  -870.00     0.00     0.00     0.00     0.00
   	   24.00  -265.00     0.00    90.00
   	   24.00  -265.00     0.00    90.00
  71 	 1044.00  -870.00     0.00     0.00     0.00     0.00
  71 	 1044.00  -870.00     0.00     0.00     0.00     0.00
   	   24.00  -265.00     0.00    90.00
   	   24.00  -265.00     0.00    90.00
  72 	 1218.00  -870.00     0.00     0.00     0.00     0.00
  72 	 1218.00  -870.00     0.00     0.00     0.00     0.00
   	   24.00  -265.00     0.00    90.00
   	   24.00  -265.00     0.00    90.00
  73 	 -348.00  -696.00     0.00     0.00     0.00     0.00
  73 	 -348.00  -696.00     0.00     0.00     0.00     0.00
   	   24.00  -265.00     0.00    90.00
   	   24.00  -265.00     0.00    90.00
  74 	 -174.00  -696.00     0.00     0.00     0.00     0.00
  74 	 -174.00  -696.00     0.00     0.00     0.00     0.00
   	   24.00  -265.00     0.00    90.00
   	   24.00  -265.00     0.00    90.00
  75 	    0.00  -696.00     0.00     0.00     0.00     0.00
  75 	    0.00  -696.00     0.00     0.00     0.00     0.00
   	   24.00  -265.00     0.00    90.00
   	   24.00  -265.00     0.00    90.00
  76 	  174.00  -696.00     0.00     0.00     0.00     0.00
  76 	  174.00  -696.00     0.00     0.00     0.00     0.00
   	   24.00  -265.00     0.00    90.00
   	   24.00  -265.00     0.00    90.00
  77 	  348.00  -696.00     0.00     0.00     0.00     0.00
  77 	  348.00  -696.00     0.00     0.00     0.00     0.00
   	   24.00  -265.00     0.00    90.00
   	   24.00  -265.00     0.00    90.00
  78 	  522.00  -696.00     0.00     0.00     0.00     0.00
  78 	  522.00  -696.00     0.00     0.00     0.00     0.00
   	   24.00  -265.00     0.00    90.00
   	   24.00  -265.00     0.00    90.00
  79 	  696.00  -696.00     0.00     0.00     0.00     0.00
  79 	  696.00  -696.00     0.00     0.00     0.00     0.00
   	   24.00  -265.00     0.00    90.00
   	   24.00  -265.00     0.00    90.00
  80 	  870.00  -696.00     0.00     0.00     0.00     0.00
  80 	  870.00  -696.00     0.00     0.00     0.00     0.00
   	   24.00  -265.00     0.00    90.00
   	   24.00  -265.00     0.00    90.00
  81 	 1044.00  -696.00     0.00     0.00     0.00     0.00
  81 	 1044.00  -696.00     0.00     0.00     0.00     0.00
   	   24.00  -265.00     0.00    90.00
   	   24.00  -265.00     0.00    90.00
  82 	 1218.00  -696.00     0.00     0.00     0.00     0.00
  82 	 1218.00  -696.00     0.00     0.00     0.00     0.00
   	   24.00  -265.00     0.00    90.00
   	   24.00  -265.00     0.00    90.00
  83 	 -348.00  -522.00     0.00     0.00     0.00     0.00
  83 	 -348.00  -522.00     0.00     0.00     0.00     0.00
   	   24.00  -265.00     0.00    90.00
   	   24.00  -265.00     0.00    90.00
  84 	 -174.00  -522.00     0.00     0.00     0.00     0.00
  84 	 -174.00  -522.00     0.00     0.00     0.00     0.00
   	   24.00  -265.00     0.00    90.00
   	   24.00  -265.00     0.00    90.00
  85 	    0.00  -522.00     0.00     0.00     0.00     0.00
  85 	    0.00  -522.00     0.00     0.00     0.00     0.00
   	   24.00  -265.00     0.00    90.00
   	   24.00  -265.00     0.00    90.00
  86 	  174.00  -522.00     0.00     0.00     0.00     0.00
  86 	  174.00  -522.00     0.00     0.00     0.00     0.00
   	   24.00  -265.00     0.00    90.00
   	   24.00  -265.00     0.00    90.00
  87 	  348.00  -522.00     0.00     0.00     0.00     0.00
  87 	  348.00  -522.00     0.00     0.00     0.00     0.00
   	   24.00  -265.00     0.00    90.00
   	   24.00  -265.00     0.00    90.00
  88 	  522.00  -522.00     0.00     0.00     0.00     0.00
  88 	  522.00  -522.00     0.00     0.00     0.00     0.00
   	   24.00  -265.00     0.00    90.00
   	   24.00  -265.00     0.00    90.00
  89 	  696.00  -522.00     0.00     0.00     0.00     0.00
  89 	  696.00  -522.00     0.00     0.00     0.00     0.00
   	   24.00  -265.00     0.00    90.00
   	   24.00  -265.00     0.00    90.00
  90 	  870.00  -522.00     0.00     0.00     0.00     0.00
  90 	  870.00  -522.00     0.00     0.00     0.00     0.00
   	   24.00  -265.00     0.00    90.00
   	   24.00  -265.00     0.00    90.00
  91 	 1044.00  -522.00     0.00     0.00     0.00     0.00
  91 	 1044.00  -522.00     0.00     0.00     0.00     0.00
   	   24.00  -265.00     0.00    90.00
   	   24.00  -265.00     0.00    90.00
  92 	 1218.00  -522.00     0.00     0.00     0.00     0.00
  92 	 1218.00  -522.00     0.00     0.00     0.00     0.00
   	   24.00  -265.00     0.00    90.00
   	   24.00  -265.00     0.00    90.00
  93 	 -348.00  -348.00     0.00     0.00     0.00     0.00
  93 	 -348.00  -348.00     0.00     0.00     0.00     0.00
   	   24.00  -265.00     0.00    90.00
   	   24.00  -265.00     0.00    90.00
  94 	 -174.00  -348.00     0.00     0.00     0.00     0.00
  94 	 -174.00  -348.00     0.00     0.00     0.00     0.00
   	   24.00  -265.00     0.00    90.00
   	   24.00  -265.00     0.00    90.00
  95 	    0.00  -348.00     0.00     0.00     0.00     0.00
  95 	    0.00  -348.00     0.00     0.00     0.00     0.00
   	   24.00  -265.00     0.00    90.00
   	   24.00  -265.00     0.00    90.00
  96 	  174.00  -348.00     0.00     0.00     0.00     0.00
  96 	  174.00  -348.00     0.00     0.00     0.00     0.00
   	   24.00  -265.00     0.00    90.00
   	   24.00  -265.00     0.00    90.00
  97 	  348.00  -348.00     0.00     0.00     0.00     0.00
  97 	  348.00  -348.00     0.00     0.00     0.00     0.00
   	   24.00  -265.00     0.00    90.00
   	   24.00  -265.00     0.00    90.00
  98 	  522.00  -348.00     0.00     0.00     0.00     0.00
  98 	  522.00  -348.00     0.00     0.00     0.00     0.00
   	   24.00  -265.00     0.00    90.00
   	   24.00  -265.00     0.00    90.00
  99 	  696.00  -348.00     0.00     0.00     0.00     0.00
  99 	  696.00  -348.00     0.00     0.00     0.00     0.00
   	   24.00  -265.00     0.00    90.00
   	   24.00  -265.00     0.00    90.00
 100 	  870.00  -348.00     0.00     0.00     0.00     0.00
 100 	  870.00  -348.00     0.00     0.00     0.00     0.00
   	   24.00  -265.00     0.00    90.00
   	   24.00  -265.00     0.00    90.00
 101 	 1044.00  -348.00     0.00     0.00     0.00     0.00
 101 	 1044.00  -348.00     0.00     0.00     0.00     0.00
   	   24.00  -265.00     0.00    90.00
   	   24.00  -265.00     0.00    90.00
 102 	 1218.00  -348.00     0.00     0.00     0.00     0.00
 102 	 1218.00  -348.00     0.00     0.00     0.00     0.00
   	   24.00  -265.00     0.00    90.00
   	   24.00  -265.00     0.00    90.00

** End writing output file: ../inputs/gr749.dat 
