*******************************************************************************
                         ARRAY PREPROCESSOR ver. 1.0
*******************************************************************************



   1	GROUP testgroup
   3	 GRID HEXAGONAL
   4	 ELEMENT
   5	 GEOMETRY CIRCULAR RADIUS 75
   6	 POLARIZATION LINEAR ORIENTATION X
   7	 PORTS 2
   8	 PORT 1
   9	 POL_ORIENT Y AMPLITUDE 53
  10	 PHASE_SHAPING 580
  11	 PHASE_POL_ARRANG 684 deg
  12	 PORT 2
  13	 AMPLITUDE 27
  14	 PHASE_SCANNING 442
  15	 PHASE_POL_ARRANG 429
  16	 ADD BLOCK -8 12 -8 3
  18	 GROUP_EXCITATION
  19	 AMPLITUDE UNIFORM 27
  20	 PHASE UNIFORM 130
  21	 END

** Generating GROUP: testgroup.
** PSTEP,QSTEP set to:150.000000,150.000000
** Grid ANGLE set to:60.000000 
** Group ROT_ANGLE set to: 0.000000 

** Writing output file: ../inputs/gr75.dat

NEL 
NPORTS
IDUM      REXA     REYA     REZA     THEA     PHEA     PSEA 
          AMP      PSH      PSC      PHEPOL
  10
  10
   2
   2
   1 	 -975.00   389.71     0.00     0.00     0.00     0.00
   1 	 -975.00   389.71     0.00     0.00     0.00     0.00
   	 1431.00  1394.00     0.00    90.00
   	 1431.00  1394.00     0.00    90.00
   	  729.00   559.00   442.00     0.00
   	  729.00   559.00   442.00     0.00
   2 	 -900.00   519.62     0.00     0.00     0.00     0.00
   2 	 -900.00   519.62     0.00     0.00     0.00     0.00
   	 1431.00  1394.00     0.00    90.00
   	 1431.00  1394.00     0.00    90.00
   	  729.00   559.00   442.00     0.00
   	  729.00   559.00   442.00     0.00
   3 	 -825.00   649.52     0.00     0.00     0.00     0.00
   3 	 -825.00   649.52     0.00     0.00     0.00     0.00
   	 1431.00  1394.00     0.00    90.00
   	 1431.00  1394.00     0.00    90.00
   	  729.00   559.00   442.00     0.00
   	  729.00   559.00   442.00     0.00
   4 	 -750.00   779.42     0.00     0.00     0.00     0.00
   4 	 -750.00   779.42     0.00     0.00     0.00     0.00
   	 1431.00  1394.00     0.00    90.00
   	 1431.00  1394.00     0.00    90.00
   	  729.00   559.00   442.00     0.00
   	  729.00   559.00   442.00     0.00
   5 	 -675.00   909.33     0.00     0.00     0.00     0.00
   5 	 -675.00   909.33     0.00     0.00     0.00     0.00
   	 1431.00  1394.00     0.00    90.00
   	 1431.00  1394.00     0.00    90.00
   	  729.00   559.00   442.00     0.00
   	  729.00   559.00   442.00     0.00
   6 	 -600.00  1039.23     0.00     0.00     0.00     0.00
   6 	 -600.00  1039.23     0.00     0.00     0.00     0.00
   	 1431.00  1394.00     0.00    90.00
   	 1431.00  1394.00     0.00    90.00
   	  729.00   559.00   442.00     0.00
   	  729.00   559.00   442.00     0.00
   7 	 -525.00  1169.13     0.00     0.00     0.00     0.00
   7 	 -525.00  1169.13     0.00     0.00     0.00     0.00
   	 1431.00  1394.00     0.00    90.00
   	 1431.00  1394.00     0.00    90.00
   	  729.00   559.00   442.00     0.00
   	  729.00   559.00   442.00     0.00
   8 	 -450.00  1299.04     0.00     0.00     0.00     0.00
   8 	 -450.00  1299.04     0.00     0.00     0.00     0.00
   	 1431.00  1394.00     0.00    90.00
   	 1431.00  1394.00     0.00    90.00
   	  729.00   559.00   442.00     0.00
   	  729.00   559.00   442.00     0.00
   9 	 -375.00  1428.94     0.00     0.00     0.00     0.00
   9 	 -375.00  1428.94     0.00     0.00     0.00     0.00
   	 1431.00  1394.00     0.00    90.00
   	 1431.00  1394.00     0.00    90.00
   	  729.00   559.00   442.00     0.00
   	  729.00   559.00   442.00     0.00
  10 	 -300.00  1558.85     0.00     0.00     0.00     0.00
  10 	 -300.00  1558.85     0.00     0.00     0.00     0.00
   	 1431.00  1394.00     0.00    90.00
   	 1431.00  1394.00     0.00    90.00
   	  729.00   559.00   442.00     0.00
   	  729.00   559.00   442.00     0.00

** End writing output file: ../inputs/gr75.dat 
