*******************************************************************************
                         ARRAY PREPROCESSOR ver. 1.0
*******************************************************************************



   1	GROUP testgroup
   3	 GRID RECTANGULAR
   4	 ELEMENT
   5	 GEOMETRY CIRCULAR 75 mm
   7	 ADD BLOCK 1 8 4 4
   9	 GROUP_EXCITATION
  10	 AMPLITUDE UNIFORM 24
  11	 PHASE UNIFORM -66
  12	 END

** Generating GROUP: testgroup.
** PSTEP,QSTEP set to:150.000000,150.000000
** Grid ANGLE set to:90.000000 
** Group ROT_ANGLE set to: 0.000000 

** Writing output file: ../inputs/gr750.dat

NEL 
NPORTS
IDUM      REXA     REYA     REZA     THEA     PHEA     PSEA 
          AMP      PSH      PSC      PHEPOL
  20
  20
   1
   1
   1 	  150.00   600.00     0.00     0.00     0.00     0.00
   1 	  150.00   600.00     0.00     0.00     0.00     0.00
   	   24.00   -66.00     0.00    90.00
   	   24.00   -66.00     0.00    90.00
   2 	  300.00   600.00     0.00     0.00     0.00     0.00
   2 	  300.00   600.00     0.00     0.00     0.00     0.00
   	   24.00   -66.00     0.00    90.00
   	   24.00   -66.00     0.00    90.00
   3 	  450.00   600.00     0.00     0.00     0.00     0.00
   3 	  450.00   600.00     0.00     0.00     0.00     0.00
   	   24.00   -66.00     0.00    90.00
   	   24.00   -66.00     0.00    90.00
   4 	  600.00   600.00     0.00     0.00     0.00     0.00
   4 	  600.00   600.00     0.00     0.00     0.00     0.00
   	   24.00   -66.00     0.00    90.00
   	   24.00   -66.00     0.00    90.00
   5 	  150.00   750.00     0.00     0.00     0.00     0.00
   5 	  150.00   750.00     0.00     0.00     0.00     0.00
   	   24.00   -66.00     0.00    90.00
   	   24.00   -66.00     0.00    90.00
   6 	  300.00   750.00     0.00     0.00     0.00     0.00
   6 	  300.00   750.00     0.00     0.00     0.00     0.00
   	   24.00   -66.00     0.00    90.00
   	   24.00   -66.00     0.00    90.00
   7 	  450.00   750.00     0.00     0.00     0.00     0.00
   7 	  450.00   750.00     0.00     0.00     0.00     0.00
   	   24.00   -66.00     0.00    90.00
   	   24.00   -66.00     0.00    90.00
   8 	  600.00   750.00     0.00     0.00     0.00     0.00
   8 	  600.00   750.00     0.00     0.00     0.00     0.00
   	   24.00   -66.00     0.00    90.00
   	   24.00   -66.00     0.00    90.00
   9 	  150.00   900.00     0.00     0.00     0.00     0.00
   9 	  150.00   900.00     0.00     0.00     0.00     0.00
   	   24.00   -66.00     0.00    90.00
   	   24.00   -66.00     0.00    90.00
  10 	  300.00   900.00     0.00     0.00     0.00     0.00
  10 	  300.00   900.00     0.00     0.00     0.00     0.00
   	   24.00   -66.00     0.00    90.00
   	   24.00   -66.00     0.00    90.00
  11 	  450.00   900.00     0.00     0.00     0.00     0.00
  11 	  450.00   900.00     0.00     0.00     0.00     0.00
   	   24.00   -66.00     0.00    90.00
   	   24.00   -66.00     0.00    90.00
  12 	  600.00   900.00     0.00     0.00     0.00     0.00
  12 	  600.00   900.00     0.00     0.00     0.00     0.00
   	   24.00   -66.00     0.00    90.00
   	   24.00   -66.00     0.00    90.00
  13 	  150.00  1050.00     0.00     0.00     0.00     0.00
  13 	  150.00  1050.00     0.00     0.00     0.00     0.00
   	   24.00   -66.00     0.00    90.00
   	   24.00   -66.00     0.00    90.00
  14 	  300.00  1050.00     0.00     0.00     0.00     0.00
  14 	  300.00  1050.00     0.00     0.00     0.00     0.00
   	   24.00   -66.00     0.00    90.00
   	   24.00   -66.00     0.00    90.00
  15 	  450.00  1050.00     0.00     0.00     0.00     0.00
  15 	  450.00  1050.00     0.00     0.00     0.00     0.00
   	   24.00   -66.00     0.00    90.00
   	   24.00   -66.00     0.00    90.00
  16 	  600.00  1050.00     0.00     0.00     0.00     0.00
  16 	  600.00  1050.00     0.00     0.00     0.00     0.00
   	   24.00   -66.00     0.00    90.00
   	   24.00   -66.00     0.00    90.00
  17 	  150.00  1200.00     0.00     0.00     0.00     0.00
  17 	  150.00  1200.00     0.00     0.00     0.00     0.00
   	   24.00   -66.00     0.00    90.00
   	   24.00   -66.00     0.00    90.00
  18 	  300.00  1200.00     0.00     0.00     0.00     0.00
  18 	  300.00  1200.00     0.00     0.00     0.00     0.00
   	   24.00   -66.00     0.00    90.00
   	   24.00   -66.00     0.00    90.00
  19 	  450.00  1200.00     0.00     0.00     0.00     0.00
  19 	  450.00  1200.00     0.00     0.00     0.00     0.00
   	   24.00   -66.00     0.00    90.00
   	   24.00   -66.00     0.00    90.00
  20 	  600.00  1200.00     0.00     0.00     0.00     0.00
  20 	  600.00  1200.00     0.00     0.00     0.00     0.00
   	   24.00   -66.00     0.00    90.00
   	   24.00   -66.00     0.00    90.00

** End writing output file: ../inputs/gr750.dat 
