*******************************************************************************
                         ARRAY PREPROCESSOR ver. 1.0
*******************************************************************************



   1	GROUP testgroup
   3	 GRID HEXAGONAL
   4	 ELEMENT
   5	 GEOMETRY CIRCULAR RADIUS 47
   7	 PORTS 2
   8	 PORT 1
   9	 AMPLITUDE 92
  10	 PHASE_SHAPING 436
  11	 PHASE_POL_ARRANG 757
  12	 PORT 2
  13	 AMPLITUDE 23
  14	 PHASE_SCANNING 537
  15	 ADD BLOCK 7 0 3 3
  16	 ADD BLOCK -10 12 -4 -1
  17	 ADD BLOCK -3 1 1 1
  19	 GROUP_EXCITATION
  20	 AMPLITUDE UNIFORM 20
  21	 PHASE UNIFORM 7
  22	 END

** Generating GROUP: testgroup.
** PSTEP,QSTEP set to:94.000000,94.000000
** Grid ANGLE set to:60.000000 
** Group ROT_ANGLE set to: 0.000000 

** Writing output file: ../inputs/gr751.dat

NEL 
NPORTS
IDUM      REXA     REYA     REZA     THEA     PHEA     PSEA 
          AMP      PSH      PSC      PHEPOL
 123
 123
   2
   2
   1 	  282.00     0.00     0.00     0.00     0.00     0.00
   1 	  282.00     0.00     0.00     0.00     0.00     0.00
   	 1840.00  1200.00     0.00    90.00
   	 1840.00  1200.00     0.00    90.00
   	  460.00     7.00   537.00    90.00
   	  460.00     7.00   537.00    90.00
   2 	  376.00     0.00     0.00     0.00     0.00     0.00
   2 	  376.00     0.00     0.00     0.00     0.00     0.00
   	 1840.00  1200.00     0.00    90.00
   	 1840.00  1200.00     0.00    90.00
   	  460.00     7.00   537.00    90.00
   	  460.00     7.00   537.00    90.00
   3 	  470.00     0.00     0.00     0.00     0.00     0.00
   3 	  470.00     0.00     0.00     0.00     0.00     0.00
   	 1840.00  1200.00     0.00    90.00
   	 1840.00  1200.00     0.00    90.00
   	  460.00     7.00   537.00    90.00
   	  460.00     7.00   537.00    90.00
   4 	  564.00     0.00     0.00     0.00     0.00     0.00
   4 	  564.00     0.00     0.00     0.00     0.00     0.00
   	 1840.00  1200.00     0.00    90.00
   	 1840.00  1200.00     0.00    90.00
   	  460.00     7.00   537.00    90.00
   	  460.00     7.00   537.00    90.00
   5 	  658.00     0.00     0.00     0.00     0.00     0.00
   5 	  658.00     0.00     0.00     0.00     0.00     0.00
   	 1840.00  1200.00     0.00    90.00
   	 1840.00  1200.00     0.00    90.00
   	  460.00     7.00   537.00    90.00
   	  460.00     7.00   537.00    90.00
   6 	  329.00    81.41     0.00     0.00     0.00     0.00
   6 	  329.00    81.41     0.00     0.00     0.00     0.00
   	 1840.00  1200.00     0.00    90.00
   	 1840.00  1200.00     0.00    90.00
   	  460.00     7.00   537.00    90.00
   	  460.00     7.00   537.00    90.00
   7 	  423.00    81.41     0.00     0.00     0.00     0.00
   7 	  423.00    81.41     0.00     0.00     0.00     0.00
   	 1840.00  1200.00     0.00    90.00
   	 1840.00  1200.00     0.00    90.00
   	  460.00     7.00   537.00    90.00
   	  460.00     7.00   537.00    90.00
   8 	  517.00    81.41     0.00     0.00     0.00     0.00
   8 	  517.00    81.41     0.00     0.00     0.00     0.00
   	 1840.00  1200.00     0.00    90.00
   	 1840.00  1200.00     0.00    90.00
   	  460.00     7.00   537.00    90.00
   	  460.00     7.00   537.00    90.00
   9 	  611.00    81.41     0.00     0.00     0.00     0.00
   9 	  611.00    81.41     0.00     0.00     0.00     0.00
   	 1840.00  1200.00     0.00    90.00
   	 1840.00  1200.00     0.00    90.00
   	  460.00     7.00   537.00    90.00
   	  460.00     7.00   537.00    90.00
  10 	  705.00    81.41     0.00     0.00     0.00     0.00
  10 	  705.00    81.41     0.00     0.00     0.00     0.00
   	 1840.00  1200.00     0.00    90.00
   	 1840.00  1200.00     0.00    90.00
   	  460.00     7.00   537.00    90.00
   	  460.00     7.00   537.00    90.00
  11 	  376.00   162.81     0.00     0.00     0.00     0.00
  11 	  376.00   162.81     0.00     0.00     0.00     0.00
   	 1840.00  1200.00     0.00    90.00
   	 1840.00  1200.00     0.00    90.00
   	  460.00     7.00   537.00    90.00
   	  460.00     7.00   537.00    90.00
  12 	  470.00   162.81     0.00     0.00     0.00     0.00
  12 	  470.00   162.81     0.00     0.00     0.00     0.00
   	 1840.00  1200.00     0.00    90.00
   	 1840.00  1200.00     0.00    90.00
   	  460.00     7.00   537.00    90.00
   	  460.00     7.00   537.00    90.00
  13 	  564.00   162.81     0.00     0.00     0.00     0.00
  13 	  564.00   162.81     0.00     0.00     0.00     0.00
   	 1840.00  1200.00     0.00    90.00
   	 1840.00  1200.00     0.00    90.00
   	  460.00     7.00   537.00    90.00
   	  460.00     7.00   537.00    90.00
  14 	  658.00   162.81     0.00     0.00     0.00     0.00
  14 	  658.00   162.81     0.00     0.00     0.00     0.00
   	 1840.00  1200.00     0.00    90.00
   	 1840.00  1200.00     0.00    90.00
   	  460.00     7.00   537.00    90.00
   	  460.00     7.00   537.00    90.00
  15 	  752.00   162.81     0.00     0.00     0.00     0.00
  15 	  752.00   162.81     0.00     0.00     0.00     0.00
   	 1840.00  1200.00     0.00    90.00
   	 1840.00  1200.00     0.00    90.00
   	  460.00     7.00   537.00    90.00
   	  460.00     7.00   537.00    90.00
  16 	  423.00   244.22     0.00     0.00     0.00     0.00
  16 	  423.00   244.22     0.00     0.00     0.00     0.00
   	 1840.00  1200.00     0.00    90.00
   	 1840.00  1200.00     0.00    90.00
   	  460.00     7.00   537.00    90.00
   	  460.00     7.00   537.00    90.00
  17 	  517.00   244.22     0.00     0.00     0.00     0.00
  17 	  517.00   244.22     0.00     0.00     0.00     0.00
   	 1840.00  1200.00     0.00    90.00
   	 1840.00  1200.00     0.00    90.00
   	  460.00     7.00   537.00    90.00
   	  460.00     7.00   537.00    90.00
  18 	  611.00   244.22     0.00     0.00     0.00     0.00
  18 	  611.00   244.22     0.00     0.00     0.00     0.00
   	 1840.00  1200.00     0.00    90.00
   	 1840.00  1200.00     0.00    90.00
   	  460.00     7.00   537.00    90.00
   	  460.00     7.00   537.00    90.00
  19 	  705.00   244.22     0.00     0.00     0.00     0.00
  19 	  705.00   244.22     0.00     0.00     0.00     0.00
   	 1840.00  1200.00     0.00    90.00
   	 1840.00  1200.00     0.00    90.00
   	  460.00     7.00   537.00    90.00
   	  460.00     7.00   537.00    90.00
  20 	  799.00   244.22     0.00     0.00     0.00     0.00
  20 	  799.00   244.22     0.00     0.00     0.00     0.00
   	 1840.00  1200.00     0.00    90.00
   	 1840.00  1200.00     0.00    90.00
   	  460.00     7.00   537.00    90.00
   	  460.00     7.00   537.00    90.00
  21 	 -987.00   -81.41     0.00     0.00     0.00     0.00
  21 	 -987.00   -81.41     0.00     0.00     0.00     0.00
   	 1840.00  1200.00     0.00    90.00
   	 1840.00  1200.00     0.00    90.00
   	  460.00     7.00   537.00    90.00
   	  460.00     7.00   537.00    90.00
  22 	 -893.00   -81.41     0.00     0.00     0.00     0.00
  22 	 -893.00   -81.41     0.00     0.00     0.00     0.00
   	 1840.00  1200.00     0.00    90.00
   	 1840.00  1200.00     0.00    90.00
   	  460.00     7.00   537.00    90.00
   	  460.00     7.00   537.00    90.00
  23 	 -799.00   -81.41     0.00     0.00     0.00     0.00
  23 	 -799.00   -81.41     0.00     0.00     0.00     0.00
   	 1840.00  1200.00     0.00    90.00
   	 1840.00  1200.00     0.00    90.00
   	  460.00     7.00   537.00    90.00
   	  460.00     7.00   537.00    90.00
  24 	 -705.00   -81.41     0.00     0.00     0.00     0.00
  24 	 -705.00   -81.41     0.00     0.00     0.00     0.00
   	 1840.00  1200.00     0.00    90.00
   	 1840.00  1200.00     0.00    90.00
   	  460.00     7.00   537.00    90.00
   	  460.00     7.00   537.00    90.00
  25 	 -611.00   -81.41     0.00     0.00     0.00     0.00
  25 	 -611.00   -81.41     0.00     0.00     0.00     0.00
   	 1840.00  1200.00     0.00    90.00
   	 1840.00  1200.00     0.00    90.00
   	  460.00     7.00   537.00    90.00
   	  460.00     7.00   537.00    90.00
  26 	 -517.00   -81.41     0.00     0.00     0.00     0.00
  26 	 -517.00   -81.41     0.00     0.00     0.00     0.00
   	 1840.00  1200.00     0.00    90.00
   	 1840.00  1200.00     0.00    90.00
   	  460.00     7.00   537.00    90.00
   	  460.00     7.00   537.00    90.00
  27 	 -423.00   -81.41     0.00     0.00     0.00     0.00
  27 	 -423.00   -81.41     0.00     0.00     0.00     0.00
   	 1840.00  1200.00     0.00    90.00
   	 1840.00  1200.00     0.00    90.00
   	  460.00     7.00   537.00    90.00
   	  460.00     7.00   537.00    90.00
  28 	 -940.00     0.00     0.00     0.00     0.00     0.00
  28 	 -940.00     0.00     0.00     0.00     0.00     0.00
   	 1840.00  1200.00     0.00    90.00
   	 1840.00  1200.00     0.00    90.00
   	  460.00     7.00   537.00    90.00
   	  460.00     7.00   537.00    90.00
  29 	 -846.00     0.00     0.00     0.00     0.00     0.00
  29 	 -846.00     0.00     0.00     0.00     0.00     0.00
   	 1840.00  1200.00     0.00    90.00
   	 1840.00  1200.00     0.00    90.00
   	  460.00     7.00   537.00    90.00
   	  460.00     7.00   537.00    90.00
  30 	 -752.00     0.00     0.00     0.00     0.00     0.00
  30 	 -752.00     0.00     0.00     0.00     0.00     0.00
   	 1840.00  1200.00     0.00    90.00
   	 1840.00  1200.00     0.00    90.00
   	  460.00     7.00   537.00    90.00
   	  460.00     7.00   537.00    90.00
  31 	 -658.00     0.00     0.00     0.00     0.00     0.00
  31 	 -658.00     0.00     0.00     0.00     0.00     0.00
   	 1840.00  1200.00     0.00    90.00
   	 1840.00  1200.00     0.00    90.00
   	  460.00     7.00   537.00    90.00
   	  460.00     7.00   537.00    90.00
  32 	 -564.00     0.00     0.00     0.00     0.00     0.00
  32 	 -564.00     0.00     0.00     0.00     0.00     0.00
   	 1840.00  1200.00     0.00    90.00
   	 1840.00  1200.00     0.00    90.00
   	  460.00     7.00   537.00    90.00
   	  460.00     7.00   537.00    90.00
  33 	 -470.00     0.00     0.00     0.00     0.00     0.00
  33 	 -470.00     0.00     0.00     0.00     0.00     0.00
   	 1840.00  1200.00     0.00    90.00
   	 1840.00  1200.00     0.00    90.00
   	  460.00     7.00   537.00    90.00
   	  460.00     7.00   537.00    90.00
  34 	 -376.00     0.00     0.00     0.00     0.00     0.00
  34 	 -376.00     0.00     0.00     0.00     0.00     0.00
   	 1840.00  1200.00     0.00    90.00
   	 1840.00  1200.00     0.00    90.00
   	  460.00     7.00   537.00    90.00
   	  460.00     7.00   537.00    90.00
  35 	 -893.00    81.41     0.00     0.00     0.00     0.00
  35 	 -893.00    81.41     0.00     0.00     0.00     0.00
   	 1840.00  1200.00     0.00    90.00
   	 1840.00  1200.00     0.00    90.00
   	  460.00     7.00   537.00    90.00
   	  460.00     7.00   537.00    90.00
  36 	 -799.00    81.41     0.00     0.00     0.00     0.00
  36 	 -799.00    81.41     0.00     0.00     0.00     0.00
   	 1840.00  1200.00     0.00    90.00
   	 1840.00  1200.00     0.00    90.00
   	  460.00     7.00   537.00    90.00
   	  460.00     7.00   537.00    90.00
  37 	 -705.00    81.41     0.00     0.00     0.00     0.00
  37 	 -705.00    81.41     0.00     0.00     0.00     0.00
   	 1840.00  1200.00     0.00    90.00
   	 1840.00  1200.00     0.00    90.00
   	  460.00     7.00   537.00    90.00
   	  460.00     7.00   537.00    90.00
  38 	 -611.00    81.41     0.00     0.00     0.00     0.00
  38 	 -611.00    81.41     0.00     0.00     0.00     0.00
   	 1840.00  1200.00     0.00    90.00
   	 1840.00  1200.00     0.00    90.00
   	  460.00     7.00   537.00    90.00
   	  460.00     7.00   537.00    90.00
  39 	 -517.00    81.41     0.00     0.00     0.00     0.00
  39 	 -517.00    81.41     0.00     0.00     0.00     0.00
   	 1840.00  1200.00     0.00    90.00
   	 1840.00  1200.00     0.00    90.00
   	  460.00     7.00   537.00    90.00
   	  460.00     7.00   537.00    90.00
  40 	 -423.00    81.41     0.00     0.00     0.00     0.00
  40 	 -423.00    81.41     0.00     0.00     0.00     0.00
   	 1840.00  1200.00     0.00    90.00
   	 1840.00  1200.00     0.00    90.00
   	  460.00     7.00   537.00    90.00
   	  460.00     7.00   537.00    90.00
  41 	 -329.00    81.41     0.00     0.00     0.00     0.00
  41 	 -329.00    81.41     0.00     0.00     0.00     0.00
   	 1840.00  1200.00     0.00    90.00
   	 1840.00  1200.00     0.00    90.00
   	  460.00     7.00   537.00    90.00
   	  460.00     7.00   537.00    90.00
  42 	 -846.00   162.81     0.00     0.00     0.00     0.00
  42 	 -846.00   162.81     0.00     0.00     0.00     0.00
   	 1840.00  1200.00     0.00    90.00
   	 1840.00  1200.00     0.00    90.00
   	  460.00     7.00   537.00    90.00
   	  460.00     7.00   537.00    90.00
  43 	 -752.00   162.81     0.00     0.00     0.00     0.00
  43 	 -752.00   162.81     0.00     0.00     0.00     0.00
   	 1840.00  1200.00     0.00    90.00
   	 1840.00  1200.00     0.00    90.00
   	  460.00     7.00   537.00    90.00
   	  460.00     7.00   537.00    90.00
  44 	 -658.00   162.81     0.00     0.00     0.00     0.00
  44 	 -658.00   162.81     0.00     0.00     0.00     0.00
   	 1840.00  1200.00     0.00    90.00
   	 1840.00  1200.00     0.00    90.00
   	  460.00     7.00   537.00    90.00
   	  460.00     7.00   537.00    90.00
  45 	 -564.00   162.81     0.00     0.00     0.00     0.00
  45 	 -564.00   162.81     0.00     0.00     0.00     0.00
   	 1840.00  1200.00     0.00    90.00
   	 1840.00  1200.00     0.00    90.00
   	  460.00     7.00   537.00    90.00
   	  460.00     7.00   537.00    90.00
  46 	 -470.00   162.81     0.00     0.00     0.00     0.00
  46 	 -470.00   162.81     0.00     0.00     0.00     0.00
   	 1840.00  1200.00     0.00    90.00
   	 1840.00  1200.00     0.00    90.00
   	  460.00     7.00   537.00    90.00
   	  460.00     7.00   537.00    90.00
  47 	 -376.00   162.81     0.00     0.00     0.00     0.00
  47 	 -376.00   162.81     0.00     0.00     0.00     0.00
   	 1840.00  1200.00     0.00    90.00
   	 1840.00  1200.00     0.00    90.00
   	  460.00     7.00   537.00    90.00
   	  460.00     7.00   537.00    90.00
  48 	 -282.00   162.81     0.00     0.00     0.00     0.00
  48 	 -282.00   162.81     0.00     0.00     0.00     0.00
   	 1840.00  1200.00     0.00    90.00
   	 1840.00  1200.00     0.00    90.00
   	  460.00     7.00   537.00    90.00
   	  460.00     7.00   537.00    90.00
  49 	 -799.00   244.22     0.00     0.00     0.00     0.00
  49 	 -799.00   244.22     0.00     0.00     0.00     0.00
   	 1840.00  1200.00     0.00    90.00
   	 1840.00  1200.00     0.00    90.00
   	  460.00     7.00   537.00    90.00
   	  460.00     7.00   537.00    90.00
  50 	 -705.00   244.22     0.00     0.00     0.00     0.00
  50 	 -705.00   244.22     0.00     0.00     0.00     0.00
   	 1840.00  1200.00     0.00    90.00
   	 1840.00  1200.00     0.00    90.00
   	  460.00     7.00   537.00    90.00
   	  460.00     7.00   537.00    90.00
  51 	 -611.00   244.22     0.00     0.00     0.00     0.00
  51 	 -611.00   244.22     0.00     0.00     0.00     0.00
   	 1840.00  1200.00     0.00    90.00
   	 1840.00  1200.00     0.00    90.00
   	  460.00     7.00   537.00    90.00
   	  460.00     7.00   537.00    90.00
  52 	 -517.00   244.22     0.00     0.00     0.00     0.00
  52 	 -517.00   244.22     0.00     0.00     0.00     0.00
   	 1840.00  1200.00     0.00    90.00
   	 1840.00  1200.00     0.00    90.00
   	  460.00     7.00   537.00    90.00
   	  460.00     7.00   537.00    90.00
  53 	 -423.00   244.22     0.00     0.00     0.00     0.00
  53 	 -423.00   244.22     0.00     0.00     0.00     0.00
   	 1840.00  1200.00     0.00    90.00
   	 1840.00  1200.00     0.00    90.00
   	  460.00     7.00   537.00    90.00
   	  460.00     7.00   537.00    90.00
  54 	 -329.00   244.22     0.00     0.00     0.00     0.00
  54 	 -329.00   244.22     0.00     0.00     0.00     0.00
   	 1840.00  1200.00     0.00    90.00
   	 1840.00  1200.00     0.00    90.00
   	  460.00     7.00   537.00    90.00
   	  460.00     7.00   537.00    90.00
  55 	 -235.00   244.22     0.00     0.00     0.00     0.00
  55 	 -235.00   244.22     0.00     0.00     0.00     0.00
   	 1840.00  1200.00     0.00    90.00
   	 1840.00  1200.00     0.00    90.00
   	  460.00     7.00   537.00    90.00
   	  460.00     7.00   537.00    90.00
  56 	 -752.00   325.63     0.00     0.00     0.00     0.00
  56 	 -752.00   325.63     0.00     0.00     0.00     0.00
   	 1840.00  1200.00     0.00    90.00
   	 1840.00  1200.00     0.00    90.00
   	  460.00     7.00   537.00    90.00
   	  460.00     7.00   537.00    90.00
  57 	 -658.00   325.63     0.00     0.00     0.00     0.00
  57 	 -658.00   325.63     0.00     0.00     0.00     0.00
   	 1840.00  1200.00     0.00    90.00
   	 1840.00  1200.00     0.00    90.00
   	  460.00     7.00   537.00    90.00
   	  460.00     7.00   537.00    90.00
  58 	 -564.00   325.63     0.00     0.00     0.00     0.00
  58 	 -564.00   325.63     0.00     0.00     0.00     0.00
   	 1840.00  1200.00     0.00    90.00
   	 1840.00  1200.00     0.00    90.00
   	  460.00     7.00   537.00    90.00
   	  460.00     7.00   537.00    90.00
  59 	 -470.00   325.63     0.00     0.00     0.00     0.00
  59 	 -470.00   325.63     0.00     0.00     0.00     0.00
   	 1840.00  1200.00     0.00    90.00
   	 1840.00  1200.00     0.00    90.00
   	  460.00     7.00   537.00    90.00
   	  460.00     7.00   537.00    90.00
  60 	 -376.00   325.63     0.00     0.00     0.00     0.00
  60 	 -376.00   325.63     0.00     0.00     0.00     0.00
   	 1840.00  1200.00     0.00    90.00
   	 1840.00  1200.00     0.00    90.00
   	  460.00     7.00   537.00    90.00
   	  460.00     7.00   537.00    90.00
  61 	 -282.00   325.63     0.00     0.00     0.00     0.00
  61 	 -282.00   325.63     0.00     0.00     0.00     0.00
   	 1840.00  1200.00     0.00    90.00
   	 1840.00  1200.00     0.00    90.00
   	  460.00     7.00   537.00    90.00
   	  460.00     7.00   537.00    90.00
  62 	 -188.00   325.63     0.00     0.00     0.00     0.00
  62 	 -188.00   325.63     0.00     0.00     0.00     0.00
   	 1840.00  1200.00     0.00    90.00
   	 1840.00  1200.00     0.00    90.00
   	  460.00     7.00   537.00    90.00
   	  460.00     7.00   537.00    90.00
  63 	 -705.00   407.03     0.00     0.00     0.00     0.00
  63 	 -705.00   407.03     0.00     0.00     0.00     0.00
   	 1840.00  1200.00     0.00    90.00
   	 1840.00  1200.00     0.00    90.00
   	  460.00     7.00   537.00    90.00
   	  460.00     7.00   537.00    90.00
  64 	 -611.00   407.03     0.00     0.00     0.00     0.00
  64 	 -611.00   407.03     0.00     0.00     0.00     0.00
   	 1840.00  1200.00     0.00    90.00
   	 1840.00  1200.00     0.00    90.00
   	  460.00     7.00   537.00    90.00
   	  460.00     7.00   537.00    90.00
  65 	 -517.00   407.03     0.00     0.00     0.00     0.00
  65 	 -517.00   407.03     0.00     0.00     0.00     0.00
   	 1840.00  1200.00     0.00    90.00
   	 1840.00  1200.00     0.00    90.00
   	  460.00     7.00   537.00    90.00
   	  460.00     7.00   537.00    90.00
  66 	 -423.00   407.03     0.00     0.00     0.00     0.00
  66 	 -423.00   407.03     0.00     0.00     0.00     0.00
   	 1840.00  1200.00     0.00    90.00
   	 1840.00  1200.00     0.00    90.00
   	  460.00     7.00   537.00    90.00
   	  460.00     7.00   537.00    90.00
  67 	 -329.00   407.03     0.00     0.00     0.00     0.00
  67 	 -329.00   407.03     0.00     0.00     0.00     0.00
   	 1840.00  1200.00     0.00    90.00
   	 1840.00  1200.00     0.00    90.00
   	  460.00     7.00   537.00    90.00
   	  460.00     7.00   537.00    90.00
  68 	 -235.00   407.03     0.00     0.00     0.00     0.00
  68 	 -235.00   407.03     0.00     0.00     0.00     0.00
   	 1840.00  1200.00     0.00    90.00
   	 1840.00  1200.00     0.00    90.00
   	  460.00     7.00   537.00    90.00
   	  460.00     7.00   537.00    90.00
  69 	 -141.00   407.03     0.00     0.00     0.00     0.00
  69 	 -141.00   407.03     0.00     0.00     0.00     0.00
   	 1840.00  1200.00     0.00    90.00
   	 1840.00  1200.00     0.00    90.00
   	  460.00     7.00   537.00    90.00
   	  460.00     7.00   537.00    90.00
  70 	 -658.00   488.44     0.00     0.00     0.00     0.00
  70 	 -658.00   488.44     0.00     0.00     0.00     0.00
   	 1840.00  1200.00     0.00    90.00
   	 1840.00  1200.00     0.00    90.00
   	  460.00     7.00   537.00    90.00
   	  460.00     7.00   537.00    90.00
  71 	 -564.00   488.44     0.00     0.00     0.00     0.00
  71 	 -564.00   488.44     0.00     0.00     0.00     0.00
   	 1840.00  1200.00     0.00    90.00
   	 1840.00  1200.00     0.00    90.00
   	  460.00     7.00   537.00    90.00
   	  460.00     7.00   537.00    90.00
  72 	 -470.00   488.44     0.00     0.00     0.00     0.00
  72 	 -470.00   488.44     0.00     0.00     0.00     0.00
   	 1840.00  1200.00     0.00    90.00
   	 1840.00  1200.00     0.00    90.00
   	  460.00     7.00   537.00    90.00
   	  460.00     7.00   537.00    90.00
  73 	 -376.00   488.44     0.00     0.00     0.00     0.00
  73 	 -376.00   488.44     0.00     0.00     0.00     0.00
   	 1840.00  1200.00     0.00    90.00
   	 1840.00  1200.00     0.00    90.00
   	  460.00     7.00   537.00    90.00
   	  460.00     7.00   537.00    90.00
  74 	 -282.00   488.44     0.00     0.00     0.00     0.00
  74 	 -282.00   488.44     0.00     0.00     0.00     0.00
   	 1840.00  1200.00     0.00    90.00
   	 1840.00  1200.00     0.00    90.00
   	  460.00     7.00   537.00    90.00
   	  460.00     7.00   537.00    90.00
  75 	 -188.00   488.44     0.00     0.00     0.00     0.00
  75 	 -188.00   488.44     0.00     0.00     0.00     0.00
   	 1840.00  1200.00     0.00    90.00
   	 1840.00  1200.00     0.00    90.00
   	  460.00     7.00   537.00    90.00
   	  460.00     7.00   537.00    90.00
  76 	  -94.00   488.44     0.00     0.00     0.00     0.00
  76 	  -94.00   488.44     0.00     0.00     0.00     0.00
   	 1840.00  1200.00     0.00    90.00
   	 1840.00  1200.00     0.00    90.00
   	  460.00     7.00   537.00    90.00
   	  460.00     7.00   537.00    90.00
  77 	 -611.00   569.84     0.00     0.00     0.00     0.00
  77 	 -611.00   569.84     0.00     0.00     0.00     0.00
   	 1840.00  1200.00     0.00    90.00
   	 1840.00  1200.00     0.00    90.00
   	  460.00     7.00   537.00    90.00
   	  460.00     7.00   537.00    90.00
  78 	 -517.00   569.84     0.00     0.00     0.00     0.00
  78 	 -517.00   569.84     0.00     0.00     0.00     0.00
   	 1840.00  1200.00     0.00    90.00
   	 1840.00  1200.00     0.00    90.00
   	  460.00     7.00   537.00    90.00
   	  460.00     7.00   537.00    90.00
  79 	 -423.00   569.84     0.00     0.00     0.00     0.00
  79 	 -423.00   569.84     0.00     0.00     0.00     0.00
   	 1840.00  1200.00     0.00    90.00
   	 1840.00  1200.00     0.00    90.00
   	  460.00     7.00   537.00    90.00
   	  460.00     7.00   537.00    90.00
  80 	 -329.00   569.84     0.00     0.00     0.00     0.00
  80 	 -329.00   569.84     0.00     0.00     0.00     0.00
   	 1840.00  1200.00     0.00    90.00
   	 1840.00  1200.00     0.00    90.00
   	  460.00     7.00   537.00    90.00
   	  460.00     7.00   537.00    90.00
  81 	 -235.00   569.84     0.00     0.00     0.00     0.00
  81 	 -235.00   569.84     0.00     0.00     0.00     0.00
   	 1840.00  1200.00     0.00    90.00
   	 1840.00  1200.00     0.00    90.00
   	  460.00     7.00   537.00    90.00
   	  460.00     7.00   537.00    90.00
  82 	 -141.00   569.84     0.00     0.00     0.00     0.00
  82 	 -141.00   569.84     0.00     0.00     0.00     0.00
   	 1840.00  1200.00     0.00    90.00
   	 1840.00  1200.00     0.00    90.00
   	  460.00     7.00   537.00    90.00
   	  460.00     7.00   537.00    90.00
  83 	  -47.00   569.84     0.00     0.00     0.00     0.00
  83 	  -47.00   569.84     0.00     0.00     0.00     0.00
   	 1840.00  1200.00     0.00    90.00
   	 1840.00  1200.00     0.00    90.00
   	  460.00     7.00   537.00    90.00
   	  460.00     7.00   537.00    90.00
  84 	 -564.00   651.25     0.00     0.00     0.00     0.00
  84 	 -564.00   651.25     0.00     0.00     0.00     0.00
   	 1840.00  1200.00     0.00    90.00
   	 1840.00  1200.00     0.00    90.00
   	  460.00     7.00   537.00    90.00
   	  460.00     7.00   537.00    90.00
  85 	 -470.00   651.25     0.00     0.00     0.00     0.00
  85 	 -470.00   651.25     0.00     0.00     0.00     0.00
   	 1840.00  1200.00     0.00    90.00
   	 1840.00  1200.00     0.00    90.00
   	  460.00     7.00   537.00    90.00
   	  460.00     7.00   537.00    90.00
  86 	 -376.00   651.25     0.00     0.00     0.00     0.00
  86 	 -376.00   651.25     0.00     0.00     0.00     0.00
   	 1840.00  1200.00     0.00    90.00
   	 1840.00  1200.00     0.00    90.00
   	  460.00     7.00   537.00    90.00
   	  460.00     7.00   537.00    90.00
  87 	 -282.00   651.25     0.00     0.00     0.00     0.00
  87 	 -282.00   651.25     0.00     0.00     0.00     0.00
   	 1840.00  1200.00     0.00    90.00
   	 1840.00  1200.00     0.00    90.00
   	  460.00     7.00   537.00    90.00
   	  460.00     7.00   537.00    90.00
  88 	 -188.00   651.25     0.00     0.00     0.00     0.00
  88 	 -188.00   651.25     0.00     0.00     0.00     0.00
   	 1840.00  1200.00     0.00    90.00
   	 1840.00  1200.00     0.00    90.00
   	  460.00     7.00   537.00    90.00
   	  460.00     7.00   537.00    90.00
  89 	  -94.00   651.25     0.00     0.00     0.00     0.00
  89 	  -94.00   651.25     0.00     0.00     0.00     0.00
   	 1840.00  1200.00     0.00    90.00
   	 1840.00  1200.00     0.00    90.00
   	  460.00     7.00   537.00    90.00
   	  460.00     7.00   537.00    90.00
  90 	   -0.00   651.25     0.00     0.00     0.00     0.00
  90 	   -0.00   651.25     0.00     0.00     0.00     0.00
   	 1840.00  1200.00     0.00    90.00
   	 1840.00  1200.00     0.00    90.00
   	  460.00     7.00   537.00    90.00
   	  460.00     7.00   537.00    90.00
  91 	 -517.00   732.66     0.00     0.00     0.00     0.00
  91 	 -517.00   732.66     0.00     0.00     0.00     0.00
   	 1840.00  1200.00     0.00    90.00
   	 1840.00  1200.00     0.00    90.00
   	  460.00     7.00   537.00    90.00
   	  460.00     7.00   537.00    90.00
  92 	 -423.00   732.66     0.00     0.00     0.00     0.00
  92 	 -423.00   732.66     0.00     0.00     0.00     0.00
   	 1840.00  1200.00     0.00    90.00
   	 1840.00  1200.00     0.00    90.00
   	  460.00     7.00   537.00    90.00
   	  460.00     7.00   537.00    90.00
  93 	 -329.00   732.66     0.00     0.00     0.00     0.00
  93 	 -329.00   732.66     0.00     0.00     0.00     0.00
   	 1840.00  1200.00     0.00    90.00
   	 1840.00  1200.00     0.00    90.00
   	  460.00     7.00   537.00    90.00
   	  460.00     7.00   537.00    90.00
  94 	 -235.00   732.66     0.00     0.00     0.00     0.00
  94 	 -235.00   732.66     0.00     0.00     0.00     0.00
   	 1840.00  1200.00     0.00    90.00
   	 1840.00  1200.00     0.00    90.00
   	  460.00     7.00   537.00    90.00
   	  460.00     7.00   537.00    90.00
  95 	 -141.00   732.66     0.00     0.00     0.00     0.00
  95 	 -141.00   732.66     0.00     0.00     0.00     0.00
   	 1840.00  1200.00     0.00    90.00
   	 1840.00  1200.00     0.00    90.00
   	  460.00     7.00   537.00    90.00
   	  460.00     7.00   537.00    90.00
  96 	  -47.00   732.66     0.00     0.00     0.00     0.00
  96 	  -47.00   732.66     0.00     0.00     0.00     0.00
   	 1840.00  1200.00     0.00    90.00
   	 1840.00  1200.00     0.00    90.00
   	  460.00     7.00   537.00    90.00
   	  460.00     7.00   537.00    90.00
  97 	   47.00   732.66     0.00     0.00     0.00     0.00
  97 	   47.00   732.66     0.00     0.00     0.00     0.00
   	 1840.00  1200.00     0.00    90.00
   	 1840.00  1200.00     0.00    90.00
   	  460.00     7.00   537.00    90.00
   	  460.00     7.00   537.00    90.00
  98 	 -470.00   814.06     0.00     0.00     0.00     0.00
  98 	 -470.00   814.06     0.00     0.00     0.00     0.00
   	 1840.00  1200.00     0.00    90.00
   	 1840.00  1200.00     0.00    90.00
   	  460.00     7.00   537.00    90.00
   	  460.00     7.00   537.00    90.00
  99 	 -376.00   814.06     0.00     0.00     0.00     0.00
  99 	 -376.00   814.06     0.00     0.00     0.00     0.00
   	 1840.00  1200.00     0.00    90.00
   	 1840.00  1200.00     0.00    90.00
   	  460.00     7.00   537.00    90.00
   	  460.00     7.00   537.00    90.00
 100 	 -282.00   814.06     0.00     0.00     0.00     0.00
 100 	 -282.00   814.06     0.00     0.00     0.00     0.00
   	 1840.00  1200.00     0.00    90.00
   	 1840.00  1200.00     0.00    90.00
   	  460.00     7.00   537.00    90.00
   	  460.00     7.00   537.00    90.00
 101 	 -188.00   814.06     0.00     0.00     0.00     0.00
 101 	 -188.00   814.06     0.00     0.00     0.00     0.00
   	 1840.00  1200.00     0.00    90.00
   	 1840.00  1200.00     0.00    90.00
   	  460.00     7.00   537.00    90.00
   	  460.00     7.00   537.00    90.00
 102 	  -94.00   814.06     0.00     0.00     0.00     0.00
 102 	  -94.00   814.06     0.00     0.00     0.00     0.00
   	 1840.00  1200.00     0.00    90.00
   	 1840.00  1200.00     0.00    90.00
   	  460.00     7.00   537.00    90.00
   	  460.00     7.00   537.00    90.00
 103 	   -0.00   814.06     0.00     0.00     0.00     0.00
 103 	   -0.00   814.06     0.00     0.00     0.00     0.00
   	 1840.00  1200.00     0.00    90.00
   	 1840.00  1200.00     0.00    90.00
   	  460.00     7.00   537.00    90.00
   	  460.00     7.00   537.00    90.00
 104 	   94.00   814.06     0.00     0.00     0.00     0.00
 104 	   94.00   814.06     0.00     0.00     0.00     0.00
   	 1840.00  1200.00     0.00    90.00
   	 1840.00  1200.00     0.00    90.00
   	  460.00     7.00   537.00    90.00
   	  460.00     7.00   537.00    90.00
 105 	 -423.00   895.47     0.00     0.00     0.00     0.00
 105 	 -423.00   895.47     0.00     0.00     0.00     0.00
   	 1840.00  1200.00     0.00    90.00
   	 1840.00  1200.00     0.00    90.00
   	  460.00     7.00   537.00    90.00
   	  460.00     7.00   537.00    90.00
 106 	 -329.00   895.47     0.00     0.00     0.00     0.00
 106 	 -329.00   895.47     0.00     0.00     0.00     0.00
   	 1840.00  1200.00     0.00    90.00
   	 1840.00  1200.00     0.00    90.00
   	  460.00     7.00   537.00    90.00
   	  460.00     7.00   537.00    90.00
 107 	 -235.00   895.47     0.00     0.00     0.00     0.00
 107 	 -235.00   895.47     0.00     0.00     0.00     0.00
   	 1840.00  1200.00     0.00    90.00
   	 1840.00  1200.00     0.00    90.00
   	  460.00     7.00   537.00    90.00
   	  460.00     7.00   537.00    90.00
 108 	 -141.00   895.47     0.00     0.00     0.00     0.00
 108 	 -141.00   895.47     0.00     0.00     0.00     0.00
   	 1840.00  1200.00     0.00    90.00
   	 1840.00  1200.00     0.00    90.00
   	  460.00     7.00   537.00    90.00
   	  460.00     7.00   537.00    90.00
 109 	  -47.00   895.47     0.00     0.00     0.00     0.00
 109 	  -47.00   895.47     0.00     0.00     0.00     0.00
   	 1840.00  1200.00     0.00    90.00
   	 1840.00  1200.00     0.00    90.00
   	  460.00     7.00   537.00    90.00
   	  460.00     7.00   537.00    90.00
 110 	   47.00   895.47     0.00     0.00     0.00     0.00
 110 	   47.00   895.47     0.00     0.00     0.00     0.00
   	 1840.00  1200.00     0.00    90.00
   	 1840.00  1200.00     0.00    90.00
   	  460.00     7.00   537.00    90.00
   	  460.00     7.00   537.00    90.00
 111 	  141.00   895.47     0.00     0.00     0.00     0.00
 111 	  141.00   895.47     0.00     0.00     0.00     0.00
   	 1840.00  1200.00     0.00    90.00
   	 1840.00  1200.00     0.00    90.00
   	  460.00     7.00   537.00    90.00
   	  460.00     7.00   537.00    90.00
 112 	 -376.00   976.88     0.00     0.00     0.00     0.00
 112 	 -376.00   976.88     0.00     0.00     0.00     0.00
   	 1840.00  1200.00     0.00    90.00
   	 1840.00  1200.00     0.00    90.00
   	  460.00     7.00   537.00    90.00
   	  460.00     7.00   537.00    90.00
 113 	 -282.00   976.88     0.00     0.00     0.00     0.00
 113 	 -282.00   976.88     0.00     0.00     0.00     0.00
   	 1840.00  1200.00     0.00    90.00
   	 1840.00  1200.00     0.00    90.00
   	  460.00     7.00   537.00    90.00
   	  460.00     7.00   537.00    90.00
 114 	 -188.00   976.88     0.00     0.00     0.00     0.00
 114 	 -188.00   976.88     0.00     0.00     0.00     0.00
   	 1840.00  1200.00     0.00    90.00
   	 1840.00  1200.00     0.00    90.00
   	  460.00     7.00   537.00    90.00
   	  460.00     7.00   537.00    90.00
 115 	  -94.00   976.88     0.00     0.00     0.00     0.00
 115 	  -94.00   976.88     0.00     0.00     0.00     0.00
   	 1840.00  1200.00     0.00    90.00
   	 1840.00  1200.00     0.00    90.00
   	  460.00     7.00   537.00    90.00
   	  460.00     7.00   537.00    90.00
 116 	   -0.00   976.88     0.00     0.00     0.00     0.00
 116 	   -0.00   976.88     0.00     0.00     0.00     0.00
   	 1840.00  1200.00     0.00    90.00
   	 1840.00  1200.00     0.00    90.00
   	  460.00     7.00   537.00    90.00
   	  460.00     7.00   537.00    90.00
 117 	   94.00   976.88     0.00     0.00     0.00     0.00
 117 	   94.00   976.88     0.00     0.00     0.00     0.00
   	 1840.00  1200.00     0.00    90.00
   	 1840.00  1200.00     0.00    90.00
   	  460.00     7.00   537.00    90.00
   	  460.00     7.00   537.00    90.00
 118 	  188.00   976.88     0.00     0.00     0.00     0.00
 118 	  188.00   976.88     0.00     0.00     0.00     0.00
   	 1840.00  1200.00     0.00    90.00
   	 1840.00  1200.00     0.00    90.00
   	  460.00     7.00   537.00    90.00
   	  460.00     7.00   537.00    90.00
 119 	 -235.00    81.41     0.00     0.00     0.00     0.00
 119 	 -235.00    81.41     0.00     0.00     0.00     0.00
   	 1840.00  1200.00     0.00    90.00
   	 1840.00  1200.00     0.00    90.00
   	  460.00     7.00   537.00    90.00
   	  460.00     7.00   537.00    90.00
 120 	 -141.00    81.41     0.00     0.00     0.00     0.00
 120 	 -141.00    81.41     0.00     0.00     0.00     0.00
   	 1840.00  1200.00     0.00    90.00
   	 1840.00  1200.00     0.00    90.00
   	  460.00     7.00   537.00    90.00
   	  460.00     7.00   537.00    90.00
 121 	  -47.00    81.41     0.00     0.00     0.00     0.00
 121 	  -47.00    81.41     0.00     0.00     0.00     0.00
   	 1840.00  1200.00     0.00    90.00
   	 1840.00  1200.00     0.00    90.00
   	  460.00     7.00   537.00    90.00
   	  460.00     7.00   537.00    90.00
 122 	   47.00    81.41     0.00     0.00     0.00     0.00
 122 	   47.00    81.41     0.00     0.00     0.00     0.00
   	 1840.00  1200.00     0.00    90.00
   	 1840.00  1200.00     0.00    90.00
   	  460.00     7.00   537.00    90.00
   	  460.00     7.00   537.00    90.00
 123 	  141.00    81.41     0.00     0.00     0.00     0.00
 123 	  141.00    81.41     0.00     0.00     0.00     0.00
   	 1840.00  1200.00     0.00    90.00
   	 1840.00  1200.00     0.00    90.00
   	  460.00     7.00   537.00    90.00
   	  460.00     7.00   537.00    90.00

** End writing output file: ../inputs/gr751.dat 
