*******************************************************************************
                         ARRAY PREPROCESSOR ver. 1.0
*******************************************************************************



   1	GROUP testgroup
   3	 GRID TRIANGULAR
   4	 ELEMENT
   5	 GEOMETRY CIRCULAR 48
   7	 ADD BLOCK -2 0 0 2
   9	 GROUP_EXCITATION
  10	 AMPLITUDE UNIFORM 31
  11	 PHASE UNIFORM 115
  12	 END

** WARNING B2: GRID step(s) too small for specified element in GROUP: testgroup
** Generating GROUP: testgroup.
** PSTEP,QSTEP set to:96.000000,96.000000
** Grid ANGLE set to:60.000000 
** Group ROT_ANGLE set to: 0.000000 

** Writing output file: ../inputs/gr752.dat

NEL 
NPORTS
IDUM      REXA     REYA     REZA     THEA     PHEA     PSEA 
          AMP      PSH      PSC      PHEPOL
   9
   9
   1
   1
   1 	 -192.00     0.00     0.00     0.00     0.00     0.00
   1 	 -192.00     0.00     0.00     0.00     0.00     0.00
   	   31.00   115.00     0.00    90.00
   	   31.00   115.00     0.00    90.00
   2 	  -96.00     0.00     0.00     0.00     0.00     0.00
   2 	  -96.00     0.00     0.00     0.00     0.00     0.00
   	   31.00   115.00     0.00    90.00
   	   31.00   115.00     0.00    90.00
   3 	    0.00     0.00     0.00     0.00     0.00     0.00
   3 	    0.00     0.00     0.00     0.00     0.00     0.00
   	   31.00   115.00     0.00    90.00
   	   31.00   115.00     0.00    90.00
   4 	 -144.00    83.14     0.00     0.00     0.00     0.00
   4 	 -144.00    83.14     0.00     0.00     0.00     0.00
   	   31.00   115.00     0.00    90.00
   	   31.00   115.00     0.00    90.00
   5 	  -48.00    83.14     0.00     0.00     0.00     0.00
   5 	  -48.00    83.14     0.00     0.00     0.00     0.00
   	   31.00   115.00     0.00    90.00
   	   31.00   115.00     0.00    90.00
   6 	   48.00    83.14     0.00     0.00     0.00     0.00
   6 	   48.00    83.14     0.00     0.00     0.00     0.00
   	   31.00   115.00     0.00    90.00
   	   31.00   115.00     0.00    90.00
   7 	  -96.00   166.28     0.00     0.00     0.00     0.00
   7 	  -96.00   166.28     0.00     0.00     0.00     0.00
   	   31.00   115.00     0.00    90.00
   	   31.00   115.00     0.00    90.00
   8 	   -0.00   166.28     0.00     0.00     0.00     0.00
   8 	   -0.00   166.28     0.00     0.00     0.00     0.00
   	   31.00   115.00     0.00    90.00
   	   31.00   115.00     0.00    90.00
   9 	   96.00   166.28     0.00     0.00     0.00     0.00
   9 	   96.00   166.28     0.00     0.00     0.00     0.00
   	   31.00   115.00     0.00    90.00
   	   31.00   115.00     0.00    90.00

** End writing output file: ../inputs/gr752.dat 
