*******************************************************************************
                         ARRAY PREPROCESSOR ver. 1.0
*******************************************************************************



   1	GROUP testgroup
   3	 GRID HEXAGONAL
   4	 ELEMENT
   5	 GEOMETRY CIRCULAR 67
   6	 POLARIZATION CIRCULAR
   7	 ADD HEXAGON 3 13
   9	 GROUP_EXCITATION
  10	 AMPLITUDE UNIFORM 30
  11	 PHASE SECOND ORDER CENTRE 27 P1_VAL 24 P2_VAL 26 Q1_VAL 19 Q2_VAL 26
  12	 END

** Generating GROUP: testgroup.
** PSTEP,QSTEP set to:134.000000,134.000000
** Grid ANGLE set to:60.000000 
** Group ROT_ANGLE set to: 0.000000 

** Writing output file: ../inputs/gr755.dat

NEL 
NPORTS
IDUM      REXA     REYA     REZA     THEA     PHEA     PSEA 
          AMP      PSH      PSC      PHEPOL
   7
   7
   1
   1
   1 	 1206.00  1624.66     0.00     0.00     0.00     0.00
   1 	 1206.00  1624.66     0.00     0.00     0.00     0.00
   	   30.00    27.00     0.00    90.00
   	   30.00    27.00     0.00    90.00
   2 	 1340.00  1624.66     0.00     0.00     0.00     0.00
   2 	 1340.00  1624.66     0.00     0.00     0.00     0.00
   	   30.00    26.00     0.00    90.00
   	   30.00    26.00     0.00    90.00
   3 	 1407.00  1508.62     0.00     0.00     0.00     0.00
   3 	 1407.00  1508.62     0.00     0.00     0.00     0.00
   	   30.00    24.62     0.00    90.00
   	   30.00    24.62     0.00    90.00
   4 	 1340.00  1392.57     0.00     0.00     0.00     0.00
   4 	 1340.00  1392.57     0.00     0.00     0.00     0.00
   	   30.00    25.00     0.00    90.00
   	   30.00    25.00     0.00    90.00
   5 	 1206.00  1392.57     0.00     0.00     0.00     0.00
   5 	 1206.00  1392.57     0.00     0.00     0.00     0.00
   	   30.00    26.00     0.00    90.00
   	   30.00    26.00     0.00    90.00
   6 	 1139.00  1508.62     0.00     0.00     0.00     0.00
   6 	 1139.00  1508.62     0.00     0.00     0.00     0.00
   	   30.00    26.63     0.00    90.00
   	   30.00    26.63     0.00    90.00
   7 	 1273.00  1508.62     0.00     0.00     0.00     0.00
   7 	 1273.00  1508.62     0.00     0.00     0.00     0.00
   	   30.00    27.62     0.00    90.00
   	   30.00    27.62     0.00    90.00

** End writing output file: ../inputs/gr755.dat 
