*******************************************************************************
                         ARRAY PREPROCESSOR ver. 1.0
*******************************************************************************



   1	GROUP testgroup
   3	 GRID RECTANGULAR
   4	 ELEMENT
   5	 GEOMETRY CIRCULAR RADIUS 47
   6	 POLARIZATION CIRCULAR
   7	 ADD BLOCK 1 -1 3 0
   8	 ADD BLOCK -6 1 3 1
  10	 GROUP_EXCITATION
  11	 AMPLITUDE UNIFORM 23
  12	 PHASE UNIFORM 151
  13	 END

** Generating GROUP: testgroup.
** PSTEP,QSTEP set to:94.000000,94.000000
** Grid ANGLE set to:90.000000 
** Group ROT_ANGLE set to: 0.000000 

** Writing output file: ../inputs/gr756.dat

NEL 
NPORTS
IDUM      REXA     REYA     REZA     THEA     PHEA     PSEA 
          AMP      PSH      PSC      PHEPOL
  16
  16
   1
   1
   1 	   94.00   -94.00     0.00     0.00     0.00     0.00
   1 	   94.00   -94.00     0.00     0.00     0.00     0.00
   	   23.00   151.00     0.00    90.00
   	   23.00   151.00     0.00    90.00
   2 	  188.00   -94.00     0.00     0.00     0.00     0.00
   2 	  188.00   -94.00     0.00     0.00     0.00     0.00
   	   23.00   151.00     0.00    90.00
   	   23.00   151.00     0.00    90.00
   3 	  282.00   -94.00     0.00     0.00     0.00     0.00
   3 	  282.00   -94.00     0.00     0.00     0.00     0.00
   	   23.00   151.00     0.00    90.00
   	   23.00   151.00     0.00    90.00
   4 	   94.00     0.00     0.00     0.00     0.00     0.00
   4 	   94.00     0.00     0.00     0.00     0.00     0.00
   	   23.00   151.00     0.00    90.00
   	   23.00   151.00     0.00    90.00
   5 	  188.00     0.00     0.00     0.00     0.00     0.00
   5 	  188.00     0.00     0.00     0.00     0.00     0.00
   	   23.00   151.00     0.00    90.00
   	   23.00   151.00     0.00    90.00
   6 	  282.00     0.00     0.00     0.00     0.00     0.00
   6 	  282.00     0.00     0.00     0.00     0.00     0.00
   	   23.00   151.00     0.00    90.00
   	   23.00   151.00     0.00    90.00
   7 	 -564.00    94.00     0.00     0.00     0.00     0.00
   7 	 -564.00    94.00     0.00     0.00     0.00     0.00
   	   23.00   151.00     0.00    90.00
   	   23.00   151.00     0.00    90.00
   8 	 -470.00    94.00     0.00     0.00     0.00     0.00
   8 	 -470.00    94.00     0.00     0.00     0.00     0.00
   	   23.00   151.00     0.00    90.00
   	   23.00   151.00     0.00    90.00
   9 	 -376.00    94.00     0.00     0.00     0.00     0.00
   9 	 -376.00    94.00     0.00     0.00     0.00     0.00
   	   23.00   151.00     0.00    90.00
   	   23.00   151.00     0.00    90.00
  10 	 -282.00    94.00     0.00     0.00     0.00     0.00
  10 	 -282.00    94.00     0.00     0.00     0.00     0.00
   	   23.00   151.00     0.00    90.00
   	   23.00   151.00     0.00    90.00
  11 	 -188.00    94.00     0.00     0.00     0.00     0.00
  11 	 -188.00    94.00     0.00     0.00     0.00     0.00
   	   23.00   151.00     0.00    90.00
   	   23.00   151.00     0.00    90.00
  12 	  -94.00    94.00     0.00     0.00     0.00     0.00
  12 	  -94.00    94.00     0.00     0.00     0.00     0.00
   	   23.00   151.00     0.00    90.00
   	   23.00   151.00     0.00    90.00
  13 	   -0.00    94.00     0.00     0.00     0.00     0.00
  13 	   -0.00    94.00     0.00     0.00     0.00     0.00
   	   23.00   151.00     0.00    90.00
   	   23.00   151.00     0.00    90.00
  14 	   94.00    94.00     0.00     0.00     0.00     0.00
  14 	   94.00    94.00     0.00     0.00     0.00     0.00
   	   23.00   151.00     0.00    90.00
   	   23.00   151.00     0.00    90.00
  15 	  188.00    94.00     0.00     0.00     0.00     0.00
  15 	  188.00    94.00     0.00     0.00     0.00     0.00
   	   23.00   151.00     0.00    90.00
   	   23.00   151.00     0.00    90.00
  16 	  282.00    94.00     0.00     0.00     0.00     0.00
  16 	  282.00    94.00     0.00     0.00     0.00     0.00
   	   23.00   151.00     0.00    90.00
   	   23.00   151.00     0.00    90.00

** End writing output file: ../inputs/gr756.dat 
