*******************************************************************************
                         ARRAY PREPROCESSOR ver. 1.0
*******************************************************************************



   1	GROUP testgroup
   3	 GRID RECTANGULAR PSTEP 28 QSTEP 70
   4	 ELEMENT
   5	 GEOMETRY RECTANGULAR PDIM 53 QDIM 84
   8	 ADD NODE 4 -4
   9	 ADD NODE -1 3
  10	 ADD BLOCK -4 3 11 0
  11	 ADD BLOCK -1 0 -3 -10
  13	 GROUP_EXCITATION
  14	 AMPLITUDE UNIFORM 23
  15	 PHASE UNIFORM 36 deg
  16	 END

** WARNING B2: GRID step(s) too small for specified element in GROUP: testgroup
** Generating GROUP: testgroup.
** PSTEP,QSTEP set to:28.000000,70.000000
** Grid ANGLE set to:90.000000 
** Group ROT_ANGLE set to: 0.000000 

** Writing output file: ../inputs/gr759.dat

NEL 
NPORTS
IDUM      REXA     REYA     REZA     THEA     PHEA     PSEA 
          AMP      PSH      PSC      PHEPOL
  99
  99
   1
   1
   1 	  112.00  -280.00     0.00     0.00     0.00     0.00
   1 	  112.00  -280.00     0.00     0.00     0.00     0.00
   	   23.00    36.00     0.00    90.00
   	   23.00    36.00     0.00    90.00
   2 	  -28.00   210.00     0.00     0.00     0.00     0.00
   2 	  -28.00   210.00     0.00     0.00     0.00     0.00
   	   23.00    36.00     0.00    90.00
   	   23.00    36.00     0.00    90.00
   3 	 -112.00     0.00     0.00     0.00     0.00     0.00
   3 	 -112.00     0.00     0.00     0.00     0.00     0.00
   	   23.00    36.00     0.00    90.00
   	   23.00    36.00     0.00    90.00
   4 	  -84.00     0.00     0.00     0.00     0.00     0.00
   4 	  -84.00     0.00     0.00     0.00     0.00     0.00
   	   23.00    36.00     0.00    90.00
   	   23.00    36.00     0.00    90.00
   5 	  -56.00     0.00     0.00     0.00     0.00     0.00
   5 	  -56.00     0.00     0.00     0.00     0.00     0.00
   	   23.00    36.00     0.00    90.00
   	   23.00    36.00     0.00    90.00
   6 	  -28.00     0.00     0.00     0.00     0.00     0.00
   6 	  -28.00     0.00     0.00     0.00     0.00     0.00
   	   23.00    36.00     0.00    90.00
   	   23.00    36.00     0.00    90.00
   7 	    0.00     0.00     0.00     0.00     0.00     0.00
   7 	    0.00     0.00     0.00     0.00     0.00     0.00
   	   23.00    36.00     0.00    90.00
   	   23.00    36.00     0.00    90.00
   8 	   28.00     0.00     0.00     0.00     0.00     0.00
   8 	   28.00     0.00     0.00     0.00     0.00     0.00
   	   23.00    36.00     0.00    90.00
   	   23.00    36.00     0.00    90.00
   9 	   56.00     0.00     0.00     0.00     0.00     0.00
   9 	   56.00     0.00     0.00     0.00     0.00     0.00
   	   23.00    36.00     0.00    90.00
   	   23.00    36.00     0.00    90.00
  10 	   84.00     0.00     0.00     0.00     0.00     0.00
  10 	   84.00     0.00     0.00     0.00     0.00     0.00
   	   23.00    36.00     0.00    90.00
   	   23.00    36.00     0.00    90.00
  11 	  112.00     0.00     0.00     0.00     0.00     0.00
  11 	  112.00     0.00     0.00     0.00     0.00     0.00
   	   23.00    36.00     0.00    90.00
   	   23.00    36.00     0.00    90.00
  12 	  140.00     0.00     0.00     0.00     0.00     0.00
  12 	  140.00     0.00     0.00     0.00     0.00     0.00
   	   23.00    36.00     0.00    90.00
   	   23.00    36.00     0.00    90.00
  13 	  168.00     0.00     0.00     0.00     0.00     0.00
  13 	  168.00     0.00     0.00     0.00     0.00     0.00
   	   23.00    36.00     0.00    90.00
   	   23.00    36.00     0.00    90.00
  14 	  196.00     0.00     0.00     0.00     0.00     0.00
  14 	  196.00     0.00     0.00     0.00     0.00     0.00
   	   23.00    36.00     0.00    90.00
   	   23.00    36.00     0.00    90.00
  15 	  224.00     0.00     0.00     0.00     0.00     0.00
  15 	  224.00     0.00     0.00     0.00     0.00     0.00
   	   23.00    36.00     0.00    90.00
   	   23.00    36.00     0.00    90.00
  16 	  252.00     0.00     0.00     0.00     0.00     0.00
  16 	  252.00     0.00     0.00     0.00     0.00     0.00
   	   23.00    36.00     0.00    90.00
   	   23.00    36.00     0.00    90.00
  17 	  280.00     0.00     0.00     0.00     0.00     0.00
  17 	  280.00     0.00     0.00     0.00     0.00     0.00
   	   23.00    36.00     0.00    90.00
   	   23.00    36.00     0.00    90.00
  18 	  308.00     0.00     0.00     0.00     0.00     0.00
  18 	  308.00     0.00     0.00     0.00     0.00     0.00
   	   23.00    36.00     0.00    90.00
   	   23.00    36.00     0.00    90.00
  19 	 -112.00    70.00     0.00     0.00     0.00     0.00
  19 	 -112.00    70.00     0.00     0.00     0.00     0.00
   	   23.00    36.00     0.00    90.00
   	   23.00    36.00     0.00    90.00
  20 	  -84.00    70.00     0.00     0.00     0.00     0.00
  20 	  -84.00    70.00     0.00     0.00     0.00     0.00
   	   23.00    36.00     0.00    90.00
   	   23.00    36.00     0.00    90.00
  21 	  -56.00    70.00     0.00     0.00     0.00     0.00
  21 	  -56.00    70.00     0.00     0.00     0.00     0.00
   	   23.00    36.00     0.00    90.00
   	   23.00    36.00     0.00    90.00
  22 	  -28.00    70.00     0.00     0.00     0.00     0.00
  22 	  -28.00    70.00     0.00     0.00     0.00     0.00
   	   23.00    36.00     0.00    90.00
   	   23.00    36.00     0.00    90.00
  23 	   -0.00    70.00     0.00     0.00     0.00     0.00
  23 	   -0.00    70.00     0.00     0.00     0.00     0.00
   	   23.00    36.00     0.00    90.00
   	   23.00    36.00     0.00    90.00
  24 	   28.00    70.00     0.00     0.00     0.00     0.00
  24 	   28.00    70.00     0.00     0.00     0.00     0.00
   	   23.00    36.00     0.00    90.00
   	   23.00    36.00     0.00    90.00
  25 	   56.00    70.00     0.00     0.00     0.00     0.00
  25 	   56.00    70.00     0.00     0.00     0.00     0.00
   	   23.00    36.00     0.00    90.00
   	   23.00    36.00     0.00    90.00
  26 	   84.00    70.00     0.00     0.00     0.00     0.00
  26 	   84.00    70.00     0.00     0.00     0.00     0.00
   	   23.00    36.00     0.00    90.00
   	   23.00    36.00     0.00    90.00
  27 	  112.00    70.00     0.00     0.00     0.00     0.00
  27 	  112.00    70.00     0.00     0.00     0.00     0.00
   	   23.00    36.00     0.00    90.00
   	   23.00    36.00     0.00    90.00
  28 	  140.00    70.00     0.00     0.00     0.00     0.00
  28 	  140.00    70.00     0.00     0.00     0.00     0.00
   	   23.00    36.00     0.00    90.00
   	   23.00    36.00     0.00    90.00
  29 	  168.00    70.00     0.00     0.00     0.00     0.00
  29 	  168.00    70.00     0.00     0.00     0.00     0.00
   	   23.00    36.00     0.00    90.00
   	   23.00    36.00     0.00    90.00
  30 	  196.00    70.00     0.00     0.00     0.00     0.00
  30 	  196.00    70.00     0.00     0.00     0.00     0.00
   	   23.00    36.00     0.00    90.00
   	   23.00    36.00     0.00    90.00
  31 	  224.00    70.00     0.00     0.00     0.00     0.00
  31 	  224.00    70.00     0.00     0.00     0.00     0.00
   	   23.00    36.00     0.00    90.00
   	   23.00    36.00     0.00    90.00
  32 	  252.00    70.00     0.00     0.00     0.00     0.00
  32 	  252.00    70.00     0.00     0.00     0.00     0.00
   	   23.00    36.00     0.00    90.00
   	   23.00    36.00     0.00    90.00
  33 	  280.00    70.00     0.00     0.00     0.00     0.00
  33 	  280.00    70.00     0.00     0.00     0.00     0.00
   	   23.00    36.00     0.00    90.00
   	   23.00    36.00     0.00    90.00
  34 	  308.00    70.00     0.00     0.00     0.00     0.00
  34 	  308.00    70.00     0.00     0.00     0.00     0.00
   	   23.00    36.00     0.00    90.00
   	   23.00    36.00     0.00    90.00
  35 	 -112.00   140.00     0.00     0.00     0.00     0.00
  35 	 -112.00   140.00     0.00     0.00     0.00     0.00
   	   23.00    36.00     0.00    90.00
   	   23.00    36.00     0.00    90.00
  36 	  -84.00   140.00     0.00     0.00     0.00     0.00
  36 	  -84.00   140.00     0.00     0.00     0.00     0.00
   	   23.00    36.00     0.00    90.00
   	   23.00    36.00     0.00    90.00
  37 	  -56.00   140.00     0.00     0.00     0.00     0.00
  37 	  -56.00   140.00     0.00     0.00     0.00     0.00
   	   23.00    36.00     0.00    90.00
   	   23.00    36.00     0.00    90.00
  38 	  -28.00   140.00     0.00     0.00     0.00     0.00
  38 	  -28.00   140.00     0.00     0.00     0.00     0.00
   	   23.00    36.00     0.00    90.00
   	   23.00    36.00     0.00    90.00
  39 	   -0.00   140.00     0.00     0.00     0.00     0.00
  39 	   -0.00   140.00     0.00     0.00     0.00     0.00
   	   23.00    36.00     0.00    90.00
   	   23.00    36.00     0.00    90.00
  40 	   28.00   140.00     0.00     0.00     0.00     0.00
  40 	   28.00   140.00     0.00     0.00     0.00     0.00
   	   23.00    36.00     0.00    90.00
   	   23.00    36.00     0.00    90.00
  41 	   56.00   140.00     0.00     0.00     0.00     0.00
  41 	   56.00   140.00     0.00     0.00     0.00     0.00
   	   23.00    36.00     0.00    90.00
   	   23.00    36.00     0.00    90.00
  42 	   84.00   140.00     0.00     0.00     0.00     0.00
  42 	   84.00   140.00     0.00     0.00     0.00     0.00
   	   23.00    36.00     0.00    90.00
   	   23.00    36.00     0.00    90.00
  43 	  112.00   140.00     0.00     0.00     0.00     0.00
  43 	  112.00   140.00     0.00     0.00     0.00     0.00
   	   23.00    36.00     0.00    90.00
   	   23.00    36.00     0.00    90.00
  44 	  140.00   140.00     0.00     0.00     0.00     0.00
  44 	  140.00   140.00     0.00     0.00     0.00     0.00
   	   23.00    36.00     0.00    90.00
   	   23.00    36.00     0.00    90.00
  45 	  168.00   140.00     0.00     0.00     0.00     0.00
  45 	  168.00   140.00     0.00     0.00     0.00     0.00
   	   23.00    36.00     0.00    90.00
   	   23.00    36.00     0.00    90.00
  46 	  196.00   140.00     0.00     0.00     0.00     0.00
  46 	  196.00   140.00     0.00     0.00     0.00     0.00
   	   23.00    36.00     0.00    90.00
   	   23.00    36.00     0.00    90.00
  47 	  224.00   140.00     0.00     0.00     0.00     0.00
  47 	  224.00   140.00     0.00     0.00     0.00     0.00
   	   23.00    36.00     0.00    90.00
   	   23.00    36.00     0.00    90.00
  48 	  252.00   140.00     0.00     0.00     0.00     0.00
  48 	  252.00   140.00     0.00     0.00     0.00     0.00
   	   23.00    36.00     0.00    90.00
   	   23.00    36.00     0.00    90.00
  49 	  280.00   140.00     0.00     0.00     0.00     0.00
  49 	  280.00   140.00     0.00     0.00     0.00     0.00
   	   23.00    36.00     0.00    90.00
   	   23.00    36.00     0.00    90.00
  50 	  308.00   140.00     0.00     0.00     0.00     0.00
  50 	  308.00   140.00     0.00     0.00     0.00     0.00
   	   23.00    36.00     0.00    90.00
   	   23.00    36.00     0.00    90.00
  51 	 -112.00   210.00     0.00     0.00     0.00     0.00
  51 	 -112.00   210.00     0.00     0.00     0.00     0.00
   	   23.00    36.00     0.00    90.00
   	   23.00    36.00     0.00    90.00
  52 	  -84.00   210.00     0.00     0.00     0.00     0.00
  52 	  -84.00   210.00     0.00     0.00     0.00     0.00
   	   23.00    36.00     0.00    90.00
   	   23.00    36.00     0.00    90.00
  53 	  -56.00   210.00     0.00     0.00     0.00     0.00
  53 	  -56.00   210.00     0.00     0.00     0.00     0.00
   	   23.00    36.00     0.00    90.00
   	   23.00    36.00     0.00    90.00
  54 	  -28.00   210.00     0.00     0.00     0.00     0.00
  54 	  -28.00   210.00     0.00     0.00     0.00     0.00
   	   23.00    36.00     0.00    90.00
   	   23.00    36.00     0.00    90.00
  55 	   -0.00   210.00     0.00     0.00     0.00     0.00
  55 	   -0.00   210.00     0.00     0.00     0.00     0.00
   	   23.00    36.00     0.00    90.00
   	   23.00    36.00     0.00    90.00
  56 	   28.00   210.00     0.00     0.00     0.00     0.00
  56 	   28.00   210.00     0.00     0.00     0.00     0.00
   	   23.00    36.00     0.00    90.00
   	   23.00    36.00     0.00    90.00
  57 	   56.00   210.00     0.00     0.00     0.00     0.00
  57 	   56.00   210.00     0.00     0.00     0.00     0.00
   	   23.00    36.00     0.00    90.00
   	   23.00    36.00     0.00    90.00
  58 	   84.00   210.00     0.00     0.00     0.00     0.00
  58 	   84.00   210.00     0.00     0.00     0.00     0.00
   	   23.00    36.00     0.00    90.00
   	   23.00    36.00     0.00    90.00
  59 	  112.00   210.00     0.00     0.00     0.00     0.00
  59 	  112.00   210.00     0.00     0.00     0.00     0.00
   	   23.00    36.00     0.00    90.00
   	   23.00    36.00     0.00    90.00
  60 	  140.00   210.00     0.00     0.00     0.00     0.00
  60 	  140.00   210.00     0.00     0.00     0.00     0.00
   	   23.00    36.00     0.00    90.00
   	   23.00    36.00     0.00    90.00
  61 	  168.00   210.00     0.00     0.00     0.00     0.00
  61 	  168.00   210.00     0.00     0.00     0.00     0.00
   	   23.00    36.00     0.00    90.00
   	   23.00    36.00     0.00    90.00
  62 	  196.00   210.00     0.00     0.00     0.00     0.00
  62 	  196.00   210.00     0.00     0.00     0.00     0.00
   	   23.00    36.00     0.00    90.00
   	   23.00    36.00     0.00    90.00
  63 	  224.00   210.00     0.00     0.00     0.00     0.00
  63 	  224.00   210.00     0.00     0.00     0.00     0.00
   	   23.00    36.00     0.00    90.00
   	   23.00    36.00     0.00    90.00
  64 	  252.00   210.00     0.00     0.00     0.00     0.00
  64 	  252.00   210.00     0.00     0.00     0.00     0.00
   	   23.00    36.00     0.00    90.00
   	   23.00    36.00     0.00    90.00
  65 	  280.00   210.00     0.00     0.00     0.00     0.00
  65 	  280.00   210.00     0.00     0.00     0.00     0.00
   	   23.00    36.00     0.00    90.00
   	   23.00    36.00     0.00    90.00
  66 	  308.00   210.00     0.00     0.00     0.00     0.00
  66 	  308.00   210.00     0.00     0.00     0.00     0.00
   	   23.00    36.00     0.00    90.00
   	   23.00    36.00     0.00    90.00
  67 	  -84.00  -700.00     0.00     0.00     0.00     0.00
  67 	  -84.00  -700.00     0.00     0.00     0.00     0.00
   	   23.00    36.00     0.00    90.00
   	   23.00    36.00     0.00    90.00
  68 	  -56.00  -700.00     0.00     0.00     0.00     0.00
  68 	  -56.00  -700.00     0.00     0.00     0.00     0.00
   	   23.00    36.00     0.00    90.00
   	   23.00    36.00     0.00    90.00
  69 	  -28.00  -700.00     0.00     0.00     0.00     0.00
  69 	  -28.00  -700.00     0.00     0.00     0.00     0.00
   	   23.00    36.00     0.00    90.00
   	   23.00    36.00     0.00    90.00
  70 	  -84.00  -630.00     0.00     0.00     0.00     0.00
  70 	  -84.00  -630.00     0.00     0.00     0.00     0.00
   	   23.00    36.00     0.00    90.00
   	   23.00    36.00     0.00    90.00
  71 	  -56.00  -630.00     0.00     0.00     0.00     0.00
  71 	  -56.00  -630.00     0.00     0.00     0.00     0.00
   	   23.00    36.00     0.00    90.00
   	   23.00    36.00     0.00    90.00
  72 	  -28.00  -630.00     0.00     0.00     0.00     0.00
  72 	  -28.00  -630.00     0.00     0.00     0.00     0.00
   	   23.00    36.00     0.00    90.00
   	   23.00    36.00     0.00    90.00
  73 	  -84.00  -560.00     0.00     0.00     0.00     0.00
  73 	  -84.00  -560.00     0.00     0.00     0.00     0.00
   	   23.00    36.00     0.00    90.00
   	   23.00    36.00     0.00    90.00
  74 	  -56.00  -560.00     0.00     0.00     0.00     0.00
  74 	  -56.00  -560.00     0.00     0.00     0.00     0.00
   	   23.00    36.00     0.00    90.00
   	   23.00    36.00     0.00    90.00
  75 	  -28.00  -560.00     0.00     0.00     0.00     0.00
  75 	  -28.00  -560.00     0.00     0.00     0.00     0.00
   	   23.00    36.00     0.00    90.00
   	   23.00    36.00     0.00    90.00
  76 	  -84.00  -490.00     0.00     0.00     0.00     0.00
  76 	  -84.00  -490.00     0.00     0.00     0.00     0.00
   	   23.00    36.00     0.00    90.00
   	   23.00    36.00     0.00    90.00
  77 	  -56.00  -490.00     0.00     0.00     0.00     0.00
  77 	  -56.00  -490.00     0.00     0.00     0.00     0.00
   	   23.00    36.00     0.00    90.00
   	   23.00    36.00     0.00    90.00
  78 	  -28.00  -490.00     0.00     0.00     0.00     0.00
  78 	  -28.00  -490.00     0.00     0.00     0.00     0.00
   	   23.00    36.00     0.00    90.00
   	   23.00    36.00     0.00    90.00
  79 	  -84.00  -420.00     0.00     0.00     0.00     0.00
  79 	  -84.00  -420.00     0.00     0.00     0.00     0.00
   	   23.00    36.00     0.00    90.00
   	   23.00    36.00     0.00    90.00
  80 	  -56.00  -420.00     0.00     0.00     0.00     0.00
  80 	  -56.00  -420.00     0.00     0.00     0.00     0.00
   	   23.00    36.00     0.00    90.00
   	   23.00    36.00     0.00    90.00
  81 	  -28.00  -420.00     0.00     0.00     0.00     0.00
  81 	  -28.00  -420.00     0.00     0.00     0.00     0.00
   	   23.00    36.00     0.00    90.00
   	   23.00    36.00     0.00    90.00
  82 	  -84.00  -350.00     0.00     0.00     0.00     0.00
  82 	  -84.00  -350.00     0.00     0.00     0.00     0.00
   	   23.00    36.00     0.00    90.00
   	   23.00    36.00     0.00    90.00
  83 	  -56.00  -350.00     0.00     0.00     0.00     0.00
  83 	  -56.00  -350.00     0.00     0.00     0.00     0.00
   	   23.00    36.00     0.00    90.00
   	   23.00    36.00     0.00    90.00
  84 	  -28.00  -350.00     0.00     0.00     0.00     0.00
  84 	  -28.00  -350.00     0.00     0.00     0.00     0.00
   	   23.00    36.00     0.00    90.00
   	   23.00    36.00     0.00    90.00
  85 	  -84.00  -280.00     0.00     0.00     0.00     0.00
  85 	  -84.00  -280.00     0.00     0.00     0.00     0.00
   	   23.00    36.00     0.00    90.00
   	   23.00    36.00     0.00    90.00
  86 	  -56.00  -280.00     0.00     0.00     0.00     0.00
  86 	  -56.00  -280.00     0.00     0.00     0.00     0.00
   	   23.00    36.00     0.00    90.00
   	   23.00    36.00     0.00    90.00
  87 	  -28.00  -280.00     0.00     0.00     0.00     0.00
  87 	  -28.00  -280.00     0.00     0.00     0.00     0.00
   	   23.00    36.00     0.00    90.00
   	   23.00    36.00     0.00    90.00
  88 	  -84.00  -210.00     0.00     0.00     0.00     0.00
  88 	  -84.00  -210.00     0.00     0.00     0.00     0.00
   	   23.00    36.00     0.00    90.00
   	   23.00    36.00     0.00    90.00
  89 	  -56.00  -210.00     0.00     0.00     0.00     0.00
  89 	  -56.00  -210.00     0.00     0.00     0.00     0.00
   	   23.00    36.00     0.00    90.00
   	   23.00    36.00     0.00    90.00
  90 	  -28.00  -210.00     0.00     0.00     0.00     0.00
  90 	  -28.00  -210.00     0.00     0.00     0.00     0.00
   	   23.00    36.00     0.00    90.00
   	   23.00    36.00     0.00    90.00
  91 	  -84.00  -140.00     0.00     0.00     0.00     0.00
  91 	  -84.00  -140.00     0.00     0.00     0.00     0.00
   	   23.00    36.00     0.00    90.00
   	   23.00    36.00     0.00    90.00
  92 	  -56.00  -140.00     0.00     0.00     0.00     0.00
  92 	  -56.00  -140.00     0.00     0.00     0.00     0.00
   	   23.00    36.00     0.00    90.00
   	   23.00    36.00     0.00    90.00
  93 	  -28.00  -140.00     0.00     0.00     0.00     0.00
  93 	  -28.00  -140.00     0.00     0.00     0.00     0.00
   	   23.00    36.00     0.00    90.00
   	   23.00    36.00     0.00    90.00
  94 	  -84.00   -70.00     0.00     0.00     0.00     0.00
  94 	  -84.00   -70.00     0.00     0.00     0.00     0.00
   	   23.00    36.00     0.00    90.00
   	   23.00    36.00     0.00    90.00
  95 	  -56.00   -70.00     0.00     0.00     0.00     0.00
  95 	  -56.00   -70.00     0.00     0.00     0.00     0.00
   	   23.00    36.00     0.00    90.00
   	   23.00    36.00     0.00    90.00
  96 	  -28.00   -70.00     0.00     0.00     0.00     0.00
  96 	  -28.00   -70.00     0.00     0.00     0.00     0.00
   	   23.00    36.00     0.00    90.00
   	   23.00    36.00     0.00    90.00
  97 	  -84.00     0.00     0.00     0.00     0.00     0.00
  97 	  -84.00     0.00     0.00     0.00     0.00     0.00
   	   23.00    36.00     0.00    90.00
   	   23.00    36.00     0.00    90.00
  98 	  -56.00     0.00     0.00     0.00     0.00     0.00
  98 	  -56.00     0.00     0.00     0.00     0.00     0.00
   	   23.00    36.00     0.00    90.00
   	   23.00    36.00     0.00    90.00
  99 	  -28.00     0.00     0.00     0.00     0.00     0.00
  99 	  -28.00     0.00     0.00     0.00     0.00     0.00
   	   23.00    36.00     0.00    90.00
   	   23.00    36.00     0.00    90.00

** End writing output file: ../inputs/gr759.dat 
