*******************************************************************************
                         ARRAY PREPROCESSOR ver. 1.0
*******************************************************************************



   1	GROUP testgroup
   3	 GRID HEXAGONAL
   4	 ELEMENT
   5	 GEOMETRY CIRCULAR 63
   6	 POLARIZATION CIRCULAR LH
   8	 ADD HEXAGON 5 -7
  10	 GROUP_EXCITATION
  11	 AMPLITUDE UNIFORM 20
  12	 PHASE SECOND ORDER 12 22 20 22 24
  13	 END

** Generating GROUP: testgroup.
** PSTEP,QSTEP set to:126.000000,126.000000
** Grid ANGLE set to:60.000000 
** Group ROT_ANGLE set to: 0.000000 

** Writing output file: ../inputs/gr76.dat

NEL 
NPORTS
IDUM      REXA     REYA     REZA     THEA     PHEA     PSEA 
          AMP      PSH      PSC      PHEPOL
   7
   7
   1
   1
   1 	  126.00  -654.72     0.00     0.00     0.00     0.00
   1 	  126.00  -654.72     0.00     0.00     0.00     0.00
   	   20.00    12.00     0.00    90.00
   	   20.00    12.00     0.00    90.00
   2 	  252.00  -654.72     0.00     0.00     0.00     0.00
   2 	  252.00  -654.72     0.00     0.00     0.00     0.00
   	   20.00    20.00     0.00    90.00
   	   20.00    20.00     0.00    90.00
   3 	  315.00  -763.83     0.00     0.00     0.00     0.00
   3 	  315.00  -763.83     0.00     0.00     0.00     0.00
   	   20.00    34.00     0.00    90.00
   	   20.00    34.00     0.00    90.00
   4 	  252.00  -872.95     0.00     0.00     0.00     0.00
   4 	  252.00  -872.95     0.00     0.00     0.00     0.00
   	   20.00    32.00     0.00    90.00
   	   20.00    32.00     0.00    90.00
   5 	  126.00  -872.95     0.00     0.00     0.00     0.00
   5 	  126.00  -872.95     0.00     0.00     0.00     0.00
   	   20.00    24.00     0.00    90.00
   	   20.00    24.00     0.00    90.00
   6 	   63.00  -763.83     0.00     0.00     0.00     0.00
   6 	   63.00  -763.83     0.00     0.00     0.00     0.00
   	   20.00    18.00     0.00    90.00
   	   20.00    18.00     0.00    90.00
   7 	  189.00  -763.83     0.00     0.00     0.00     0.00
   7 	  189.00  -763.83     0.00     0.00     0.00     0.00
   	   20.00    17.00     0.00    90.00
   	   20.00    17.00     0.00    90.00

** End writing output file: ../inputs/gr76.dat 
