*******************************************************************************
                         ARRAY PREPROCESSOR ver. 1.0
*******************************************************************************



   1	GROUP testgroup
   3	 GRID SQUARE
   4	 ELEMENT
   5	 GEOMETRY CIRCULAR 65
   7	 PORTS 8
   8	 PORT 1
   9	 AMPLITUDE 29
  10	 PORT 2
  11	 AMPLITUDE 24
  12	 PORT 3
  13	 AMPLITUDE 32
  14	 PHASE_POL_ARRANG 475
  15	 PORT 4
  16	 AMPLITUDE 23
  17	 PHASE_SCANNING 440
  18	 PORT 5
  19	 POL_ORIENT Y AMPLITUDE 30
  20	 PHASE_POL_ARRANG 632
  21	 PORT 6
  22	 AMPLITUDE 21
  23	 PHASE_POL_ARRANG 686
  24	 PORT 7
  25	 AMPLITUDE 17
  26	 PORT 8
  27	 POL_ORIENT Y AMPLITUDE 21
  28	 PHASE_POL_ARRANG 521
  29	 ADD BLOCK -5 -7 1 1
  30	 ADD BLOCK -3 1 5 2
  32	 GROUP_EXCITATION
  33	 AMPLITUDE UNIFORM 22
  34	 PHASE UNIFORM -53
  35	 END

** Generating GROUP: testgroup.
** PSTEP,QSTEP set to:130.000000,130.000000
** Grid ANGLE set to:90.000000 
** Group ROT_ANGLE set to: 0.000000 

** Writing output file: ../inputs/gr763.dat

NEL 
NPORTS
IDUM      REXA     REYA     REZA     THEA     PHEA     PSEA 
          AMP      PSH      PSC      PHEPOL
  81
  81
   8
   8
   1 	 -650.00  -910.00     0.00     0.00     0.00     0.00
   1 	 -650.00  -910.00     0.00     0.00     0.00     0.00
   	  638.00   -53.00     0.00    90.00
   	  638.00   -53.00     0.00    90.00
   	  528.00   -53.00     0.00    90.00
   	  528.00   -53.00     0.00    90.00
   	  704.00   422.00     0.00    90.00
   	  704.00   422.00     0.00    90.00
   	  506.00   -53.00   440.00    90.00
   	  506.00   -53.00   440.00    90.00
   	  660.00   579.00     0.00    90.00
   	  660.00   579.00     0.00    90.00
   	  462.00   633.00     0.00    90.00
   	  462.00   633.00     0.00    90.00
   	  374.00   -53.00     0.00    90.00
   	  374.00   -53.00     0.00    90.00
   	  462.00   468.00     0.00    90.00
   	  462.00   468.00     0.00    90.00
   2 	 -520.00  -910.00     0.00     0.00     0.00     0.00
   2 	 -520.00  -910.00     0.00     0.00     0.00     0.00
   	  638.00   -53.00     0.00    90.00
   	  638.00   -53.00     0.00    90.00
   	  528.00   -53.00     0.00    90.00
   	  528.00   -53.00     0.00    90.00
   	  704.00   422.00     0.00    90.00
   	  704.00   422.00     0.00    90.00
   	  506.00   -53.00   440.00    90.00
   	  506.00   -53.00   440.00    90.00
   	  660.00   579.00     0.00    90.00
   	  660.00   579.00     0.00    90.00
   	  462.00   633.00     0.00    90.00
   	  462.00   633.00     0.00    90.00
   	  374.00   -53.00     0.00    90.00
   	  374.00   -53.00     0.00    90.00
   	  462.00   468.00     0.00    90.00
   	  462.00   468.00     0.00    90.00
   3 	 -390.00  -910.00     0.00     0.00     0.00     0.00
   3 	 -390.00  -910.00     0.00     0.00     0.00     0.00
   	  638.00   -53.00     0.00    90.00
   	  638.00   -53.00     0.00    90.00
   	  528.00   -53.00     0.00    90.00
   	  528.00   -53.00     0.00    90.00
   	  704.00   422.00     0.00    90.00
   	  704.00   422.00     0.00    90.00
   	  506.00   -53.00   440.00    90.00
   	  506.00   -53.00   440.00    90.00
   	  660.00   579.00     0.00    90.00
   	  660.00   579.00     0.00    90.00
   	  462.00   633.00     0.00    90.00
   	  462.00   633.00     0.00    90.00
   	  374.00   -53.00     0.00    90.00
   	  374.00   -53.00     0.00    90.00
   	  462.00   468.00     0.00    90.00
   	  462.00   468.00     0.00    90.00
   4 	 -260.00  -910.00     0.00     0.00     0.00     0.00
   4 	 -260.00  -910.00     0.00     0.00     0.00     0.00
   	  638.00   -53.00     0.00    90.00
   	  638.00   -53.00     0.00    90.00
   	  528.00   -53.00     0.00    90.00
   	  528.00   -53.00     0.00    90.00
   	  704.00   422.00     0.00    90.00
   	  704.00   422.00     0.00    90.00
   	  506.00   -53.00   440.00    90.00
   	  506.00   -53.00   440.00    90.00
   	  660.00   579.00     0.00    90.00
   	  660.00   579.00     0.00    90.00
   	  462.00   633.00     0.00    90.00
   	  462.00   633.00     0.00    90.00
   	  374.00   -53.00     0.00    90.00
   	  374.00   -53.00     0.00    90.00
   	  462.00   468.00     0.00    90.00
   	  462.00   468.00     0.00    90.00
   5 	 -130.00  -910.00     0.00     0.00     0.00     0.00
   5 	 -130.00  -910.00     0.00     0.00     0.00     0.00
   	  638.00   -53.00     0.00    90.00
   	  638.00   -53.00     0.00    90.00
   	  528.00   -53.00     0.00    90.00
   	  528.00   -53.00     0.00    90.00
   	  704.00   422.00     0.00    90.00
   	  704.00   422.00     0.00    90.00
   	  506.00   -53.00   440.00    90.00
   	  506.00   -53.00   440.00    90.00
   	  660.00   579.00     0.00    90.00
   	  660.00   579.00     0.00    90.00
   	  462.00   633.00     0.00    90.00
   	  462.00   633.00     0.00    90.00
   	  374.00   -53.00     0.00    90.00
   	  374.00   -53.00     0.00    90.00
   	  462.00   468.00     0.00    90.00
   	  462.00   468.00     0.00    90.00
   6 	    0.00  -910.00     0.00     0.00     0.00     0.00
   6 	    0.00  -910.00     0.00     0.00     0.00     0.00
   	  638.00   -53.00     0.00    90.00
   	  638.00   -53.00     0.00    90.00
   	  528.00   -53.00     0.00    90.00
   	  528.00   -53.00     0.00    90.00
   	  704.00   422.00     0.00    90.00
   	  704.00   422.00     0.00    90.00
   	  506.00   -53.00   440.00    90.00
   	  506.00   -53.00   440.00    90.00
   	  660.00   579.00     0.00    90.00
   	  660.00   579.00     0.00    90.00
   	  462.00   633.00     0.00    90.00
   	  462.00   633.00     0.00    90.00
   	  374.00   -53.00     0.00    90.00
   	  374.00   -53.00     0.00    90.00
   	  462.00   468.00     0.00    90.00
   	  462.00   468.00     0.00    90.00
   7 	  130.00  -910.00     0.00     0.00     0.00     0.00
   7 	  130.00  -910.00     0.00     0.00     0.00     0.00
   	  638.00   -53.00     0.00    90.00
   	  638.00   -53.00     0.00    90.00
   	  528.00   -53.00     0.00    90.00
   	  528.00   -53.00     0.00    90.00
   	  704.00   422.00     0.00    90.00
   	  704.00   422.00     0.00    90.00
   	  506.00   -53.00   440.00    90.00
   	  506.00   -53.00   440.00    90.00
   	  660.00   579.00     0.00    90.00
   	  660.00   579.00     0.00    90.00
   	  462.00   633.00     0.00    90.00
   	  462.00   633.00     0.00    90.00
   	  374.00   -53.00     0.00    90.00
   	  374.00   -53.00     0.00    90.00
   	  462.00   468.00     0.00    90.00
   	  462.00   468.00     0.00    90.00
   8 	 -650.00  -780.00     0.00     0.00     0.00     0.00
   8 	 -650.00  -780.00     0.00     0.00     0.00     0.00
   	  638.00   -53.00     0.00    90.00
   	  638.00   -53.00     0.00    90.00
   	  528.00   -53.00     0.00    90.00
   	  528.00   -53.00     0.00    90.00
   	  704.00   422.00     0.00    90.00
   	  704.00   422.00     0.00    90.00
   	  506.00   -53.00   440.00    90.00
   	  506.00   -53.00   440.00    90.00
   	  660.00   579.00     0.00    90.00
   	  660.00   579.00     0.00    90.00
   	  462.00   633.00     0.00    90.00
   	  462.00   633.00     0.00    90.00
   	  374.00   -53.00     0.00    90.00
   	  374.00   -53.00     0.00    90.00
   	  462.00   468.00     0.00    90.00
   	  462.00   468.00     0.00    90.00
   9 	 -520.00  -780.00     0.00     0.00     0.00     0.00
   9 	 -520.00  -780.00     0.00     0.00     0.00     0.00
   	  638.00   -53.00     0.00    90.00
   	  638.00   -53.00     0.00    90.00
   	  528.00   -53.00     0.00    90.00
   	  528.00   -53.00     0.00    90.00
   	  704.00   422.00     0.00    90.00
   	  704.00   422.00     0.00    90.00
   	  506.00   -53.00   440.00    90.00
   	  506.00   -53.00   440.00    90.00
   	  660.00   579.00     0.00    90.00
   	  660.00   579.00     0.00    90.00
   	  462.00   633.00     0.00    90.00
   	  462.00   633.00     0.00    90.00
   	  374.00   -53.00     0.00    90.00
   	  374.00   -53.00     0.00    90.00
   	  462.00   468.00     0.00    90.00
   	  462.00   468.00     0.00    90.00
  10 	 -390.00  -780.00     0.00     0.00     0.00     0.00
  10 	 -390.00  -780.00     0.00     0.00     0.00     0.00
   	  638.00   -53.00     0.00    90.00
   	  638.00   -53.00     0.00    90.00
   	  528.00   -53.00     0.00    90.00
   	  528.00   -53.00     0.00    90.00
   	  704.00   422.00     0.00    90.00
   	  704.00   422.00     0.00    90.00
   	  506.00   -53.00   440.00    90.00
   	  506.00   -53.00   440.00    90.00
   	  660.00   579.00     0.00    90.00
   	  660.00   579.00     0.00    90.00
   	  462.00   633.00     0.00    90.00
   	  462.00   633.00     0.00    90.00
   	  374.00   -53.00     0.00    90.00
   	  374.00   -53.00     0.00    90.00
   	  462.00   468.00     0.00    90.00
   	  462.00   468.00     0.00    90.00
  11 	 -260.00  -780.00     0.00     0.00     0.00     0.00
  11 	 -260.00  -780.00     0.00     0.00     0.00     0.00
   	  638.00   -53.00     0.00    90.00
   	  638.00   -53.00     0.00    90.00
   	  528.00   -53.00     0.00    90.00
   	  528.00   -53.00     0.00    90.00
   	  704.00   422.00     0.00    90.00
   	  704.00   422.00     0.00    90.00
   	  506.00   -53.00   440.00    90.00
   	  506.00   -53.00   440.00    90.00
   	  660.00   579.00     0.00    90.00
   	  660.00   579.00     0.00    90.00
   	  462.00   633.00     0.00    90.00
   	  462.00   633.00     0.00    90.00
   	  374.00   -53.00     0.00    90.00
   	  374.00   -53.00     0.00    90.00
   	  462.00   468.00     0.00    90.00
   	  462.00   468.00     0.00    90.00
  12 	 -130.00  -780.00     0.00     0.00     0.00     0.00
  12 	 -130.00  -780.00     0.00     0.00     0.00     0.00
   	  638.00   -53.00     0.00    90.00
   	  638.00   -53.00     0.00    90.00
   	  528.00   -53.00     0.00    90.00
   	  528.00   -53.00     0.00    90.00
   	  704.00   422.00     0.00    90.00
   	  704.00   422.00     0.00    90.00
   	  506.00   -53.00   440.00    90.00
   	  506.00   -53.00   440.00    90.00
   	  660.00   579.00     0.00    90.00
   	  660.00   579.00     0.00    90.00
   	  462.00   633.00     0.00    90.00
   	  462.00   633.00     0.00    90.00
   	  374.00   -53.00     0.00    90.00
   	  374.00   -53.00     0.00    90.00
   	  462.00   468.00     0.00    90.00
   	  462.00   468.00     0.00    90.00
  13 	    0.00  -780.00     0.00     0.00     0.00     0.00
  13 	    0.00  -780.00     0.00     0.00     0.00     0.00
   	  638.00   -53.00     0.00    90.00
   	  638.00   -53.00     0.00    90.00
   	  528.00   -53.00     0.00    90.00
   	  528.00   -53.00     0.00    90.00
   	  704.00   422.00     0.00    90.00
   	  704.00   422.00     0.00    90.00
   	  506.00   -53.00   440.00    90.00
   	  506.00   -53.00   440.00    90.00
   	  660.00   579.00     0.00    90.00
   	  660.00   579.00     0.00    90.00
   	  462.00   633.00     0.00    90.00
   	  462.00   633.00     0.00    90.00
   	  374.00   -53.00     0.00    90.00
   	  374.00   -53.00     0.00    90.00
   	  462.00   468.00     0.00    90.00
   	  462.00   468.00     0.00    90.00
  14 	  130.00  -780.00     0.00     0.00     0.00     0.00
  14 	  130.00  -780.00     0.00     0.00     0.00     0.00
   	  638.00   -53.00     0.00    90.00
   	  638.00   -53.00     0.00    90.00
   	  528.00   -53.00     0.00    90.00
   	  528.00   -53.00     0.00    90.00
   	  704.00   422.00     0.00    90.00
   	  704.00   422.00     0.00    90.00
   	  506.00   -53.00   440.00    90.00
   	  506.00   -53.00   440.00    90.00
   	  660.00   579.00     0.00    90.00
   	  660.00   579.00     0.00    90.00
   	  462.00   633.00     0.00    90.00
   	  462.00   633.00     0.00    90.00
   	  374.00   -53.00     0.00    90.00
   	  374.00   -53.00     0.00    90.00
   	  462.00   468.00     0.00    90.00
   	  462.00   468.00     0.00    90.00
  15 	 -650.00  -650.00     0.00     0.00     0.00     0.00
  15 	 -650.00  -650.00     0.00     0.00     0.00     0.00
   	  638.00   -53.00     0.00    90.00
   	  638.00   -53.00     0.00    90.00
   	  528.00   -53.00     0.00    90.00
   	  528.00   -53.00     0.00    90.00
   	  704.00   422.00     0.00    90.00
   	  704.00   422.00     0.00    90.00
   	  506.00   -53.00   440.00    90.00
   	  506.00   -53.00   440.00    90.00
   	  660.00   579.00     0.00    90.00
   	  660.00   579.00     0.00    90.00
   	  462.00   633.00     0.00    90.00
   	  462.00   633.00     0.00    90.00
   	  374.00   -53.00     0.00    90.00
   	  374.00   -53.00     0.00    90.00
   	  462.00   468.00     0.00    90.00
   	  462.00   468.00     0.00    90.00
  16 	 -520.00  -650.00     0.00     0.00     0.00     0.00
  16 	 -520.00  -650.00     0.00     0.00     0.00     0.00
   	  638.00   -53.00     0.00    90.00
   	  638.00   -53.00     0.00    90.00
   	  528.00   -53.00     0.00    90.00
   	  528.00   -53.00     0.00    90.00
   	  704.00   422.00     0.00    90.00
   	  704.00   422.00     0.00    90.00
   	  506.00   -53.00   440.00    90.00
   	  506.00   -53.00   440.00    90.00
   	  660.00   579.00     0.00    90.00
   	  660.00   579.00     0.00    90.00
   	  462.00   633.00     0.00    90.00
   	  462.00   633.00     0.00    90.00
   	  374.00   -53.00     0.00    90.00
   	  374.00   -53.00     0.00    90.00
   	  462.00   468.00     0.00    90.00
   	  462.00   468.00     0.00    90.00
  17 	 -390.00  -650.00     0.00     0.00     0.00     0.00
  17 	 -390.00  -650.00     0.00     0.00     0.00     0.00
   	  638.00   -53.00     0.00    90.00
   	  638.00   -53.00     0.00    90.00
   	  528.00   -53.00     0.00    90.00
   	  528.00   -53.00     0.00    90.00
   	  704.00   422.00     0.00    90.00
   	  704.00   422.00     0.00    90.00
   	  506.00   -53.00   440.00    90.00
   	  506.00   -53.00   440.00    90.00
   	  660.00   579.00     0.00    90.00
   	  660.00   579.00     0.00    90.00
   	  462.00   633.00     0.00    90.00
   	  462.00   633.00     0.00    90.00
   	  374.00   -53.00     0.00    90.00
   	  374.00   -53.00     0.00    90.00
   	  462.00   468.00     0.00    90.00
   	  462.00   468.00     0.00    90.00
  18 	 -260.00  -650.00     0.00     0.00     0.00     0.00
  18 	 -260.00  -650.00     0.00     0.00     0.00     0.00
   	  638.00   -53.00     0.00    90.00
   	  638.00   -53.00     0.00    90.00
   	  528.00   -53.00     0.00    90.00
   	  528.00   -53.00     0.00    90.00
   	  704.00   422.00     0.00    90.00
   	  704.00   422.00     0.00    90.00
   	  506.00   -53.00   440.00    90.00
   	  506.00   -53.00   440.00    90.00
   	  660.00   579.00     0.00    90.00
   	  660.00   579.00     0.00    90.00
   	  462.00   633.00     0.00    90.00
   	  462.00   633.00     0.00    90.00
   	  374.00   -53.00     0.00    90.00
   	  374.00   -53.00     0.00    90.00
   	  462.00   468.00     0.00    90.00
   	  462.00   468.00     0.00    90.00
  19 	 -130.00  -650.00     0.00     0.00     0.00     0.00
  19 	 -130.00  -650.00     0.00     0.00     0.00     0.00
   	  638.00   -53.00     0.00    90.00
   	  638.00   -53.00     0.00    90.00
   	  528.00   -53.00     0.00    90.00
   	  528.00   -53.00     0.00    90.00
   	  704.00   422.00     0.00    90.00
   	  704.00   422.00     0.00    90.00
   	  506.00   -53.00   440.00    90.00
   	  506.00   -53.00   440.00    90.00
   	  660.00   579.00     0.00    90.00
   	  660.00   579.00     0.00    90.00
   	  462.00   633.00     0.00    90.00
   	  462.00   633.00     0.00    90.00
   	  374.00   -53.00     0.00    90.00
   	  374.00   -53.00     0.00    90.00
   	  462.00   468.00     0.00    90.00
   	  462.00   468.00     0.00    90.00
  20 	    0.00  -650.00     0.00     0.00     0.00     0.00
  20 	    0.00  -650.00     0.00     0.00     0.00     0.00
   	  638.00   -53.00     0.00    90.00
   	  638.00   -53.00     0.00    90.00
   	  528.00   -53.00     0.00    90.00
   	  528.00   -53.00     0.00    90.00
   	  704.00   422.00     0.00    90.00
   	  704.00   422.00     0.00    90.00
   	  506.00   -53.00   440.00    90.00
   	  506.00   -53.00   440.00    90.00
   	  660.00   579.00     0.00    90.00
   	  660.00   579.00     0.00    90.00
   	  462.00   633.00     0.00    90.00
   	  462.00   633.00     0.00    90.00
   	  374.00   -53.00     0.00    90.00
   	  374.00   -53.00     0.00    90.00
   	  462.00   468.00     0.00    90.00
   	  462.00   468.00     0.00    90.00
  21 	  130.00  -650.00     0.00     0.00     0.00     0.00
  21 	  130.00  -650.00     0.00     0.00     0.00     0.00
   	  638.00   -53.00     0.00    90.00
   	  638.00   -53.00     0.00    90.00
   	  528.00   -53.00     0.00    90.00
   	  528.00   -53.00     0.00    90.00
   	  704.00   422.00     0.00    90.00
   	  704.00   422.00     0.00    90.00
   	  506.00   -53.00   440.00    90.00
   	  506.00   -53.00   440.00    90.00
   	  660.00   579.00     0.00    90.00
   	  660.00   579.00     0.00    90.00
   	  462.00   633.00     0.00    90.00
   	  462.00   633.00     0.00    90.00
   	  374.00   -53.00     0.00    90.00
   	  374.00   -53.00     0.00    90.00
   	  462.00   468.00     0.00    90.00
   	  462.00   468.00     0.00    90.00
  22 	 -650.00  -520.00     0.00     0.00     0.00     0.00
  22 	 -650.00  -520.00     0.00     0.00     0.00     0.00
   	  638.00   -53.00     0.00    90.00
   	  638.00   -53.00     0.00    90.00
   	  528.00   -53.00     0.00    90.00
   	  528.00   -53.00     0.00    90.00
   	  704.00   422.00     0.00    90.00
   	  704.00   422.00     0.00    90.00
   	  506.00   -53.00   440.00    90.00
   	  506.00   -53.00   440.00    90.00
   	  660.00   579.00     0.00    90.00
   	  660.00   579.00     0.00    90.00
   	  462.00   633.00     0.00    90.00
   	  462.00   633.00     0.00    90.00
   	  374.00   -53.00     0.00    90.00
   	  374.00   -53.00     0.00    90.00
   	  462.00   468.00     0.00    90.00
   	  462.00   468.00     0.00    90.00
  23 	 -520.00  -520.00     0.00     0.00     0.00     0.00
  23 	 -520.00  -520.00     0.00     0.00     0.00     0.00
   	  638.00   -53.00     0.00    90.00
   	  638.00   -53.00     0.00    90.00
   	  528.00   -53.00     0.00    90.00
   	  528.00   -53.00     0.00    90.00
   	  704.00   422.00     0.00    90.00
   	  704.00   422.00     0.00    90.00
   	  506.00   -53.00   440.00    90.00
   	  506.00   -53.00   440.00    90.00
   	  660.00   579.00     0.00    90.00
   	  660.00   579.00     0.00    90.00
   	  462.00   633.00     0.00    90.00
   	  462.00   633.00     0.00    90.00
   	  374.00   -53.00     0.00    90.00
   	  374.00   -53.00     0.00    90.00
   	  462.00   468.00     0.00    90.00
   	  462.00   468.00     0.00    90.00
  24 	 -390.00  -520.00     0.00     0.00     0.00     0.00
  24 	 -390.00  -520.00     0.00     0.00     0.00     0.00
   	  638.00   -53.00     0.00    90.00
   	  638.00   -53.00     0.00    90.00
   	  528.00   -53.00     0.00    90.00
   	  528.00   -53.00     0.00    90.00
   	  704.00   422.00     0.00    90.00
   	  704.00   422.00     0.00    90.00
   	  506.00   -53.00   440.00    90.00
   	  506.00   -53.00   440.00    90.00
   	  660.00   579.00     0.00    90.00
   	  660.00   579.00     0.00    90.00
   	  462.00   633.00     0.00    90.00
   	  462.00   633.00     0.00    90.00
   	  374.00   -53.00     0.00    90.00
   	  374.00   -53.00     0.00    90.00
   	  462.00   468.00     0.00    90.00
   	  462.00   468.00     0.00    90.00
  25 	 -260.00  -520.00     0.00     0.00     0.00     0.00
  25 	 -260.00  -520.00     0.00     0.00     0.00     0.00
   	  638.00   -53.00     0.00    90.00
   	  638.00   -53.00     0.00    90.00
   	  528.00   -53.00     0.00    90.00
   	  528.00   -53.00     0.00    90.00
   	  704.00   422.00     0.00    90.00
   	  704.00   422.00     0.00    90.00
   	  506.00   -53.00   440.00    90.00
   	  506.00   -53.00   440.00    90.00
   	  660.00   579.00     0.00    90.00
   	  660.00   579.00     0.00    90.00
   	  462.00   633.00     0.00    90.00
   	  462.00   633.00     0.00    90.00
   	  374.00   -53.00     0.00    90.00
   	  374.00   -53.00     0.00    90.00
   	  462.00   468.00     0.00    90.00
   	  462.00   468.00     0.00    90.00
  26 	 -130.00  -520.00     0.00     0.00     0.00     0.00
  26 	 -130.00  -520.00     0.00     0.00     0.00     0.00
   	  638.00   -53.00     0.00    90.00
   	  638.00   -53.00     0.00    90.00
   	  528.00   -53.00     0.00    90.00
   	  528.00   -53.00     0.00    90.00
   	  704.00   422.00     0.00    90.00
   	  704.00   422.00     0.00    90.00
   	  506.00   -53.00   440.00    90.00
   	  506.00   -53.00   440.00    90.00
   	  660.00   579.00     0.00    90.00
   	  660.00   579.00     0.00    90.00
   	  462.00   633.00     0.00    90.00
   	  462.00   633.00     0.00    90.00
   	  374.00   -53.00     0.00    90.00
   	  374.00   -53.00     0.00    90.00
   	  462.00   468.00     0.00    90.00
   	  462.00   468.00     0.00    90.00
  27 	    0.00  -520.00     0.00     0.00     0.00     0.00
  27 	    0.00  -520.00     0.00     0.00     0.00     0.00
   	  638.00   -53.00     0.00    90.00
   	  638.00   -53.00     0.00    90.00
   	  528.00   -53.00     0.00    90.00
   	  528.00   -53.00     0.00    90.00
   	  704.00   422.00     0.00    90.00
   	  704.00   422.00     0.00    90.00
   	  506.00   -53.00   440.00    90.00
   	  506.00   -53.00   440.00    90.00
   	  660.00   579.00     0.00    90.00
   	  660.00   579.00     0.00    90.00
   	  462.00   633.00     0.00    90.00
   	  462.00   633.00     0.00    90.00
   	  374.00   -53.00     0.00    90.00
   	  374.00   -53.00     0.00    90.00
   	  462.00   468.00     0.00    90.00
   	  462.00   468.00     0.00    90.00
  28 	  130.00  -520.00     0.00     0.00     0.00     0.00
  28 	  130.00  -520.00     0.00     0.00     0.00     0.00
   	  638.00   -53.00     0.00    90.00
   	  638.00   -53.00     0.00    90.00
   	  528.00   -53.00     0.00    90.00
   	  528.00   -53.00     0.00    90.00
   	  704.00   422.00     0.00    90.00
   	  704.00   422.00     0.00    90.00
   	  506.00   -53.00   440.00    90.00
   	  506.00   -53.00   440.00    90.00
   	  660.00   579.00     0.00    90.00
   	  660.00   579.00     0.00    90.00
   	  462.00   633.00     0.00    90.00
   	  462.00   633.00     0.00    90.00
   	  374.00   -53.00     0.00    90.00
   	  374.00   -53.00     0.00    90.00
   	  462.00   468.00     0.00    90.00
   	  462.00   468.00     0.00    90.00
  29 	 -650.00  -390.00     0.00     0.00     0.00     0.00
  29 	 -650.00  -390.00     0.00     0.00     0.00     0.00
   	  638.00   -53.00     0.00    90.00
   	  638.00   -53.00     0.00    90.00
   	  528.00   -53.00     0.00    90.00
   	  528.00   -53.00     0.00    90.00
   	  704.00   422.00     0.00    90.00
   	  704.00   422.00     0.00    90.00
   	  506.00   -53.00   440.00    90.00
   	  506.00   -53.00   440.00    90.00
   	  660.00   579.00     0.00    90.00
   	  660.00   579.00     0.00    90.00
   	  462.00   633.00     0.00    90.00
   	  462.00   633.00     0.00    90.00
   	  374.00   -53.00     0.00    90.00
   	  374.00   -53.00     0.00    90.00
   	  462.00   468.00     0.00    90.00
   	  462.00   468.00     0.00    90.00
  30 	 -520.00  -390.00     0.00     0.00     0.00     0.00
  30 	 -520.00  -390.00     0.00     0.00     0.00     0.00
   	  638.00   -53.00     0.00    90.00
   	  638.00   -53.00     0.00    90.00
   	  528.00   -53.00     0.00    90.00
   	  528.00   -53.00     0.00    90.00
   	  704.00   422.00     0.00    90.00
   	  704.00   422.00     0.00    90.00
   	  506.00   -53.00   440.00    90.00
   	  506.00   -53.00   440.00    90.00
   	  660.00   579.00     0.00    90.00
   	  660.00   579.00     0.00    90.00
   	  462.00   633.00     0.00    90.00
   	  462.00   633.00     0.00    90.00
   	  374.00   -53.00     0.00    90.00
   	  374.00   -53.00     0.00    90.00
   	  462.00   468.00     0.00    90.00
   	  462.00   468.00     0.00    90.00
  31 	 -390.00  -390.00     0.00     0.00     0.00     0.00
  31 	 -390.00  -390.00     0.00     0.00     0.00     0.00
   	  638.00   -53.00     0.00    90.00
   	  638.00   -53.00     0.00    90.00
   	  528.00   -53.00     0.00    90.00
   	  528.00   -53.00     0.00    90.00
   	  704.00   422.00     0.00    90.00
   	  704.00   422.00     0.00    90.00
   	  506.00   -53.00   440.00    90.00
   	  506.00   -53.00   440.00    90.00
   	  660.00   579.00     0.00    90.00
   	  660.00   579.00     0.00    90.00
   	  462.00   633.00     0.00    90.00
   	  462.00   633.00     0.00    90.00
   	  374.00   -53.00     0.00    90.00
   	  374.00   -53.00     0.00    90.00
   	  462.00   468.00     0.00    90.00
   	  462.00   468.00     0.00    90.00
  32 	 -260.00  -390.00     0.00     0.00     0.00     0.00
  32 	 -260.00  -390.00     0.00     0.00     0.00     0.00
   	  638.00   -53.00     0.00    90.00
   	  638.00   -53.00     0.00    90.00
   	  528.00   -53.00     0.00    90.00
   	  528.00   -53.00     0.00    90.00
   	  704.00   422.00     0.00    90.00
   	  704.00   422.00     0.00    90.00
   	  506.00   -53.00   440.00    90.00
   	  506.00   -53.00   440.00    90.00
   	  660.00   579.00     0.00    90.00
   	  660.00   579.00     0.00    90.00
   	  462.00   633.00     0.00    90.00
   	  462.00   633.00     0.00    90.00
   	  374.00   -53.00     0.00    90.00
   	  374.00   -53.00     0.00    90.00
   	  462.00   468.00     0.00    90.00
   	  462.00   468.00     0.00    90.00
  33 	 -130.00  -390.00     0.00     0.00     0.00     0.00
  33 	 -130.00  -390.00     0.00     0.00     0.00     0.00
   	  638.00   -53.00     0.00    90.00
   	  638.00   -53.00     0.00    90.00
   	  528.00   -53.00     0.00    90.00
   	  528.00   -53.00     0.00    90.00
   	  704.00   422.00     0.00    90.00
   	  704.00   422.00     0.00    90.00
   	  506.00   -53.00   440.00    90.00
   	  506.00   -53.00   440.00    90.00
   	  660.00   579.00     0.00    90.00
   	  660.00   579.00     0.00    90.00
   	  462.00   633.00     0.00    90.00
   	  462.00   633.00     0.00    90.00
   	  374.00   -53.00     0.00    90.00
   	  374.00   -53.00     0.00    90.00
   	  462.00   468.00     0.00    90.00
   	  462.00   468.00     0.00    90.00
  34 	    0.00  -390.00     0.00     0.00     0.00     0.00
  34 	    0.00  -390.00     0.00     0.00     0.00     0.00
   	  638.00   -53.00     0.00    90.00
   	  638.00   -53.00     0.00    90.00
   	  528.00   -53.00     0.00    90.00
   	  528.00   -53.00     0.00    90.00
   	  704.00   422.00     0.00    90.00
   	  704.00   422.00     0.00    90.00
   	  506.00   -53.00   440.00    90.00
   	  506.00   -53.00   440.00    90.00
   	  660.00   579.00     0.00    90.00
   	  660.00   579.00     0.00    90.00
   	  462.00   633.00     0.00    90.00
   	  462.00   633.00     0.00    90.00
   	  374.00   -53.00     0.00    90.00
   	  374.00   -53.00     0.00    90.00
   	  462.00   468.00     0.00    90.00
   	  462.00   468.00     0.00    90.00
  35 	  130.00  -390.00     0.00     0.00     0.00     0.00
  35 	  130.00  -390.00     0.00     0.00     0.00     0.00
   	  638.00   -53.00     0.00    90.00
   	  638.00   -53.00     0.00    90.00
   	  528.00   -53.00     0.00    90.00
   	  528.00   -53.00     0.00    90.00
   	  704.00   422.00     0.00    90.00
   	  704.00   422.00     0.00    90.00
   	  506.00   -53.00   440.00    90.00
   	  506.00   -53.00   440.00    90.00
   	  660.00   579.00     0.00    90.00
   	  660.00   579.00     0.00    90.00
   	  462.00   633.00     0.00    90.00
   	  462.00   633.00     0.00    90.00
   	  374.00   -53.00     0.00    90.00
   	  374.00   -53.00     0.00    90.00
   	  462.00   468.00     0.00    90.00
   	  462.00   468.00     0.00    90.00
  36 	 -650.00  -260.00     0.00     0.00     0.00     0.00
  36 	 -650.00  -260.00     0.00     0.00     0.00     0.00
   	  638.00   -53.00     0.00    90.00
   	  638.00   -53.00     0.00    90.00
   	  528.00   -53.00     0.00    90.00
   	  528.00   -53.00     0.00    90.00
   	  704.00   422.00     0.00    90.00
   	  704.00   422.00     0.00    90.00
   	  506.00   -53.00   440.00    90.00
   	  506.00   -53.00   440.00    90.00
   	  660.00   579.00     0.00    90.00
   	  660.00   579.00     0.00    90.00
   	  462.00   633.00     0.00    90.00
   	  462.00   633.00     0.00    90.00
   	  374.00   -53.00     0.00    90.00
   	  374.00   -53.00     0.00    90.00
   	  462.00   468.00     0.00    90.00
   	  462.00   468.00     0.00    90.00
  37 	 -520.00  -260.00     0.00     0.00     0.00     0.00
  37 	 -520.00  -260.00     0.00     0.00     0.00     0.00
   	  638.00   -53.00     0.00    90.00
   	  638.00   -53.00     0.00    90.00
   	  528.00   -53.00     0.00    90.00
   	  528.00   -53.00     0.00    90.00
   	  704.00   422.00     0.00    90.00
   	  704.00   422.00     0.00    90.00
   	  506.00   -53.00   440.00    90.00
   	  506.00   -53.00   440.00    90.00
   	  660.00   579.00     0.00    90.00
   	  660.00   579.00     0.00    90.00
   	  462.00   633.00     0.00    90.00
   	  462.00   633.00     0.00    90.00
   	  374.00   -53.00     0.00    90.00
   	  374.00   -53.00     0.00    90.00
   	  462.00   468.00     0.00    90.00
   	  462.00   468.00     0.00    90.00
  38 	 -390.00  -260.00     0.00     0.00     0.00     0.00
  38 	 -390.00  -260.00     0.00     0.00     0.00     0.00
   	  638.00   -53.00     0.00    90.00
   	  638.00   -53.00     0.00    90.00
   	  528.00   -53.00     0.00    90.00
   	  528.00   -53.00     0.00    90.00
   	  704.00   422.00     0.00    90.00
   	  704.00   422.00     0.00    90.00
   	  506.00   -53.00   440.00    90.00
   	  506.00   -53.00   440.00    90.00
   	  660.00   579.00     0.00    90.00
   	  660.00   579.00     0.00    90.00
   	  462.00   633.00     0.00    90.00
   	  462.00   633.00     0.00    90.00
   	  374.00   -53.00     0.00    90.00
   	  374.00   -53.00     0.00    90.00
   	  462.00   468.00     0.00    90.00
   	  462.00   468.00     0.00    90.00
  39 	 -260.00  -260.00     0.00     0.00     0.00     0.00
  39 	 -260.00  -260.00     0.00     0.00     0.00     0.00
   	  638.00   -53.00     0.00    90.00
   	  638.00   -53.00     0.00    90.00
   	  528.00   -53.00     0.00    90.00
   	  528.00   -53.00     0.00    90.00
   	  704.00   422.00     0.00    90.00
   	  704.00   422.00     0.00    90.00
   	  506.00   -53.00   440.00    90.00
   	  506.00   -53.00   440.00    90.00
   	  660.00   579.00     0.00    90.00
   	  660.00   579.00     0.00    90.00
   	  462.00   633.00     0.00    90.00
   	  462.00   633.00     0.00    90.00
   	  374.00   -53.00     0.00    90.00
   	  374.00   -53.00     0.00    90.00
   	  462.00   468.00     0.00    90.00
   	  462.00   468.00     0.00    90.00
  40 	 -130.00  -260.00     0.00     0.00     0.00     0.00
  40 	 -130.00  -260.00     0.00     0.00     0.00     0.00
   	  638.00   -53.00     0.00    90.00
   	  638.00   -53.00     0.00    90.00
   	  528.00   -53.00     0.00    90.00
   	  528.00   -53.00     0.00    90.00
   	  704.00   422.00     0.00    90.00
   	  704.00   422.00     0.00    90.00
   	  506.00   -53.00   440.00    90.00
   	  506.00   -53.00   440.00    90.00
   	  660.00   579.00     0.00    90.00
   	  660.00   579.00     0.00    90.00
   	  462.00   633.00     0.00    90.00
   	  462.00   633.00     0.00    90.00
   	  374.00   -53.00     0.00    90.00
   	  374.00   -53.00     0.00    90.00
   	  462.00   468.00     0.00    90.00
   	  462.00   468.00     0.00    90.00
  41 	    0.00  -260.00     0.00     0.00     0.00     0.00
  41 	    0.00  -260.00     0.00     0.00     0.00     0.00
   	  638.00   -53.00     0.00    90.00
   	  638.00   -53.00     0.00    90.00
   	  528.00   -53.00     0.00    90.00
   	  528.00   -53.00     0.00    90.00
   	  704.00   422.00     0.00    90.00
   	  704.00   422.00     0.00    90.00
   	  506.00   -53.00   440.00    90.00
   	  506.00   -53.00   440.00    90.00
   	  660.00   579.00     0.00    90.00
   	  660.00   579.00     0.00    90.00
   	  462.00   633.00     0.00    90.00
   	  462.00   633.00     0.00    90.00
   	  374.00   -53.00     0.00    90.00
   	  374.00   -53.00     0.00    90.00
   	  462.00   468.00     0.00    90.00
   	  462.00   468.00     0.00    90.00
  42 	  130.00  -260.00     0.00     0.00     0.00     0.00
  42 	  130.00  -260.00     0.00     0.00     0.00     0.00
   	  638.00   -53.00     0.00    90.00
   	  638.00   -53.00     0.00    90.00
   	  528.00   -53.00     0.00    90.00
   	  528.00   -53.00     0.00    90.00
   	  704.00   422.00     0.00    90.00
   	  704.00   422.00     0.00    90.00
   	  506.00   -53.00   440.00    90.00
   	  506.00   -53.00   440.00    90.00
   	  660.00   579.00     0.00    90.00
   	  660.00   579.00     0.00    90.00
   	  462.00   633.00     0.00    90.00
   	  462.00   633.00     0.00    90.00
   	  374.00   -53.00     0.00    90.00
   	  374.00   -53.00     0.00    90.00
   	  462.00   468.00     0.00    90.00
   	  462.00   468.00     0.00    90.00
  43 	 -650.00  -130.00     0.00     0.00     0.00     0.00
  43 	 -650.00  -130.00     0.00     0.00     0.00     0.00
   	  638.00   -53.00     0.00    90.00
   	  638.00   -53.00     0.00    90.00
   	  528.00   -53.00     0.00    90.00
   	  528.00   -53.00     0.00    90.00
   	  704.00   422.00     0.00    90.00
   	  704.00   422.00     0.00    90.00
   	  506.00   -53.00   440.00    90.00
   	  506.00   -53.00   440.00    90.00
   	  660.00   579.00     0.00    90.00
   	  660.00   579.00     0.00    90.00
   	  462.00   633.00     0.00    90.00
   	  462.00   633.00     0.00    90.00
   	  374.00   -53.00     0.00    90.00
   	  374.00   -53.00     0.00    90.00
   	  462.00   468.00     0.00    90.00
   	  462.00   468.00     0.00    90.00
  44 	 -520.00  -130.00     0.00     0.00     0.00     0.00
  44 	 -520.00  -130.00     0.00     0.00     0.00     0.00
   	  638.00   -53.00     0.00    90.00
   	  638.00   -53.00     0.00    90.00
   	  528.00   -53.00     0.00    90.00
   	  528.00   -53.00     0.00    90.00
   	  704.00   422.00     0.00    90.00
   	  704.00   422.00     0.00    90.00
   	  506.00   -53.00   440.00    90.00
   	  506.00   -53.00   440.00    90.00
   	  660.00   579.00     0.00    90.00
   	  660.00   579.00     0.00    90.00
   	  462.00   633.00     0.00    90.00
   	  462.00   633.00     0.00    90.00
   	  374.00   -53.00     0.00    90.00
   	  374.00   -53.00     0.00    90.00
   	  462.00   468.00     0.00    90.00
   	  462.00   468.00     0.00    90.00
  45 	 -390.00  -130.00     0.00     0.00     0.00     0.00
  45 	 -390.00  -130.00     0.00     0.00     0.00     0.00
   	  638.00   -53.00     0.00    90.00
   	  638.00   -53.00     0.00    90.00
   	  528.00   -53.00     0.00    90.00
   	  528.00   -53.00     0.00    90.00
   	  704.00   422.00     0.00    90.00
   	  704.00   422.00     0.00    90.00
   	  506.00   -53.00   440.00    90.00
   	  506.00   -53.00   440.00    90.00
   	  660.00   579.00     0.00    90.00
   	  660.00   579.00     0.00    90.00
   	  462.00   633.00     0.00    90.00
   	  462.00   633.00     0.00    90.00
   	  374.00   -53.00     0.00    90.00
   	  374.00   -53.00     0.00    90.00
   	  462.00   468.00     0.00    90.00
   	  462.00   468.00     0.00    90.00
  46 	 -260.00  -130.00     0.00     0.00     0.00     0.00
  46 	 -260.00  -130.00     0.00     0.00     0.00     0.00
   	  638.00   -53.00     0.00    90.00
   	  638.00   -53.00     0.00    90.00
   	  528.00   -53.00     0.00    90.00
   	  528.00   -53.00     0.00    90.00
   	  704.00   422.00     0.00    90.00
   	  704.00   422.00     0.00    90.00
   	  506.00   -53.00   440.00    90.00
   	  506.00   -53.00   440.00    90.00
   	  660.00   579.00     0.00    90.00
   	  660.00   579.00     0.00    90.00
   	  462.00   633.00     0.00    90.00
   	  462.00   633.00     0.00    90.00
   	  374.00   -53.00     0.00    90.00
   	  374.00   -53.00     0.00    90.00
   	  462.00   468.00     0.00    90.00
   	  462.00   468.00     0.00    90.00
  47 	 -130.00  -130.00     0.00     0.00     0.00     0.00
  47 	 -130.00  -130.00     0.00     0.00     0.00     0.00
   	  638.00   -53.00     0.00    90.00
   	  638.00   -53.00     0.00    90.00
   	  528.00   -53.00     0.00    90.00
   	  528.00   -53.00     0.00    90.00
   	  704.00   422.00     0.00    90.00
   	  704.00   422.00     0.00    90.00
   	  506.00   -53.00   440.00    90.00
   	  506.00   -53.00   440.00    90.00
   	  660.00   579.00     0.00    90.00
   	  660.00   579.00     0.00    90.00
   	  462.00   633.00     0.00    90.00
   	  462.00   633.00     0.00    90.00
   	  374.00   -53.00     0.00    90.00
   	  374.00   -53.00     0.00    90.00
   	  462.00   468.00     0.00    90.00
   	  462.00   468.00     0.00    90.00
  48 	    0.00  -130.00     0.00     0.00     0.00     0.00
  48 	    0.00  -130.00     0.00     0.00     0.00     0.00
   	  638.00   -53.00     0.00    90.00
   	  638.00   -53.00     0.00    90.00
   	  528.00   -53.00     0.00    90.00
   	  528.00   -53.00     0.00    90.00
   	  704.00   422.00     0.00    90.00
   	  704.00   422.00     0.00    90.00
   	  506.00   -53.00   440.00    90.00
   	  506.00   -53.00   440.00    90.00
   	  660.00   579.00     0.00    90.00
   	  660.00   579.00     0.00    90.00
   	  462.00   633.00     0.00    90.00
   	  462.00   633.00     0.00    90.00
   	  374.00   -53.00     0.00    90.00
   	  374.00   -53.00     0.00    90.00
   	  462.00   468.00     0.00    90.00
   	  462.00   468.00     0.00    90.00
  49 	  130.00  -130.00     0.00     0.00     0.00     0.00
  49 	  130.00  -130.00     0.00     0.00     0.00     0.00
   	  638.00   -53.00     0.00    90.00
   	  638.00   -53.00     0.00    90.00
   	  528.00   -53.00     0.00    90.00
   	  528.00   -53.00     0.00    90.00
   	  704.00   422.00     0.00    90.00
   	  704.00   422.00     0.00    90.00
   	  506.00   -53.00   440.00    90.00
   	  506.00   -53.00   440.00    90.00
   	  660.00   579.00     0.00    90.00
   	  660.00   579.00     0.00    90.00
   	  462.00   633.00     0.00    90.00
   	  462.00   633.00     0.00    90.00
   	  374.00   -53.00     0.00    90.00
   	  374.00   -53.00     0.00    90.00
   	  462.00   468.00     0.00    90.00
   	  462.00   468.00     0.00    90.00
  50 	 -650.00     0.00     0.00     0.00     0.00     0.00
  50 	 -650.00     0.00     0.00     0.00     0.00     0.00
   	  638.00   -53.00     0.00    90.00
   	  638.00   -53.00     0.00    90.00
   	  528.00   -53.00     0.00    90.00
   	  528.00   -53.00     0.00    90.00
   	  704.00   422.00     0.00    90.00
   	  704.00   422.00     0.00    90.00
   	  506.00   -53.00   440.00    90.00
   	  506.00   -53.00   440.00    90.00
   	  660.00   579.00     0.00    90.00
   	  660.00   579.00     0.00    90.00
   	  462.00   633.00     0.00    90.00
   	  462.00   633.00     0.00    90.00
   	  374.00   -53.00     0.00    90.00
   	  374.00   -53.00     0.00    90.00
   	  462.00   468.00     0.00    90.00
   	  462.00   468.00     0.00    90.00
  51 	 -520.00     0.00     0.00     0.00     0.00     0.00
  51 	 -520.00     0.00     0.00     0.00     0.00     0.00
   	  638.00   -53.00     0.00    90.00
   	  638.00   -53.00     0.00    90.00
   	  528.00   -53.00     0.00    90.00
   	  528.00   -53.00     0.00    90.00
   	  704.00   422.00     0.00    90.00
   	  704.00   422.00     0.00    90.00
   	  506.00   -53.00   440.00    90.00
   	  506.00   -53.00   440.00    90.00
   	  660.00   579.00     0.00    90.00
   	  660.00   579.00     0.00    90.00
   	  462.00   633.00     0.00    90.00
   	  462.00   633.00     0.00    90.00
   	  374.00   -53.00     0.00    90.00
   	  374.00   -53.00     0.00    90.00
   	  462.00   468.00     0.00    90.00
   	  462.00   468.00     0.00    90.00
  52 	 -390.00     0.00     0.00     0.00     0.00     0.00
  52 	 -390.00     0.00     0.00     0.00     0.00     0.00
   	  638.00   -53.00     0.00    90.00
   	  638.00   -53.00     0.00    90.00
   	  528.00   -53.00     0.00    90.00
   	  528.00   -53.00     0.00    90.00
   	  704.00   422.00     0.00    90.00
   	  704.00   422.00     0.00    90.00
   	  506.00   -53.00   440.00    90.00
   	  506.00   -53.00   440.00    90.00
   	  660.00   579.00     0.00    90.00
   	  660.00   579.00     0.00    90.00
   	  462.00   633.00     0.00    90.00
   	  462.00   633.00     0.00    90.00
   	  374.00   -53.00     0.00    90.00
   	  374.00   -53.00     0.00    90.00
   	  462.00   468.00     0.00    90.00
   	  462.00   468.00     0.00    90.00
  53 	 -260.00     0.00     0.00     0.00     0.00     0.00
  53 	 -260.00     0.00     0.00     0.00     0.00     0.00
   	  638.00   -53.00     0.00    90.00
   	  638.00   -53.00     0.00    90.00
   	  528.00   -53.00     0.00    90.00
   	  528.00   -53.00     0.00    90.00
   	  704.00   422.00     0.00    90.00
   	  704.00   422.00     0.00    90.00
   	  506.00   -53.00   440.00    90.00
   	  506.00   -53.00   440.00    90.00
   	  660.00   579.00     0.00    90.00
   	  660.00   579.00     0.00    90.00
   	  462.00   633.00     0.00    90.00
   	  462.00   633.00     0.00    90.00
   	  374.00   -53.00     0.00    90.00
   	  374.00   -53.00     0.00    90.00
   	  462.00   468.00     0.00    90.00
   	  462.00   468.00     0.00    90.00
  54 	 -130.00     0.00     0.00     0.00     0.00     0.00
  54 	 -130.00     0.00     0.00     0.00     0.00     0.00
   	  638.00   -53.00     0.00    90.00
   	  638.00   -53.00     0.00    90.00
   	  528.00   -53.00     0.00    90.00
   	  528.00   -53.00     0.00    90.00
   	  704.00   422.00     0.00    90.00
   	  704.00   422.00     0.00    90.00
   	  506.00   -53.00   440.00    90.00
   	  506.00   -53.00   440.00    90.00
   	  660.00   579.00     0.00    90.00
   	  660.00   579.00     0.00    90.00
   	  462.00   633.00     0.00    90.00
   	  462.00   633.00     0.00    90.00
   	  374.00   -53.00     0.00    90.00
   	  374.00   -53.00     0.00    90.00
   	  462.00   468.00     0.00    90.00
   	  462.00   468.00     0.00    90.00
  55 	    0.00     0.00     0.00     0.00     0.00     0.00
  55 	    0.00     0.00     0.00     0.00     0.00     0.00
   	  638.00   -53.00     0.00    90.00
   	  638.00   -53.00     0.00    90.00
   	  528.00   -53.00     0.00    90.00
   	  528.00   -53.00     0.00    90.00
   	  704.00   422.00     0.00    90.00
   	  704.00   422.00     0.00    90.00
   	  506.00   -53.00   440.00    90.00
   	  506.00   -53.00   440.00    90.00
   	  660.00   579.00     0.00    90.00
   	  660.00   579.00     0.00    90.00
   	  462.00   633.00     0.00    90.00
   	  462.00   633.00     0.00    90.00
   	  374.00   -53.00     0.00    90.00
   	  374.00   -53.00     0.00    90.00
   	  462.00   468.00     0.00    90.00
   	  462.00   468.00     0.00    90.00
  56 	  130.00     0.00     0.00     0.00     0.00     0.00
  56 	  130.00     0.00     0.00     0.00     0.00     0.00
   	  638.00   -53.00     0.00    90.00
   	  638.00   -53.00     0.00    90.00
   	  528.00   -53.00     0.00    90.00
   	  528.00   -53.00     0.00    90.00
   	  704.00   422.00     0.00    90.00
   	  704.00   422.00     0.00    90.00
   	  506.00   -53.00   440.00    90.00
   	  506.00   -53.00   440.00    90.00
   	  660.00   579.00     0.00    90.00
   	  660.00   579.00     0.00    90.00
   	  462.00   633.00     0.00    90.00
   	  462.00   633.00     0.00    90.00
   	  374.00   -53.00     0.00    90.00
   	  374.00   -53.00     0.00    90.00
   	  462.00   468.00     0.00    90.00
   	  462.00   468.00     0.00    90.00
  57 	 -650.00   130.00     0.00     0.00     0.00     0.00
  57 	 -650.00   130.00     0.00     0.00     0.00     0.00
   	  638.00   -53.00     0.00    90.00
   	  638.00   -53.00     0.00    90.00
   	  528.00   -53.00     0.00    90.00
   	  528.00   -53.00     0.00    90.00
   	  704.00   422.00     0.00    90.00
   	  704.00   422.00     0.00    90.00
   	  506.00   -53.00   440.00    90.00
   	  506.00   -53.00   440.00    90.00
   	  660.00   579.00     0.00    90.00
   	  660.00   579.00     0.00    90.00
   	  462.00   633.00     0.00    90.00
   	  462.00   633.00     0.00    90.00
   	  374.00   -53.00     0.00    90.00
   	  374.00   -53.00     0.00    90.00
   	  462.00   468.00     0.00    90.00
   	  462.00   468.00     0.00    90.00
  58 	 -520.00   130.00     0.00     0.00     0.00     0.00
  58 	 -520.00   130.00     0.00     0.00     0.00     0.00
   	  638.00   -53.00     0.00    90.00
   	  638.00   -53.00     0.00    90.00
   	  528.00   -53.00     0.00    90.00
   	  528.00   -53.00     0.00    90.00
   	  704.00   422.00     0.00    90.00
   	  704.00   422.00     0.00    90.00
   	  506.00   -53.00   440.00    90.00
   	  506.00   -53.00   440.00    90.00
   	  660.00   579.00     0.00    90.00
   	  660.00   579.00     0.00    90.00
   	  462.00   633.00     0.00    90.00
   	  462.00   633.00     0.00    90.00
   	  374.00   -53.00     0.00    90.00
   	  374.00   -53.00     0.00    90.00
   	  462.00   468.00     0.00    90.00
   	  462.00   468.00     0.00    90.00
  59 	 -390.00   130.00     0.00     0.00     0.00     0.00
  59 	 -390.00   130.00     0.00     0.00     0.00     0.00
   	  638.00   -53.00     0.00    90.00
   	  638.00   -53.00     0.00    90.00
   	  528.00   -53.00     0.00    90.00
   	  528.00   -53.00     0.00    90.00
   	  704.00   422.00     0.00    90.00
   	  704.00   422.00     0.00    90.00
   	  506.00   -53.00   440.00    90.00
   	  506.00   -53.00   440.00    90.00
   	  660.00   579.00     0.00    90.00
   	  660.00   579.00     0.00    90.00
   	  462.00   633.00     0.00    90.00
   	  462.00   633.00     0.00    90.00
   	  374.00   -53.00     0.00    90.00
   	  374.00   -53.00     0.00    90.00
   	  462.00   468.00     0.00    90.00
   	  462.00   468.00     0.00    90.00
  60 	 -260.00   130.00     0.00     0.00     0.00     0.00
  60 	 -260.00   130.00     0.00     0.00     0.00     0.00
   	  638.00   -53.00     0.00    90.00
   	  638.00   -53.00     0.00    90.00
   	  528.00   -53.00     0.00    90.00
   	  528.00   -53.00     0.00    90.00
   	  704.00   422.00     0.00    90.00
   	  704.00   422.00     0.00    90.00
   	  506.00   -53.00   440.00    90.00
   	  506.00   -53.00   440.00    90.00
   	  660.00   579.00     0.00    90.00
   	  660.00   579.00     0.00    90.00
   	  462.00   633.00     0.00    90.00
   	  462.00   633.00     0.00    90.00
   	  374.00   -53.00     0.00    90.00
   	  374.00   -53.00     0.00    90.00
   	  462.00   468.00     0.00    90.00
   	  462.00   468.00     0.00    90.00
  61 	 -130.00   130.00     0.00     0.00     0.00     0.00
  61 	 -130.00   130.00     0.00     0.00     0.00     0.00
   	  638.00   -53.00     0.00    90.00
   	  638.00   -53.00     0.00    90.00
   	  528.00   -53.00     0.00    90.00
   	  528.00   -53.00     0.00    90.00
   	  704.00   422.00     0.00    90.00
   	  704.00   422.00     0.00    90.00
   	  506.00   -53.00   440.00    90.00
   	  506.00   -53.00   440.00    90.00
   	  660.00   579.00     0.00    90.00
   	  660.00   579.00     0.00    90.00
   	  462.00   633.00     0.00    90.00
   	  462.00   633.00     0.00    90.00
   	  374.00   -53.00     0.00    90.00
   	  374.00   -53.00     0.00    90.00
   	  462.00   468.00     0.00    90.00
   	  462.00   468.00     0.00    90.00
  62 	   -0.00   130.00     0.00     0.00     0.00     0.00
  62 	   -0.00   130.00     0.00     0.00     0.00     0.00
   	  638.00   -53.00     0.00    90.00
   	  638.00   -53.00     0.00    90.00
   	  528.00   -53.00     0.00    90.00
   	  528.00   -53.00     0.00    90.00
   	  704.00   422.00     0.00    90.00
   	  704.00   422.00     0.00    90.00
   	  506.00   -53.00   440.00    90.00
   	  506.00   -53.00   440.00    90.00
   	  660.00   579.00     0.00    90.00
   	  660.00   579.00     0.00    90.00
   	  462.00   633.00     0.00    90.00
   	  462.00   633.00     0.00    90.00
   	  374.00   -53.00     0.00    90.00
   	  374.00   -53.00     0.00    90.00
   	  462.00   468.00     0.00    90.00
   	  462.00   468.00     0.00    90.00
  63 	  130.00   130.00     0.00     0.00     0.00     0.00
  63 	  130.00   130.00     0.00     0.00     0.00     0.00
   	  638.00   -53.00     0.00    90.00
   	  638.00   -53.00     0.00    90.00
   	  528.00   -53.00     0.00    90.00
   	  528.00   -53.00     0.00    90.00
   	  704.00   422.00     0.00    90.00
   	  704.00   422.00     0.00    90.00
   	  506.00   -53.00   440.00    90.00
   	  506.00   -53.00   440.00    90.00
   	  660.00   579.00     0.00    90.00
   	  660.00   579.00     0.00    90.00
   	  462.00   633.00     0.00    90.00
   	  462.00   633.00     0.00    90.00
   	  374.00   -53.00     0.00    90.00
   	  374.00   -53.00     0.00    90.00
   	  462.00   468.00     0.00    90.00
   	  462.00   468.00     0.00    90.00
  64 	 -390.00   130.00     0.00     0.00     0.00     0.00
  64 	 -390.00   130.00     0.00     0.00     0.00     0.00
   	  638.00   -53.00     0.00    90.00
   	  638.00   -53.00     0.00    90.00
   	  528.00   -53.00     0.00    90.00
   	  528.00   -53.00     0.00    90.00
   	  704.00   422.00     0.00    90.00
   	  704.00   422.00     0.00    90.00
   	  506.00   -53.00   440.00    90.00
   	  506.00   -53.00   440.00    90.00
   	  660.00   579.00     0.00    90.00
   	  660.00   579.00     0.00    90.00
   	  462.00   633.00     0.00    90.00
   	  462.00   633.00     0.00    90.00
   	  374.00   -53.00     0.00    90.00
   	  374.00   -53.00     0.00    90.00
   	  462.00   468.00     0.00    90.00
   	  462.00   468.00     0.00    90.00
  65 	 -260.00   130.00     0.00     0.00     0.00     0.00
  65 	 -260.00   130.00     0.00     0.00     0.00     0.00
   	  638.00   -53.00     0.00    90.00
   	  638.00   -53.00     0.00    90.00
   	  528.00   -53.00     0.00    90.00
   	  528.00   -53.00     0.00    90.00
   	  704.00   422.00     0.00    90.00
   	  704.00   422.00     0.00    90.00
   	  506.00   -53.00   440.00    90.00
   	  506.00   -53.00   440.00    90.00
   	  660.00   579.00     0.00    90.00
   	  660.00   579.00     0.00    90.00
   	  462.00   633.00     0.00    90.00
   	  462.00   633.00     0.00    90.00
   	  374.00   -53.00     0.00    90.00
   	  374.00   -53.00     0.00    90.00
   	  462.00   468.00     0.00    90.00
   	  462.00   468.00     0.00    90.00
  66 	 -130.00   130.00     0.00     0.00     0.00     0.00
  66 	 -130.00   130.00     0.00     0.00     0.00     0.00
   	  638.00   -53.00     0.00    90.00
   	  638.00   -53.00     0.00    90.00
   	  528.00   -53.00     0.00    90.00
   	  528.00   -53.00     0.00    90.00
   	  704.00   422.00     0.00    90.00
   	  704.00   422.00     0.00    90.00
   	  506.00   -53.00   440.00    90.00
   	  506.00   -53.00   440.00    90.00
   	  660.00   579.00     0.00    90.00
   	  660.00   579.00     0.00    90.00
   	  462.00   633.00     0.00    90.00
   	  462.00   633.00     0.00    90.00
   	  374.00   -53.00     0.00    90.00
   	  374.00   -53.00     0.00    90.00
   	  462.00   468.00     0.00    90.00
   	  462.00   468.00     0.00    90.00
  67 	   -0.00   130.00     0.00     0.00     0.00     0.00
  67 	   -0.00   130.00     0.00     0.00     0.00     0.00
   	  638.00   -53.00     0.00    90.00
   	  638.00   -53.00     0.00    90.00
   	  528.00   -53.00     0.00    90.00
   	  528.00   -53.00     0.00    90.00
   	  704.00   422.00     0.00    90.00
   	  704.00   422.00     0.00    90.00
   	  506.00   -53.00   440.00    90.00
   	  506.00   -53.00   440.00    90.00
   	  660.00   579.00     0.00    90.00
   	  660.00   579.00     0.00    90.00
   	  462.00   633.00     0.00    90.00
   	  462.00   633.00     0.00    90.00
   	  374.00   -53.00     0.00    90.00
   	  374.00   -53.00     0.00    90.00
   	  462.00   468.00     0.00    90.00
   	  462.00   468.00     0.00    90.00
  68 	  130.00   130.00     0.00     0.00     0.00     0.00
  68 	  130.00   130.00     0.00     0.00     0.00     0.00
   	  638.00   -53.00     0.00    90.00
   	  638.00   -53.00     0.00    90.00
   	  528.00   -53.00     0.00    90.00
   	  528.00   -53.00     0.00    90.00
   	  704.00   422.00     0.00    90.00
   	  704.00   422.00     0.00    90.00
   	  506.00   -53.00   440.00    90.00
   	  506.00   -53.00   440.00    90.00
   	  660.00   579.00     0.00    90.00
   	  660.00   579.00     0.00    90.00
   	  462.00   633.00     0.00    90.00
   	  462.00   633.00     0.00    90.00
   	  374.00   -53.00     0.00    90.00
   	  374.00   -53.00     0.00    90.00
   	  462.00   468.00     0.00    90.00
   	  462.00   468.00     0.00    90.00
  69 	  260.00   130.00     0.00     0.00     0.00     0.00
  69 	  260.00   130.00     0.00     0.00     0.00     0.00
   	  638.00   -53.00     0.00    90.00
   	  638.00   -53.00     0.00    90.00
   	  528.00   -53.00     0.00    90.00
   	  528.00   -53.00     0.00    90.00
   	  704.00   422.00     0.00    90.00
   	  704.00   422.00     0.00    90.00
   	  506.00   -53.00   440.00    90.00
   	  506.00   -53.00   440.00    90.00
   	  660.00   579.00     0.00    90.00
   	  660.00   579.00     0.00    90.00
   	  462.00   633.00     0.00    90.00
   	  462.00   633.00     0.00    90.00
   	  374.00   -53.00     0.00    90.00
   	  374.00   -53.00     0.00    90.00
   	  462.00   468.00     0.00    90.00
   	  462.00   468.00     0.00    90.00
  70 	  390.00   130.00     0.00     0.00     0.00     0.00
  70 	  390.00   130.00     0.00     0.00     0.00     0.00
   	  638.00   -53.00     0.00    90.00
   	  638.00   -53.00     0.00    90.00
   	  528.00   -53.00     0.00    90.00
   	  528.00   -53.00     0.00    90.00
   	  704.00   422.00     0.00    90.00
   	  704.00   422.00     0.00    90.00
   	  506.00   -53.00   440.00    90.00
   	  506.00   -53.00   440.00    90.00
   	  660.00   579.00     0.00    90.00
   	  660.00   579.00     0.00    90.00
   	  462.00   633.00     0.00    90.00
   	  462.00   633.00     0.00    90.00
   	  374.00   -53.00     0.00    90.00
   	  374.00   -53.00     0.00    90.00
   	  462.00   468.00     0.00    90.00
   	  462.00   468.00     0.00    90.00
  71 	  520.00   130.00     0.00     0.00     0.00     0.00
  71 	  520.00   130.00     0.00     0.00     0.00     0.00
   	  638.00   -53.00     0.00    90.00
   	  638.00   -53.00     0.00    90.00
   	  528.00   -53.00     0.00    90.00
   	  528.00   -53.00     0.00    90.00
   	  704.00   422.00     0.00    90.00
   	  704.00   422.00     0.00    90.00
   	  506.00   -53.00   440.00    90.00
   	  506.00   -53.00   440.00    90.00
   	  660.00   579.00     0.00    90.00
   	  660.00   579.00     0.00    90.00
   	  462.00   633.00     0.00    90.00
   	  462.00   633.00     0.00    90.00
   	  374.00   -53.00     0.00    90.00
   	  374.00   -53.00     0.00    90.00
   	  462.00   468.00     0.00    90.00
   	  462.00   468.00     0.00    90.00
  72 	  650.00   130.00     0.00     0.00     0.00     0.00
  72 	  650.00   130.00     0.00     0.00     0.00     0.00
   	  638.00   -53.00     0.00    90.00
   	  638.00   -53.00     0.00    90.00
   	  528.00   -53.00     0.00    90.00
   	  528.00   -53.00     0.00    90.00
   	  704.00   422.00     0.00    90.00
   	  704.00   422.00     0.00    90.00
   	  506.00   -53.00   440.00    90.00
   	  506.00   -53.00   440.00    90.00
   	  660.00   579.00     0.00    90.00
   	  660.00   579.00     0.00    90.00
   	  462.00   633.00     0.00    90.00
   	  462.00   633.00     0.00    90.00
   	  374.00   -53.00     0.00    90.00
   	  374.00   -53.00     0.00    90.00
   	  462.00   468.00     0.00    90.00
   	  462.00   468.00     0.00    90.00
  73 	 -390.00   260.00     0.00     0.00     0.00     0.00
  73 	 -390.00   260.00     0.00     0.00     0.00     0.00
   	  638.00   -53.00     0.00    90.00
   	  638.00   -53.00     0.00    90.00
   	  528.00   -53.00     0.00    90.00
   	  528.00   -53.00     0.00    90.00
   	  704.00   422.00     0.00    90.00
   	  704.00   422.00     0.00    90.00
   	  506.00   -53.00   440.00    90.00
   	  506.00   -53.00   440.00    90.00
   	  660.00   579.00     0.00    90.00
   	  660.00   579.00     0.00    90.00
   	  462.00   633.00     0.00    90.00
   	  462.00   633.00     0.00    90.00
   	  374.00   -53.00     0.00    90.00
   	  374.00   -53.00     0.00    90.00
   	  462.00   468.00     0.00    90.00
   	  462.00   468.00     0.00    90.00
  74 	 -260.00   260.00     0.00     0.00     0.00     0.00
  74 	 -260.00   260.00     0.00     0.00     0.00     0.00
   	  638.00   -53.00     0.00    90.00
   	  638.00   -53.00     0.00    90.00
   	  528.00   -53.00     0.00    90.00
   	  528.00   -53.00     0.00    90.00
   	  704.00   422.00     0.00    90.00
   	  704.00   422.00     0.00    90.00
   	  506.00   -53.00   440.00    90.00
   	  506.00   -53.00   440.00    90.00
   	  660.00   579.00     0.00    90.00
   	  660.00   579.00     0.00    90.00
   	  462.00   633.00     0.00    90.00
   	  462.00   633.00     0.00    90.00
   	  374.00   -53.00     0.00    90.00
   	  374.00   -53.00     0.00    90.00
   	  462.00   468.00     0.00    90.00
   	  462.00   468.00     0.00    90.00
  75 	 -130.00   260.00     0.00     0.00     0.00     0.00
  75 	 -130.00   260.00     0.00     0.00     0.00     0.00
   	  638.00   -53.00     0.00    90.00
   	  638.00   -53.00     0.00    90.00
   	  528.00   -53.00     0.00    90.00
   	  528.00   -53.00     0.00    90.00
   	  704.00   422.00     0.00    90.00
   	  704.00   422.00     0.00    90.00
   	  506.00   -53.00   440.00    90.00
   	  506.00   -53.00   440.00    90.00
   	  660.00   579.00     0.00    90.00
   	  660.00   579.00     0.00    90.00
   	  462.00   633.00     0.00    90.00
   	  462.00   633.00     0.00    90.00
   	  374.00   -53.00     0.00    90.00
   	  374.00   -53.00     0.00    90.00
   	  462.00   468.00     0.00    90.00
   	  462.00   468.00     0.00    90.00
  76 	   -0.00   260.00     0.00     0.00     0.00     0.00
  76 	   -0.00   260.00     0.00     0.00     0.00     0.00
   	  638.00   -53.00     0.00    90.00
   	  638.00   -53.00     0.00    90.00
   	  528.00   -53.00     0.00    90.00
   	  528.00   -53.00     0.00    90.00
   	  704.00   422.00     0.00    90.00
   	  704.00   422.00     0.00    90.00
   	  506.00   -53.00   440.00    90.00
   	  506.00   -53.00   440.00    90.00
   	  660.00   579.00     0.00    90.00
   	  660.00   579.00     0.00    90.00
   	  462.00   633.00     0.00    90.00
   	  462.00   633.00     0.00    90.00
   	  374.00   -53.00     0.00    90.00
   	  374.00   -53.00     0.00    90.00
   	  462.00   468.00     0.00    90.00
   	  462.00   468.00     0.00    90.00
  77 	  130.00   260.00     0.00     0.00     0.00     0.00
  77 	  130.00   260.00     0.00     0.00     0.00     0.00
   	  638.00   -53.00     0.00    90.00
   	  638.00   -53.00     0.00    90.00
   	  528.00   -53.00     0.00    90.00
   	  528.00   -53.00     0.00    90.00
   	  704.00   422.00     0.00    90.00
   	  704.00   422.00     0.00    90.00
   	  506.00   -53.00   440.00    90.00
   	  506.00   -53.00   440.00    90.00
   	  660.00   579.00     0.00    90.00
   	  660.00   579.00     0.00    90.00
   	  462.00   633.00     0.00    90.00
   	  462.00   633.00     0.00    90.00
   	  374.00   -53.00     0.00    90.00
   	  374.00   -53.00     0.00    90.00
   	  462.00   468.00     0.00    90.00
   	  462.00   468.00     0.00    90.00
  78 	  260.00   260.00     0.00     0.00     0.00     0.00
  78 	  260.00   260.00     0.00     0.00     0.00     0.00
   	  638.00   -53.00     0.00    90.00
   	  638.00   -53.00     0.00    90.00
   	  528.00   -53.00     0.00    90.00
   	  528.00   -53.00     0.00    90.00
   	  704.00   422.00     0.00    90.00
   	  704.00   422.00     0.00    90.00
   	  506.00   -53.00   440.00    90.00
   	  506.00   -53.00   440.00    90.00
   	  660.00   579.00     0.00    90.00
   	  660.00   579.00     0.00    90.00
   	  462.00   633.00     0.00    90.00
   	  462.00   633.00     0.00    90.00
   	  374.00   -53.00     0.00    90.00
   	  374.00   -53.00     0.00    90.00
   	  462.00   468.00     0.00    90.00
   	  462.00   468.00     0.00    90.00
  79 	  390.00   260.00     0.00     0.00     0.00     0.00
  79 	  390.00   260.00     0.00     0.00     0.00     0.00
   	  638.00   -53.00     0.00    90.00
   	  638.00   -53.00     0.00    90.00
   	  528.00   -53.00     0.00    90.00
   	  528.00   -53.00     0.00    90.00
   	  704.00   422.00     0.00    90.00
   	  704.00   422.00     0.00    90.00
   	  506.00   -53.00   440.00    90.00
   	  506.00   -53.00   440.00    90.00
   	  660.00   579.00     0.00    90.00
   	  660.00   579.00     0.00    90.00
   	  462.00   633.00     0.00    90.00
   	  462.00   633.00     0.00    90.00
   	  374.00   -53.00     0.00    90.00
   	  374.00   -53.00     0.00    90.00
   	  462.00   468.00     0.00    90.00
   	  462.00   468.00     0.00    90.00
  80 	  520.00   260.00     0.00     0.00     0.00     0.00
  80 	  520.00   260.00     0.00     0.00     0.00     0.00
   	  638.00   -53.00     0.00    90.00
   	  638.00   -53.00     0.00    90.00
   	  528.00   -53.00     0.00    90.00
   	  528.00   -53.00     0.00    90.00
   	  704.00   422.00     0.00    90.00
   	  704.00   422.00     0.00    90.00
   	  506.00   -53.00   440.00    90.00
   	  506.00   -53.00   440.00    90.00
   	  660.00   579.00     0.00    90.00
   	  660.00   579.00     0.00    90.00
   	  462.00   633.00     0.00    90.00
   	  462.00   633.00     0.00    90.00
   	  374.00   -53.00     0.00    90.00
   	  374.00   -53.00     0.00    90.00
   	  462.00   468.00     0.00    90.00
   	  462.00   468.00     0.00    90.00
  81 	  650.00   260.00     0.00     0.00     0.00     0.00
  81 	  650.00   260.00     0.00     0.00     0.00     0.00
   	  638.00   -53.00     0.00    90.00
   	  638.00   -53.00     0.00    90.00
   	  528.00   -53.00     0.00    90.00
   	  528.00   -53.00     0.00    90.00
   	  704.00   422.00     0.00    90.00
   	  704.00   422.00     0.00    90.00
   	  506.00   -53.00   440.00    90.00
   	  506.00   -53.00   440.00    90.00
   	  660.00   579.00     0.00    90.00
   	  660.00   579.00     0.00    90.00
   	  462.00   633.00     0.00    90.00
   	  462.00   633.00     0.00    90.00
   	  374.00   -53.00     0.00    90.00
   	  374.00   -53.00     0.00    90.00
   	  462.00   468.00     0.00    90.00
   	  462.00   468.00     0.00    90.00

** End writing output file: ../inputs/gr763.dat 
