*******************************************************************************
                         ARRAY PREPROCESSOR ver. 1.0
*******************************************************************************



   1	GROUP testgroup
   3	 GRID RECTANGULAR
   4	 ELEMENT
   5	 GEOMETRY CIRCULAR 68 mm
   7	 PORTS 1
   8	 PORT 1
   9	 AMPLITUDE 20
  10	 ADD BLOCK 4 1 1 4
  11	 ADD BLOCK 13 -7 -11 1
  12	 ADD BLOCK -1 -4 1 -4
  14	 GROUP_EXCITATION
  15	 AMPLITUDE UNIFORM 31
  16	 PHASE UNIFORM 0
  17	 END

** Generating GROUP: testgroup.
** PSTEP,QSTEP set to:136.000000,136.000000
** Grid ANGLE set to:90.000000 
** Group ROT_ANGLE set to: 0.000000 

** Writing output file: ../inputs/gr764.dat

NEL 
NPORTS
IDUM      REXA     REYA     REZA     THEA     PHEA     PSEA 
          AMP      PSH      PSC      PHEPOL
 244
 244
   1
   1
   1 	  136.00   136.00     0.00     0.00     0.00     0.00
   1 	  136.00   136.00     0.00     0.00     0.00     0.00
   	  620.00     0.00     0.00    90.00
   	  620.00     0.00     0.00    90.00
   2 	  272.00   136.00     0.00     0.00     0.00     0.00
   2 	  272.00   136.00     0.00     0.00     0.00     0.00
   	  620.00     0.00     0.00    90.00
   	  620.00     0.00     0.00    90.00
   3 	  408.00   136.00     0.00     0.00     0.00     0.00
   3 	  408.00   136.00     0.00     0.00     0.00     0.00
   	  620.00     0.00     0.00    90.00
   	  620.00     0.00     0.00    90.00
   4 	  544.00   136.00     0.00     0.00     0.00     0.00
   4 	  544.00   136.00     0.00     0.00     0.00     0.00
   	  620.00     0.00     0.00    90.00
   	  620.00     0.00     0.00    90.00
   5 	  136.00   272.00     0.00     0.00     0.00     0.00
   5 	  136.00   272.00     0.00     0.00     0.00     0.00
   	  620.00     0.00     0.00    90.00
   	  620.00     0.00     0.00    90.00
   6 	  272.00   272.00     0.00     0.00     0.00     0.00
   6 	  272.00   272.00     0.00     0.00     0.00     0.00
   	  620.00     0.00     0.00    90.00
   	  620.00     0.00     0.00    90.00
   7 	  408.00   272.00     0.00     0.00     0.00     0.00
   7 	  408.00   272.00     0.00     0.00     0.00     0.00
   	  620.00     0.00     0.00    90.00
   	  620.00     0.00     0.00    90.00
   8 	  544.00   272.00     0.00     0.00     0.00     0.00
   8 	  544.00   272.00     0.00     0.00     0.00     0.00
   	  620.00     0.00     0.00    90.00
   	  620.00     0.00     0.00    90.00
   9 	  136.00   408.00     0.00     0.00     0.00     0.00
   9 	  136.00   408.00     0.00     0.00     0.00     0.00
   	  620.00     0.00     0.00    90.00
   	  620.00     0.00     0.00    90.00
  10 	  272.00   408.00     0.00     0.00     0.00     0.00
  10 	  272.00   408.00     0.00     0.00     0.00     0.00
   	  620.00     0.00     0.00    90.00
   	  620.00     0.00     0.00    90.00
  11 	  408.00   408.00     0.00     0.00     0.00     0.00
  11 	  408.00   408.00     0.00     0.00     0.00     0.00
   	  620.00     0.00     0.00    90.00
   	  620.00     0.00     0.00    90.00
  12 	  544.00   408.00     0.00     0.00     0.00     0.00
  12 	  544.00   408.00     0.00     0.00     0.00     0.00
   	  620.00     0.00     0.00    90.00
   	  620.00     0.00     0.00    90.00
  13 	  136.00   544.00     0.00     0.00     0.00     0.00
  13 	  136.00   544.00     0.00     0.00     0.00     0.00
   	  620.00     0.00     0.00    90.00
   	  620.00     0.00     0.00    90.00
  14 	  272.00   544.00     0.00     0.00     0.00     0.00
  14 	  272.00   544.00     0.00     0.00     0.00     0.00
   	  620.00     0.00     0.00    90.00
   	  620.00     0.00     0.00    90.00
  15 	  408.00   544.00     0.00     0.00     0.00     0.00
  15 	  408.00   544.00     0.00     0.00     0.00     0.00
   	  620.00     0.00     0.00    90.00
   	  620.00     0.00     0.00    90.00
  16 	  544.00   544.00     0.00     0.00     0.00     0.00
  16 	  544.00   544.00     0.00     0.00     0.00     0.00
   	  620.00     0.00     0.00    90.00
   	  620.00     0.00     0.00    90.00
  17 	-1496.00  -952.00     0.00     0.00     0.00     0.00
  17 	-1496.00  -952.00     0.00     0.00     0.00     0.00
   	  620.00     0.00     0.00    90.00
   	  620.00     0.00     0.00    90.00
  18 	-1360.00  -952.00     0.00     0.00     0.00     0.00
  18 	-1360.00  -952.00     0.00     0.00     0.00     0.00
   	  620.00     0.00     0.00    90.00
   	  620.00     0.00     0.00    90.00
  19 	-1224.00  -952.00     0.00     0.00     0.00     0.00
  19 	-1224.00  -952.00     0.00     0.00     0.00     0.00
   	  620.00     0.00     0.00    90.00
   	  620.00     0.00     0.00    90.00
  20 	-1088.00  -952.00     0.00     0.00     0.00     0.00
  20 	-1088.00  -952.00     0.00     0.00     0.00     0.00
   	  620.00     0.00     0.00    90.00
   	  620.00     0.00     0.00    90.00
  21 	 -952.00  -952.00     0.00     0.00     0.00     0.00
  21 	 -952.00  -952.00     0.00     0.00     0.00     0.00
   	  620.00     0.00     0.00    90.00
   	  620.00     0.00     0.00    90.00
  22 	 -816.00  -952.00     0.00     0.00     0.00     0.00
  22 	 -816.00  -952.00     0.00     0.00     0.00     0.00
   	  620.00     0.00     0.00    90.00
   	  620.00     0.00     0.00    90.00
  23 	 -680.00  -952.00     0.00     0.00     0.00     0.00
  23 	 -680.00  -952.00     0.00     0.00     0.00     0.00
   	  620.00     0.00     0.00    90.00
   	  620.00     0.00     0.00    90.00
  24 	 -544.00  -952.00     0.00     0.00     0.00     0.00
  24 	 -544.00  -952.00     0.00     0.00     0.00     0.00
   	  620.00     0.00     0.00    90.00
   	  620.00     0.00     0.00    90.00
  25 	 -408.00  -952.00     0.00     0.00     0.00     0.00
  25 	 -408.00  -952.00     0.00     0.00     0.00     0.00
   	  620.00     0.00     0.00    90.00
   	  620.00     0.00     0.00    90.00
  26 	 -272.00  -952.00     0.00     0.00     0.00     0.00
  26 	 -272.00  -952.00     0.00     0.00     0.00     0.00
   	  620.00     0.00     0.00    90.00
   	  620.00     0.00     0.00    90.00
  27 	 -136.00  -952.00     0.00     0.00     0.00     0.00
  27 	 -136.00  -952.00     0.00     0.00     0.00     0.00
   	  620.00     0.00     0.00    90.00
   	  620.00     0.00     0.00    90.00
  28 	    0.00  -952.00     0.00     0.00     0.00     0.00
  28 	    0.00  -952.00     0.00     0.00     0.00     0.00
   	  620.00     0.00     0.00    90.00
   	  620.00     0.00     0.00    90.00
  29 	  136.00  -952.00     0.00     0.00     0.00     0.00
  29 	  136.00  -952.00     0.00     0.00     0.00     0.00
   	  620.00     0.00     0.00    90.00
   	  620.00     0.00     0.00    90.00
  30 	  272.00  -952.00     0.00     0.00     0.00     0.00
  30 	  272.00  -952.00     0.00     0.00     0.00     0.00
   	  620.00     0.00     0.00    90.00
   	  620.00     0.00     0.00    90.00
  31 	  408.00  -952.00     0.00     0.00     0.00     0.00
  31 	  408.00  -952.00     0.00     0.00     0.00     0.00
   	  620.00     0.00     0.00    90.00
   	  620.00     0.00     0.00    90.00
  32 	  544.00  -952.00     0.00     0.00     0.00     0.00
  32 	  544.00  -952.00     0.00     0.00     0.00     0.00
   	  620.00     0.00     0.00    90.00
   	  620.00     0.00     0.00    90.00
  33 	  680.00  -952.00     0.00     0.00     0.00     0.00
  33 	  680.00  -952.00     0.00     0.00     0.00     0.00
   	  620.00     0.00     0.00    90.00
   	  620.00     0.00     0.00    90.00
  34 	  816.00  -952.00     0.00     0.00     0.00     0.00
  34 	  816.00  -952.00     0.00     0.00     0.00     0.00
   	  620.00     0.00     0.00    90.00
   	  620.00     0.00     0.00    90.00
  35 	  952.00  -952.00     0.00     0.00     0.00     0.00
  35 	  952.00  -952.00     0.00     0.00     0.00     0.00
   	  620.00     0.00     0.00    90.00
   	  620.00     0.00     0.00    90.00
  36 	 1088.00  -952.00     0.00     0.00     0.00     0.00
  36 	 1088.00  -952.00     0.00     0.00     0.00     0.00
   	  620.00     0.00     0.00    90.00
   	  620.00     0.00     0.00    90.00
  37 	 1224.00  -952.00     0.00     0.00     0.00     0.00
  37 	 1224.00  -952.00     0.00     0.00     0.00     0.00
   	  620.00     0.00     0.00    90.00
   	  620.00     0.00     0.00    90.00
  38 	 1360.00  -952.00     0.00     0.00     0.00     0.00
  38 	 1360.00  -952.00     0.00     0.00     0.00     0.00
   	  620.00     0.00     0.00    90.00
   	  620.00     0.00     0.00    90.00
  39 	 1496.00  -952.00     0.00     0.00     0.00     0.00
  39 	 1496.00  -952.00     0.00     0.00     0.00     0.00
   	  620.00     0.00     0.00    90.00
   	  620.00     0.00     0.00    90.00
  40 	 1632.00  -952.00     0.00     0.00     0.00     0.00
  40 	 1632.00  -952.00     0.00     0.00     0.00     0.00
   	  620.00     0.00     0.00    90.00
   	  620.00     0.00     0.00    90.00
  41 	 1768.00  -952.00     0.00     0.00     0.00     0.00
  41 	 1768.00  -952.00     0.00     0.00     0.00     0.00
   	  620.00     0.00     0.00    90.00
   	  620.00     0.00     0.00    90.00
  42 	-1496.00  -816.00     0.00     0.00     0.00     0.00
  42 	-1496.00  -816.00     0.00     0.00     0.00     0.00
   	  620.00     0.00     0.00    90.00
   	  620.00     0.00     0.00    90.00
  43 	-1360.00  -816.00     0.00     0.00     0.00     0.00
  43 	-1360.00  -816.00     0.00     0.00     0.00     0.00
   	  620.00     0.00     0.00    90.00
   	  620.00     0.00     0.00    90.00
  44 	-1224.00  -816.00     0.00     0.00     0.00     0.00
  44 	-1224.00  -816.00     0.00     0.00     0.00     0.00
   	  620.00     0.00     0.00    90.00
   	  620.00     0.00     0.00    90.00
  45 	-1088.00  -816.00     0.00     0.00     0.00     0.00
  45 	-1088.00  -816.00     0.00     0.00     0.00     0.00
   	  620.00     0.00     0.00    90.00
   	  620.00     0.00     0.00    90.00
  46 	 -952.00  -816.00     0.00     0.00     0.00     0.00
  46 	 -952.00  -816.00     0.00     0.00     0.00     0.00
   	  620.00     0.00     0.00    90.00
   	  620.00     0.00     0.00    90.00
  47 	 -816.00  -816.00     0.00     0.00     0.00     0.00
  47 	 -816.00  -816.00     0.00     0.00     0.00     0.00
   	  620.00     0.00     0.00    90.00
   	  620.00     0.00     0.00    90.00
  48 	 -680.00  -816.00     0.00     0.00     0.00     0.00
  48 	 -680.00  -816.00     0.00     0.00     0.00     0.00
   	  620.00     0.00     0.00    90.00
   	  620.00     0.00     0.00    90.00
  49 	 -544.00  -816.00     0.00     0.00     0.00     0.00
  49 	 -544.00  -816.00     0.00     0.00     0.00     0.00
   	  620.00     0.00     0.00    90.00
   	  620.00     0.00     0.00    90.00
  50 	 -408.00  -816.00     0.00     0.00     0.00     0.00
  50 	 -408.00  -816.00     0.00     0.00     0.00     0.00
   	  620.00     0.00     0.00    90.00
   	  620.00     0.00     0.00    90.00
  51 	 -272.00  -816.00     0.00     0.00     0.00     0.00
  51 	 -272.00  -816.00     0.00     0.00     0.00     0.00
   	  620.00     0.00     0.00    90.00
   	  620.00     0.00     0.00    90.00
  52 	 -136.00  -816.00     0.00     0.00     0.00     0.00
  52 	 -136.00  -816.00     0.00     0.00     0.00     0.00
   	  620.00     0.00     0.00    90.00
   	  620.00     0.00     0.00    90.00
  53 	    0.00  -816.00     0.00     0.00     0.00     0.00
  53 	    0.00  -816.00     0.00     0.00     0.00     0.00
   	  620.00     0.00     0.00    90.00
   	  620.00     0.00     0.00    90.00
  54 	  136.00  -816.00     0.00     0.00     0.00     0.00
  54 	  136.00  -816.00     0.00     0.00     0.00     0.00
   	  620.00     0.00     0.00    90.00
   	  620.00     0.00     0.00    90.00
  55 	  272.00  -816.00     0.00     0.00     0.00     0.00
  55 	  272.00  -816.00     0.00     0.00     0.00     0.00
   	  620.00     0.00     0.00    90.00
   	  620.00     0.00     0.00    90.00
  56 	  408.00  -816.00     0.00     0.00     0.00     0.00
  56 	  408.00  -816.00     0.00     0.00     0.00     0.00
   	  620.00     0.00     0.00    90.00
   	  620.00     0.00     0.00    90.00
  57 	  544.00  -816.00     0.00     0.00     0.00     0.00
  57 	  544.00  -816.00     0.00     0.00     0.00     0.00
   	  620.00     0.00     0.00    90.00
   	  620.00     0.00     0.00    90.00
  58 	  680.00  -816.00     0.00     0.00     0.00     0.00
  58 	  680.00  -816.00     0.00     0.00     0.00     0.00
   	  620.00     0.00     0.00    90.00
   	  620.00     0.00     0.00    90.00
  59 	  816.00  -816.00     0.00     0.00     0.00     0.00
  59 	  816.00  -816.00     0.00     0.00     0.00     0.00
   	  620.00     0.00     0.00    90.00
   	  620.00     0.00     0.00    90.00
  60 	  952.00  -816.00     0.00     0.00     0.00     0.00
  60 	  952.00  -816.00     0.00     0.00     0.00     0.00
   	  620.00     0.00     0.00    90.00
   	  620.00     0.00     0.00    90.00
  61 	 1088.00  -816.00     0.00     0.00     0.00     0.00
  61 	 1088.00  -816.00     0.00     0.00     0.00     0.00
   	  620.00     0.00     0.00    90.00
   	  620.00     0.00     0.00    90.00
  62 	 1224.00  -816.00     0.00     0.00     0.00     0.00
  62 	 1224.00  -816.00     0.00     0.00     0.00     0.00
   	  620.00     0.00     0.00    90.00
   	  620.00     0.00     0.00    90.00
  63 	 1360.00  -816.00     0.00     0.00     0.00     0.00
  63 	 1360.00  -816.00     0.00     0.00     0.00     0.00
   	  620.00     0.00     0.00    90.00
   	  620.00     0.00     0.00    90.00
  64 	 1496.00  -816.00     0.00     0.00     0.00     0.00
  64 	 1496.00  -816.00     0.00     0.00     0.00     0.00
   	  620.00     0.00     0.00    90.00
   	  620.00     0.00     0.00    90.00
  65 	 1632.00  -816.00     0.00     0.00     0.00     0.00
  65 	 1632.00  -816.00     0.00     0.00     0.00     0.00
   	  620.00     0.00     0.00    90.00
   	  620.00     0.00     0.00    90.00
  66 	 1768.00  -816.00     0.00     0.00     0.00     0.00
  66 	 1768.00  -816.00     0.00     0.00     0.00     0.00
   	  620.00     0.00     0.00    90.00
   	  620.00     0.00     0.00    90.00
  67 	-1496.00  -680.00     0.00     0.00     0.00     0.00
  67 	-1496.00  -680.00     0.00     0.00     0.00     0.00
   	  620.00     0.00     0.00    90.00
   	  620.00     0.00     0.00    90.00
  68 	-1360.00  -680.00     0.00     0.00     0.00     0.00
  68 	-1360.00  -680.00     0.00     0.00     0.00     0.00
   	  620.00     0.00     0.00    90.00
   	  620.00     0.00     0.00    90.00
  69 	-1224.00  -680.00     0.00     0.00     0.00     0.00
  69 	-1224.00  -680.00     0.00     0.00     0.00     0.00
   	  620.00     0.00     0.00    90.00
   	  620.00     0.00     0.00    90.00
  70 	-1088.00  -680.00     0.00     0.00     0.00     0.00
  70 	-1088.00  -680.00     0.00     0.00     0.00     0.00
   	  620.00     0.00     0.00    90.00
   	  620.00     0.00     0.00    90.00
  71 	 -952.00  -680.00     0.00     0.00     0.00     0.00
  71 	 -952.00  -680.00     0.00     0.00     0.00     0.00
   	  620.00     0.00     0.00    90.00
   	  620.00     0.00     0.00    90.00
  72 	 -816.00  -680.00     0.00     0.00     0.00     0.00
  72 	 -816.00  -680.00     0.00     0.00     0.00     0.00
   	  620.00     0.00     0.00    90.00
   	  620.00     0.00     0.00    90.00
  73 	 -680.00  -680.00     0.00     0.00     0.00     0.00
  73 	 -680.00  -680.00     0.00     0.00     0.00     0.00
   	  620.00     0.00     0.00    90.00
   	  620.00     0.00     0.00    90.00
  74 	 -544.00  -680.00     0.00     0.00     0.00     0.00
  74 	 -544.00  -680.00     0.00     0.00     0.00     0.00
   	  620.00     0.00     0.00    90.00
   	  620.00     0.00     0.00    90.00
  75 	 -408.00  -680.00     0.00     0.00     0.00     0.00
  75 	 -408.00  -680.00     0.00     0.00     0.00     0.00
   	  620.00     0.00     0.00    90.00
   	  620.00     0.00     0.00    90.00
  76 	 -272.00  -680.00     0.00     0.00     0.00     0.00
  76 	 -272.00  -680.00     0.00     0.00     0.00     0.00
   	  620.00     0.00     0.00    90.00
   	  620.00     0.00     0.00    90.00
  77 	 -136.00  -680.00     0.00     0.00     0.00     0.00
  77 	 -136.00  -680.00     0.00     0.00     0.00     0.00
   	  620.00     0.00     0.00    90.00
   	  620.00     0.00     0.00    90.00
  78 	    0.00  -680.00     0.00     0.00     0.00     0.00
  78 	    0.00  -680.00     0.00     0.00     0.00     0.00
   	  620.00     0.00     0.00    90.00
   	  620.00     0.00     0.00    90.00
  79 	  136.00  -680.00     0.00     0.00     0.00     0.00
  79 	  136.00  -680.00     0.00     0.00     0.00     0.00
   	  620.00     0.00     0.00    90.00
   	  620.00     0.00     0.00    90.00
  80 	  272.00  -680.00     0.00     0.00     0.00     0.00
  80 	  272.00  -680.00     0.00     0.00     0.00     0.00
   	  620.00     0.00     0.00    90.00
   	  620.00     0.00     0.00    90.00
  81 	  408.00  -680.00     0.00     0.00     0.00     0.00
  81 	  408.00  -680.00     0.00     0.00     0.00     0.00
   	  620.00     0.00     0.00    90.00
   	  620.00     0.00     0.00    90.00
  82 	  544.00  -680.00     0.00     0.00     0.00     0.00
  82 	  544.00  -680.00     0.00     0.00     0.00     0.00
   	  620.00     0.00     0.00    90.00
   	  620.00     0.00     0.00    90.00
  83 	  680.00  -680.00     0.00     0.00     0.00     0.00
  83 	  680.00  -680.00     0.00     0.00     0.00     0.00
   	  620.00     0.00     0.00    90.00
   	  620.00     0.00     0.00    90.00
  84 	  816.00  -680.00     0.00     0.00     0.00     0.00
  84 	  816.00  -680.00     0.00     0.00     0.00     0.00
   	  620.00     0.00     0.00    90.00
   	  620.00     0.00     0.00    90.00
  85 	  952.00  -680.00     0.00     0.00     0.00     0.00
  85 	  952.00  -680.00     0.00     0.00     0.00     0.00
   	  620.00     0.00     0.00    90.00
   	  620.00     0.00     0.00    90.00
  86 	 1088.00  -680.00     0.00     0.00     0.00     0.00
  86 	 1088.00  -680.00     0.00     0.00     0.00     0.00
   	  620.00     0.00     0.00    90.00
   	  620.00     0.00     0.00    90.00
  87 	 1224.00  -680.00     0.00     0.00     0.00     0.00
  87 	 1224.00  -680.00     0.00     0.00     0.00     0.00
   	  620.00     0.00     0.00    90.00
   	  620.00     0.00     0.00    90.00
  88 	 1360.00  -680.00     0.00     0.00     0.00     0.00
  88 	 1360.00  -680.00     0.00     0.00     0.00     0.00
   	  620.00     0.00     0.00    90.00
   	  620.00     0.00     0.00    90.00
  89 	 1496.00  -680.00     0.00     0.00     0.00     0.00
  89 	 1496.00  -680.00     0.00     0.00     0.00     0.00
   	  620.00     0.00     0.00    90.00
   	  620.00     0.00     0.00    90.00
  90 	 1632.00  -680.00     0.00     0.00     0.00     0.00
  90 	 1632.00  -680.00     0.00     0.00     0.00     0.00
   	  620.00     0.00     0.00    90.00
   	  620.00     0.00     0.00    90.00
  91 	 1768.00  -680.00     0.00     0.00     0.00     0.00
  91 	 1768.00  -680.00     0.00     0.00     0.00     0.00
   	  620.00     0.00     0.00    90.00
   	  620.00     0.00     0.00    90.00
  92 	-1496.00  -544.00     0.00     0.00     0.00     0.00
  92 	-1496.00  -544.00     0.00     0.00     0.00     0.00
   	  620.00     0.00     0.00    90.00
   	  620.00     0.00     0.00    90.00
  93 	-1360.00  -544.00     0.00     0.00     0.00     0.00
  93 	-1360.00  -544.00     0.00     0.00     0.00     0.00
   	  620.00     0.00     0.00    90.00
   	  620.00     0.00     0.00    90.00
  94 	-1224.00  -544.00     0.00     0.00     0.00     0.00
  94 	-1224.00  -544.00     0.00     0.00     0.00     0.00
   	  620.00     0.00     0.00    90.00
   	  620.00     0.00     0.00    90.00
  95 	-1088.00  -544.00     0.00     0.00     0.00     0.00
  95 	-1088.00  -544.00     0.00     0.00     0.00     0.00
   	  620.00     0.00     0.00    90.00
   	  620.00     0.00     0.00    90.00
  96 	 -952.00  -544.00     0.00     0.00     0.00     0.00
  96 	 -952.00  -544.00     0.00     0.00     0.00     0.00
   	  620.00     0.00     0.00    90.00
   	  620.00     0.00     0.00    90.00
  97 	 -816.00  -544.00     0.00     0.00     0.00     0.00
  97 	 -816.00  -544.00     0.00     0.00     0.00     0.00
   	  620.00     0.00     0.00    90.00
   	  620.00     0.00     0.00    90.00
  98 	 -680.00  -544.00     0.00     0.00     0.00     0.00
  98 	 -680.00  -544.00     0.00     0.00     0.00     0.00
   	  620.00     0.00     0.00    90.00
   	  620.00     0.00     0.00    90.00
  99 	 -544.00  -544.00     0.00     0.00     0.00     0.00
  99 	 -544.00  -544.00     0.00     0.00     0.00     0.00
   	  620.00     0.00     0.00    90.00
   	  620.00     0.00     0.00    90.00
 100 	 -408.00  -544.00     0.00     0.00     0.00     0.00
 100 	 -408.00  -544.00     0.00     0.00     0.00     0.00
   	  620.00     0.00     0.00    90.00
   	  620.00     0.00     0.00    90.00
 101 	 -272.00  -544.00     0.00     0.00     0.00     0.00
 101 	 -272.00  -544.00     0.00     0.00     0.00     0.00
   	  620.00     0.00     0.00    90.00
   	  620.00     0.00     0.00    90.00
 102 	 -136.00  -544.00     0.00     0.00     0.00     0.00
 102 	 -136.00  -544.00     0.00     0.00     0.00     0.00
   	  620.00     0.00     0.00    90.00
   	  620.00     0.00     0.00    90.00
 103 	    0.00  -544.00     0.00     0.00     0.00     0.00
 103 	    0.00  -544.00     0.00     0.00     0.00     0.00
   	  620.00     0.00     0.00    90.00
   	  620.00     0.00     0.00    90.00
 104 	  136.00  -544.00     0.00     0.00     0.00     0.00
 104 	  136.00  -544.00     0.00     0.00     0.00     0.00
   	  620.00     0.00     0.00    90.00
   	  620.00     0.00     0.00    90.00
 105 	  272.00  -544.00     0.00     0.00     0.00     0.00
 105 	  272.00  -544.00     0.00     0.00     0.00     0.00
   	  620.00     0.00     0.00    90.00
   	  620.00     0.00     0.00    90.00
 106 	  408.00  -544.00     0.00     0.00     0.00     0.00
 106 	  408.00  -544.00     0.00     0.00     0.00     0.00
   	  620.00     0.00     0.00    90.00
   	  620.00     0.00     0.00    90.00
 107 	  544.00  -544.00     0.00     0.00     0.00     0.00
 107 	  544.00  -544.00     0.00     0.00     0.00     0.00
   	  620.00     0.00     0.00    90.00
   	  620.00     0.00     0.00    90.00
 108 	  680.00  -544.00     0.00     0.00     0.00     0.00
 108 	  680.00  -544.00     0.00     0.00     0.00     0.00
   	  620.00     0.00     0.00    90.00
   	  620.00     0.00     0.00    90.00
 109 	  816.00  -544.00     0.00     0.00     0.00     0.00
 109 	  816.00  -544.00     0.00     0.00     0.00     0.00
   	  620.00     0.00     0.00    90.00
   	  620.00     0.00     0.00    90.00
 110 	  952.00  -544.00     0.00     0.00     0.00     0.00
 110 	  952.00  -544.00     0.00     0.00     0.00     0.00
   	  620.00     0.00     0.00    90.00
   	  620.00     0.00     0.00    90.00
 111 	 1088.00  -544.00     0.00     0.00     0.00     0.00
 111 	 1088.00  -544.00     0.00     0.00     0.00     0.00
   	  620.00     0.00     0.00    90.00
   	  620.00     0.00     0.00    90.00
 112 	 1224.00  -544.00     0.00     0.00     0.00     0.00
 112 	 1224.00  -544.00     0.00     0.00     0.00     0.00
   	  620.00     0.00     0.00    90.00
   	  620.00     0.00     0.00    90.00
 113 	 1360.00  -544.00     0.00     0.00     0.00     0.00
 113 	 1360.00  -544.00     0.00     0.00     0.00     0.00
   	  620.00     0.00     0.00    90.00
   	  620.00     0.00     0.00    90.00
 114 	 1496.00  -544.00     0.00     0.00     0.00     0.00
 114 	 1496.00  -544.00     0.00     0.00     0.00     0.00
   	  620.00     0.00     0.00    90.00
   	  620.00     0.00     0.00    90.00
 115 	 1632.00  -544.00     0.00     0.00     0.00     0.00
 115 	 1632.00  -544.00     0.00     0.00     0.00     0.00
   	  620.00     0.00     0.00    90.00
   	  620.00     0.00     0.00    90.00
 116 	 1768.00  -544.00     0.00     0.00     0.00     0.00
 116 	 1768.00  -544.00     0.00     0.00     0.00     0.00
   	  620.00     0.00     0.00    90.00
   	  620.00     0.00     0.00    90.00
 117 	-1496.00  -408.00     0.00     0.00     0.00     0.00
 117 	-1496.00  -408.00     0.00     0.00     0.00     0.00
   	  620.00     0.00     0.00    90.00
   	  620.00     0.00     0.00    90.00
 118 	-1360.00  -408.00     0.00     0.00     0.00     0.00
 118 	-1360.00  -408.00     0.00     0.00     0.00     0.00
   	  620.00     0.00     0.00    90.00
   	  620.00     0.00     0.00    90.00
 119 	-1224.00  -408.00     0.00     0.00     0.00     0.00
 119 	-1224.00  -408.00     0.00     0.00     0.00     0.00
   	  620.00     0.00     0.00    90.00
   	  620.00     0.00     0.00    90.00
 120 	-1088.00  -408.00     0.00     0.00     0.00     0.00
 120 	-1088.00  -408.00     0.00     0.00     0.00     0.00
   	  620.00     0.00     0.00    90.00
   	  620.00     0.00     0.00    90.00
 121 	 -952.00  -408.00     0.00     0.00     0.00     0.00
 121 	 -952.00  -408.00     0.00     0.00     0.00     0.00
   	  620.00     0.00     0.00    90.00
   	  620.00     0.00     0.00    90.00
 122 	 -816.00  -408.00     0.00     0.00     0.00     0.00
 122 	 -816.00  -408.00     0.00     0.00     0.00     0.00
   	  620.00     0.00     0.00    90.00
   	  620.00     0.00     0.00    90.00
 123 	 -680.00  -408.00     0.00     0.00     0.00     0.00
 123 	 -680.00  -408.00     0.00     0.00     0.00     0.00
   	  620.00     0.00     0.00    90.00
   	  620.00     0.00     0.00    90.00
 124 	 -544.00  -408.00     0.00     0.00     0.00     0.00
 124 	 -544.00  -408.00     0.00     0.00     0.00     0.00
   	  620.00     0.00     0.00    90.00
   	  620.00     0.00     0.00    90.00
 125 	 -408.00  -408.00     0.00     0.00     0.00     0.00
 125 	 -408.00  -408.00     0.00     0.00     0.00     0.00
   	  620.00     0.00     0.00    90.00
   	  620.00     0.00     0.00    90.00
 126 	 -272.00  -408.00     0.00     0.00     0.00     0.00
 126 	 -272.00  -408.00     0.00     0.00     0.00     0.00
   	  620.00     0.00     0.00    90.00
   	  620.00     0.00     0.00    90.00
 127 	 -136.00  -408.00     0.00     0.00     0.00     0.00
 127 	 -136.00  -408.00     0.00     0.00     0.00     0.00
   	  620.00     0.00     0.00    90.00
   	  620.00     0.00     0.00    90.00
 128 	    0.00  -408.00     0.00     0.00     0.00     0.00
 128 	    0.00  -408.00     0.00     0.00     0.00     0.00
   	  620.00     0.00     0.00    90.00
   	  620.00     0.00     0.00    90.00
 129 	  136.00  -408.00     0.00     0.00     0.00     0.00
 129 	  136.00  -408.00     0.00     0.00     0.00     0.00
   	  620.00     0.00     0.00    90.00
   	  620.00     0.00     0.00    90.00
 130 	  272.00  -408.00     0.00     0.00     0.00     0.00
 130 	  272.00  -408.00     0.00     0.00     0.00     0.00
   	  620.00     0.00     0.00    90.00
   	  620.00     0.00     0.00    90.00
 131 	  408.00  -408.00     0.00     0.00     0.00     0.00
 131 	  408.00  -408.00     0.00     0.00     0.00     0.00
   	  620.00     0.00     0.00    90.00
   	  620.00     0.00     0.00    90.00
 132 	  544.00  -408.00     0.00     0.00     0.00     0.00
 132 	  544.00  -408.00     0.00     0.00     0.00     0.00
   	  620.00     0.00     0.00    90.00
   	  620.00     0.00     0.00    90.00
 133 	  680.00  -408.00     0.00     0.00     0.00     0.00
 133 	  680.00  -408.00     0.00     0.00     0.00     0.00
   	  620.00     0.00     0.00    90.00
   	  620.00     0.00     0.00    90.00
 134 	  816.00  -408.00     0.00     0.00     0.00     0.00
 134 	  816.00  -408.00     0.00     0.00     0.00     0.00
   	  620.00     0.00     0.00    90.00
   	  620.00     0.00     0.00    90.00
 135 	  952.00  -408.00     0.00     0.00     0.00     0.00
 135 	  952.00  -408.00     0.00     0.00     0.00     0.00
   	  620.00     0.00     0.00    90.00
   	  620.00     0.00     0.00    90.00
 136 	 1088.00  -408.00     0.00     0.00     0.00     0.00
 136 	 1088.00  -408.00     0.00     0.00     0.00     0.00
   	  620.00     0.00     0.00    90.00
   	  620.00     0.00     0.00    90.00
 137 	 1224.00  -408.00     0.00     0.00     0.00     0.00
 137 	 1224.00  -408.00     0.00     0.00     0.00     0.00
   	  620.00     0.00     0.00    90.00
   	  620.00     0.00     0.00    90.00
 138 	 1360.00  -408.00     0.00     0.00     0.00     0.00
 138 	 1360.00  -408.00     0.00     0.00     0.00     0.00
   	  620.00     0.00     0.00    90.00
   	  620.00     0.00     0.00    90.00
 139 	 1496.00  -408.00     0.00     0.00     0.00     0.00
 139 	 1496.00  -408.00     0.00     0.00     0.00     0.00
   	  620.00     0.00     0.00    90.00
   	  620.00     0.00     0.00    90.00
 140 	 1632.00  -408.00     0.00     0.00     0.00     0.00
 140 	 1632.00  -408.00     0.00     0.00     0.00     0.00
   	  620.00     0.00     0.00    90.00
   	  620.00     0.00     0.00    90.00
 141 	 1768.00  -408.00     0.00     0.00     0.00     0.00
 141 	 1768.00  -408.00     0.00     0.00     0.00     0.00
   	  620.00     0.00     0.00    90.00
   	  620.00     0.00     0.00    90.00
 142 	-1496.00  -272.00     0.00     0.00     0.00     0.00
 142 	-1496.00  -272.00     0.00     0.00     0.00     0.00
   	  620.00     0.00     0.00    90.00
   	  620.00     0.00     0.00    90.00
 143 	-1360.00  -272.00     0.00     0.00     0.00     0.00
 143 	-1360.00  -272.00     0.00     0.00     0.00     0.00
   	  620.00     0.00     0.00    90.00
   	  620.00     0.00     0.00    90.00
 144 	-1224.00  -272.00     0.00     0.00     0.00     0.00
 144 	-1224.00  -272.00     0.00     0.00     0.00     0.00
   	  620.00     0.00     0.00    90.00
   	  620.00     0.00     0.00    90.00
 145 	-1088.00  -272.00     0.00     0.00     0.00     0.00
 145 	-1088.00  -272.00     0.00     0.00     0.00     0.00
   	  620.00     0.00     0.00    90.00
   	  620.00     0.00     0.00    90.00
 146 	 -952.00  -272.00     0.00     0.00     0.00     0.00
 146 	 -952.00  -272.00     0.00     0.00     0.00     0.00
   	  620.00     0.00     0.00    90.00
   	  620.00     0.00     0.00    90.00
 147 	 -816.00  -272.00     0.00     0.00     0.00     0.00
 147 	 -816.00  -272.00     0.00     0.00     0.00     0.00
   	  620.00     0.00     0.00    90.00
   	  620.00     0.00     0.00    90.00
 148 	 -680.00  -272.00     0.00     0.00     0.00     0.00
 148 	 -680.00  -272.00     0.00     0.00     0.00     0.00
   	  620.00     0.00     0.00    90.00
   	  620.00     0.00     0.00    90.00
 149 	 -544.00  -272.00     0.00     0.00     0.00     0.00
 149 	 -544.00  -272.00     0.00     0.00     0.00     0.00
   	  620.00     0.00     0.00    90.00
   	  620.00     0.00     0.00    90.00
 150 	 -408.00  -272.00     0.00     0.00     0.00     0.00
 150 	 -408.00  -272.00     0.00     0.00     0.00     0.00
   	  620.00     0.00     0.00    90.00
   	  620.00     0.00     0.00    90.00
 151 	 -272.00  -272.00     0.00     0.00     0.00     0.00
 151 	 -272.00  -272.00     0.00     0.00     0.00     0.00
   	  620.00     0.00     0.00    90.00
   	  620.00     0.00     0.00    90.00
 152 	 -136.00  -272.00     0.00     0.00     0.00     0.00
 152 	 -136.00  -272.00     0.00     0.00     0.00     0.00
   	  620.00     0.00     0.00    90.00
   	  620.00     0.00     0.00    90.00
 153 	    0.00  -272.00     0.00     0.00     0.00     0.00
 153 	    0.00  -272.00     0.00     0.00     0.00     0.00
   	  620.00     0.00     0.00    90.00
   	  620.00     0.00     0.00    90.00
 154 	  136.00  -272.00     0.00     0.00     0.00     0.00
 154 	  136.00  -272.00     0.00     0.00     0.00     0.00
   	  620.00     0.00     0.00    90.00
   	  620.00     0.00     0.00    90.00
 155 	  272.00  -272.00     0.00     0.00     0.00     0.00
 155 	  272.00  -272.00     0.00     0.00     0.00     0.00
   	  620.00     0.00     0.00    90.00
   	  620.00     0.00     0.00    90.00
 156 	  408.00  -272.00     0.00     0.00     0.00     0.00
 156 	  408.00  -272.00     0.00     0.00     0.00     0.00
   	  620.00     0.00     0.00    90.00
   	  620.00     0.00     0.00    90.00
 157 	  544.00  -272.00     0.00     0.00     0.00     0.00
 157 	  544.00  -272.00     0.00     0.00     0.00     0.00
   	  620.00     0.00     0.00    90.00
   	  620.00     0.00     0.00    90.00
 158 	  680.00  -272.00     0.00     0.00     0.00     0.00
 158 	  680.00  -272.00     0.00     0.00     0.00     0.00
   	  620.00     0.00     0.00    90.00
   	  620.00     0.00     0.00    90.00
 159 	  816.00  -272.00     0.00     0.00     0.00     0.00
 159 	  816.00  -272.00     0.00     0.00     0.00     0.00
   	  620.00     0.00     0.00    90.00
   	  620.00     0.00     0.00    90.00
 160 	  952.00  -272.00     0.00     0.00     0.00     0.00
 160 	  952.00  -272.00     0.00     0.00     0.00     0.00
   	  620.00     0.00     0.00    90.00
   	  620.00     0.00     0.00    90.00
 161 	 1088.00  -272.00     0.00     0.00     0.00     0.00
 161 	 1088.00  -272.00     0.00     0.00     0.00     0.00
   	  620.00     0.00     0.00    90.00
   	  620.00     0.00     0.00    90.00
 162 	 1224.00  -272.00     0.00     0.00     0.00     0.00
 162 	 1224.00  -272.00     0.00     0.00     0.00     0.00
   	  620.00     0.00     0.00    90.00
   	  620.00     0.00     0.00    90.00
 163 	 1360.00  -272.00     0.00     0.00     0.00     0.00
 163 	 1360.00  -272.00     0.00     0.00     0.00     0.00
   	  620.00     0.00     0.00    90.00
   	  620.00     0.00     0.00    90.00
 164 	 1496.00  -272.00     0.00     0.00     0.00     0.00
 164 	 1496.00  -272.00     0.00     0.00     0.00     0.00
   	  620.00     0.00     0.00    90.00
   	  620.00     0.00     0.00    90.00
 165 	 1632.00  -272.00     0.00     0.00     0.00     0.00
 165 	 1632.00  -272.00     0.00     0.00     0.00     0.00
   	  620.00     0.00     0.00    90.00
   	  620.00     0.00     0.00    90.00
 166 	 1768.00  -272.00     0.00     0.00     0.00     0.00
 166 	 1768.00  -272.00     0.00     0.00     0.00     0.00
   	  620.00     0.00     0.00    90.00
   	  620.00     0.00     0.00    90.00
 167 	-1496.00  -136.00     0.00     0.00     0.00     0.00
 167 	-1496.00  -136.00     0.00     0.00     0.00     0.00
   	  620.00     0.00     0.00    90.00
   	  620.00     0.00     0.00    90.00
 168 	-1360.00  -136.00     0.00     0.00     0.00     0.00
 168 	-1360.00  -136.00     0.00     0.00     0.00     0.00
   	  620.00     0.00     0.00    90.00
   	  620.00     0.00     0.00    90.00
 169 	-1224.00  -136.00     0.00     0.00     0.00     0.00
 169 	-1224.00  -136.00     0.00     0.00     0.00     0.00
   	  620.00     0.00     0.00    90.00
   	  620.00     0.00     0.00    90.00
 170 	-1088.00  -136.00     0.00     0.00     0.00     0.00
 170 	-1088.00  -136.00     0.00     0.00     0.00     0.00
   	  620.00     0.00     0.00    90.00
   	  620.00     0.00     0.00    90.00
 171 	 -952.00  -136.00     0.00     0.00     0.00     0.00
 171 	 -952.00  -136.00     0.00     0.00     0.00     0.00
   	  620.00     0.00     0.00    90.00
   	  620.00     0.00     0.00    90.00
 172 	 -816.00  -136.00     0.00     0.00     0.00     0.00
 172 	 -816.00  -136.00     0.00     0.00     0.00     0.00
   	  620.00     0.00     0.00    90.00
   	  620.00     0.00     0.00    90.00
 173 	 -680.00  -136.00     0.00     0.00     0.00     0.00
 173 	 -680.00  -136.00     0.00     0.00     0.00     0.00
   	  620.00     0.00     0.00    90.00
   	  620.00     0.00     0.00    90.00
 174 	 -544.00  -136.00     0.00     0.00     0.00     0.00
 174 	 -544.00  -136.00     0.00     0.00     0.00     0.00
   	  620.00     0.00     0.00    90.00
   	  620.00     0.00     0.00    90.00
 175 	 -408.00  -136.00     0.00     0.00     0.00     0.00
 175 	 -408.00  -136.00     0.00     0.00     0.00     0.00
   	  620.00     0.00     0.00    90.00
   	  620.00     0.00     0.00    90.00
 176 	 -272.00  -136.00     0.00     0.00     0.00     0.00
 176 	 -272.00  -136.00     0.00     0.00     0.00     0.00
   	  620.00     0.00     0.00    90.00
   	  620.00     0.00     0.00    90.00
 177 	 -136.00  -136.00     0.00     0.00     0.00     0.00
 177 	 -136.00  -136.00     0.00     0.00     0.00     0.00
   	  620.00     0.00     0.00    90.00
   	  620.00     0.00     0.00    90.00
 178 	    0.00  -136.00     0.00     0.00     0.00     0.00
 178 	    0.00  -136.00     0.00     0.00     0.00     0.00
   	  620.00     0.00     0.00    90.00
   	  620.00     0.00     0.00    90.00
 179 	  136.00  -136.00     0.00     0.00     0.00     0.00
 179 	  136.00  -136.00     0.00     0.00     0.00     0.00
   	  620.00     0.00     0.00    90.00
   	  620.00     0.00     0.00    90.00
 180 	  272.00  -136.00     0.00     0.00     0.00     0.00
 180 	  272.00  -136.00     0.00     0.00     0.00     0.00
   	  620.00     0.00     0.00    90.00
   	  620.00     0.00     0.00    90.00
 181 	  408.00  -136.00     0.00     0.00     0.00     0.00
 181 	  408.00  -136.00     0.00     0.00     0.00     0.00
   	  620.00     0.00     0.00    90.00
   	  620.00     0.00     0.00    90.00
 182 	  544.00  -136.00     0.00     0.00     0.00     0.00
 182 	  544.00  -136.00     0.00     0.00     0.00     0.00
   	  620.00     0.00     0.00    90.00
   	  620.00     0.00     0.00    90.00
 183 	  680.00  -136.00     0.00     0.00     0.00     0.00
 183 	  680.00  -136.00     0.00     0.00     0.00     0.00
   	  620.00     0.00     0.00    90.00
   	  620.00     0.00     0.00    90.00
 184 	  816.00  -136.00     0.00     0.00     0.00     0.00
 184 	  816.00  -136.00     0.00     0.00     0.00     0.00
   	  620.00     0.00     0.00    90.00
   	  620.00     0.00     0.00    90.00
 185 	  952.00  -136.00     0.00     0.00     0.00     0.00
 185 	  952.00  -136.00     0.00     0.00     0.00     0.00
   	  620.00     0.00     0.00    90.00
   	  620.00     0.00     0.00    90.00
 186 	 1088.00  -136.00     0.00     0.00     0.00     0.00
 186 	 1088.00  -136.00     0.00     0.00     0.00     0.00
   	  620.00     0.00     0.00    90.00
   	  620.00     0.00     0.00    90.00
 187 	 1224.00  -136.00     0.00     0.00     0.00     0.00
 187 	 1224.00  -136.00     0.00     0.00     0.00     0.00
   	  620.00     0.00     0.00    90.00
   	  620.00     0.00     0.00    90.00
 188 	 1360.00  -136.00     0.00     0.00     0.00     0.00
 188 	 1360.00  -136.00     0.00     0.00     0.00     0.00
   	  620.00     0.00     0.00    90.00
   	  620.00     0.00     0.00    90.00
 189 	 1496.00  -136.00     0.00     0.00     0.00     0.00
 189 	 1496.00  -136.00     0.00     0.00     0.00     0.00
   	  620.00     0.00     0.00    90.00
   	  620.00     0.00     0.00    90.00
 190 	 1632.00  -136.00     0.00     0.00     0.00     0.00
 190 	 1632.00  -136.00     0.00     0.00     0.00     0.00
   	  620.00     0.00     0.00    90.00
   	  620.00     0.00     0.00    90.00
 191 	 1768.00  -136.00     0.00     0.00     0.00     0.00
 191 	 1768.00  -136.00     0.00     0.00     0.00     0.00
   	  620.00     0.00     0.00    90.00
   	  620.00     0.00     0.00    90.00
 192 	-1496.00     0.00     0.00     0.00     0.00     0.00
 192 	-1496.00     0.00     0.00     0.00     0.00     0.00
   	  620.00     0.00     0.00    90.00
   	  620.00     0.00     0.00    90.00
 193 	-1360.00     0.00     0.00     0.00     0.00     0.00
 193 	-1360.00     0.00     0.00     0.00     0.00     0.00
   	  620.00     0.00     0.00    90.00
   	  620.00     0.00     0.00    90.00
 194 	-1224.00     0.00     0.00     0.00     0.00     0.00
 194 	-1224.00     0.00     0.00     0.00     0.00     0.00
   	  620.00     0.00     0.00    90.00
   	  620.00     0.00     0.00    90.00
 195 	-1088.00     0.00     0.00     0.00     0.00     0.00
 195 	-1088.00     0.00     0.00     0.00     0.00     0.00
   	  620.00     0.00     0.00    90.00
   	  620.00     0.00     0.00    90.00
 196 	 -952.00     0.00     0.00     0.00     0.00     0.00
 196 	 -952.00     0.00     0.00     0.00     0.00     0.00
   	  620.00     0.00     0.00    90.00
   	  620.00     0.00     0.00    90.00
 197 	 -816.00     0.00     0.00     0.00     0.00     0.00
 197 	 -816.00     0.00     0.00     0.00     0.00     0.00
   	  620.00     0.00     0.00    90.00
   	  620.00     0.00     0.00    90.00
 198 	 -680.00     0.00     0.00     0.00     0.00     0.00
 198 	 -680.00     0.00     0.00     0.00     0.00     0.00
   	  620.00     0.00     0.00    90.00
   	  620.00     0.00     0.00    90.00
 199 	 -544.00     0.00     0.00     0.00     0.00     0.00
 199 	 -544.00     0.00     0.00     0.00     0.00     0.00
   	  620.00     0.00     0.00    90.00
   	  620.00     0.00     0.00    90.00
 200 	 -408.00     0.00     0.00     0.00     0.00     0.00
 200 	 -408.00     0.00     0.00     0.00     0.00     0.00
   	  620.00     0.00     0.00    90.00
   	  620.00     0.00     0.00    90.00
 201 	 -272.00     0.00     0.00     0.00     0.00     0.00
 201 	 -272.00     0.00     0.00     0.00     0.00     0.00
   	  620.00     0.00     0.00    90.00
   	  620.00     0.00     0.00    90.00
 202 	 -136.00     0.00     0.00     0.00     0.00     0.00
 202 	 -136.00     0.00     0.00     0.00     0.00     0.00
   	  620.00     0.00     0.00    90.00
   	  620.00     0.00     0.00    90.00
 203 	    0.00     0.00     0.00     0.00     0.00     0.00
 203 	    0.00     0.00     0.00     0.00     0.00     0.00
   	  620.00     0.00     0.00    90.00
   	  620.00     0.00     0.00    90.00
 204 	  136.00     0.00     0.00     0.00     0.00     0.00
 204 	  136.00     0.00     0.00     0.00     0.00     0.00
   	  620.00     0.00     0.00    90.00
   	  620.00     0.00     0.00    90.00
 205 	  272.00     0.00     0.00     0.00     0.00     0.00
 205 	  272.00     0.00     0.00     0.00     0.00     0.00
   	  620.00     0.00     0.00    90.00
   	  620.00     0.00     0.00    90.00
 206 	  408.00     0.00     0.00     0.00     0.00     0.00
 206 	  408.00     0.00     0.00     0.00     0.00     0.00
   	  620.00     0.00     0.00    90.00
   	  620.00     0.00     0.00    90.00
 207 	  544.00     0.00     0.00     0.00     0.00     0.00
 207 	  544.00     0.00     0.00     0.00     0.00     0.00
   	  620.00     0.00     0.00    90.00
   	  620.00     0.00     0.00    90.00
 208 	  680.00     0.00     0.00     0.00     0.00     0.00
 208 	  680.00     0.00     0.00     0.00     0.00     0.00
   	  620.00     0.00     0.00    90.00
   	  620.00     0.00     0.00    90.00
 209 	  816.00     0.00     0.00     0.00     0.00     0.00
 209 	  816.00     0.00     0.00     0.00     0.00     0.00
   	  620.00     0.00     0.00    90.00
   	  620.00     0.00     0.00    90.00
 210 	  952.00     0.00     0.00     0.00     0.00     0.00
 210 	  952.00     0.00     0.00     0.00     0.00     0.00
   	  620.00     0.00     0.00    90.00
   	  620.00     0.00     0.00    90.00
 211 	 1088.00     0.00     0.00     0.00     0.00     0.00
 211 	 1088.00     0.00     0.00     0.00     0.00     0.00
   	  620.00     0.00     0.00    90.00
   	  620.00     0.00     0.00    90.00
 212 	 1224.00     0.00     0.00     0.00     0.00     0.00
 212 	 1224.00     0.00     0.00     0.00     0.00     0.00
   	  620.00     0.00     0.00    90.00
   	  620.00     0.00     0.00    90.00
 213 	 1360.00     0.00     0.00     0.00     0.00     0.00
 213 	 1360.00     0.00     0.00     0.00     0.00     0.00
   	  620.00     0.00     0.00    90.00
   	  620.00     0.00     0.00    90.00
 214 	 1496.00     0.00     0.00     0.00     0.00     0.00
 214 	 1496.00     0.00     0.00     0.00     0.00     0.00
   	  620.00     0.00     0.00    90.00
   	  620.00     0.00     0.00    90.00
 215 	 1632.00     0.00     0.00     0.00     0.00     0.00
 215 	 1632.00     0.00     0.00     0.00     0.00     0.00
   	  620.00     0.00     0.00    90.00
   	  620.00     0.00     0.00    90.00
 216 	 1768.00     0.00     0.00     0.00     0.00     0.00
 216 	 1768.00     0.00     0.00     0.00     0.00     0.00
   	  620.00     0.00     0.00    90.00
   	  620.00     0.00     0.00    90.00
 217 	-1496.00   136.00     0.00     0.00     0.00     0.00
 217 	-1496.00   136.00     0.00     0.00     0.00     0.00
   	  620.00     0.00     0.00    90.00
   	  620.00     0.00     0.00    90.00
 218 	-1360.00   136.00     0.00     0.00     0.00     0.00
 218 	-1360.00   136.00     0.00     0.00     0.00     0.00
   	  620.00     0.00     0.00    90.00
   	  620.00     0.00     0.00    90.00
 219 	-1224.00   136.00     0.00     0.00     0.00     0.00
 219 	-1224.00   136.00     0.00     0.00     0.00     0.00
   	  620.00     0.00     0.00    90.00
   	  620.00     0.00     0.00    90.00
 220 	-1088.00   136.00     0.00     0.00     0.00     0.00
 220 	-1088.00   136.00     0.00     0.00     0.00     0.00
   	  620.00     0.00     0.00    90.00
   	  620.00     0.00     0.00    90.00
 221 	 -952.00   136.00     0.00     0.00     0.00     0.00
 221 	 -952.00   136.00     0.00     0.00     0.00     0.00
   	  620.00     0.00     0.00    90.00
   	  620.00     0.00     0.00    90.00
 222 	 -816.00   136.00     0.00     0.00     0.00     0.00
 222 	 -816.00   136.00     0.00     0.00     0.00     0.00
   	  620.00     0.00     0.00    90.00
   	  620.00     0.00     0.00    90.00
 223 	 -680.00   136.00     0.00     0.00     0.00     0.00
 223 	 -680.00   136.00     0.00     0.00     0.00     0.00
   	  620.00     0.00     0.00    90.00
   	  620.00     0.00     0.00    90.00
 224 	 -544.00   136.00     0.00     0.00     0.00     0.00
 224 	 -544.00   136.00     0.00     0.00     0.00     0.00
   	  620.00     0.00     0.00    90.00
   	  620.00     0.00     0.00    90.00
 225 	 -408.00   136.00     0.00     0.00     0.00     0.00
 225 	 -408.00   136.00     0.00     0.00     0.00     0.00
   	  620.00     0.00     0.00    90.00
   	  620.00     0.00     0.00    90.00
 226 	 -272.00   136.00     0.00     0.00     0.00     0.00
 226 	 -272.00   136.00     0.00     0.00     0.00     0.00
   	  620.00     0.00     0.00    90.00
   	  620.00     0.00     0.00    90.00
 227 	 -136.00   136.00     0.00     0.00     0.00     0.00
 227 	 -136.00   136.00     0.00     0.00     0.00     0.00
   	  620.00     0.00     0.00    90.00
   	  620.00     0.00     0.00    90.00
 228 	   -0.00   136.00     0.00     0.00     0.00     0.00
 228 	   -0.00   136.00     0.00     0.00     0.00     0.00
   	  620.00     0.00     0.00    90.00
   	  620.00     0.00     0.00    90.00
 229 	  136.00   136.00     0.00     0.00     0.00     0.00
 229 	  136.00   136.00     0.00     0.00     0.00     0.00
   	  620.00     0.00     0.00    90.00
   	  620.00     0.00     0.00    90.00
 230 	  272.00   136.00     0.00     0.00     0.00     0.00
 230 	  272.00   136.00     0.00     0.00     0.00     0.00
   	  620.00     0.00     0.00    90.00
   	  620.00     0.00     0.00    90.00
 231 	  408.00   136.00     0.00     0.00     0.00     0.00
 231 	  408.00   136.00     0.00     0.00     0.00     0.00
   	  620.00     0.00     0.00    90.00
   	  620.00     0.00     0.00    90.00
 232 	  544.00   136.00     0.00     0.00     0.00     0.00
 232 	  544.00   136.00     0.00     0.00     0.00     0.00
   	  620.00     0.00     0.00    90.00
   	  620.00     0.00     0.00    90.00
 233 	  680.00   136.00     0.00     0.00     0.00     0.00
 233 	  680.00   136.00     0.00     0.00     0.00     0.00
   	  620.00     0.00     0.00    90.00
   	  620.00     0.00     0.00    90.00
 234 	  816.00   136.00     0.00     0.00     0.00     0.00
 234 	  816.00   136.00     0.00     0.00     0.00     0.00
   	  620.00     0.00     0.00    90.00
   	  620.00     0.00     0.00    90.00
 235 	  952.00   136.00     0.00     0.00     0.00     0.00
 235 	  952.00   136.00     0.00     0.00     0.00     0.00
   	  620.00     0.00     0.00    90.00
   	  620.00     0.00     0.00    90.00
 236 	 1088.00   136.00     0.00     0.00     0.00     0.00
 236 	 1088.00   136.00     0.00     0.00     0.00     0.00
   	  620.00     0.00     0.00    90.00
   	  620.00     0.00     0.00    90.00
 237 	 1224.00   136.00     0.00     0.00     0.00     0.00
 237 	 1224.00   136.00     0.00     0.00     0.00     0.00
   	  620.00     0.00     0.00    90.00
   	  620.00     0.00     0.00    90.00
 238 	 1360.00   136.00     0.00     0.00     0.00     0.00
 238 	 1360.00   136.00     0.00     0.00     0.00     0.00
   	  620.00     0.00     0.00    90.00
   	  620.00     0.00     0.00    90.00
 239 	 1496.00   136.00     0.00     0.00     0.00     0.00
 239 	 1496.00   136.00     0.00     0.00     0.00     0.00
   	  620.00     0.00     0.00    90.00
   	  620.00     0.00     0.00    90.00
 240 	 1632.00   136.00     0.00     0.00     0.00     0.00
 240 	 1632.00   136.00     0.00     0.00     0.00     0.00
   	  620.00     0.00     0.00    90.00
   	  620.00     0.00     0.00    90.00
 241 	 1768.00   136.00     0.00     0.00     0.00     0.00
 241 	 1768.00   136.00     0.00     0.00     0.00     0.00
   	  620.00     0.00     0.00    90.00
   	  620.00     0.00     0.00    90.00
 242 	 -136.00  -544.00     0.00     0.00     0.00     0.00
 242 	 -136.00  -544.00     0.00     0.00     0.00     0.00
   	  620.00     0.00     0.00    90.00
   	  620.00     0.00     0.00    90.00
 243 	    0.00  -544.00     0.00     0.00     0.00     0.00
 243 	    0.00  -544.00     0.00     0.00     0.00     0.00
   	  620.00     0.00     0.00    90.00
   	  620.00     0.00     0.00    90.00
 244 	  136.00  -544.00     0.00     0.00     0.00     0.00
 244 	  136.00  -544.00     0.00     0.00     0.00     0.00
   	  620.00     0.00     0.00    90.00
   	  620.00     0.00     0.00    90.00

** End writing output file: ../inputs/gr764.dat 
