*******************************************************************************
                         ARRAY PREPROCESSOR ver. 1.0
*******************************************************************************



   1	GROUP testgroup
   3	 GRID HEXAGONAL
   4	 ELEMENT
   5	 GEOMETRY CIRCULAR 79
   7	 ADD HEXAGON 7 -4
   9	 GROUP_EXCITATION
  10	 AMPLITUDE UNIFORM 32
  11	 PHASE ROTATION SEQUENTIAL CCW ANGLE START 79 STEP 16
  13	 END

** Generating GROUP: testgroup.
** PSTEP,QSTEP set to:158.000000,158.000000
** Grid ANGLE set to:60.000000 
** Group ROT_ANGLE set to: 0.000000 

** Writing output file: ../inputs/gr766.dat

NEL 
NPORTS
IDUM      REXA     REYA     REZA     THEA     PHEA     PSEA 
          AMP      PSH      PSC      PHEPOL
   7
   7
   1
   1
   1 	  711.00  -410.50     0.00     0.00    79.00     0.00
   1 	  711.00  -410.50     0.00     0.00    79.00     0.00
   	   32.00    79.00     0.00    90.00
   	   32.00    79.00     0.00    90.00
   2 	  869.00  -410.50     0.00     0.00    95.00     0.00
   2 	  869.00  -410.50     0.00     0.00    95.00     0.00
   	   32.00    95.00     0.00    90.00
   	   32.00    95.00     0.00    90.00
   3 	  948.00  -547.33     0.00     0.00   111.00     0.00
   3 	  948.00  -547.33     0.00     0.00   111.00     0.00
   	   32.00   111.00     0.00    90.00
   	   32.00   111.00     0.00    90.00
   4 	  869.00  -684.16     0.00     0.00   127.00     0.00
   4 	  869.00  -684.16     0.00     0.00   127.00     0.00
   	   32.00   127.00     0.00    90.00
   	   32.00   127.00     0.00    90.00
   5 	  711.00  -684.16     0.00     0.00   143.00     0.00
   5 	  711.00  -684.16     0.00     0.00   143.00     0.00
   	   32.00   143.00     0.00    90.00
   	   32.00   143.00     0.00    90.00
   6 	  632.00  -547.33     0.00     0.00   159.00     0.00
   6 	  632.00  -547.33     0.00     0.00   159.00     0.00
   	   32.00   159.00     0.00    90.00
   	   32.00   159.00     0.00    90.00
   7 	  790.00  -547.33     0.00     0.00   175.00     0.00
   7 	  790.00  -547.33     0.00     0.00   175.00     0.00
   	   32.00   175.00     0.00    90.00
   	   32.00   175.00     0.00    90.00

** End writing output file: ../inputs/gr766.dat 
