*******************************************************************************
                         ARRAY PREPROCESSOR ver. 1.0
*******************************************************************************



   1	GROUP testgroup
   3	 GRID HEXAGONAL
   4	 ELEMENT
   5	 GEOMETRY CIRCULAR 85
   7	 ADD HEXAGON 6 8
   8	 ADD HEXAGON -5 5
   9	 ADD BLOCK 5 -4 -3 1
  10	 ADD BLOCK 3 -4 -1 -2
  12	 GROUP_EXCITATION
  13	 AMPLITUDE UNIFORM 26
  14	 PHASE UNIFORM -61
  15	 END

** Generating GROUP: testgroup.
** PSTEP,QSTEP set to:170.000000,170.000000
** Grid ANGLE set to:60.000000 
** Group ROT_ANGLE set to: 0.000000 

** Writing output file: ../inputs/gr770.dat

NEL 
NPORTS
IDUM      REXA     REYA     REZA     THEA     PHEA     PSEA 
          AMP      PSH      PSC      PHEPOL
  83
  83
   1
   1
   1 	 1615.00  1325.02     0.00     0.00     0.00     0.00
   1 	 1615.00  1325.02     0.00     0.00     0.00     0.00
   	   26.00   -61.00     0.00    90.00
   	   26.00   -61.00     0.00    90.00
   2 	 1785.00  1325.02     0.00     0.00     0.00     0.00
   2 	 1785.00  1325.02     0.00     0.00     0.00     0.00
   	   26.00   -61.00     0.00    90.00
   	   26.00   -61.00     0.00    90.00
   3 	 1870.00  1177.79     0.00     0.00     0.00     0.00
   3 	 1870.00  1177.79     0.00     0.00     0.00     0.00
   	   26.00   -61.00     0.00    90.00
   	   26.00   -61.00     0.00    90.00
   4 	 1785.00  1030.57     0.00     0.00     0.00     0.00
   4 	 1785.00  1030.57     0.00     0.00     0.00     0.00
   	   26.00   -61.00     0.00    90.00
   	   26.00   -61.00     0.00    90.00
   5 	 1615.00  1030.57     0.00     0.00     0.00     0.00
   5 	 1615.00  1030.57     0.00     0.00     0.00     0.00
   	   26.00   -61.00     0.00    90.00
   	   26.00   -61.00     0.00    90.00
   6 	 1530.00  1177.79     0.00     0.00     0.00     0.00
   6 	 1530.00  1177.79     0.00     0.00     0.00     0.00
   	   26.00   -61.00     0.00    90.00
   	   26.00   -61.00     0.00    90.00
   7 	 1700.00  1177.79     0.00     0.00     0.00     0.00
   7 	 1700.00  1177.79     0.00     0.00     0.00     0.00
   	   26.00   -61.00     0.00    90.00
   	   26.00   -61.00     0.00    90.00
   8 	 -510.00   883.35     0.00     0.00     0.00     0.00
   8 	 -510.00   883.35     0.00     0.00     0.00     0.00
   	   26.00   -61.00     0.00    90.00
   	   26.00   -61.00     0.00    90.00
   9 	 -340.00   883.35     0.00     0.00     0.00     0.00
   9 	 -340.00   883.35     0.00     0.00     0.00     0.00
   	   26.00   -61.00     0.00    90.00
   	   26.00   -61.00     0.00    90.00
  10 	 -255.00   736.12     0.00     0.00     0.00     0.00
  10 	 -255.00   736.12     0.00     0.00     0.00     0.00
   	   26.00   -61.00     0.00    90.00
   	   26.00   -61.00     0.00    90.00
  11 	 -340.00   588.90     0.00     0.00     0.00     0.00
  11 	 -340.00   588.90     0.00     0.00     0.00     0.00
   	   26.00   -61.00     0.00    90.00
   	   26.00   -61.00     0.00    90.00
  12 	 -510.00   588.90     0.00     0.00     0.00     0.00
  12 	 -510.00   588.90     0.00     0.00     0.00     0.00
   	   26.00   -61.00     0.00    90.00
   	   26.00   -61.00     0.00    90.00
  13 	 -595.00   736.12     0.00     0.00     0.00     0.00
  13 	 -595.00   736.12     0.00     0.00     0.00     0.00
   	   26.00   -61.00     0.00    90.00
   	   26.00   -61.00     0.00    90.00
  14 	 -425.00   736.12     0.00     0.00     0.00     0.00
  14 	 -425.00   736.12     0.00     0.00     0.00     0.00
   	   26.00   -61.00     0.00    90.00
   	   26.00   -61.00     0.00    90.00
  15 	 -850.00  -588.90     0.00     0.00     0.00     0.00
  15 	 -850.00  -588.90     0.00     0.00     0.00     0.00
   	   26.00   -61.00     0.00    90.00
   	   26.00   -61.00     0.00    90.00
  16 	 -680.00  -588.90     0.00     0.00     0.00     0.00
  16 	 -680.00  -588.90     0.00     0.00     0.00     0.00
   	   26.00   -61.00     0.00    90.00
   	   26.00   -61.00     0.00    90.00
  17 	 -510.00  -588.90     0.00     0.00     0.00     0.00
  17 	 -510.00  -588.90     0.00     0.00     0.00     0.00
   	   26.00   -61.00     0.00    90.00
   	   26.00   -61.00     0.00    90.00
  18 	 -340.00  -588.90     0.00     0.00     0.00     0.00
  18 	 -340.00  -588.90     0.00     0.00     0.00     0.00
   	   26.00   -61.00     0.00    90.00
   	   26.00   -61.00     0.00    90.00
  19 	 -170.00  -588.90     0.00     0.00     0.00     0.00
  19 	 -170.00  -588.90     0.00     0.00     0.00     0.00
   	   26.00   -61.00     0.00    90.00
   	   26.00   -61.00     0.00    90.00
  20 	    0.00  -588.90     0.00     0.00     0.00     0.00
  20 	    0.00  -588.90     0.00     0.00     0.00     0.00
   	   26.00   -61.00     0.00    90.00
   	   26.00   -61.00     0.00    90.00
  21 	  170.00  -588.90     0.00     0.00     0.00     0.00
  21 	  170.00  -588.90     0.00     0.00     0.00     0.00
   	   26.00   -61.00     0.00    90.00
   	   26.00   -61.00     0.00    90.00
  22 	  340.00  -588.90     0.00     0.00     0.00     0.00
  22 	  340.00  -588.90     0.00     0.00     0.00     0.00
   	   26.00   -61.00     0.00    90.00
   	   26.00   -61.00     0.00    90.00
  23 	  510.00  -588.90     0.00     0.00     0.00     0.00
  23 	  510.00  -588.90     0.00     0.00     0.00     0.00
   	   26.00   -61.00     0.00    90.00
   	   26.00   -61.00     0.00    90.00
  24 	 -765.00  -441.67     0.00     0.00     0.00     0.00
  24 	 -765.00  -441.67     0.00     0.00     0.00     0.00
   	   26.00   -61.00     0.00    90.00
   	   26.00   -61.00     0.00    90.00
  25 	 -595.00  -441.67     0.00     0.00     0.00     0.00
  25 	 -595.00  -441.67     0.00     0.00     0.00     0.00
   	   26.00   -61.00     0.00    90.00
   	   26.00   -61.00     0.00    90.00
  26 	 -425.00  -441.67     0.00     0.00     0.00     0.00
  26 	 -425.00  -441.67     0.00     0.00     0.00     0.00
   	   26.00   -61.00     0.00    90.00
   	   26.00   -61.00     0.00    90.00
  27 	 -255.00  -441.67     0.00     0.00     0.00     0.00
  27 	 -255.00  -441.67     0.00     0.00     0.00     0.00
   	   26.00   -61.00     0.00    90.00
   	   26.00   -61.00     0.00    90.00
  28 	  -85.00  -441.67     0.00     0.00     0.00     0.00
  28 	  -85.00  -441.67     0.00     0.00     0.00     0.00
   	   26.00   -61.00     0.00    90.00
   	   26.00   -61.00     0.00    90.00
  29 	   85.00  -441.67     0.00     0.00     0.00     0.00
  29 	   85.00  -441.67     0.00     0.00     0.00     0.00
   	   26.00   -61.00     0.00    90.00
   	   26.00   -61.00     0.00    90.00
  30 	  255.00  -441.67     0.00     0.00     0.00     0.00
  30 	  255.00  -441.67     0.00     0.00     0.00     0.00
   	   26.00   -61.00     0.00    90.00
   	   26.00   -61.00     0.00    90.00
  31 	  425.00  -441.67     0.00     0.00     0.00     0.00
  31 	  425.00  -441.67     0.00     0.00     0.00     0.00
   	   26.00   -61.00     0.00    90.00
   	   26.00   -61.00     0.00    90.00
  32 	  595.00  -441.67     0.00     0.00     0.00     0.00
  32 	  595.00  -441.67     0.00     0.00     0.00     0.00
   	   26.00   -61.00     0.00    90.00
   	   26.00   -61.00     0.00    90.00
  33 	 -680.00  -294.45     0.00     0.00     0.00     0.00
  33 	 -680.00  -294.45     0.00     0.00     0.00     0.00
   	   26.00   -61.00     0.00    90.00
   	   26.00   -61.00     0.00    90.00
  34 	 -510.00  -294.45     0.00     0.00     0.00     0.00
  34 	 -510.00  -294.45     0.00     0.00     0.00     0.00
   	   26.00   -61.00     0.00    90.00
   	   26.00   -61.00     0.00    90.00
  35 	 -340.00  -294.45     0.00     0.00     0.00     0.00
  35 	 -340.00  -294.45     0.00     0.00     0.00     0.00
   	   26.00   -61.00     0.00    90.00
   	   26.00   -61.00     0.00    90.00
  36 	 -170.00  -294.45     0.00     0.00     0.00     0.00
  36 	 -170.00  -294.45     0.00     0.00     0.00     0.00
   	   26.00   -61.00     0.00    90.00
   	   26.00   -61.00     0.00    90.00
  37 	    0.00  -294.45     0.00     0.00     0.00     0.00
  37 	    0.00  -294.45     0.00     0.00     0.00     0.00
   	   26.00   -61.00     0.00    90.00
   	   26.00   -61.00     0.00    90.00
  38 	  170.00  -294.45     0.00     0.00     0.00     0.00
  38 	  170.00  -294.45     0.00     0.00     0.00     0.00
   	   26.00   -61.00     0.00    90.00
   	   26.00   -61.00     0.00    90.00
  39 	  340.00  -294.45     0.00     0.00     0.00     0.00
  39 	  340.00  -294.45     0.00     0.00     0.00     0.00
   	   26.00   -61.00     0.00    90.00
   	   26.00   -61.00     0.00    90.00
  40 	  510.00  -294.45     0.00     0.00     0.00     0.00
  40 	  510.00  -294.45     0.00     0.00     0.00     0.00
   	   26.00   -61.00     0.00    90.00
   	   26.00   -61.00     0.00    90.00
  41 	  680.00  -294.45     0.00     0.00     0.00     0.00
  41 	  680.00  -294.45     0.00     0.00     0.00     0.00
   	   26.00   -61.00     0.00    90.00
   	   26.00   -61.00     0.00    90.00
  42 	 -595.00  -147.22     0.00     0.00     0.00     0.00
  42 	 -595.00  -147.22     0.00     0.00     0.00     0.00
   	   26.00   -61.00     0.00    90.00
   	   26.00   -61.00     0.00    90.00
  43 	 -425.00  -147.22     0.00     0.00     0.00     0.00
  43 	 -425.00  -147.22     0.00     0.00     0.00     0.00
   	   26.00   -61.00     0.00    90.00
   	   26.00   -61.00     0.00    90.00
  44 	 -255.00  -147.22     0.00     0.00     0.00     0.00
  44 	 -255.00  -147.22     0.00     0.00     0.00     0.00
   	   26.00   -61.00     0.00    90.00
   	   26.00   -61.00     0.00    90.00
  45 	  -85.00  -147.22     0.00     0.00     0.00     0.00
  45 	  -85.00  -147.22     0.00     0.00     0.00     0.00
   	   26.00   -61.00     0.00    90.00
   	   26.00   -61.00     0.00    90.00
  46 	   85.00  -147.22     0.00     0.00     0.00     0.00
  46 	   85.00  -147.22     0.00     0.00     0.00     0.00
   	   26.00   -61.00     0.00    90.00
   	   26.00   -61.00     0.00    90.00
  47 	  255.00  -147.22     0.00     0.00     0.00     0.00
  47 	  255.00  -147.22     0.00     0.00     0.00     0.00
   	   26.00   -61.00     0.00    90.00
   	   26.00   -61.00     0.00    90.00
  48 	  425.00  -147.22     0.00     0.00     0.00     0.00
  48 	  425.00  -147.22     0.00     0.00     0.00     0.00
   	   26.00   -61.00     0.00    90.00
   	   26.00   -61.00     0.00    90.00
  49 	  595.00  -147.22     0.00     0.00     0.00     0.00
  49 	  595.00  -147.22     0.00     0.00     0.00     0.00
   	   26.00   -61.00     0.00    90.00
   	   26.00   -61.00     0.00    90.00
  50 	  765.00  -147.22     0.00     0.00     0.00     0.00
  50 	  765.00  -147.22     0.00     0.00     0.00     0.00
   	   26.00   -61.00     0.00    90.00
   	   26.00   -61.00     0.00    90.00
  51 	 -510.00     0.00     0.00     0.00     0.00     0.00
  51 	 -510.00     0.00     0.00     0.00     0.00     0.00
   	   26.00   -61.00     0.00    90.00
   	   26.00   -61.00     0.00    90.00
  52 	 -340.00     0.00     0.00     0.00     0.00     0.00
  52 	 -340.00     0.00     0.00     0.00     0.00     0.00
   	   26.00   -61.00     0.00    90.00
   	   26.00   -61.00     0.00    90.00
  53 	 -170.00     0.00     0.00     0.00     0.00     0.00
  53 	 -170.00     0.00     0.00     0.00     0.00     0.00
   	   26.00   -61.00     0.00    90.00
   	   26.00   -61.00     0.00    90.00
  54 	    0.00     0.00     0.00     0.00     0.00     0.00
  54 	    0.00     0.00     0.00     0.00     0.00     0.00
   	   26.00   -61.00     0.00    90.00
   	   26.00   -61.00     0.00    90.00
  55 	  170.00     0.00     0.00     0.00     0.00     0.00
  55 	  170.00     0.00     0.00     0.00     0.00     0.00
   	   26.00   -61.00     0.00    90.00
   	   26.00   -61.00     0.00    90.00
  56 	  340.00     0.00     0.00     0.00     0.00     0.00
  56 	  340.00     0.00     0.00     0.00     0.00     0.00
   	   26.00   -61.00     0.00    90.00
   	   26.00   -61.00     0.00    90.00
  57 	  510.00     0.00     0.00     0.00     0.00     0.00
  57 	  510.00     0.00     0.00     0.00     0.00     0.00
   	   26.00   -61.00     0.00    90.00
   	   26.00   -61.00     0.00    90.00
  58 	  680.00     0.00     0.00     0.00     0.00     0.00
  58 	  680.00     0.00     0.00     0.00     0.00     0.00
   	   26.00   -61.00     0.00    90.00
   	   26.00   -61.00     0.00    90.00
  59 	  850.00     0.00     0.00     0.00     0.00     0.00
  59 	  850.00     0.00     0.00     0.00     0.00     0.00
   	   26.00   -61.00     0.00    90.00
   	   26.00   -61.00     0.00    90.00
  60 	 -425.00   147.22     0.00     0.00     0.00     0.00
  60 	 -425.00   147.22     0.00     0.00     0.00     0.00
   	   26.00   -61.00     0.00    90.00
   	   26.00   -61.00     0.00    90.00
  61 	 -255.00   147.22     0.00     0.00     0.00     0.00
  61 	 -255.00   147.22     0.00     0.00     0.00     0.00
   	   26.00   -61.00     0.00    90.00
   	   26.00   -61.00     0.00    90.00
  62 	  -85.00   147.22     0.00     0.00     0.00     0.00
  62 	  -85.00   147.22     0.00     0.00     0.00     0.00
   	   26.00   -61.00     0.00    90.00
   	   26.00   -61.00     0.00    90.00
  63 	   85.00   147.22     0.00     0.00     0.00     0.00
  63 	   85.00   147.22     0.00     0.00     0.00     0.00
   	   26.00   -61.00     0.00    90.00
   	   26.00   -61.00     0.00    90.00
  64 	  255.00   147.22     0.00     0.00     0.00     0.00
  64 	  255.00   147.22     0.00     0.00     0.00     0.00
   	   26.00   -61.00     0.00    90.00
   	   26.00   -61.00     0.00    90.00
  65 	  425.00   147.22     0.00     0.00     0.00     0.00
  65 	  425.00   147.22     0.00     0.00     0.00     0.00
   	   26.00   -61.00     0.00    90.00
   	   26.00   -61.00     0.00    90.00
  66 	  595.00   147.22     0.00     0.00     0.00     0.00
  66 	  595.00   147.22     0.00     0.00     0.00     0.00
   	   26.00   -61.00     0.00    90.00
   	   26.00   -61.00     0.00    90.00
  67 	  765.00   147.22     0.00     0.00     0.00     0.00
  67 	  765.00   147.22     0.00     0.00     0.00     0.00
   	   26.00   -61.00     0.00    90.00
   	   26.00   -61.00     0.00    90.00
  68 	  935.00   147.22     0.00     0.00     0.00     0.00
  68 	  935.00   147.22     0.00     0.00     0.00     0.00
   	   26.00   -61.00     0.00    90.00
   	   26.00   -61.00     0.00    90.00
  69 	 -510.00  -588.90     0.00     0.00     0.00     0.00
  69 	 -510.00  -588.90     0.00     0.00     0.00     0.00
   	   26.00   -61.00     0.00    90.00
   	   26.00   -61.00     0.00    90.00
  70 	 -340.00  -588.90     0.00     0.00     0.00     0.00
  70 	 -340.00  -588.90     0.00     0.00     0.00     0.00
   	   26.00   -61.00     0.00    90.00
   	   26.00   -61.00     0.00    90.00
  71 	 -170.00  -588.90     0.00     0.00     0.00     0.00
  71 	 -170.00  -588.90     0.00     0.00     0.00     0.00
   	   26.00   -61.00     0.00    90.00
   	   26.00   -61.00     0.00    90.00
  72 	    0.00  -588.90     0.00     0.00     0.00     0.00
  72 	    0.00  -588.90     0.00     0.00     0.00     0.00
   	   26.00   -61.00     0.00    90.00
   	   26.00   -61.00     0.00    90.00
  73 	  170.00  -588.90     0.00     0.00     0.00     0.00
  73 	  170.00  -588.90     0.00     0.00     0.00     0.00
   	   26.00   -61.00     0.00    90.00
   	   26.00   -61.00     0.00    90.00
  74 	 -425.00  -441.67     0.00     0.00     0.00     0.00
  74 	 -425.00  -441.67     0.00     0.00     0.00     0.00
   	   26.00   -61.00     0.00    90.00
   	   26.00   -61.00     0.00    90.00
  75 	 -255.00  -441.67     0.00     0.00     0.00     0.00
  75 	 -255.00  -441.67     0.00     0.00     0.00     0.00
   	   26.00   -61.00     0.00    90.00
   	   26.00   -61.00     0.00    90.00
  76 	  -85.00  -441.67     0.00     0.00     0.00     0.00
  76 	  -85.00  -441.67     0.00     0.00     0.00     0.00
   	   26.00   -61.00     0.00    90.00
   	   26.00   -61.00     0.00    90.00
  77 	   85.00  -441.67     0.00     0.00     0.00     0.00
  77 	   85.00  -441.67     0.00     0.00     0.00     0.00
   	   26.00   -61.00     0.00    90.00
   	   26.00   -61.00     0.00    90.00
  78 	  255.00  -441.67     0.00     0.00     0.00     0.00
  78 	  255.00  -441.67     0.00     0.00     0.00     0.00
   	   26.00   -61.00     0.00    90.00
   	   26.00   -61.00     0.00    90.00
  79 	 -340.00  -294.45     0.00     0.00     0.00     0.00
  79 	 -340.00  -294.45     0.00     0.00     0.00     0.00
   	   26.00   -61.00     0.00    90.00
   	   26.00   -61.00     0.00    90.00
  80 	 -170.00  -294.45     0.00     0.00     0.00     0.00
  80 	 -170.00  -294.45     0.00     0.00     0.00     0.00
   	   26.00   -61.00     0.00    90.00
   	   26.00   -61.00     0.00    90.00
  81 	    0.00  -294.45     0.00     0.00     0.00     0.00
  81 	    0.00  -294.45     0.00     0.00     0.00     0.00
   	   26.00   -61.00     0.00    90.00
   	   26.00   -61.00     0.00    90.00
  82 	  170.00  -294.45     0.00     0.00     0.00     0.00
  82 	  170.00  -294.45     0.00     0.00     0.00     0.00
   	   26.00   -61.00     0.00    90.00
   	   26.00   -61.00     0.00    90.00
  83 	  340.00  -294.45     0.00     0.00     0.00     0.00
  83 	  340.00  -294.45     0.00     0.00     0.00     0.00
   	   26.00   -61.00     0.00    90.00
   	   26.00   -61.00     0.00    90.00

** End writing output file: ../inputs/gr770.dat 
