*******************************************************************************
                         ARRAY PREPROCESSOR ver. 1.0
*******************************************************************************



   1	GROUP testgroup
   3	 GRID TRIANGULAR ANGLE 63 deg PSTEP 84 QSTEP 45
   4	 ELEMENT
   5	 GEOMETRY CIRCULAR 33
   7	 ADD BLOCK 8 0 0 0
   9	 GROUP_EXCITATION
  10	 AMPLITUDE UNIFORM 21
  11	 PHASE UNIFORM 31
  12	 END

** WARNING B2: GRID step(s) too small for specified element in GROUP: testgroup
** Generating GROUP: testgroup.
** PSTEP,QSTEP set to:84.000000,45.000000
** Grid ANGLE set to:63.000000 
** Group ROT_ANGLE set to: 0.000000 

** Writing output file: ../inputs/gr773.dat

NEL 
NPORTS
IDUM      REXA     REYA     REZA     THEA     PHEA     PSEA 
          AMP      PSH      PSC      PHEPOL
   9
   9
   1
   1
   1 	    0.00     0.00     0.00     0.00     0.00     0.00
   1 	    0.00     0.00     0.00     0.00     0.00     0.00
   	   21.00    31.00     0.00    90.00
   	   21.00    31.00     0.00    90.00
   2 	   84.00     0.00     0.00     0.00     0.00     0.00
   2 	   84.00     0.00     0.00     0.00     0.00     0.00
   	   21.00    31.00     0.00    90.00
   	   21.00    31.00     0.00    90.00
   3 	  168.00     0.00     0.00     0.00     0.00     0.00
   3 	  168.00     0.00     0.00     0.00     0.00     0.00
   	   21.00    31.00     0.00    90.00
   	   21.00    31.00     0.00    90.00
   4 	  252.00     0.00     0.00     0.00     0.00     0.00
   4 	  252.00     0.00     0.00     0.00     0.00     0.00
   	   21.00    31.00     0.00    90.00
   	   21.00    31.00     0.00    90.00
   5 	  336.00     0.00     0.00     0.00     0.00     0.00
   5 	  336.00     0.00     0.00     0.00     0.00     0.00
   	   21.00    31.00     0.00    90.00
   	   21.00    31.00     0.00    90.00
   6 	  420.00     0.00     0.00     0.00     0.00     0.00
   6 	  420.00     0.00     0.00     0.00     0.00     0.00
   	   21.00    31.00     0.00    90.00
   	   21.00    31.00     0.00    90.00
   7 	  504.00     0.00     0.00     0.00     0.00     0.00
   7 	  504.00     0.00     0.00     0.00     0.00     0.00
   	   21.00    31.00     0.00    90.00
   	   21.00    31.00     0.00    90.00
   8 	  588.00     0.00     0.00     0.00     0.00     0.00
   8 	  588.00     0.00     0.00     0.00     0.00     0.00
   	   21.00    31.00     0.00    90.00
   	   21.00    31.00     0.00    90.00
   9 	  672.00     0.00     0.00     0.00     0.00     0.00
   9 	  672.00     0.00     0.00     0.00     0.00     0.00
   	   21.00    31.00     0.00    90.00
   	   21.00    31.00     0.00    90.00

** End writing output file: ../inputs/gr773.dat 
