*******************************************************************************
                         ARRAY PREPROCESSOR ver. 1.0
*******************************************************************************



   1	GROUP testgroup
   3	 GRID RECTANGULAR
   4	 ELEMENT
   5	 GEOMETRY RECTANGULAR 13 24
   8	 ADD BLOCK 1 -4 -3 -3
  10	 GROUP_EXCITATION
  11	 AMPLITUDE UNIFORM 31
  12	 PHASE ROTATION SEQUENTIAL
  13	 END

** Generating GROUP: testgroup.
** PSTEP,QSTEP set to:27.294688,27.294688
** Grid ANGLE set to:90.000000 
** Group ROT_ANGLE set to: 0.000000 

** Writing output file: ../inputs/gr775.dat

NEL 
NPORTS
IDUM      REXA     REYA     REZA     THEA     PHEA     PSEA 
          AMP      PSH      PSC      PHEPOL
  10
  10
   1
   1
   1 	  -81.88  -109.18     0.00     0.00  -324.00     0.00
   1 	  -81.88  -109.18     0.00     0.00  -324.00     0.00
   	   31.00  -324.00     0.00    90.00
   	   31.00  -324.00     0.00    90.00
   2 	  -54.59  -109.18     0.00     0.00  -288.00     0.00
   2 	  -54.59  -109.18     0.00     0.00  -288.00     0.00
   	   31.00  -288.00     0.00    90.00
   	   31.00  -288.00     0.00    90.00
   3 	  -27.29  -109.18     0.00     0.00  -252.00     0.00
   3 	  -27.29  -109.18     0.00     0.00  -252.00     0.00
   	   31.00  -252.00     0.00    90.00
   	   31.00  -252.00     0.00    90.00
   4 	    0.00  -109.18     0.00     0.00  -216.00     0.00
   4 	    0.00  -109.18     0.00     0.00  -216.00     0.00
   	   31.00  -216.00     0.00    90.00
   	   31.00  -216.00     0.00    90.00
   5 	   27.29  -109.18     0.00     0.00  -180.00     0.00
   5 	   27.29  -109.18     0.00     0.00  -180.00     0.00
   	   31.00  -180.00     0.00    90.00
   	   31.00  -180.00     0.00    90.00
   6 	  -81.88   -81.88     0.00     0.00     0.00     0.00
   6 	  -81.88   -81.88     0.00     0.00     0.00     0.00
   	   31.00     0.00     0.00    90.00
   	   31.00     0.00     0.00    90.00
   7 	  -54.59   -81.88     0.00     0.00   -36.00     0.00
   7 	  -54.59   -81.88     0.00     0.00   -36.00     0.00
   	   31.00   -36.00     0.00    90.00
   	   31.00   -36.00     0.00    90.00
   8 	  -27.29   -81.88     0.00     0.00   -72.00     0.00
   8 	  -27.29   -81.88     0.00     0.00   -72.00     0.00
   	   31.00   -72.00     0.00    90.00
   	   31.00   -72.00     0.00    90.00
   9 	    0.00   -81.88     0.00     0.00  -108.00     0.00
   9 	    0.00   -81.88     0.00     0.00  -108.00     0.00
   	   31.00  -108.00     0.00    90.00
   	   31.00  -108.00     0.00    90.00
  10 	   27.29   -81.88     0.00     0.00  -144.00     0.00
  10 	   27.29   -81.88     0.00     0.00  -144.00     0.00
   	   31.00  -144.00     0.00    90.00
   	   31.00  -144.00     0.00    90.00

** End writing output file: ../inputs/gr775.dat 
