*******************************************************************************
                         ARRAY PREPROCESSOR ver. 1.0
*******************************************************************************



   1	GROUP testgroup
   3	 GRID RECTANGULAR
   4	 ELEMENT
   5	 GEOMETRY CIRCULAR 57
   6	 POLARIZATION CIRCULAR
   7	 ADD BLOCK 3 2 0 0
   8	 ADD HEXAGON -5 1
   9	 ADD HEXAGON 3 2
  10	 ADD BLOCK 11 6 3 -7
  12	 GROUP_EXCITATION
  13	 AMPLITUDE UNIFORM 28
  14	 PHASE UNIFORM 31
  15	 END

** Generating GROUP: testgroup.
** PSTEP,QSTEP set to:114.000000,114.000000
** Grid ANGLE set to:90.000000 
** Group ROT_ANGLE set to: 0.000000 

** Writing output file: ../inputs/gr777.dat

NEL 
NPORTS
IDUM      REXA     REYA     REZA     THEA     PHEA     PSEA 
          AMP      PSH      PSC      PHEPOL
 152
 152
   1
   1
   1 	    0.00     0.00     0.00     0.00     0.00     0.00
   1 	    0.00     0.00     0.00     0.00     0.00     0.00
   	   28.00    31.00     0.00    90.00
   	   28.00    31.00     0.00    90.00
   2 	  114.00     0.00     0.00     0.00     0.00     0.00
   2 	  114.00     0.00     0.00     0.00     0.00     0.00
   	   28.00    31.00     0.00    90.00
   	   28.00    31.00     0.00    90.00
   3 	  228.00     0.00     0.00     0.00     0.00     0.00
   3 	  228.00     0.00     0.00     0.00     0.00     0.00
   	   28.00    31.00     0.00    90.00
   	   28.00    31.00     0.00    90.00
   4 	  342.00     0.00     0.00     0.00     0.00     0.00
   4 	  342.00     0.00     0.00     0.00     0.00     0.00
   	   28.00    31.00     0.00    90.00
   	   28.00    31.00     0.00    90.00
   5 	   -0.00   114.00     0.00     0.00     0.00     0.00
   5 	   -0.00   114.00     0.00     0.00     0.00     0.00
   	   28.00    31.00     0.00    90.00
   	   28.00    31.00     0.00    90.00
   6 	  114.00   114.00     0.00     0.00     0.00     0.00
   6 	  114.00   114.00     0.00     0.00     0.00     0.00
   	   28.00    31.00     0.00    90.00
   	   28.00    31.00     0.00    90.00
   7 	  228.00   114.00     0.00     0.00     0.00     0.00
   7 	  228.00   114.00     0.00     0.00     0.00     0.00
   	   28.00    31.00     0.00    90.00
   	   28.00    31.00     0.00    90.00
   8 	  342.00   114.00     0.00     0.00     0.00     0.00
   8 	  342.00   114.00     0.00     0.00     0.00     0.00
   	   28.00    31.00     0.00    90.00
   	   28.00    31.00     0.00    90.00
   9 	   -0.00   228.00     0.00     0.00     0.00     0.00
   9 	   -0.00   228.00     0.00     0.00     0.00     0.00
   	   28.00    31.00     0.00    90.00
   	   28.00    31.00     0.00    90.00
  10 	  114.00   228.00     0.00     0.00     0.00     0.00
  10 	  114.00   228.00     0.00     0.00     0.00     0.00
   	   28.00    31.00     0.00    90.00
   	   28.00    31.00     0.00    90.00
  11 	  228.00   228.00     0.00     0.00     0.00     0.00
  11 	  228.00   228.00     0.00     0.00     0.00     0.00
   	   28.00    31.00     0.00    90.00
   	   28.00    31.00     0.00    90.00
  12 	  342.00   228.00     0.00     0.00     0.00     0.00
  12 	  342.00   228.00     0.00     0.00     0.00     0.00
   	   28.00    31.00     0.00    90.00
   	   28.00    31.00     0.00    90.00
  13 	 -684.00   228.00     0.00     0.00     0.00     0.00
  13 	 -684.00   228.00     0.00     0.00     0.00     0.00
   	   28.00    31.00     0.00    90.00
   	   28.00    31.00     0.00    90.00
  14 	 -570.00   228.00     0.00     0.00     0.00     0.00
  14 	 -570.00   228.00     0.00     0.00     0.00     0.00
   	   28.00    31.00     0.00    90.00
   	   28.00    31.00     0.00    90.00
  15 	 -456.00   114.00     0.00     0.00     0.00     0.00
  15 	 -456.00   114.00     0.00     0.00     0.00     0.00
   	   28.00    31.00     0.00    90.00
   	   28.00    31.00     0.00    90.00
  16 	 -456.00     0.00     0.00     0.00     0.00     0.00
  16 	 -456.00     0.00     0.00     0.00     0.00     0.00
   	   28.00    31.00     0.00    90.00
   	   28.00    31.00     0.00    90.00
  17 	 -570.00     0.00     0.00     0.00     0.00     0.00
  17 	 -570.00     0.00     0.00     0.00     0.00     0.00
   	   28.00    31.00     0.00    90.00
   	   28.00    31.00     0.00    90.00
  18 	 -684.00   114.00     0.00     0.00     0.00     0.00
  18 	 -684.00   114.00     0.00     0.00     0.00     0.00
   	   28.00    31.00     0.00    90.00
   	   28.00    31.00     0.00    90.00
  19 	 -570.00   114.00     0.00     0.00     0.00     0.00
  19 	 -570.00   114.00     0.00     0.00     0.00     0.00
   	   28.00    31.00     0.00    90.00
   	   28.00    31.00     0.00    90.00
  20 	  228.00   342.00     0.00     0.00     0.00     0.00
  20 	  228.00   342.00     0.00     0.00     0.00     0.00
   	   28.00    31.00     0.00    90.00
   	   28.00    31.00     0.00    90.00
  21 	  342.00   342.00     0.00     0.00     0.00     0.00
  21 	  342.00   342.00     0.00     0.00     0.00     0.00
   	   28.00    31.00     0.00    90.00
   	   28.00    31.00     0.00    90.00
  22 	  456.00   228.00     0.00     0.00     0.00     0.00
  22 	  456.00   228.00     0.00     0.00     0.00     0.00
   	   28.00    31.00     0.00    90.00
   	   28.00    31.00     0.00    90.00
  23 	  456.00   114.00     0.00     0.00     0.00     0.00
  23 	  456.00   114.00     0.00     0.00     0.00     0.00
   	   28.00    31.00     0.00    90.00
   	   28.00    31.00     0.00    90.00
  24 	  342.00   114.00     0.00     0.00     0.00     0.00
  24 	  342.00   114.00     0.00     0.00     0.00     0.00
   	   28.00    31.00     0.00    90.00
   	   28.00    31.00     0.00    90.00
  25 	  228.00   228.00     0.00     0.00     0.00     0.00
  25 	  228.00   228.00     0.00     0.00     0.00     0.00
   	   28.00    31.00     0.00    90.00
   	   28.00    31.00     0.00    90.00
  26 	  342.00   228.00     0.00     0.00     0.00     0.00
  26 	  342.00   228.00     0.00     0.00     0.00     0.00
   	   28.00    31.00     0.00    90.00
   	   28.00    31.00     0.00    90.00
  27 	  342.00  -798.00     0.00     0.00     0.00     0.00
  27 	  342.00  -798.00     0.00     0.00     0.00     0.00
   	   28.00    31.00     0.00    90.00
   	   28.00    31.00     0.00    90.00
  28 	  456.00  -798.00     0.00     0.00     0.00     0.00
  28 	  456.00  -798.00     0.00     0.00     0.00     0.00
   	   28.00    31.00     0.00    90.00
   	   28.00    31.00     0.00    90.00
  29 	  570.00  -798.00     0.00     0.00     0.00     0.00
  29 	  570.00  -798.00     0.00     0.00     0.00     0.00
   	   28.00    31.00     0.00    90.00
   	   28.00    31.00     0.00    90.00
  30 	  684.00  -798.00     0.00     0.00     0.00     0.00
  30 	  684.00  -798.00     0.00     0.00     0.00     0.00
   	   28.00    31.00     0.00    90.00
   	   28.00    31.00     0.00    90.00
  31 	  798.00  -798.00     0.00     0.00     0.00     0.00
  31 	  798.00  -798.00     0.00     0.00     0.00     0.00
   	   28.00    31.00     0.00    90.00
   	   28.00    31.00     0.00    90.00
  32 	  912.00  -798.00     0.00     0.00     0.00     0.00
  32 	  912.00  -798.00     0.00     0.00     0.00     0.00
   	   28.00    31.00     0.00    90.00
   	   28.00    31.00     0.00    90.00
  33 	 1026.00  -798.00     0.00     0.00     0.00     0.00
  33 	 1026.00  -798.00     0.00     0.00     0.00     0.00
   	   28.00    31.00     0.00    90.00
   	   28.00    31.00     0.00    90.00
  34 	 1140.00  -798.00     0.00     0.00     0.00     0.00
  34 	 1140.00  -798.00     0.00     0.00     0.00     0.00
   	   28.00    31.00     0.00    90.00
   	   28.00    31.00     0.00    90.00
  35 	 1254.00  -798.00     0.00     0.00     0.00     0.00
  35 	 1254.00  -798.00     0.00     0.00     0.00     0.00
   	   28.00    31.00     0.00    90.00
   	   28.00    31.00     0.00    90.00
  36 	  342.00  -684.00     0.00     0.00     0.00     0.00
  36 	  342.00  -684.00     0.00     0.00     0.00     0.00
   	   28.00    31.00     0.00    90.00
   	   28.00    31.00     0.00    90.00
  37 	  456.00  -684.00     0.00     0.00     0.00     0.00
  37 	  456.00  -684.00     0.00     0.00     0.00     0.00
   	   28.00    31.00     0.00    90.00
   	   28.00    31.00     0.00    90.00
  38 	  570.00  -684.00     0.00     0.00     0.00     0.00
  38 	  570.00  -684.00     0.00     0.00     0.00     0.00
   	   28.00    31.00     0.00    90.00
   	   28.00    31.00     0.00    90.00
  39 	  684.00  -684.00     0.00     0.00     0.00     0.00
  39 	  684.00  -684.00     0.00     0.00     0.00     0.00
   	   28.00    31.00     0.00    90.00
   	   28.00    31.00     0.00    90.00
  40 	  798.00  -684.00     0.00     0.00     0.00     0.00
  40 	  798.00  -684.00     0.00     0.00     0.00     0.00
   	   28.00    31.00     0.00    90.00
   	   28.00    31.00     0.00    90.00
  41 	  912.00  -684.00     0.00     0.00     0.00     0.00
  41 	  912.00  -684.00     0.00     0.00     0.00     0.00
   	   28.00    31.00     0.00    90.00
   	   28.00    31.00     0.00    90.00
  42 	 1026.00  -684.00     0.00     0.00     0.00     0.00
  42 	 1026.00  -684.00     0.00     0.00     0.00     0.00
   	   28.00    31.00     0.00    90.00
   	   28.00    31.00     0.00    90.00
  43 	 1140.00  -684.00     0.00     0.00     0.00     0.00
  43 	 1140.00  -684.00     0.00     0.00     0.00     0.00
   	   28.00    31.00     0.00    90.00
   	   28.00    31.00     0.00    90.00
  44 	 1254.00  -684.00     0.00     0.00     0.00     0.00
  44 	 1254.00  -684.00     0.00     0.00     0.00     0.00
   	   28.00    31.00     0.00    90.00
   	   28.00    31.00     0.00    90.00
  45 	  342.00  -570.00     0.00     0.00     0.00     0.00
  45 	  342.00  -570.00     0.00     0.00     0.00     0.00
   	   28.00    31.00     0.00    90.00
   	   28.00    31.00     0.00    90.00
  46 	  456.00  -570.00     0.00     0.00     0.00     0.00
  46 	  456.00  -570.00     0.00     0.00     0.00     0.00
   	   28.00    31.00     0.00    90.00
   	   28.00    31.00     0.00    90.00
  47 	  570.00  -570.00     0.00     0.00     0.00     0.00
  47 	  570.00  -570.00     0.00     0.00     0.00     0.00
   	   28.00    31.00     0.00    90.00
   	   28.00    31.00     0.00    90.00
  48 	  684.00  -570.00     0.00     0.00     0.00     0.00
  48 	  684.00  -570.00     0.00     0.00     0.00     0.00
   	   28.00    31.00     0.00    90.00
   	   28.00    31.00     0.00    90.00
  49 	  798.00  -570.00     0.00     0.00     0.00     0.00
  49 	  798.00  -570.00     0.00     0.00     0.00     0.00
   	   28.00    31.00     0.00    90.00
   	   28.00    31.00     0.00    90.00
  50 	  912.00  -570.00     0.00     0.00     0.00     0.00
  50 	  912.00  -570.00     0.00     0.00     0.00     0.00
   	   28.00    31.00     0.00    90.00
   	   28.00    31.00     0.00    90.00
  51 	 1026.00  -570.00     0.00     0.00     0.00     0.00
  51 	 1026.00  -570.00     0.00     0.00     0.00     0.00
   	   28.00    31.00     0.00    90.00
   	   28.00    31.00     0.00    90.00
  52 	 1140.00  -570.00     0.00     0.00     0.00     0.00
  52 	 1140.00  -570.00     0.00     0.00     0.00     0.00
   	   28.00    31.00     0.00    90.00
   	   28.00    31.00     0.00    90.00
  53 	 1254.00  -570.00     0.00     0.00     0.00     0.00
  53 	 1254.00  -570.00     0.00     0.00     0.00     0.00
   	   28.00    31.00     0.00    90.00
   	   28.00    31.00     0.00    90.00
  54 	  342.00  -456.00     0.00     0.00     0.00     0.00
  54 	  342.00  -456.00     0.00     0.00     0.00     0.00
   	   28.00    31.00     0.00    90.00
   	   28.00    31.00     0.00    90.00
  55 	  456.00  -456.00     0.00     0.00     0.00     0.00
  55 	  456.00  -456.00     0.00     0.00     0.00     0.00
   	   28.00    31.00     0.00    90.00
   	   28.00    31.00     0.00    90.00
  56 	  570.00  -456.00     0.00     0.00     0.00     0.00
  56 	  570.00  -456.00     0.00     0.00     0.00     0.00
   	   28.00    31.00     0.00    90.00
   	   28.00    31.00     0.00    90.00
  57 	  684.00  -456.00     0.00     0.00     0.00     0.00
  57 	  684.00  -456.00     0.00     0.00     0.00     0.00
   	   28.00    31.00     0.00    90.00
   	   28.00    31.00     0.00    90.00
  58 	  798.00  -456.00     0.00     0.00     0.00     0.00
  58 	  798.00  -456.00     0.00     0.00     0.00     0.00
   	   28.00    31.00     0.00    90.00
   	   28.00    31.00     0.00    90.00
  59 	  912.00  -456.00     0.00     0.00     0.00     0.00
  59 	  912.00  -456.00     0.00     0.00     0.00     0.00
   	   28.00    31.00     0.00    90.00
   	   28.00    31.00     0.00    90.00
  60 	 1026.00  -456.00     0.00     0.00     0.00     0.00
  60 	 1026.00  -456.00     0.00     0.00     0.00     0.00
   	   28.00    31.00     0.00    90.00
   	   28.00    31.00     0.00    90.00
  61 	 1140.00  -456.00     0.00     0.00     0.00     0.00
  61 	 1140.00  -456.00     0.00     0.00     0.00     0.00
   	   28.00    31.00     0.00    90.00
   	   28.00    31.00     0.00    90.00
  62 	 1254.00  -456.00     0.00     0.00     0.00     0.00
  62 	 1254.00  -456.00     0.00     0.00     0.00     0.00
   	   28.00    31.00     0.00    90.00
   	   28.00    31.00     0.00    90.00
  63 	  342.00  -342.00     0.00     0.00     0.00     0.00
  63 	  342.00  -342.00     0.00     0.00     0.00     0.00
   	   28.00    31.00     0.00    90.00
   	   28.00    31.00     0.00    90.00
  64 	  456.00  -342.00     0.00     0.00     0.00     0.00
  64 	  456.00  -342.00     0.00     0.00     0.00     0.00
   	   28.00    31.00     0.00    90.00
   	   28.00    31.00     0.00    90.00
  65 	  570.00  -342.00     0.00     0.00     0.00     0.00
  65 	  570.00  -342.00     0.00     0.00     0.00     0.00
   	   28.00    31.00     0.00    90.00
   	   28.00    31.00     0.00    90.00
  66 	  684.00  -342.00     0.00     0.00     0.00     0.00
  66 	  684.00  -342.00     0.00     0.00     0.00     0.00
   	   28.00    31.00     0.00    90.00
   	   28.00    31.00     0.00    90.00
  67 	  798.00  -342.00     0.00     0.00     0.00     0.00
  67 	  798.00  -342.00     0.00     0.00     0.00     0.00
   	   28.00    31.00     0.00    90.00
   	   28.00    31.00     0.00    90.00
  68 	  912.00  -342.00     0.00     0.00     0.00     0.00
  68 	  912.00  -342.00     0.00     0.00     0.00     0.00
   	   28.00    31.00     0.00    90.00
   	   28.00    31.00     0.00    90.00
  69 	 1026.00  -342.00     0.00     0.00     0.00     0.00
  69 	 1026.00  -342.00     0.00     0.00     0.00     0.00
   	   28.00    31.00     0.00    90.00
   	   28.00    31.00     0.00    90.00
  70 	 1140.00  -342.00     0.00     0.00     0.00     0.00
  70 	 1140.00  -342.00     0.00     0.00     0.00     0.00
   	   28.00    31.00     0.00    90.00
   	   28.00    31.00     0.00    90.00
  71 	 1254.00  -342.00     0.00     0.00     0.00     0.00
  71 	 1254.00  -342.00     0.00     0.00     0.00     0.00
   	   28.00    31.00     0.00    90.00
   	   28.00    31.00     0.00    90.00
  72 	  342.00  -228.00     0.00     0.00     0.00     0.00
  72 	  342.00  -228.00     0.00     0.00     0.00     0.00
   	   28.00    31.00     0.00    90.00
   	   28.00    31.00     0.00    90.00
  73 	  456.00  -228.00     0.00     0.00     0.00     0.00
  73 	  456.00  -228.00     0.00     0.00     0.00     0.00
   	   28.00    31.00     0.00    90.00
   	   28.00    31.00     0.00    90.00
  74 	  570.00  -228.00     0.00     0.00     0.00     0.00
  74 	  570.00  -228.00     0.00     0.00     0.00     0.00
   	   28.00    31.00     0.00    90.00
   	   28.00    31.00     0.00    90.00
  75 	  684.00  -228.00     0.00     0.00     0.00     0.00
  75 	  684.00  -228.00     0.00     0.00     0.00     0.00
   	   28.00    31.00     0.00    90.00
   	   28.00    31.00     0.00    90.00
  76 	  798.00  -228.00     0.00     0.00     0.00     0.00
  76 	  798.00  -228.00     0.00     0.00     0.00     0.00
   	   28.00    31.00     0.00    90.00
   	   28.00    31.00     0.00    90.00
  77 	  912.00  -228.00     0.00     0.00     0.00     0.00
  77 	  912.00  -228.00     0.00     0.00     0.00     0.00
   	   28.00    31.00     0.00    90.00
   	   28.00    31.00     0.00    90.00
  78 	 1026.00  -228.00     0.00     0.00     0.00     0.00
  78 	 1026.00  -228.00     0.00     0.00     0.00     0.00
   	   28.00    31.00     0.00    90.00
   	   28.00    31.00     0.00    90.00
  79 	 1140.00  -228.00     0.00     0.00     0.00     0.00
  79 	 1140.00  -228.00     0.00     0.00     0.00     0.00
   	   28.00    31.00     0.00    90.00
   	   28.00    31.00     0.00    90.00
  80 	 1254.00  -228.00     0.00     0.00     0.00     0.00
  80 	 1254.00  -228.00     0.00     0.00     0.00     0.00
   	   28.00    31.00     0.00    90.00
   	   28.00    31.00     0.00    90.00
  81 	  342.00  -114.00     0.00     0.00     0.00     0.00
  81 	  342.00  -114.00     0.00     0.00     0.00     0.00
   	   28.00    31.00     0.00    90.00
   	   28.00    31.00     0.00    90.00
  82 	  456.00  -114.00     0.00     0.00     0.00     0.00
  82 	  456.00  -114.00     0.00     0.00     0.00     0.00
   	   28.00    31.00     0.00    90.00
   	   28.00    31.00     0.00    90.00
  83 	  570.00  -114.00     0.00     0.00     0.00     0.00
  83 	  570.00  -114.00     0.00     0.00     0.00     0.00
   	   28.00    31.00     0.00    90.00
   	   28.00    31.00     0.00    90.00
  84 	  684.00  -114.00     0.00     0.00     0.00     0.00
  84 	  684.00  -114.00     0.00     0.00     0.00     0.00
   	   28.00    31.00     0.00    90.00
   	   28.00    31.00     0.00    90.00
  85 	  798.00  -114.00     0.00     0.00     0.00     0.00
  85 	  798.00  -114.00     0.00     0.00     0.00     0.00
   	   28.00    31.00     0.00    90.00
   	   28.00    31.00     0.00    90.00
  86 	  912.00  -114.00     0.00     0.00     0.00     0.00
  86 	  912.00  -114.00     0.00     0.00     0.00     0.00
   	   28.00    31.00     0.00    90.00
   	   28.00    31.00     0.00    90.00
  87 	 1026.00  -114.00     0.00     0.00     0.00     0.00
  87 	 1026.00  -114.00     0.00     0.00     0.00     0.00
   	   28.00    31.00     0.00    90.00
   	   28.00    31.00     0.00    90.00
  88 	 1140.00  -114.00     0.00     0.00     0.00     0.00
  88 	 1140.00  -114.00     0.00     0.00     0.00     0.00
   	   28.00    31.00     0.00    90.00
   	   28.00    31.00     0.00    90.00
  89 	 1254.00  -114.00     0.00     0.00     0.00     0.00
  89 	 1254.00  -114.00     0.00     0.00     0.00     0.00
   	   28.00    31.00     0.00    90.00
   	   28.00    31.00     0.00    90.00
  90 	  342.00     0.00     0.00     0.00     0.00     0.00
  90 	  342.00     0.00     0.00     0.00     0.00     0.00
   	   28.00    31.00     0.00    90.00
   	   28.00    31.00     0.00    90.00
  91 	  456.00     0.00     0.00     0.00     0.00     0.00
  91 	  456.00     0.00     0.00     0.00     0.00     0.00
   	   28.00    31.00     0.00    90.00
   	   28.00    31.00     0.00    90.00
  92 	  570.00     0.00     0.00     0.00     0.00     0.00
  92 	  570.00     0.00     0.00     0.00     0.00     0.00
   	   28.00    31.00     0.00    90.00
   	   28.00    31.00     0.00    90.00
  93 	  684.00     0.00     0.00     0.00     0.00     0.00
  93 	  684.00     0.00     0.00     0.00     0.00     0.00
   	   28.00    31.00     0.00    90.00
   	   28.00    31.00     0.00    90.00
  94 	  798.00     0.00     0.00     0.00     0.00     0.00
  94 	  798.00     0.00     0.00     0.00     0.00     0.00
   	   28.00    31.00     0.00    90.00
   	   28.00    31.00     0.00    90.00
  95 	  912.00     0.00     0.00     0.00     0.00     0.00
  95 	  912.00     0.00     0.00     0.00     0.00     0.00
   	   28.00    31.00     0.00    90.00
   	   28.00    31.00     0.00    90.00
  96 	 1026.00     0.00     0.00     0.00     0.00     0.00
  96 	 1026.00     0.00     0.00     0.00     0.00     0.00
   	   28.00    31.00     0.00    90.00
   	   28.00    31.00     0.00    90.00
  97 	 1140.00     0.00     0.00     0.00     0.00     0.00
  97 	 1140.00     0.00     0.00     0.00     0.00     0.00
   	   28.00    31.00     0.00    90.00
   	   28.00    31.00     0.00    90.00
  98 	 1254.00     0.00     0.00     0.00     0.00     0.00
  98 	 1254.00     0.00     0.00     0.00     0.00     0.00
   	   28.00    31.00     0.00    90.00
   	   28.00    31.00     0.00    90.00
  99 	  342.00   114.00     0.00     0.00     0.00     0.00
  99 	  342.00   114.00     0.00     0.00     0.00     0.00
   	   28.00    31.00     0.00    90.00
   	   28.00    31.00     0.00    90.00
 100 	  456.00   114.00     0.00     0.00     0.00     0.00
 100 	  456.00   114.00     0.00     0.00     0.00     0.00
   	   28.00    31.00     0.00    90.00
   	   28.00    31.00     0.00    90.00
 101 	  570.00   114.00     0.00     0.00     0.00     0.00
 101 	  570.00   114.00     0.00     0.00     0.00     0.00
   	   28.00    31.00     0.00    90.00
   	   28.00    31.00     0.00    90.00
 102 	  684.00   114.00     0.00     0.00     0.00     0.00
 102 	  684.00   114.00     0.00     0.00     0.00     0.00
   	   28.00    31.00     0.00    90.00
   	   28.00    31.00     0.00    90.00
 103 	  798.00   114.00     0.00     0.00     0.00     0.00
 103 	  798.00   114.00     0.00     0.00     0.00     0.00
   	   28.00    31.00     0.00    90.00
   	   28.00    31.00     0.00    90.00
 104 	  912.00   114.00     0.00     0.00     0.00     0.00
 104 	  912.00   114.00     0.00     0.00     0.00     0.00
   	   28.00    31.00     0.00    90.00
   	   28.00    31.00     0.00    90.00
 105 	 1026.00   114.00     0.00     0.00     0.00     0.00
 105 	 1026.00   114.00     0.00     0.00     0.00     0.00
   	   28.00    31.00     0.00    90.00
   	   28.00    31.00     0.00    90.00
 106 	 1140.00   114.00     0.00     0.00     0.00     0.00
 106 	 1140.00   114.00     0.00     0.00     0.00     0.00
   	   28.00    31.00     0.00    90.00
   	   28.00    31.00     0.00    90.00
 107 	 1254.00   114.00     0.00     0.00     0.00     0.00
 107 	 1254.00   114.00     0.00     0.00     0.00     0.00
   	   28.00    31.00     0.00    90.00
   	   28.00    31.00     0.00    90.00
 108 	  342.00   228.00     0.00     0.00     0.00     0.00
 108 	  342.00   228.00     0.00     0.00     0.00     0.00
   	   28.00    31.00     0.00    90.00
   	   28.00    31.00     0.00    90.00
 109 	  456.00   228.00     0.00     0.00     0.00     0.00
 109 	  456.00   228.00     0.00     0.00     0.00     0.00
   	   28.00    31.00     0.00    90.00
   	   28.00    31.00     0.00    90.00
 110 	  570.00   228.00     0.00     0.00     0.00     0.00
 110 	  570.00   228.00     0.00     0.00     0.00     0.00
   	   28.00    31.00     0.00    90.00
   	   28.00    31.00     0.00    90.00
 111 	  684.00   228.00     0.00     0.00     0.00     0.00
 111 	  684.00   228.00     0.00     0.00     0.00     0.00
   	   28.00    31.00     0.00    90.00
   	   28.00    31.00     0.00    90.00
 112 	  798.00   228.00     0.00     0.00     0.00     0.00
 112 	  798.00   228.00     0.00     0.00     0.00     0.00
   	   28.00    31.00     0.00    90.00
   	   28.00    31.00     0.00    90.00
 113 	  912.00   228.00     0.00     0.00     0.00     0.00
 113 	  912.00   228.00     0.00     0.00     0.00     0.00
   	   28.00    31.00     0.00    90.00
   	   28.00    31.00     0.00    90.00
 114 	 1026.00   228.00     0.00     0.00     0.00     0.00
 114 	 1026.00   228.00     0.00     0.00     0.00     0.00
   	   28.00    31.00     0.00    90.00
   	   28.00    31.00     0.00    90.00
 115 	 1140.00   228.00     0.00     0.00     0.00     0.00
 115 	 1140.00   228.00     0.00     0.00     0.00     0.00
   	   28.00    31.00     0.00    90.00
   	   28.00    31.00     0.00    90.00
 116 	 1254.00   228.00     0.00     0.00     0.00     0.00
 116 	 1254.00   228.00     0.00     0.00     0.00     0.00
   	   28.00    31.00     0.00    90.00
   	   28.00    31.00     0.00    90.00
 117 	  342.00   342.00     0.00     0.00     0.00     0.00
 117 	  342.00   342.00     0.00     0.00     0.00     0.00
   	   28.00    31.00     0.00    90.00
   	   28.00    31.00     0.00    90.00
 118 	  456.00   342.00     0.00     0.00     0.00     0.00
 118 	  456.00   342.00     0.00     0.00     0.00     0.00
   	   28.00    31.00     0.00    90.00
   	   28.00    31.00     0.00    90.00
 119 	  570.00   342.00     0.00     0.00     0.00     0.00
 119 	  570.00   342.00     0.00     0.00     0.00     0.00
   	   28.00    31.00     0.00    90.00
   	   28.00    31.00     0.00    90.00
 120 	  684.00   342.00     0.00     0.00     0.00     0.00
 120 	  684.00   342.00     0.00     0.00     0.00     0.00
   	   28.00    31.00     0.00    90.00
   	   28.00    31.00     0.00    90.00
 121 	  798.00   342.00     0.00     0.00     0.00     0.00
 121 	  798.00   342.00     0.00     0.00     0.00     0.00
   	   28.00    31.00     0.00    90.00
   	   28.00    31.00     0.00    90.00
 122 	  912.00   342.00     0.00     0.00     0.00     0.00
 122 	  912.00   342.00     0.00     0.00     0.00     0.00
   	   28.00    31.00     0.00    90.00
   	   28.00    31.00     0.00    90.00
 123 	 1026.00   342.00     0.00     0.00     0.00     0.00
 123 	 1026.00   342.00     0.00     0.00     0.00     0.00
   	   28.00    31.00     0.00    90.00
   	   28.00    31.00     0.00    90.00
 124 	 1140.00   342.00     0.00     0.00     0.00     0.00
 124 	 1140.00   342.00     0.00     0.00     0.00     0.00
   	   28.00    31.00     0.00    90.00
   	   28.00    31.00     0.00    90.00
 125 	 1254.00   342.00     0.00     0.00     0.00     0.00
 125 	 1254.00   342.00     0.00     0.00     0.00     0.00
   	   28.00    31.00     0.00    90.00
   	   28.00    31.00     0.00    90.00
 126 	  342.00   456.00     0.00     0.00     0.00     0.00
 126 	  342.00   456.00     0.00     0.00     0.00     0.00
   	   28.00    31.00     0.00    90.00
   	   28.00    31.00     0.00    90.00
 127 	  456.00   456.00     0.00     0.00     0.00     0.00
 127 	  456.00   456.00     0.00     0.00     0.00     0.00
   	   28.00    31.00     0.00    90.00
   	   28.00    31.00     0.00    90.00
 128 	  570.00   456.00     0.00     0.00     0.00     0.00
 128 	  570.00   456.00     0.00     0.00     0.00     0.00
   	   28.00    31.00     0.00    90.00
   	   28.00    31.00     0.00    90.00
 129 	  684.00   456.00     0.00     0.00     0.00     0.00
 129 	  684.00   456.00     0.00     0.00     0.00     0.00
   	   28.00    31.00     0.00    90.00
   	   28.00    31.00     0.00    90.00
 130 	  798.00   456.00     0.00     0.00     0.00     0.00
 130 	  798.00   456.00     0.00     0.00     0.00     0.00
   	   28.00    31.00     0.00    90.00
   	   28.00    31.00     0.00    90.00
 131 	  912.00   456.00     0.00     0.00     0.00     0.00
 131 	  912.00   456.00     0.00     0.00     0.00     0.00
   	   28.00    31.00     0.00    90.00
   	   28.00    31.00     0.00    90.00
 132 	 1026.00   456.00     0.00     0.00     0.00     0.00
 132 	 1026.00   456.00     0.00     0.00     0.00     0.00
   	   28.00    31.00     0.00    90.00
   	   28.00    31.00     0.00    90.00
 133 	 1140.00   456.00     0.00     0.00     0.00     0.00
 133 	 1140.00   456.00     0.00     0.00     0.00     0.00
   	   28.00    31.00     0.00    90.00
   	   28.00    31.00     0.00    90.00
 134 	 1254.00   456.00     0.00     0.00     0.00     0.00
 134 	 1254.00   456.00     0.00     0.00     0.00     0.00
   	   28.00    31.00     0.00    90.00
   	   28.00    31.00     0.00    90.00
 135 	  342.00   570.00     0.00     0.00     0.00     0.00
 135 	  342.00   570.00     0.00     0.00     0.00     0.00
   	   28.00    31.00     0.00    90.00
   	   28.00    31.00     0.00    90.00
 136 	  456.00   570.00     0.00     0.00     0.00     0.00
 136 	  456.00   570.00     0.00     0.00     0.00     0.00
   	   28.00    31.00     0.00    90.00
   	   28.00    31.00     0.00    90.00
 137 	  570.00   570.00     0.00     0.00     0.00     0.00
 137 	  570.00   570.00     0.00     0.00     0.00     0.00
   	   28.00    31.00     0.00    90.00
   	   28.00    31.00     0.00    90.00
 138 	  684.00   570.00     0.00     0.00     0.00     0.00
 138 	  684.00   570.00     0.00     0.00     0.00     0.00
   	   28.00    31.00     0.00    90.00
   	   28.00    31.00     0.00    90.00
 139 	  798.00   570.00     0.00     0.00     0.00     0.00
 139 	  798.00   570.00     0.00     0.00     0.00     0.00
   	   28.00    31.00     0.00    90.00
   	   28.00    31.00     0.00    90.00
 140 	  912.00   570.00     0.00     0.00     0.00     0.00
 140 	  912.00   570.00     0.00     0.00     0.00     0.00
   	   28.00    31.00     0.00    90.00
   	   28.00    31.00     0.00    90.00
 141 	 1026.00   570.00     0.00     0.00     0.00     0.00
 141 	 1026.00   570.00     0.00     0.00     0.00     0.00
   	   28.00    31.00     0.00    90.00
   	   28.00    31.00     0.00    90.00
 142 	 1140.00   570.00     0.00     0.00     0.00     0.00
 142 	 1140.00   570.00     0.00     0.00     0.00     0.00
   	   28.00    31.00     0.00    90.00
   	   28.00    31.00     0.00    90.00
 143 	 1254.00   570.00     0.00     0.00     0.00     0.00
 143 	 1254.00   570.00     0.00     0.00     0.00     0.00
   	   28.00    31.00     0.00    90.00
   	   28.00    31.00     0.00    90.00
 144 	  342.00   684.00     0.00     0.00     0.00     0.00
 144 	  342.00   684.00     0.00     0.00     0.00     0.00
   	   28.00    31.00     0.00    90.00
   	   28.00    31.00     0.00    90.00
 145 	  456.00   684.00     0.00     0.00     0.00     0.00
 145 	  456.00   684.00     0.00     0.00     0.00     0.00
   	   28.00    31.00     0.00    90.00
   	   28.00    31.00     0.00    90.00
 146 	  570.00   684.00     0.00     0.00     0.00     0.00
 146 	  570.00   684.00     0.00     0.00     0.00     0.00
   	   28.00    31.00     0.00    90.00
   	   28.00    31.00     0.00    90.00
 147 	  684.00   684.00     0.00     0.00     0.00     0.00
 147 	  684.00   684.00     0.00     0.00     0.00     0.00
   	   28.00    31.00     0.00    90.00
   	   28.00    31.00     0.00    90.00
 148 	  798.00   684.00     0.00     0.00     0.00     0.00
 148 	  798.00   684.00     0.00     0.00     0.00     0.00
   	   28.00    31.00     0.00    90.00
   	   28.00    31.00     0.00    90.00
 149 	  912.00   684.00     0.00     0.00     0.00     0.00
 149 	  912.00   684.00     0.00     0.00     0.00     0.00
   	   28.00    31.00     0.00    90.00
   	   28.00    31.00     0.00    90.00
 150 	 1026.00   684.00     0.00     0.00     0.00     0.00
 150 	 1026.00   684.00     0.00     0.00     0.00     0.00
   	   28.00    31.00     0.00    90.00
   	   28.00    31.00     0.00    90.00
 151 	 1140.00   684.00     0.00     0.00     0.00     0.00
 151 	 1140.00   684.00     0.00     0.00     0.00     0.00
   	   28.00    31.00     0.00    90.00
   	   28.00    31.00     0.00    90.00
 152 	 1254.00   684.00     0.00     0.00     0.00     0.00
 152 	 1254.00   684.00     0.00     0.00     0.00     0.00
   	   28.00    31.00     0.00    90.00
   	   28.00    31.00     0.00    90.00

** End writing output file: ../inputs/gr777.dat 
