*******************************************************************************
                         ARRAY PREPROCESSOR ver. 1.0
*******************************************************************************



   1	GROUP testgroup
   3	 GRID SQUARE
   4	 ELEMENT
   5	 GEOMETRY RECTANGULAR 74 65
   7	 POLARIZATION CIRCULAR
   8	 ADD BLOCK 2 -4 -1 6
   9	 ADD BLOCK -2 -1 1 2
  11	 GROUP_EXCITATION
  12	 AMPLITUDE UNIFORM 24
  13	 PHASE UNIFORM 89
  14	 END

** Generating GROUP: testgroup.
** PSTEP,QSTEP set to:74.000000,74.000000
** Grid ANGLE set to:90.000000 
** Group ROT_ANGLE set to: 0.000000 

** Writing output file: ../inputs/gr78.dat

NEL 
NPORTS
IDUM      REXA     REYA     REZA     THEA     PHEA     PSEA 
          AMP      PSH      PSC      PHEPOL
  60
  60
   1
   1
   1 	  -74.00  -296.00     0.00     0.00     0.00     0.00
   1 	  -74.00  -296.00     0.00     0.00     0.00     0.00
   	   24.00    89.00     0.00    90.00
   	   24.00    89.00     0.00    90.00
   2 	    0.00  -296.00     0.00     0.00     0.00     0.00
   2 	    0.00  -296.00     0.00     0.00     0.00     0.00
   	   24.00    89.00     0.00    90.00
   	   24.00    89.00     0.00    90.00
   3 	   74.00  -296.00     0.00     0.00     0.00     0.00
   3 	   74.00  -296.00     0.00     0.00     0.00     0.00
   	   24.00    89.00     0.00    90.00
   	   24.00    89.00     0.00    90.00
   4 	  148.00  -296.00     0.00     0.00     0.00     0.00
   4 	  148.00  -296.00     0.00     0.00     0.00     0.00
   	   24.00    89.00     0.00    90.00
   	   24.00    89.00     0.00    90.00
   5 	  -74.00  -222.00     0.00     0.00     0.00     0.00
   5 	  -74.00  -222.00     0.00     0.00     0.00     0.00
   	   24.00    89.00     0.00    90.00
   	   24.00    89.00     0.00    90.00
   6 	    0.00  -222.00     0.00     0.00     0.00     0.00
   6 	    0.00  -222.00     0.00     0.00     0.00     0.00
   	   24.00    89.00     0.00    90.00
   	   24.00    89.00     0.00    90.00
   7 	   74.00  -222.00     0.00     0.00     0.00     0.00
   7 	   74.00  -222.00     0.00     0.00     0.00     0.00
   	   24.00    89.00     0.00    90.00
   	   24.00    89.00     0.00    90.00
   8 	  148.00  -222.00     0.00     0.00     0.00     0.00
   8 	  148.00  -222.00     0.00     0.00     0.00     0.00
   	   24.00    89.00     0.00    90.00
   	   24.00    89.00     0.00    90.00
   9 	  -74.00  -148.00     0.00     0.00     0.00     0.00
   9 	  -74.00  -148.00     0.00     0.00     0.00     0.00
   	   24.00    89.00     0.00    90.00
   	   24.00    89.00     0.00    90.00
  10 	    0.00  -148.00     0.00     0.00     0.00     0.00
  10 	    0.00  -148.00     0.00     0.00     0.00     0.00
   	   24.00    89.00     0.00    90.00
   	   24.00    89.00     0.00    90.00
  11 	   74.00  -148.00     0.00     0.00     0.00     0.00
  11 	   74.00  -148.00     0.00     0.00     0.00     0.00
   	   24.00    89.00     0.00    90.00
   	   24.00    89.00     0.00    90.00
  12 	  148.00  -148.00     0.00     0.00     0.00     0.00
  12 	  148.00  -148.00     0.00     0.00     0.00     0.00
   	   24.00    89.00     0.00    90.00
   	   24.00    89.00     0.00    90.00
  13 	  -74.00   -74.00     0.00     0.00     0.00     0.00
  13 	  -74.00   -74.00     0.00     0.00     0.00     0.00
   	   24.00    89.00     0.00    90.00
   	   24.00    89.00     0.00    90.00
  14 	    0.00   -74.00     0.00     0.00     0.00     0.00
  14 	    0.00   -74.00     0.00     0.00     0.00     0.00
   	   24.00    89.00     0.00    90.00
   	   24.00    89.00     0.00    90.00
  15 	   74.00   -74.00     0.00     0.00     0.00     0.00
  15 	   74.00   -74.00     0.00     0.00     0.00     0.00
   	   24.00    89.00     0.00    90.00
   	   24.00    89.00     0.00    90.00
  16 	  148.00   -74.00     0.00     0.00     0.00     0.00
  16 	  148.00   -74.00     0.00     0.00     0.00     0.00
   	   24.00    89.00     0.00    90.00
   	   24.00    89.00     0.00    90.00
  17 	  -74.00     0.00     0.00     0.00     0.00     0.00
  17 	  -74.00     0.00     0.00     0.00     0.00     0.00
   	   24.00    89.00     0.00    90.00
   	   24.00    89.00     0.00    90.00
  18 	    0.00     0.00     0.00     0.00     0.00     0.00
  18 	    0.00     0.00     0.00     0.00     0.00     0.00
   	   24.00    89.00     0.00    90.00
   	   24.00    89.00     0.00    90.00
  19 	   74.00     0.00     0.00     0.00     0.00     0.00
  19 	   74.00     0.00     0.00     0.00     0.00     0.00
   	   24.00    89.00     0.00    90.00
   	   24.00    89.00     0.00    90.00
  20 	  148.00     0.00     0.00     0.00     0.00     0.00
  20 	  148.00     0.00     0.00     0.00     0.00     0.00
   	   24.00    89.00     0.00    90.00
   	   24.00    89.00     0.00    90.00
  21 	  -74.00    74.00     0.00     0.00     0.00     0.00
  21 	  -74.00    74.00     0.00     0.00     0.00     0.00
   	   24.00    89.00     0.00    90.00
   	   24.00    89.00     0.00    90.00
  22 	   -0.00    74.00     0.00     0.00     0.00     0.00
  22 	   -0.00    74.00     0.00     0.00     0.00     0.00
   	   24.00    89.00     0.00    90.00
   	   24.00    89.00     0.00    90.00
  23 	   74.00    74.00     0.00     0.00     0.00     0.00
  23 	   74.00    74.00     0.00     0.00     0.00     0.00
   	   24.00    89.00     0.00    90.00
   	   24.00    89.00     0.00    90.00
  24 	  148.00    74.00     0.00     0.00     0.00     0.00
  24 	  148.00    74.00     0.00     0.00     0.00     0.00
   	   24.00    89.00     0.00    90.00
   	   24.00    89.00     0.00    90.00
  25 	  -74.00   148.00     0.00     0.00     0.00     0.00
  25 	  -74.00   148.00     0.00     0.00     0.00     0.00
   	   24.00    89.00     0.00    90.00
   	   24.00    89.00     0.00    90.00
  26 	   -0.00   148.00     0.00     0.00     0.00     0.00
  26 	   -0.00   148.00     0.00     0.00     0.00     0.00
   	   24.00    89.00     0.00    90.00
   	   24.00    89.00     0.00    90.00
  27 	   74.00   148.00     0.00     0.00     0.00     0.00
  27 	   74.00   148.00     0.00     0.00     0.00     0.00
   	   24.00    89.00     0.00    90.00
   	   24.00    89.00     0.00    90.00
  28 	  148.00   148.00     0.00     0.00     0.00     0.00
  28 	  148.00   148.00     0.00     0.00     0.00     0.00
   	   24.00    89.00     0.00    90.00
   	   24.00    89.00     0.00    90.00
  29 	  -74.00   222.00     0.00     0.00     0.00     0.00
  29 	  -74.00   222.00     0.00     0.00     0.00     0.00
   	   24.00    89.00     0.00    90.00
   	   24.00    89.00     0.00    90.00
  30 	   -0.00   222.00     0.00     0.00     0.00     0.00
  30 	   -0.00   222.00     0.00     0.00     0.00     0.00
   	   24.00    89.00     0.00    90.00
   	   24.00    89.00     0.00    90.00
  31 	   74.00   222.00     0.00     0.00     0.00     0.00
  31 	   74.00   222.00     0.00     0.00     0.00     0.00
   	   24.00    89.00     0.00    90.00
   	   24.00    89.00     0.00    90.00
  32 	  148.00   222.00     0.00     0.00     0.00     0.00
  32 	  148.00   222.00     0.00     0.00     0.00     0.00
   	   24.00    89.00     0.00    90.00
   	   24.00    89.00     0.00    90.00
  33 	  -74.00   296.00     0.00     0.00     0.00     0.00
  33 	  -74.00   296.00     0.00     0.00     0.00     0.00
   	   24.00    89.00     0.00    90.00
   	   24.00    89.00     0.00    90.00
  34 	   -0.00   296.00     0.00     0.00     0.00     0.00
  34 	   -0.00   296.00     0.00     0.00     0.00     0.00
   	   24.00    89.00     0.00    90.00
   	   24.00    89.00     0.00    90.00
  35 	   74.00   296.00     0.00     0.00     0.00     0.00
  35 	   74.00   296.00     0.00     0.00     0.00     0.00
   	   24.00    89.00     0.00    90.00
   	   24.00    89.00     0.00    90.00
  36 	  148.00   296.00     0.00     0.00     0.00     0.00
  36 	  148.00   296.00     0.00     0.00     0.00     0.00
   	   24.00    89.00     0.00    90.00
   	   24.00    89.00     0.00    90.00
  37 	  -74.00   370.00     0.00     0.00     0.00     0.00
  37 	  -74.00   370.00     0.00     0.00     0.00     0.00
   	   24.00    89.00     0.00    90.00
   	   24.00    89.00     0.00    90.00
  38 	   -0.00   370.00     0.00     0.00     0.00     0.00
  38 	   -0.00   370.00     0.00     0.00     0.00     0.00
   	   24.00    89.00     0.00    90.00
   	   24.00    89.00     0.00    90.00
  39 	   74.00   370.00     0.00     0.00     0.00     0.00
  39 	   74.00   370.00     0.00     0.00     0.00     0.00
   	   24.00    89.00     0.00    90.00
   	   24.00    89.00     0.00    90.00
  40 	  148.00   370.00     0.00     0.00     0.00     0.00
  40 	  148.00   370.00     0.00     0.00     0.00     0.00
   	   24.00    89.00     0.00    90.00
   	   24.00    89.00     0.00    90.00
  41 	  -74.00   444.00     0.00     0.00     0.00     0.00
  41 	  -74.00   444.00     0.00     0.00     0.00     0.00
   	   24.00    89.00     0.00    90.00
   	   24.00    89.00     0.00    90.00
  42 	   -0.00   444.00     0.00     0.00     0.00     0.00
  42 	   -0.00   444.00     0.00     0.00     0.00     0.00
   	   24.00    89.00     0.00    90.00
   	   24.00    89.00     0.00    90.00
  43 	   74.00   444.00     0.00     0.00     0.00     0.00
  43 	   74.00   444.00     0.00     0.00     0.00     0.00
   	   24.00    89.00     0.00    90.00
   	   24.00    89.00     0.00    90.00
  44 	  148.00   444.00     0.00     0.00     0.00     0.00
  44 	  148.00   444.00     0.00     0.00     0.00     0.00
   	   24.00    89.00     0.00    90.00
   	   24.00    89.00     0.00    90.00
  45 	 -148.00   -74.00     0.00     0.00     0.00     0.00
  45 	 -148.00   -74.00     0.00     0.00     0.00     0.00
   	   24.00    89.00     0.00    90.00
   	   24.00    89.00     0.00    90.00
  46 	  -74.00   -74.00     0.00     0.00     0.00     0.00
  46 	  -74.00   -74.00     0.00     0.00     0.00     0.00
   	   24.00    89.00     0.00    90.00
   	   24.00    89.00     0.00    90.00
  47 	    0.00   -74.00     0.00     0.00     0.00     0.00
  47 	    0.00   -74.00     0.00     0.00     0.00     0.00
   	   24.00    89.00     0.00    90.00
   	   24.00    89.00     0.00    90.00
  48 	   74.00   -74.00     0.00     0.00     0.00     0.00
  48 	   74.00   -74.00     0.00     0.00     0.00     0.00
   	   24.00    89.00     0.00    90.00
   	   24.00    89.00     0.00    90.00
  49 	 -148.00     0.00     0.00     0.00     0.00     0.00
  49 	 -148.00     0.00     0.00     0.00     0.00     0.00
   	   24.00    89.00     0.00    90.00
   	   24.00    89.00     0.00    90.00
  50 	  -74.00     0.00     0.00     0.00     0.00     0.00
  50 	  -74.00     0.00     0.00     0.00     0.00     0.00
   	   24.00    89.00     0.00    90.00
   	   24.00    89.00     0.00    90.00
  51 	    0.00     0.00     0.00     0.00     0.00     0.00
  51 	    0.00     0.00     0.00     0.00     0.00     0.00
   	   24.00    89.00     0.00    90.00
   	   24.00    89.00     0.00    90.00
  52 	   74.00     0.00     0.00     0.00     0.00     0.00
  52 	   74.00     0.00     0.00     0.00     0.00     0.00
   	   24.00    89.00     0.00    90.00
   	   24.00    89.00     0.00    90.00
  53 	 -148.00    74.00     0.00     0.00     0.00     0.00
  53 	 -148.00    74.00     0.00     0.00     0.00     0.00
   	   24.00    89.00     0.00    90.00
   	   24.00    89.00     0.00    90.00
  54 	  -74.00    74.00     0.00     0.00     0.00     0.00
  54 	  -74.00    74.00     0.00     0.00     0.00     0.00
   	   24.00    89.00     0.00    90.00
   	   24.00    89.00     0.00    90.00
  55 	   -0.00    74.00     0.00     0.00     0.00     0.00
  55 	   -0.00    74.00     0.00     0.00     0.00     0.00
   	   24.00    89.00     0.00    90.00
   	   24.00    89.00     0.00    90.00
  56 	   74.00    74.00     0.00     0.00     0.00     0.00
  56 	   74.00    74.00     0.00     0.00     0.00     0.00
   	   24.00    89.00     0.00    90.00
   	   24.00    89.00     0.00    90.00
  57 	 -148.00   148.00     0.00     0.00     0.00     0.00
  57 	 -148.00   148.00     0.00     0.00     0.00     0.00
   	   24.00    89.00     0.00    90.00
   	   24.00    89.00     0.00    90.00
  58 	  -74.00   148.00     0.00     0.00     0.00     0.00
  58 	  -74.00   148.00     0.00     0.00     0.00     0.00
   	   24.00    89.00     0.00    90.00
   	   24.00    89.00     0.00    90.00
  59 	   -0.00   148.00     0.00     0.00     0.00     0.00
  59 	   -0.00   148.00     0.00     0.00     0.00     0.00
   	   24.00    89.00     0.00    90.00
   	   24.00    89.00     0.00    90.00
  60 	   74.00   148.00     0.00     0.00     0.00     0.00
  60 	   74.00   148.00     0.00     0.00     0.00     0.00
   	   24.00    89.00     0.00    90.00
   	   24.00    89.00     0.00    90.00

** End writing output file: ../inputs/gr78.dat 
