*******************************************************************************
                         ARRAY PREPROCESSOR ver. 1.0
*******************************************************************************



   1	GROUP testgroup
   3	 GRID HEXAGONAL
   4	 ELEMENT
   5	 GEOMETRY CIRCULAR 64
   7	 PORTS 1
   8	 PORT 1
   9	 POL_ORIENT 7 AMPLITUDE 70
  10	 PHASE_SHAPING 601
  11	 PHASE_SCANNING 411
  12	 ADD NODE 0 -5
  13	 ADD BLOCK 2 -2 -8 -3
  14	 ADD NODE 2 1
  16	 GROUP_EXCITATION
  17	 AMPLITUDE UNIFORM 25
  18	 PHASE UNIFORM -66
  19	 END

** Generating GROUP: testgroup.
** PSTEP,QSTEP set to:128.000000,128.000000
** Grid ANGLE set to:60.000000 
** Group ROT_ANGLE set to: 0.000000 

** Writing output file: ../inputs/gr780.dat

NEL 
NPORTS
IDUM      REXA     REYA     REZA     THEA     PHEA     PSEA 
          AMP      PSH      PSC      PHEPOL
  24
  24
   1
   1
   1 	 -320.00  -554.26     0.00     0.00     0.00     0.00
   1 	 -320.00  -554.26     0.00     0.00     0.00     0.00
   	 1750.00   535.00   411.00     7.00
   	 1750.00   535.00   411.00     7.00
   2 	-1216.00  -332.55     0.00     0.00     0.00     0.00
   2 	-1216.00  -332.55     0.00     0.00     0.00     0.00
   	 1750.00   535.00   411.00     7.00
   	 1750.00   535.00   411.00     7.00
   3 	-1088.00  -332.55     0.00     0.00     0.00     0.00
   3 	-1088.00  -332.55     0.00     0.00     0.00     0.00
   	 1750.00   535.00   411.00     7.00
   	 1750.00   535.00   411.00     7.00
   4 	 -960.00  -332.55     0.00     0.00     0.00     0.00
   4 	 -960.00  -332.55     0.00     0.00     0.00     0.00
   	 1750.00   535.00   411.00     7.00
   	 1750.00   535.00   411.00     7.00
   5 	 -832.00  -332.55     0.00     0.00     0.00     0.00
   5 	 -832.00  -332.55     0.00     0.00     0.00     0.00
   	 1750.00   535.00   411.00     7.00
   	 1750.00   535.00   411.00     7.00
   6 	 -704.00  -332.55     0.00     0.00     0.00     0.00
   6 	 -704.00  -332.55     0.00     0.00     0.00     0.00
   	 1750.00   535.00   411.00     7.00
   	 1750.00   535.00   411.00     7.00
   7 	 -576.00  -332.55     0.00     0.00     0.00     0.00
   7 	 -576.00  -332.55     0.00     0.00     0.00     0.00
   	 1750.00   535.00   411.00     7.00
   	 1750.00   535.00   411.00     7.00
   8 	 -448.00  -332.55     0.00     0.00     0.00     0.00
   8 	 -448.00  -332.55     0.00     0.00     0.00     0.00
   	 1750.00   535.00   411.00     7.00
   	 1750.00   535.00   411.00     7.00
   9 	 -320.00  -332.55     0.00     0.00     0.00     0.00
   9 	 -320.00  -332.55     0.00     0.00     0.00     0.00
   	 1750.00   535.00   411.00     7.00
   	 1750.00   535.00   411.00     7.00
  10 	 -192.00  -332.55     0.00     0.00     0.00     0.00
  10 	 -192.00  -332.55     0.00     0.00     0.00     0.00
   	 1750.00   535.00   411.00     7.00
   	 1750.00   535.00   411.00     7.00
  11 	  -64.00  -332.55     0.00     0.00     0.00     0.00
  11 	  -64.00  -332.55     0.00     0.00     0.00     0.00
   	 1750.00   535.00   411.00     7.00
   	 1750.00   535.00   411.00     7.00
  12 	   64.00  -332.55     0.00     0.00     0.00     0.00
  12 	   64.00  -332.55     0.00     0.00     0.00     0.00
   	 1750.00   535.00   411.00     7.00
   	 1750.00   535.00   411.00     7.00
  13 	-1152.00  -221.70     0.00     0.00     0.00     0.00
  13 	-1152.00  -221.70     0.00     0.00     0.00     0.00
   	 1750.00   535.00   411.00     7.00
   	 1750.00   535.00   411.00     7.00
  14 	-1024.00  -221.70     0.00     0.00     0.00     0.00
  14 	-1024.00  -221.70     0.00     0.00     0.00     0.00
   	 1750.00   535.00   411.00     7.00
   	 1750.00   535.00   411.00     7.00
  15 	 -896.00  -221.70     0.00     0.00     0.00     0.00
  15 	 -896.00  -221.70     0.00     0.00     0.00     0.00
   	 1750.00   535.00   411.00     7.00
   	 1750.00   535.00   411.00     7.00
  16 	 -768.00  -221.70     0.00     0.00     0.00     0.00
  16 	 -768.00  -221.70     0.00     0.00     0.00     0.00
   	 1750.00   535.00   411.00     7.00
   	 1750.00   535.00   411.00     7.00
  17 	 -640.00  -221.70     0.00     0.00     0.00     0.00
  17 	 -640.00  -221.70     0.00     0.00     0.00     0.00
   	 1750.00   535.00   411.00     7.00
   	 1750.00   535.00   411.00     7.00
  18 	 -512.00  -221.70     0.00     0.00     0.00     0.00
  18 	 -512.00  -221.70     0.00     0.00     0.00     0.00
   	 1750.00   535.00   411.00     7.00
   	 1750.00   535.00   411.00     7.00
  19 	 -384.00  -221.70     0.00     0.00     0.00     0.00
  19 	 -384.00  -221.70     0.00     0.00     0.00     0.00
   	 1750.00   535.00   411.00     7.00
   	 1750.00   535.00   411.00     7.00
  20 	 -256.00  -221.70     0.00     0.00     0.00     0.00
  20 	 -256.00  -221.70     0.00     0.00     0.00     0.00
   	 1750.00   535.00   411.00     7.00
   	 1750.00   535.00   411.00     7.00
  21 	 -128.00  -221.70     0.00     0.00     0.00     0.00
  21 	 -128.00  -221.70     0.00     0.00     0.00     0.00
   	 1750.00   535.00   411.00     7.00
   	 1750.00   535.00   411.00     7.00
  22 	    0.00  -221.70     0.00     0.00     0.00     0.00
  22 	    0.00  -221.70     0.00     0.00     0.00     0.00
   	 1750.00   535.00   411.00     7.00
   	 1750.00   535.00   411.00     7.00
  23 	  128.00  -221.70     0.00     0.00     0.00     0.00
  23 	  128.00  -221.70     0.00     0.00     0.00     0.00
   	 1750.00   535.00   411.00     7.00
   	 1750.00   535.00   411.00     7.00
  24 	  320.00   110.85     0.00     0.00     0.00     0.00
  24 	  320.00   110.85     0.00     0.00     0.00     0.00
   	 1750.00   535.00   411.00     7.00
   	 1750.00   535.00   411.00     7.00

** End writing output file: ../inputs/gr780.dat 
