*******************************************************************************
                         ARRAY PREPROCESSOR ver. 1.0
*******************************************************************************



   1	GROUP testgroup
   3	 GRID RECTANGULAR
   4	 ELEMENT
   5	 GEOMETRY RECTANGULAR 38 41
   7	 POLARIZATION LINEAR
   8	 ADD BLOCK -5 3 7 4
   9	 ADD BLOCK 6 -3 -1 4
  10	 ADD BLOCK 0 5 1 3
  12	 GROUP_EXCITATION
  13	 AMPLITUDE UNIFORM 20
  14	 PHASE UNIFORM 5
  15	 END

** Generating GROUP: testgroup.
** PSTEP,QSTEP set to:38.000000,41.000000
** Grid ANGLE set to:90.000000 
** Group ROT_ANGLE set to: 0.000000 

** Writing output file: ../inputs/gr781.dat

NEL 
NPORTS
IDUM      REXA     REYA     REZA     THEA     PHEA     PSEA 
          AMP      PSH      PSC      PHEPOL
  96
  96
   1
   1
   1 	 -190.00   123.00     0.00     0.00     0.00     0.00
   1 	 -190.00   123.00     0.00     0.00     0.00     0.00
   	   20.00     5.00     0.00    90.00
   	   20.00     5.00     0.00    90.00
   2 	 -152.00   123.00     0.00     0.00     0.00     0.00
   2 	 -152.00   123.00     0.00     0.00     0.00     0.00
   	   20.00     5.00     0.00    90.00
   	   20.00     5.00     0.00    90.00
   3 	 -114.00   123.00     0.00     0.00     0.00     0.00
   3 	 -114.00   123.00     0.00     0.00     0.00     0.00
   	   20.00     5.00     0.00    90.00
   	   20.00     5.00     0.00    90.00
   4 	  -76.00   123.00     0.00     0.00     0.00     0.00
   4 	  -76.00   123.00     0.00     0.00     0.00     0.00
   	   20.00     5.00     0.00    90.00
   	   20.00     5.00     0.00    90.00
   5 	  -38.00   123.00     0.00     0.00     0.00     0.00
   5 	  -38.00   123.00     0.00     0.00     0.00     0.00
   	   20.00     5.00     0.00    90.00
   	   20.00     5.00     0.00    90.00
   6 	   -0.00   123.00     0.00     0.00     0.00     0.00
   6 	   -0.00   123.00     0.00     0.00     0.00     0.00
   	   20.00     5.00     0.00    90.00
   	   20.00     5.00     0.00    90.00
   7 	   38.00   123.00     0.00     0.00     0.00     0.00
   7 	   38.00   123.00     0.00     0.00     0.00     0.00
   	   20.00     5.00     0.00    90.00
   	   20.00     5.00     0.00    90.00
   8 	   76.00   123.00     0.00     0.00     0.00     0.00
   8 	   76.00   123.00     0.00     0.00     0.00     0.00
   	   20.00     5.00     0.00    90.00
   	   20.00     5.00     0.00    90.00
   9 	  114.00   123.00     0.00     0.00     0.00     0.00
   9 	  114.00   123.00     0.00     0.00     0.00     0.00
   	   20.00     5.00     0.00    90.00
   	   20.00     5.00     0.00    90.00
  10 	  152.00   123.00     0.00     0.00     0.00     0.00
  10 	  152.00   123.00     0.00     0.00     0.00     0.00
   	   20.00     5.00     0.00    90.00
   	   20.00     5.00     0.00    90.00
  11 	  190.00   123.00     0.00     0.00     0.00     0.00
  11 	  190.00   123.00     0.00     0.00     0.00     0.00
   	   20.00     5.00     0.00    90.00
   	   20.00     5.00     0.00    90.00
  12 	  228.00   123.00     0.00     0.00     0.00     0.00
  12 	  228.00   123.00     0.00     0.00     0.00     0.00
   	   20.00     5.00     0.00    90.00
   	   20.00     5.00     0.00    90.00
  13 	  266.00   123.00     0.00     0.00     0.00     0.00
  13 	  266.00   123.00     0.00     0.00     0.00     0.00
   	   20.00     5.00     0.00    90.00
   	   20.00     5.00     0.00    90.00
  14 	 -190.00   164.00     0.00     0.00     0.00     0.00
  14 	 -190.00   164.00     0.00     0.00     0.00     0.00
   	   20.00     5.00     0.00    90.00
   	   20.00     5.00     0.00    90.00
  15 	 -152.00   164.00     0.00     0.00     0.00     0.00
  15 	 -152.00   164.00     0.00     0.00     0.00     0.00
   	   20.00     5.00     0.00    90.00
   	   20.00     5.00     0.00    90.00
  16 	 -114.00   164.00     0.00     0.00     0.00     0.00
  16 	 -114.00   164.00     0.00     0.00     0.00     0.00
   	   20.00     5.00     0.00    90.00
   	   20.00     5.00     0.00    90.00
  17 	  -76.00   164.00     0.00     0.00     0.00     0.00
  17 	  -76.00   164.00     0.00     0.00     0.00     0.00
   	   20.00     5.00     0.00    90.00
   	   20.00     5.00     0.00    90.00
  18 	  -38.00   164.00     0.00     0.00     0.00     0.00
  18 	  -38.00   164.00     0.00     0.00     0.00     0.00
   	   20.00     5.00     0.00    90.00
   	   20.00     5.00     0.00    90.00
  19 	   -0.00   164.00     0.00     0.00     0.00     0.00
  19 	   -0.00   164.00     0.00     0.00     0.00     0.00
   	   20.00     5.00     0.00    90.00
   	   20.00     5.00     0.00    90.00
  20 	   38.00   164.00     0.00     0.00     0.00     0.00
  20 	   38.00   164.00     0.00     0.00     0.00     0.00
   	   20.00     5.00     0.00    90.00
   	   20.00     5.00     0.00    90.00
  21 	   76.00   164.00     0.00     0.00     0.00     0.00
  21 	   76.00   164.00     0.00     0.00     0.00     0.00
   	   20.00     5.00     0.00    90.00
   	   20.00     5.00     0.00    90.00
  22 	  114.00   164.00     0.00     0.00     0.00     0.00
  22 	  114.00   164.00     0.00     0.00     0.00     0.00
   	   20.00     5.00     0.00    90.00
   	   20.00     5.00     0.00    90.00
  23 	  152.00   164.00     0.00     0.00     0.00     0.00
  23 	  152.00   164.00     0.00     0.00     0.00     0.00
   	   20.00     5.00     0.00    90.00
   	   20.00     5.00     0.00    90.00
  24 	  190.00   164.00     0.00     0.00     0.00     0.00
  24 	  190.00   164.00     0.00     0.00     0.00     0.00
   	   20.00     5.00     0.00    90.00
   	   20.00     5.00     0.00    90.00
  25 	  228.00   164.00     0.00     0.00     0.00     0.00
  25 	  228.00   164.00     0.00     0.00     0.00     0.00
   	   20.00     5.00     0.00    90.00
   	   20.00     5.00     0.00    90.00
  26 	  266.00   164.00     0.00     0.00     0.00     0.00
  26 	  266.00   164.00     0.00     0.00     0.00     0.00
   	   20.00     5.00     0.00    90.00
   	   20.00     5.00     0.00    90.00
  27 	  -38.00  -123.00     0.00     0.00     0.00     0.00
  27 	  -38.00  -123.00     0.00     0.00     0.00     0.00
   	   20.00     5.00     0.00    90.00
   	   20.00     5.00     0.00    90.00
  28 	    0.00  -123.00     0.00     0.00     0.00     0.00
  28 	    0.00  -123.00     0.00     0.00     0.00     0.00
   	   20.00     5.00     0.00    90.00
   	   20.00     5.00     0.00    90.00
  29 	   38.00  -123.00     0.00     0.00     0.00     0.00
  29 	   38.00  -123.00     0.00     0.00     0.00     0.00
   	   20.00     5.00     0.00    90.00
   	   20.00     5.00     0.00    90.00
  30 	   76.00  -123.00     0.00     0.00     0.00     0.00
  30 	   76.00  -123.00     0.00     0.00     0.00     0.00
   	   20.00     5.00     0.00    90.00
   	   20.00     5.00     0.00    90.00
  31 	  114.00  -123.00     0.00     0.00     0.00     0.00
  31 	  114.00  -123.00     0.00     0.00     0.00     0.00
   	   20.00     5.00     0.00    90.00
   	   20.00     5.00     0.00    90.00
  32 	  152.00  -123.00     0.00     0.00     0.00     0.00
  32 	  152.00  -123.00     0.00     0.00     0.00     0.00
   	   20.00     5.00     0.00    90.00
   	   20.00     5.00     0.00    90.00
  33 	  190.00  -123.00     0.00     0.00     0.00     0.00
  33 	  190.00  -123.00     0.00     0.00     0.00     0.00
   	   20.00     5.00     0.00    90.00
   	   20.00     5.00     0.00    90.00
  34 	  228.00  -123.00     0.00     0.00     0.00     0.00
  34 	  228.00  -123.00     0.00     0.00     0.00     0.00
   	   20.00     5.00     0.00    90.00
   	   20.00     5.00     0.00    90.00
  35 	  -38.00   -82.00     0.00     0.00     0.00     0.00
  35 	  -38.00   -82.00     0.00     0.00     0.00     0.00
   	   20.00     5.00     0.00    90.00
   	   20.00     5.00     0.00    90.00
  36 	    0.00   -82.00     0.00     0.00     0.00     0.00
  36 	    0.00   -82.00     0.00     0.00     0.00     0.00
   	   20.00     5.00     0.00    90.00
   	   20.00     5.00     0.00    90.00
  37 	   38.00   -82.00     0.00     0.00     0.00     0.00
  37 	   38.00   -82.00     0.00     0.00     0.00     0.00
   	   20.00     5.00     0.00    90.00
   	   20.00     5.00     0.00    90.00
  38 	   76.00   -82.00     0.00     0.00     0.00     0.00
  38 	   76.00   -82.00     0.00     0.00     0.00     0.00
   	   20.00     5.00     0.00    90.00
   	   20.00     5.00     0.00    90.00
  39 	  114.00   -82.00     0.00     0.00     0.00     0.00
  39 	  114.00   -82.00     0.00     0.00     0.00     0.00
   	   20.00     5.00     0.00    90.00
   	   20.00     5.00     0.00    90.00
  40 	  152.00   -82.00     0.00     0.00     0.00     0.00
  40 	  152.00   -82.00     0.00     0.00     0.00     0.00
   	   20.00     5.00     0.00    90.00
   	   20.00     5.00     0.00    90.00
  41 	  190.00   -82.00     0.00     0.00     0.00     0.00
  41 	  190.00   -82.00     0.00     0.00     0.00     0.00
   	   20.00     5.00     0.00    90.00
   	   20.00     5.00     0.00    90.00
  42 	  228.00   -82.00     0.00     0.00     0.00     0.00
  42 	  228.00   -82.00     0.00     0.00     0.00     0.00
   	   20.00     5.00     0.00    90.00
   	   20.00     5.00     0.00    90.00
  43 	  -38.00   -41.00     0.00     0.00     0.00     0.00
  43 	  -38.00   -41.00     0.00     0.00     0.00     0.00
   	   20.00     5.00     0.00    90.00
   	   20.00     5.00     0.00    90.00
  44 	    0.00   -41.00     0.00     0.00     0.00     0.00
  44 	    0.00   -41.00     0.00     0.00     0.00     0.00
   	   20.00     5.00     0.00    90.00
   	   20.00     5.00     0.00    90.00
  45 	   38.00   -41.00     0.00     0.00     0.00     0.00
  45 	   38.00   -41.00     0.00     0.00     0.00     0.00
   	   20.00     5.00     0.00    90.00
   	   20.00     5.00     0.00    90.00
  46 	   76.00   -41.00     0.00     0.00     0.00     0.00
  46 	   76.00   -41.00     0.00     0.00     0.00     0.00
   	   20.00     5.00     0.00    90.00
   	   20.00     5.00     0.00    90.00
  47 	  114.00   -41.00     0.00     0.00     0.00     0.00
  47 	  114.00   -41.00     0.00     0.00     0.00     0.00
   	   20.00     5.00     0.00    90.00
   	   20.00     5.00     0.00    90.00
  48 	  152.00   -41.00     0.00     0.00     0.00     0.00
  48 	  152.00   -41.00     0.00     0.00     0.00     0.00
   	   20.00     5.00     0.00    90.00
   	   20.00     5.00     0.00    90.00
  49 	  190.00   -41.00     0.00     0.00     0.00     0.00
  49 	  190.00   -41.00     0.00     0.00     0.00     0.00
   	   20.00     5.00     0.00    90.00
   	   20.00     5.00     0.00    90.00
  50 	  228.00   -41.00     0.00     0.00     0.00     0.00
  50 	  228.00   -41.00     0.00     0.00     0.00     0.00
   	   20.00     5.00     0.00    90.00
   	   20.00     5.00     0.00    90.00
  51 	  -38.00     0.00     0.00     0.00     0.00     0.00
  51 	  -38.00     0.00     0.00     0.00     0.00     0.00
   	   20.00     5.00     0.00    90.00
   	   20.00     5.00     0.00    90.00
  52 	    0.00     0.00     0.00     0.00     0.00     0.00
  52 	    0.00     0.00     0.00     0.00     0.00     0.00
   	   20.00     5.00     0.00    90.00
   	   20.00     5.00     0.00    90.00
  53 	   38.00     0.00     0.00     0.00     0.00     0.00
  53 	   38.00     0.00     0.00     0.00     0.00     0.00
   	   20.00     5.00     0.00    90.00
   	   20.00     5.00     0.00    90.00
  54 	   76.00     0.00     0.00     0.00     0.00     0.00
  54 	   76.00     0.00     0.00     0.00     0.00     0.00
   	   20.00     5.00     0.00    90.00
   	   20.00     5.00     0.00    90.00
  55 	  114.00     0.00     0.00     0.00     0.00     0.00
  55 	  114.00     0.00     0.00     0.00     0.00     0.00
   	   20.00     5.00     0.00    90.00
   	   20.00     5.00     0.00    90.00
  56 	  152.00     0.00     0.00     0.00     0.00     0.00
  56 	  152.00     0.00     0.00     0.00     0.00     0.00
   	   20.00     5.00     0.00    90.00
   	   20.00     5.00     0.00    90.00
  57 	  190.00     0.00     0.00     0.00     0.00     0.00
  57 	  190.00     0.00     0.00     0.00     0.00     0.00
   	   20.00     5.00     0.00    90.00
   	   20.00     5.00     0.00    90.00
  58 	  228.00     0.00     0.00     0.00     0.00     0.00
  58 	  228.00     0.00     0.00     0.00     0.00     0.00
   	   20.00     5.00     0.00    90.00
   	   20.00     5.00     0.00    90.00
  59 	  -38.00    41.00     0.00     0.00     0.00     0.00
  59 	  -38.00    41.00     0.00     0.00     0.00     0.00
   	   20.00     5.00     0.00    90.00
   	   20.00     5.00     0.00    90.00
  60 	   -0.00    41.00     0.00     0.00     0.00     0.00
  60 	   -0.00    41.00     0.00     0.00     0.00     0.00
   	   20.00     5.00     0.00    90.00
   	   20.00     5.00     0.00    90.00
  61 	   38.00    41.00     0.00     0.00     0.00     0.00
  61 	   38.00    41.00     0.00     0.00     0.00     0.00
   	   20.00     5.00     0.00    90.00
   	   20.00     5.00     0.00    90.00
  62 	   76.00    41.00     0.00     0.00     0.00     0.00
  62 	   76.00    41.00     0.00     0.00     0.00     0.00
   	   20.00     5.00     0.00    90.00
   	   20.00     5.00     0.00    90.00
  63 	  114.00    41.00     0.00     0.00     0.00     0.00
  63 	  114.00    41.00     0.00     0.00     0.00     0.00
   	   20.00     5.00     0.00    90.00
   	   20.00     5.00     0.00    90.00
  64 	  152.00    41.00     0.00     0.00     0.00     0.00
  64 	  152.00    41.00     0.00     0.00     0.00     0.00
   	   20.00     5.00     0.00    90.00
   	   20.00     5.00     0.00    90.00
  65 	  190.00    41.00     0.00     0.00     0.00     0.00
  65 	  190.00    41.00     0.00     0.00     0.00     0.00
   	   20.00     5.00     0.00    90.00
   	   20.00     5.00     0.00    90.00
  66 	  228.00    41.00     0.00     0.00     0.00     0.00
  66 	  228.00    41.00     0.00     0.00     0.00     0.00
   	   20.00     5.00     0.00    90.00
   	   20.00     5.00     0.00    90.00
  67 	  -38.00    82.00     0.00     0.00     0.00     0.00
  67 	  -38.00    82.00     0.00     0.00     0.00     0.00
   	   20.00     5.00     0.00    90.00
   	   20.00     5.00     0.00    90.00
  68 	   -0.00    82.00     0.00     0.00     0.00     0.00
  68 	   -0.00    82.00     0.00     0.00     0.00     0.00
   	   20.00     5.00     0.00    90.00
   	   20.00     5.00     0.00    90.00
  69 	   38.00    82.00     0.00     0.00     0.00     0.00
  69 	   38.00    82.00     0.00     0.00     0.00     0.00
   	   20.00     5.00     0.00    90.00
   	   20.00     5.00     0.00    90.00
  70 	   76.00    82.00     0.00     0.00     0.00     0.00
  70 	   76.00    82.00     0.00     0.00     0.00     0.00
   	   20.00     5.00     0.00    90.00
   	   20.00     5.00     0.00    90.00
  71 	  114.00    82.00     0.00     0.00     0.00     0.00
  71 	  114.00    82.00     0.00     0.00     0.00     0.00
   	   20.00     5.00     0.00    90.00
   	   20.00     5.00     0.00    90.00
  72 	  152.00    82.00     0.00     0.00     0.00     0.00
  72 	  152.00    82.00     0.00     0.00     0.00     0.00
   	   20.00     5.00     0.00    90.00
   	   20.00     5.00     0.00    90.00
  73 	  190.00    82.00     0.00     0.00     0.00     0.00
  73 	  190.00    82.00     0.00     0.00     0.00     0.00
   	   20.00     5.00     0.00    90.00
   	   20.00     5.00     0.00    90.00
  74 	  228.00    82.00     0.00     0.00     0.00     0.00
  74 	  228.00    82.00     0.00     0.00     0.00     0.00
   	   20.00     5.00     0.00    90.00
   	   20.00     5.00     0.00    90.00
  75 	  -38.00   123.00     0.00     0.00     0.00     0.00
  75 	  -38.00   123.00     0.00     0.00     0.00     0.00
   	   20.00     5.00     0.00    90.00
   	   20.00     5.00     0.00    90.00
  76 	   -0.00   123.00     0.00     0.00     0.00     0.00
  76 	   -0.00   123.00     0.00     0.00     0.00     0.00
   	   20.00     5.00     0.00    90.00
   	   20.00     5.00     0.00    90.00
  77 	   38.00   123.00     0.00     0.00     0.00     0.00
  77 	   38.00   123.00     0.00     0.00     0.00     0.00
   	   20.00     5.00     0.00    90.00
   	   20.00     5.00     0.00    90.00
  78 	   76.00   123.00     0.00     0.00     0.00     0.00
  78 	   76.00   123.00     0.00     0.00     0.00     0.00
   	   20.00     5.00     0.00    90.00
   	   20.00     5.00     0.00    90.00
  79 	  114.00   123.00     0.00     0.00     0.00     0.00
  79 	  114.00   123.00     0.00     0.00     0.00     0.00
   	   20.00     5.00     0.00    90.00
   	   20.00     5.00     0.00    90.00
  80 	  152.00   123.00     0.00     0.00     0.00     0.00
  80 	  152.00   123.00     0.00     0.00     0.00     0.00
   	   20.00     5.00     0.00    90.00
   	   20.00     5.00     0.00    90.00
  81 	  190.00   123.00     0.00     0.00     0.00     0.00
  81 	  190.00   123.00     0.00     0.00     0.00     0.00
   	   20.00     5.00     0.00    90.00
   	   20.00     5.00     0.00    90.00
  82 	  228.00   123.00     0.00     0.00     0.00     0.00
  82 	  228.00   123.00     0.00     0.00     0.00     0.00
   	   20.00     5.00     0.00    90.00
   	   20.00     5.00     0.00    90.00
  83 	  -38.00   164.00     0.00     0.00     0.00     0.00
  83 	  -38.00   164.00     0.00     0.00     0.00     0.00
   	   20.00     5.00     0.00    90.00
   	   20.00     5.00     0.00    90.00
  84 	   -0.00   164.00     0.00     0.00     0.00     0.00
  84 	   -0.00   164.00     0.00     0.00     0.00     0.00
   	   20.00     5.00     0.00    90.00
   	   20.00     5.00     0.00    90.00
  85 	   38.00   164.00     0.00     0.00     0.00     0.00
  85 	   38.00   164.00     0.00     0.00     0.00     0.00
   	   20.00     5.00     0.00    90.00
   	   20.00     5.00     0.00    90.00
  86 	   76.00   164.00     0.00     0.00     0.00     0.00
  86 	   76.00   164.00     0.00     0.00     0.00     0.00
   	   20.00     5.00     0.00    90.00
   	   20.00     5.00     0.00    90.00
  87 	  114.00   164.00     0.00     0.00     0.00     0.00
  87 	  114.00   164.00     0.00     0.00     0.00     0.00
   	   20.00     5.00     0.00    90.00
   	   20.00     5.00     0.00    90.00
  88 	  152.00   164.00     0.00     0.00     0.00     0.00
  88 	  152.00   164.00     0.00     0.00     0.00     0.00
   	   20.00     5.00     0.00    90.00
   	   20.00     5.00     0.00    90.00
  89 	  190.00   164.00     0.00     0.00     0.00     0.00
  89 	  190.00   164.00     0.00     0.00     0.00     0.00
   	   20.00     5.00     0.00    90.00
   	   20.00     5.00     0.00    90.00
  90 	  228.00   164.00     0.00     0.00     0.00     0.00
  90 	  228.00   164.00     0.00     0.00     0.00     0.00
   	   20.00     5.00     0.00    90.00
   	   20.00     5.00     0.00    90.00
  91 	   -0.00   123.00     0.00     0.00     0.00     0.00
  91 	   -0.00   123.00     0.00     0.00     0.00     0.00
   	   20.00     5.00     0.00    90.00
   	   20.00     5.00     0.00    90.00
  92 	   38.00   123.00     0.00     0.00     0.00     0.00
  92 	   38.00   123.00     0.00     0.00     0.00     0.00
   	   20.00     5.00     0.00    90.00
   	   20.00     5.00     0.00    90.00
  93 	   -0.00   164.00     0.00     0.00     0.00     0.00
  93 	   -0.00   164.00     0.00     0.00     0.00     0.00
   	   20.00     5.00     0.00    90.00
   	   20.00     5.00     0.00    90.00
  94 	   38.00   164.00     0.00     0.00     0.00     0.00
  94 	   38.00   164.00     0.00     0.00     0.00     0.00
   	   20.00     5.00     0.00    90.00
   	   20.00     5.00     0.00    90.00
  95 	   -0.00   205.00     0.00     0.00     0.00     0.00
  95 	   -0.00   205.00     0.00     0.00     0.00     0.00
   	   20.00     5.00     0.00    90.00
   	   20.00     5.00     0.00    90.00
  96 	   38.00   205.00     0.00     0.00     0.00     0.00
  96 	   38.00   205.00     0.00     0.00     0.00     0.00
   	   20.00     5.00     0.00    90.00
   	   20.00     5.00     0.00    90.00

** End writing output file: ../inputs/gr781.dat 
