*******************************************************************************
                         ARRAY PREPROCESSOR ver. 1.0
*******************************************************************************



   1	GROUP testgroup
   3	 GRID HEXAGONAL
   4	 ELEMENT
   5	 GEOMETRY CIRCULAR RADIUS 53
   6	 POLARIZATION LINEAR
   7	 ADD BLOCK -1 -6 -1 1
   9	 GROUP_EXCITATION
  10	 AMPLITUDE UNIFORM 19
  11	 PHASE UNIFORM 60 deg
  12	 END

** Generating GROUP: testgroup.
** PSTEP,QSTEP set to:106.000000,106.000000
** Grid ANGLE set to:60.000000 
** Group ROT_ANGLE set to: 0.000000 

** Writing output file: ../inputs/gr782.dat

NEL 
NPORTS
IDUM      REXA     REYA     REZA     THEA     PHEA     PSEA 
          AMP      PSH      PSC      PHEPOL
   8
   8
   1
   1
   1 	 -424.00  -550.79     0.00     0.00     0.00     0.00
   1 	 -424.00  -550.79     0.00     0.00     0.00     0.00
   	   19.00    60.00     0.00    90.00
   	   19.00    60.00     0.00    90.00
   2 	 -371.00  -458.99     0.00     0.00     0.00     0.00
   2 	 -371.00  -458.99     0.00     0.00     0.00     0.00
   	   19.00    60.00     0.00    90.00
   	   19.00    60.00     0.00    90.00
   3 	 -318.00  -367.19     0.00     0.00     0.00     0.00
   3 	 -318.00  -367.19     0.00     0.00     0.00     0.00
   	   19.00    60.00     0.00    90.00
   	   19.00    60.00     0.00    90.00
   4 	 -265.00  -275.40     0.00     0.00     0.00     0.00
   4 	 -265.00  -275.40     0.00     0.00     0.00     0.00
   	   19.00    60.00     0.00    90.00
   	   19.00    60.00     0.00    90.00
   5 	 -212.00  -183.60     0.00     0.00     0.00     0.00
   5 	 -212.00  -183.60     0.00     0.00     0.00     0.00
   	   19.00    60.00     0.00    90.00
   	   19.00    60.00     0.00    90.00
   6 	 -159.00   -91.80     0.00     0.00     0.00     0.00
   6 	 -159.00   -91.80     0.00     0.00     0.00     0.00
   	   19.00    60.00     0.00    90.00
   	   19.00    60.00     0.00    90.00
   7 	 -106.00     0.00     0.00     0.00     0.00     0.00
   7 	 -106.00     0.00     0.00     0.00     0.00     0.00
   	   19.00    60.00     0.00    90.00
   	   19.00    60.00     0.00    90.00
   8 	  -53.00    91.80     0.00     0.00     0.00     0.00
   8 	  -53.00    91.80     0.00     0.00     0.00     0.00
   	   19.00    60.00     0.00    90.00
   	   19.00    60.00     0.00    90.00

** End writing output file: ../inputs/gr782.dat 
