*******************************************************************************
                         ARRAY PREPROCESSOR ver. 1.0
*******************************************************************************



   1	GROUP testgroup
   3	 GRID HEXAGONAL STEP 40
   4	 ELEMENT
   5	 GEOMETRY CIRCULAR 82
   7	 ADD HEXAGON -1 0
   8	 ADD BLOCK 0 9 -7 -2
   9	 ADD HEXAGON -2 3
  10	 ADD BLOCK -5 -11 -7 0
  12	 GROUP_EXCITATION
  13	 AMPLITUDE UNIFORM 21
  14	 PHASE UNIFORM 116
  15	 END

** WARNING B2: GRID step(s) too small for specified element in GROUP: testgroup
** Generating GROUP: testgroup.
** PSTEP,QSTEP set to:40.000000,40.000000
** Grid ANGLE set to:60.000000 
** Group ROT_ANGLE set to: 0.000000 

** Writing output file: ../inputs/gr784.dat

NEL 
NPORTS
IDUM      REXA     REYA     REZA     THEA     PHEA     PSEA 
          AMP      PSH      PSC      PHEPOL
 146
 146
   1
   1
   1 	  -60.00    34.64     0.00     0.00     0.00     0.00
   1 	  -60.00    34.64     0.00     0.00     0.00     0.00
   	   21.00   116.00     0.00    90.00
   	   21.00   116.00     0.00    90.00
   2 	  -20.00    34.64     0.00     0.00     0.00     0.00
   2 	  -20.00    34.64     0.00     0.00     0.00     0.00
   	   21.00   116.00     0.00    90.00
   	   21.00   116.00     0.00    90.00
   3 	    0.00     0.00     0.00     0.00     0.00     0.00
   3 	    0.00     0.00     0.00     0.00     0.00     0.00
   	   21.00   116.00     0.00    90.00
   	   21.00   116.00     0.00    90.00
   4 	  -20.00   -34.64     0.00     0.00     0.00     0.00
   4 	  -20.00   -34.64     0.00     0.00     0.00     0.00
   	   21.00   116.00     0.00    90.00
   	   21.00   116.00     0.00    90.00
   5 	  -60.00   -34.64     0.00     0.00     0.00     0.00
   5 	  -60.00   -34.64     0.00     0.00     0.00     0.00
   	   21.00   116.00     0.00    90.00
   	   21.00   116.00     0.00    90.00
   6 	  -80.00     0.00     0.00     0.00     0.00     0.00
   6 	  -80.00     0.00     0.00     0.00     0.00     0.00
   	   21.00   116.00     0.00    90.00
   	   21.00   116.00     0.00    90.00
   7 	  -40.00     0.00     0.00     0.00     0.00     0.00
   7 	  -40.00     0.00     0.00     0.00     0.00     0.00
   	   21.00   116.00     0.00    90.00
   	   21.00   116.00     0.00    90.00
   8 	 -320.00   -69.28     0.00     0.00     0.00     0.00
   8 	 -320.00   -69.28     0.00     0.00     0.00     0.00
   	   21.00   116.00     0.00    90.00
   	   21.00   116.00     0.00    90.00
   9 	 -280.00   -69.28     0.00     0.00     0.00     0.00
   9 	 -280.00   -69.28     0.00     0.00     0.00     0.00
   	   21.00   116.00     0.00    90.00
   	   21.00   116.00     0.00    90.00
  10 	 -240.00   -69.28     0.00     0.00     0.00     0.00
  10 	 -240.00   -69.28     0.00     0.00     0.00     0.00
   	   21.00   116.00     0.00    90.00
   	   21.00   116.00     0.00    90.00
  11 	 -200.00   -69.28     0.00     0.00     0.00     0.00
  11 	 -200.00   -69.28     0.00     0.00     0.00     0.00
   	   21.00   116.00     0.00    90.00
   	   21.00   116.00     0.00    90.00
  12 	 -160.00   -69.28     0.00     0.00     0.00     0.00
  12 	 -160.00   -69.28     0.00     0.00     0.00     0.00
   	   21.00   116.00     0.00    90.00
   	   21.00   116.00     0.00    90.00
  13 	 -120.00   -69.28     0.00     0.00     0.00     0.00
  13 	 -120.00   -69.28     0.00     0.00     0.00     0.00
   	   21.00   116.00     0.00    90.00
   	   21.00   116.00     0.00    90.00
  14 	  -80.00   -69.28     0.00     0.00     0.00     0.00
  14 	  -80.00   -69.28     0.00     0.00     0.00     0.00
   	   21.00   116.00     0.00    90.00
   	   21.00   116.00     0.00    90.00
  15 	  -40.00   -69.28     0.00     0.00     0.00     0.00
  15 	  -40.00   -69.28     0.00     0.00     0.00     0.00
   	   21.00   116.00     0.00    90.00
   	   21.00   116.00     0.00    90.00
  16 	 -300.00   -34.64     0.00     0.00     0.00     0.00
  16 	 -300.00   -34.64     0.00     0.00     0.00     0.00
   	   21.00   116.00     0.00    90.00
   	   21.00   116.00     0.00    90.00
  17 	 -260.00   -34.64     0.00     0.00     0.00     0.00
  17 	 -260.00   -34.64     0.00     0.00     0.00     0.00
   	   21.00   116.00     0.00    90.00
   	   21.00   116.00     0.00    90.00
  18 	 -220.00   -34.64     0.00     0.00     0.00     0.00
  18 	 -220.00   -34.64     0.00     0.00     0.00     0.00
   	   21.00   116.00     0.00    90.00
   	   21.00   116.00     0.00    90.00
  19 	 -180.00   -34.64     0.00     0.00     0.00     0.00
  19 	 -180.00   -34.64     0.00     0.00     0.00     0.00
   	   21.00   116.00     0.00    90.00
   	   21.00   116.00     0.00    90.00
  20 	 -140.00   -34.64     0.00     0.00     0.00     0.00
  20 	 -140.00   -34.64     0.00     0.00     0.00     0.00
   	   21.00   116.00     0.00    90.00
   	   21.00   116.00     0.00    90.00
  21 	 -100.00   -34.64     0.00     0.00     0.00     0.00
  21 	 -100.00   -34.64     0.00     0.00     0.00     0.00
   	   21.00   116.00     0.00    90.00
   	   21.00   116.00     0.00    90.00
  22 	  -60.00   -34.64     0.00     0.00     0.00     0.00
  22 	  -60.00   -34.64     0.00     0.00     0.00     0.00
   	   21.00   116.00     0.00    90.00
   	   21.00   116.00     0.00    90.00
  23 	  -20.00   -34.64     0.00     0.00     0.00     0.00
  23 	  -20.00   -34.64     0.00     0.00     0.00     0.00
   	   21.00   116.00     0.00    90.00
   	   21.00   116.00     0.00    90.00
  24 	 -280.00     0.00     0.00     0.00     0.00     0.00
  24 	 -280.00     0.00     0.00     0.00     0.00     0.00
   	   21.00   116.00     0.00    90.00
   	   21.00   116.00     0.00    90.00
  25 	 -240.00     0.00     0.00     0.00     0.00     0.00
  25 	 -240.00     0.00     0.00     0.00     0.00     0.00
   	   21.00   116.00     0.00    90.00
   	   21.00   116.00     0.00    90.00
  26 	 -200.00     0.00     0.00     0.00     0.00     0.00
  26 	 -200.00     0.00     0.00     0.00     0.00     0.00
   	   21.00   116.00     0.00    90.00
   	   21.00   116.00     0.00    90.00
  27 	 -160.00     0.00     0.00     0.00     0.00     0.00
  27 	 -160.00     0.00     0.00     0.00     0.00     0.00
   	   21.00   116.00     0.00    90.00
   	   21.00   116.00     0.00    90.00
  28 	 -120.00     0.00     0.00     0.00     0.00     0.00
  28 	 -120.00     0.00     0.00     0.00     0.00     0.00
   	   21.00   116.00     0.00    90.00
   	   21.00   116.00     0.00    90.00
  29 	  -80.00     0.00     0.00     0.00     0.00     0.00
  29 	  -80.00     0.00     0.00     0.00     0.00     0.00
   	   21.00   116.00     0.00    90.00
   	   21.00   116.00     0.00    90.00
  30 	  -40.00     0.00     0.00     0.00     0.00     0.00
  30 	  -40.00     0.00     0.00     0.00     0.00     0.00
   	   21.00   116.00     0.00    90.00
   	   21.00   116.00     0.00    90.00
  31 	    0.00     0.00     0.00     0.00     0.00     0.00
  31 	    0.00     0.00     0.00     0.00     0.00     0.00
   	   21.00   116.00     0.00    90.00
   	   21.00   116.00     0.00    90.00
  32 	 -260.00    34.64     0.00     0.00     0.00     0.00
  32 	 -260.00    34.64     0.00     0.00     0.00     0.00
   	   21.00   116.00     0.00    90.00
   	   21.00   116.00     0.00    90.00
  33 	 -220.00    34.64     0.00     0.00     0.00     0.00
  33 	 -220.00    34.64     0.00     0.00     0.00     0.00
   	   21.00   116.00     0.00    90.00
   	   21.00   116.00     0.00    90.00
  34 	 -180.00    34.64     0.00     0.00     0.00     0.00
  34 	 -180.00    34.64     0.00     0.00     0.00     0.00
   	   21.00   116.00     0.00    90.00
   	   21.00   116.00     0.00    90.00
  35 	 -140.00    34.64     0.00     0.00     0.00     0.00
  35 	 -140.00    34.64     0.00     0.00     0.00     0.00
   	   21.00   116.00     0.00    90.00
   	   21.00   116.00     0.00    90.00
  36 	 -100.00    34.64     0.00     0.00     0.00     0.00
  36 	 -100.00    34.64     0.00     0.00     0.00     0.00
   	   21.00   116.00     0.00    90.00
   	   21.00   116.00     0.00    90.00
  37 	  -60.00    34.64     0.00     0.00     0.00     0.00
  37 	  -60.00    34.64     0.00     0.00     0.00     0.00
   	   21.00   116.00     0.00    90.00
   	   21.00   116.00     0.00    90.00
  38 	  -20.00    34.64     0.00     0.00     0.00     0.00
  38 	  -20.00    34.64     0.00     0.00     0.00     0.00
   	   21.00   116.00     0.00    90.00
   	   21.00   116.00     0.00    90.00
  39 	   20.00    34.64     0.00     0.00     0.00     0.00
  39 	   20.00    34.64     0.00     0.00     0.00     0.00
   	   21.00   116.00     0.00    90.00
   	   21.00   116.00     0.00    90.00
  40 	 -240.00    69.28     0.00     0.00     0.00     0.00
  40 	 -240.00    69.28     0.00     0.00     0.00     0.00
   	   21.00   116.00     0.00    90.00
   	   21.00   116.00     0.00    90.00
  41 	 -200.00    69.28     0.00     0.00     0.00     0.00
  41 	 -200.00    69.28     0.00     0.00     0.00     0.00
   	   21.00   116.00     0.00    90.00
   	   21.00   116.00     0.00    90.00
  42 	 -160.00    69.28     0.00     0.00     0.00     0.00
  42 	 -160.00    69.28     0.00     0.00     0.00     0.00
   	   21.00   116.00     0.00    90.00
   	   21.00   116.00     0.00    90.00
  43 	 -120.00    69.28     0.00     0.00     0.00     0.00
  43 	 -120.00    69.28     0.00     0.00     0.00     0.00
   	   21.00   116.00     0.00    90.00
   	   21.00   116.00     0.00    90.00
  44 	  -80.00    69.28     0.00     0.00     0.00     0.00
  44 	  -80.00    69.28     0.00     0.00     0.00     0.00
   	   21.00   116.00     0.00    90.00
   	   21.00   116.00     0.00    90.00
  45 	  -40.00    69.28     0.00     0.00     0.00     0.00
  45 	  -40.00    69.28     0.00     0.00     0.00     0.00
   	   21.00   116.00     0.00    90.00
   	   21.00   116.00     0.00    90.00
  46 	   -0.00    69.28     0.00     0.00     0.00     0.00
  46 	   -0.00    69.28     0.00     0.00     0.00     0.00
   	   21.00   116.00     0.00    90.00
   	   21.00   116.00     0.00    90.00
  47 	   40.00    69.28     0.00     0.00     0.00     0.00
  47 	   40.00    69.28     0.00     0.00     0.00     0.00
   	   21.00   116.00     0.00    90.00
   	   21.00   116.00     0.00    90.00
  48 	 -220.00   103.92     0.00     0.00     0.00     0.00
  48 	 -220.00   103.92     0.00     0.00     0.00     0.00
   	   21.00   116.00     0.00    90.00
   	   21.00   116.00     0.00    90.00
  49 	 -180.00   103.92     0.00     0.00     0.00     0.00
  49 	 -180.00   103.92     0.00     0.00     0.00     0.00
   	   21.00   116.00     0.00    90.00
   	   21.00   116.00     0.00    90.00
  50 	 -140.00   103.92     0.00     0.00     0.00     0.00
  50 	 -140.00   103.92     0.00     0.00     0.00     0.00
   	   21.00   116.00     0.00    90.00
   	   21.00   116.00     0.00    90.00
  51 	 -100.00   103.92     0.00     0.00     0.00     0.00
  51 	 -100.00   103.92     0.00     0.00     0.00     0.00
   	   21.00   116.00     0.00    90.00
   	   21.00   116.00     0.00    90.00
  52 	  -60.00   103.92     0.00     0.00     0.00     0.00
  52 	  -60.00   103.92     0.00     0.00     0.00     0.00
   	   21.00   116.00     0.00    90.00
   	   21.00   116.00     0.00    90.00
  53 	  -20.00   103.92     0.00     0.00     0.00     0.00
  53 	  -20.00   103.92     0.00     0.00     0.00     0.00
   	   21.00   116.00     0.00    90.00
   	   21.00   116.00     0.00    90.00
  54 	   20.00   103.92     0.00     0.00     0.00     0.00
  54 	   20.00   103.92     0.00     0.00     0.00     0.00
   	   21.00   116.00     0.00    90.00
   	   21.00   116.00     0.00    90.00
  55 	   60.00   103.92     0.00     0.00     0.00     0.00
  55 	   60.00   103.92     0.00     0.00     0.00     0.00
   	   21.00   116.00     0.00    90.00
   	   21.00   116.00     0.00    90.00
  56 	 -200.00   138.56     0.00     0.00     0.00     0.00
  56 	 -200.00   138.56     0.00     0.00     0.00     0.00
   	   21.00   116.00     0.00    90.00
   	   21.00   116.00     0.00    90.00
  57 	 -160.00   138.56     0.00     0.00     0.00     0.00
  57 	 -160.00   138.56     0.00     0.00     0.00     0.00
   	   21.00   116.00     0.00    90.00
   	   21.00   116.00     0.00    90.00
  58 	 -120.00   138.56     0.00     0.00     0.00     0.00
  58 	 -120.00   138.56     0.00     0.00     0.00     0.00
   	   21.00   116.00     0.00    90.00
   	   21.00   116.00     0.00    90.00
  59 	  -80.00   138.56     0.00     0.00     0.00     0.00
  59 	  -80.00   138.56     0.00     0.00     0.00     0.00
   	   21.00   116.00     0.00    90.00
   	   21.00   116.00     0.00    90.00
  60 	  -40.00   138.56     0.00     0.00     0.00     0.00
  60 	  -40.00   138.56     0.00     0.00     0.00     0.00
   	   21.00   116.00     0.00    90.00
   	   21.00   116.00     0.00    90.00
  61 	   -0.00   138.56     0.00     0.00     0.00     0.00
  61 	   -0.00   138.56     0.00     0.00     0.00     0.00
   	   21.00   116.00     0.00    90.00
   	   21.00   116.00     0.00    90.00
  62 	   40.00   138.56     0.00     0.00     0.00     0.00
  62 	   40.00   138.56     0.00     0.00     0.00     0.00
   	   21.00   116.00     0.00    90.00
   	   21.00   116.00     0.00    90.00
  63 	   80.00   138.56     0.00     0.00     0.00     0.00
  63 	   80.00   138.56     0.00     0.00     0.00     0.00
   	   21.00   116.00     0.00    90.00
   	   21.00   116.00     0.00    90.00
  64 	 -180.00   173.21     0.00     0.00     0.00     0.00
  64 	 -180.00   173.21     0.00     0.00     0.00     0.00
   	   21.00   116.00     0.00    90.00
   	   21.00   116.00     0.00    90.00
  65 	 -140.00   173.21     0.00     0.00     0.00     0.00
  65 	 -140.00   173.21     0.00     0.00     0.00     0.00
   	   21.00   116.00     0.00    90.00
   	   21.00   116.00     0.00    90.00
  66 	 -100.00   173.21     0.00     0.00     0.00     0.00
  66 	 -100.00   173.21     0.00     0.00     0.00     0.00
   	   21.00   116.00     0.00    90.00
   	   21.00   116.00     0.00    90.00
  67 	  -60.00   173.21     0.00     0.00     0.00     0.00
  67 	  -60.00   173.21     0.00     0.00     0.00     0.00
   	   21.00   116.00     0.00    90.00
   	   21.00   116.00     0.00    90.00
  68 	  -20.00   173.21     0.00     0.00     0.00     0.00
  68 	  -20.00   173.21     0.00     0.00     0.00     0.00
   	   21.00   116.00     0.00    90.00
   	   21.00   116.00     0.00    90.00
  69 	   20.00   173.21     0.00     0.00     0.00     0.00
  69 	   20.00   173.21     0.00     0.00     0.00     0.00
   	   21.00   116.00     0.00    90.00
   	   21.00   116.00     0.00    90.00
  70 	   60.00   173.21     0.00     0.00     0.00     0.00
  70 	   60.00   173.21     0.00     0.00     0.00     0.00
   	   21.00   116.00     0.00    90.00
   	   21.00   116.00     0.00    90.00
  71 	  100.00   173.21     0.00     0.00     0.00     0.00
  71 	  100.00   173.21     0.00     0.00     0.00     0.00
   	   21.00   116.00     0.00    90.00
   	   21.00   116.00     0.00    90.00
  72 	 -160.00   207.85     0.00     0.00     0.00     0.00
  72 	 -160.00   207.85     0.00     0.00     0.00     0.00
   	   21.00   116.00     0.00    90.00
   	   21.00   116.00     0.00    90.00
  73 	 -120.00   207.85     0.00     0.00     0.00     0.00
  73 	 -120.00   207.85     0.00     0.00     0.00     0.00
   	   21.00   116.00     0.00    90.00
   	   21.00   116.00     0.00    90.00
  74 	  -80.00   207.85     0.00     0.00     0.00     0.00
  74 	  -80.00   207.85     0.00     0.00     0.00     0.00
   	   21.00   116.00     0.00    90.00
   	   21.00   116.00     0.00    90.00
  75 	  -40.00   207.85     0.00     0.00     0.00     0.00
  75 	  -40.00   207.85     0.00     0.00     0.00     0.00
   	   21.00   116.00     0.00    90.00
   	   21.00   116.00     0.00    90.00
  76 	   -0.00   207.85     0.00     0.00     0.00     0.00
  76 	   -0.00   207.85     0.00     0.00     0.00     0.00
   	   21.00   116.00     0.00    90.00
   	   21.00   116.00     0.00    90.00
  77 	   40.00   207.85     0.00     0.00     0.00     0.00
  77 	   40.00   207.85     0.00     0.00     0.00     0.00
   	   21.00   116.00     0.00    90.00
   	   21.00   116.00     0.00    90.00
  78 	   80.00   207.85     0.00     0.00     0.00     0.00
  78 	   80.00   207.85     0.00     0.00     0.00     0.00
   	   21.00   116.00     0.00    90.00
   	   21.00   116.00     0.00    90.00
  79 	  120.00   207.85     0.00     0.00     0.00     0.00
  79 	  120.00   207.85     0.00     0.00     0.00     0.00
   	   21.00   116.00     0.00    90.00
   	   21.00   116.00     0.00    90.00
  80 	 -140.00   242.49     0.00     0.00     0.00     0.00
  80 	 -140.00   242.49     0.00     0.00     0.00     0.00
   	   21.00   116.00     0.00    90.00
   	   21.00   116.00     0.00    90.00
  81 	 -100.00   242.49     0.00     0.00     0.00     0.00
  81 	 -100.00   242.49     0.00     0.00     0.00     0.00
   	   21.00   116.00     0.00    90.00
   	   21.00   116.00     0.00    90.00
  82 	  -60.00   242.49     0.00     0.00     0.00     0.00
  82 	  -60.00   242.49     0.00     0.00     0.00     0.00
   	   21.00   116.00     0.00    90.00
   	   21.00   116.00     0.00    90.00
  83 	  -20.00   242.49     0.00     0.00     0.00     0.00
  83 	  -20.00   242.49     0.00     0.00     0.00     0.00
   	   21.00   116.00     0.00    90.00
   	   21.00   116.00     0.00    90.00
  84 	   20.00   242.49     0.00     0.00     0.00     0.00
  84 	   20.00   242.49     0.00     0.00     0.00     0.00
   	   21.00   116.00     0.00    90.00
   	   21.00   116.00     0.00    90.00
  85 	   60.00   242.49     0.00     0.00     0.00     0.00
  85 	   60.00   242.49     0.00     0.00     0.00     0.00
   	   21.00   116.00     0.00    90.00
   	   21.00   116.00     0.00    90.00
  86 	  100.00   242.49     0.00     0.00     0.00     0.00
  86 	  100.00   242.49     0.00     0.00     0.00     0.00
   	   21.00   116.00     0.00    90.00
   	   21.00   116.00     0.00    90.00
  87 	  140.00   242.49     0.00     0.00     0.00     0.00
  87 	  140.00   242.49     0.00     0.00     0.00     0.00
   	   21.00   116.00     0.00    90.00
   	   21.00   116.00     0.00    90.00
  88 	 -120.00   277.13     0.00     0.00     0.00     0.00
  88 	 -120.00   277.13     0.00     0.00     0.00     0.00
   	   21.00   116.00     0.00    90.00
   	   21.00   116.00     0.00    90.00
  89 	  -80.00   277.13     0.00     0.00     0.00     0.00
  89 	  -80.00   277.13     0.00     0.00     0.00     0.00
   	   21.00   116.00     0.00    90.00
   	   21.00   116.00     0.00    90.00
  90 	  -40.00   277.13     0.00     0.00     0.00     0.00
  90 	  -40.00   277.13     0.00     0.00     0.00     0.00
   	   21.00   116.00     0.00    90.00
   	   21.00   116.00     0.00    90.00
  91 	   -0.00   277.13     0.00     0.00     0.00     0.00
  91 	   -0.00   277.13     0.00     0.00     0.00     0.00
   	   21.00   116.00     0.00    90.00
   	   21.00   116.00     0.00    90.00
  92 	   40.00   277.13     0.00     0.00     0.00     0.00
  92 	   40.00   277.13     0.00     0.00     0.00     0.00
   	   21.00   116.00     0.00    90.00
   	   21.00   116.00     0.00    90.00
  93 	   80.00   277.13     0.00     0.00     0.00     0.00
  93 	   80.00   277.13     0.00     0.00     0.00     0.00
   	   21.00   116.00     0.00    90.00
   	   21.00   116.00     0.00    90.00
  94 	  120.00   277.13     0.00     0.00     0.00     0.00
  94 	  120.00   277.13     0.00     0.00     0.00     0.00
   	   21.00   116.00     0.00    90.00
   	   21.00   116.00     0.00    90.00
  95 	  160.00   277.13     0.00     0.00     0.00     0.00
  95 	  160.00   277.13     0.00     0.00     0.00     0.00
   	   21.00   116.00     0.00    90.00
   	   21.00   116.00     0.00    90.00
  96 	 -100.00   311.77     0.00     0.00     0.00     0.00
  96 	 -100.00   311.77     0.00     0.00     0.00     0.00
   	   21.00   116.00     0.00    90.00
   	   21.00   116.00     0.00    90.00
  97 	  -60.00   311.77     0.00     0.00     0.00     0.00
  97 	  -60.00   311.77     0.00     0.00     0.00     0.00
   	   21.00   116.00     0.00    90.00
   	   21.00   116.00     0.00    90.00
  98 	  -20.00   311.77     0.00     0.00     0.00     0.00
  98 	  -20.00   311.77     0.00     0.00     0.00     0.00
   	   21.00   116.00     0.00    90.00
   	   21.00   116.00     0.00    90.00
  99 	   20.00   311.77     0.00     0.00     0.00     0.00
  99 	   20.00   311.77     0.00     0.00     0.00     0.00
   	   21.00   116.00     0.00    90.00
   	   21.00   116.00     0.00    90.00
 100 	   60.00   311.77     0.00     0.00     0.00     0.00
 100 	   60.00   311.77     0.00     0.00     0.00     0.00
   	   21.00   116.00     0.00    90.00
   	   21.00   116.00     0.00    90.00
 101 	  100.00   311.77     0.00     0.00     0.00     0.00
 101 	  100.00   311.77     0.00     0.00     0.00     0.00
   	   21.00   116.00     0.00    90.00
   	   21.00   116.00     0.00    90.00
 102 	  140.00   311.77     0.00     0.00     0.00     0.00
 102 	  140.00   311.77     0.00     0.00     0.00     0.00
   	   21.00   116.00     0.00    90.00
   	   21.00   116.00     0.00    90.00
 103 	  180.00   311.77     0.00     0.00     0.00     0.00
 103 	  180.00   311.77     0.00     0.00     0.00     0.00
   	   21.00   116.00     0.00    90.00
   	   21.00   116.00     0.00    90.00
 104 	  -40.00   138.56     0.00     0.00     0.00     0.00
 104 	  -40.00   138.56     0.00     0.00     0.00     0.00
   	   21.00   116.00     0.00    90.00
   	   21.00   116.00     0.00    90.00
 105 	   -0.00   138.56     0.00     0.00     0.00     0.00
 105 	   -0.00   138.56     0.00     0.00     0.00     0.00
   	   21.00   116.00     0.00    90.00
   	   21.00   116.00     0.00    90.00
 106 	   20.00   103.92     0.00     0.00     0.00     0.00
 106 	   20.00   103.92     0.00     0.00     0.00     0.00
   	   21.00   116.00     0.00    90.00
   	   21.00   116.00     0.00    90.00
 107 	   -0.00    69.28     0.00     0.00     0.00     0.00
 107 	   -0.00    69.28     0.00     0.00     0.00     0.00
   	   21.00   116.00     0.00    90.00
   	   21.00   116.00     0.00    90.00
 108 	  -40.00    69.28     0.00     0.00     0.00     0.00
 108 	  -40.00    69.28     0.00     0.00     0.00     0.00
   	   21.00   116.00     0.00    90.00
   	   21.00   116.00     0.00    90.00
 109 	  -60.00   103.92     0.00     0.00     0.00     0.00
 109 	  -60.00   103.92     0.00     0.00     0.00     0.00
   	   21.00   116.00     0.00    90.00
   	   21.00   116.00     0.00    90.00
 110 	  -20.00   103.92     0.00     0.00     0.00     0.00
 110 	  -20.00   103.92     0.00     0.00     0.00     0.00
   	   21.00   116.00     0.00    90.00
   	   21.00   116.00     0.00    90.00
 111 	 -500.00  -381.05     0.00     0.00     0.00     0.00
 111 	 -500.00  -381.05     0.00     0.00     0.00     0.00
   	   21.00   116.00     0.00    90.00
   	   21.00   116.00     0.00    90.00
 112 	 -460.00  -381.05     0.00     0.00     0.00     0.00
 112 	 -460.00  -381.05     0.00     0.00     0.00     0.00
   	   21.00   116.00     0.00    90.00
   	   21.00   116.00     0.00    90.00
 113 	 -420.00  -381.05     0.00     0.00     0.00     0.00
 113 	 -420.00  -381.05     0.00     0.00     0.00     0.00
   	   21.00   116.00     0.00    90.00
   	   21.00   116.00     0.00    90.00
 114 	 -480.00  -346.41     0.00     0.00     0.00     0.00
 114 	 -480.00  -346.41     0.00     0.00     0.00     0.00
   	   21.00   116.00     0.00    90.00
   	   21.00   116.00     0.00    90.00
 115 	 -440.00  -346.41     0.00     0.00     0.00     0.00
 115 	 -440.00  -346.41     0.00     0.00     0.00     0.00
   	   21.00   116.00     0.00    90.00
   	   21.00   116.00     0.00    90.00
 116 	 -400.00  -346.41     0.00     0.00     0.00     0.00
 116 	 -400.00  -346.41     0.00     0.00     0.00     0.00
   	   21.00   116.00     0.00    90.00
   	   21.00   116.00     0.00    90.00
 117 	 -460.00  -311.77     0.00     0.00     0.00     0.00
 117 	 -460.00  -311.77     0.00     0.00     0.00     0.00
   	   21.00   116.00     0.00    90.00
   	   21.00   116.00     0.00    90.00
 118 	 -420.00  -311.77     0.00     0.00     0.00     0.00
 118 	 -420.00  -311.77     0.00     0.00     0.00     0.00
   	   21.00   116.00     0.00    90.00
   	   21.00   116.00     0.00    90.00
 119 	 -380.00  -311.77     0.00     0.00     0.00     0.00
 119 	 -380.00  -311.77     0.00     0.00     0.00     0.00
   	   21.00   116.00     0.00    90.00
   	   21.00   116.00     0.00    90.00
 120 	 -440.00  -277.13     0.00     0.00     0.00     0.00
 120 	 -440.00  -277.13     0.00     0.00     0.00     0.00
   	   21.00   116.00     0.00    90.00
   	   21.00   116.00     0.00    90.00
 121 	 -400.00  -277.13     0.00     0.00     0.00     0.00
 121 	 -400.00  -277.13     0.00     0.00     0.00     0.00
   	   21.00   116.00     0.00    90.00
   	   21.00   116.00     0.00    90.00
 122 	 -360.00  -277.13     0.00     0.00     0.00     0.00
 122 	 -360.00  -277.13     0.00     0.00     0.00     0.00
   	   21.00   116.00     0.00    90.00
   	   21.00   116.00     0.00    90.00
 123 	 -420.00  -242.49     0.00     0.00     0.00     0.00
 123 	 -420.00  -242.49     0.00     0.00     0.00     0.00
   	   21.00   116.00     0.00    90.00
   	   21.00   116.00     0.00    90.00
 124 	 -380.00  -242.49     0.00     0.00     0.00     0.00
 124 	 -380.00  -242.49     0.00     0.00     0.00     0.00
   	   21.00   116.00     0.00    90.00
   	   21.00   116.00     0.00    90.00
 125 	 -340.00  -242.49     0.00     0.00     0.00     0.00
 125 	 -340.00  -242.49     0.00     0.00     0.00     0.00
   	   21.00   116.00     0.00    90.00
   	   21.00   116.00     0.00    90.00
 126 	 -400.00  -207.85     0.00     0.00     0.00     0.00
 126 	 -400.00  -207.85     0.00     0.00     0.00     0.00
   	   21.00   116.00     0.00    90.00
   	   21.00   116.00     0.00    90.00
 127 	 -360.00  -207.85     0.00     0.00     0.00     0.00
 127 	 -360.00  -207.85     0.00     0.00     0.00     0.00
   	   21.00   116.00     0.00    90.00
   	   21.00   116.00     0.00    90.00
 128 	 -320.00  -207.85     0.00     0.00     0.00     0.00
 128 	 -320.00  -207.85     0.00     0.00     0.00     0.00
   	   21.00   116.00     0.00    90.00
   	   21.00   116.00     0.00    90.00
 129 	 -380.00  -173.21     0.00     0.00     0.00     0.00
 129 	 -380.00  -173.21     0.00     0.00     0.00     0.00
   	   21.00   116.00     0.00    90.00
   	   21.00   116.00     0.00    90.00
 130 	 -340.00  -173.21     0.00     0.00     0.00     0.00
 130 	 -340.00  -173.21     0.00     0.00     0.00     0.00
   	   21.00   116.00     0.00    90.00
   	   21.00   116.00     0.00    90.00
 131 	 -300.00  -173.21     0.00     0.00     0.00     0.00
 131 	 -300.00  -173.21     0.00     0.00     0.00     0.00
   	   21.00   116.00     0.00    90.00
   	   21.00   116.00     0.00    90.00
 132 	 -360.00  -138.56     0.00     0.00     0.00     0.00
 132 	 -360.00  -138.56     0.00     0.00     0.00     0.00
   	   21.00   116.00     0.00    90.00
   	   21.00   116.00     0.00    90.00
 133 	 -320.00  -138.56     0.00     0.00     0.00     0.00
 133 	 -320.00  -138.56     0.00     0.00     0.00     0.00
   	   21.00   116.00     0.00    90.00
   	   21.00   116.00     0.00    90.00
 134 	 -280.00  -138.56     0.00     0.00     0.00     0.00
 134 	 -280.00  -138.56     0.00     0.00     0.00     0.00
   	   21.00   116.00     0.00    90.00
   	   21.00   116.00     0.00    90.00
 135 	 -340.00  -103.92     0.00     0.00     0.00     0.00
 135 	 -340.00  -103.92     0.00     0.00     0.00     0.00
   	   21.00   116.00     0.00    90.00
   	   21.00   116.00     0.00    90.00
 136 	 -300.00  -103.92     0.00     0.00     0.00     0.00
 136 	 -300.00  -103.92     0.00     0.00     0.00     0.00
   	   21.00   116.00     0.00    90.00
   	   21.00   116.00     0.00    90.00
 137 	 -260.00  -103.92     0.00     0.00     0.00     0.00
 137 	 -260.00  -103.92     0.00     0.00     0.00     0.00
   	   21.00   116.00     0.00    90.00
   	   21.00   116.00     0.00    90.00
 138 	 -320.00   -69.28     0.00     0.00     0.00     0.00
 138 	 -320.00   -69.28     0.00     0.00     0.00     0.00
   	   21.00   116.00     0.00    90.00
   	   21.00   116.00     0.00    90.00
 139 	 -280.00   -69.28     0.00     0.00     0.00     0.00
 139 	 -280.00   -69.28     0.00     0.00     0.00     0.00
   	   21.00   116.00     0.00    90.00
   	   21.00   116.00     0.00    90.00
 140 	 -240.00   -69.28     0.00     0.00     0.00     0.00
 140 	 -240.00   -69.28     0.00     0.00     0.00     0.00
   	   21.00   116.00     0.00    90.00
   	   21.00   116.00     0.00    90.00
 141 	 -300.00   -34.64     0.00     0.00     0.00     0.00
 141 	 -300.00   -34.64     0.00     0.00     0.00     0.00
   	   21.00   116.00     0.00    90.00
   	   21.00   116.00     0.00    90.00
 142 	 -260.00   -34.64     0.00     0.00     0.00     0.00
 142 	 -260.00   -34.64     0.00     0.00     0.00     0.00
   	   21.00   116.00     0.00    90.00
   	   21.00   116.00     0.00    90.00
 143 	 -220.00   -34.64     0.00     0.00     0.00     0.00
 143 	 -220.00   -34.64     0.00     0.00     0.00     0.00
   	   21.00   116.00     0.00    90.00
   	   21.00   116.00     0.00    90.00
 144 	 -280.00     0.00     0.00     0.00     0.00     0.00
 144 	 -280.00     0.00     0.00     0.00     0.00     0.00
   	   21.00   116.00     0.00    90.00
   	   21.00   116.00     0.00    90.00
 145 	 -240.00     0.00     0.00     0.00     0.00     0.00
 145 	 -240.00     0.00     0.00     0.00     0.00     0.00
   	   21.00   116.00     0.00    90.00
   	   21.00   116.00     0.00    90.00
 146 	 -200.00     0.00     0.00     0.00     0.00     0.00
 146 	 -200.00     0.00     0.00     0.00     0.00     0.00
   	   21.00   116.00     0.00    90.00
   	   21.00   116.00     0.00    90.00

** End writing output file: ../inputs/gr784.dat 
