*******************************************************************************
                         ARRAY PREPROCESSOR ver. 1.0
*******************************************************************************



   1	GROUP testgroup
   3	 GRID RECTANGULAR
   4	 ELEMENT
   5	 GEOMETRY RECTANGULAR 69 26
   7	 POLARIZATION LINEAR ORIENTATION Y
   8	 ADD BLOCK -1 4 0 6
  10	 GROUP_EXCITATION
  11	 AMPLITUDE SECOND ORDER 31 29 26 24 30
  12	 PHASE UNIFORM 36
  13	 END

** Generating GROUP: testgroup.
** PSTEP,QSTEP set to:69.000000,26.000000
** Grid ANGLE set to:90.000000 
** Group ROT_ANGLE set to: 0.000000 

** Writing output file: ../inputs/gr787.dat

NEL 
NPORTS
IDUM      REXA     REYA     REZA     THEA     PHEA     PSEA 
          AMP      PSH      PSC      PHEPOL
   6
   6
   1
   1
   1 	  -69.00   104.00     0.00     0.00     0.00     0.00
   1 	  -69.00   104.00     0.00     0.00     0.00     0.00
   	   22.00    36.00     0.00    90.00
   	   22.00    36.00     0.00    90.00
   2 	   -0.00   104.00     0.00     0.00     0.00     0.00
   2 	   -0.00   104.00     0.00     0.00     0.00     0.00
   	   19.00    36.00     0.00    90.00
   	   19.00    36.00     0.00    90.00
   3 	  -69.00   130.00     0.00     0.00     0.00     0.00
   3 	  -69.00   130.00     0.00     0.00     0.00     0.00
   	   29.00    36.00     0.00    90.00
   	   29.00    36.00     0.00    90.00
   4 	   -0.00   130.00     0.00     0.00     0.00     0.00
   4 	   -0.00   130.00     0.00     0.00     0.00     0.00
   	   26.00    36.00     0.00    90.00
   	   26.00    36.00     0.00    90.00
   5 	  -69.00   156.00     0.00     0.00     0.00     0.00
   5 	  -69.00   156.00     0.00     0.00     0.00     0.00
   	   28.00    36.00     0.00    90.00
   	   28.00    36.00     0.00    90.00
   6 	   -0.00   156.00     0.00     0.00     0.00     0.00
   6 	   -0.00   156.00     0.00     0.00     0.00     0.00
   	   25.00    36.00     0.00    90.00
   	   25.00    36.00     0.00    90.00

** End writing output file: ../inputs/gr787.dat 
