*******************************************************************************
                         ARRAY PREPROCESSOR ver. 1.0
*******************************************************************************



   1	GROUP testgroup
   3	 GRID RECTANGULAR
   4	 ELEMENT
   5	 GEOMETRY CIRCULAR 66
   7	 ADD BLOCK 6 -8 6 3
   9	 GROUP_EXCITATION
  10	 AMPLITUDE UNIFORM 23
  11	 PHASE UNIFORM -63 deg
  12	 END

** Generating GROUP: testgroup.
** PSTEP,QSTEP set to:132.000000,132.000000
** Grid ANGLE set to:90.000000 
** Group ROT_ANGLE set to: 0.000000 

** Writing output file: ../inputs/gr790.dat

NEL 
NPORTS
IDUM      REXA     REYA     REZA     THEA     PHEA     PSEA 
          AMP      PSH      PSC      PHEPOL
  12
  12
   1
   1
   1 	  792.00 -1056.00     0.00     0.00     0.00     0.00
   1 	  792.00 -1056.00     0.00     0.00     0.00     0.00
   	   23.00   -63.00     0.00    90.00
   	   23.00   -63.00     0.00    90.00
   2 	  792.00  -924.00     0.00     0.00     0.00     0.00
   2 	  792.00  -924.00     0.00     0.00     0.00     0.00
   	   23.00   -63.00     0.00    90.00
   	   23.00   -63.00     0.00    90.00
   3 	  792.00  -792.00     0.00     0.00     0.00     0.00
   3 	  792.00  -792.00     0.00     0.00     0.00     0.00
   	   23.00   -63.00     0.00    90.00
   	   23.00   -63.00     0.00    90.00
   4 	  792.00  -660.00     0.00     0.00     0.00     0.00
   4 	  792.00  -660.00     0.00     0.00     0.00     0.00
   	   23.00   -63.00     0.00    90.00
   	   23.00   -63.00     0.00    90.00
   5 	  792.00  -528.00     0.00     0.00     0.00     0.00
   5 	  792.00  -528.00     0.00     0.00     0.00     0.00
   	   23.00   -63.00     0.00    90.00
   	   23.00   -63.00     0.00    90.00
   6 	  792.00  -396.00     0.00     0.00     0.00     0.00
   6 	  792.00  -396.00     0.00     0.00     0.00     0.00
   	   23.00   -63.00     0.00    90.00
   	   23.00   -63.00     0.00    90.00
   7 	  792.00  -264.00     0.00     0.00     0.00     0.00
   7 	  792.00  -264.00     0.00     0.00     0.00     0.00
   	   23.00   -63.00     0.00    90.00
   	   23.00   -63.00     0.00    90.00
   8 	  792.00  -132.00     0.00     0.00     0.00     0.00
   8 	  792.00  -132.00     0.00     0.00     0.00     0.00
   	   23.00   -63.00     0.00    90.00
   	   23.00   -63.00     0.00    90.00
   9 	  792.00     0.00     0.00     0.00     0.00     0.00
   9 	  792.00     0.00     0.00     0.00     0.00     0.00
   	   23.00   -63.00     0.00    90.00
   	   23.00   -63.00     0.00    90.00
  10 	  792.00   132.00     0.00     0.00     0.00     0.00
  10 	  792.00   132.00     0.00     0.00     0.00     0.00
   	   23.00   -63.00     0.00    90.00
   	   23.00   -63.00     0.00    90.00
  11 	  792.00   264.00     0.00     0.00     0.00     0.00
  11 	  792.00   264.00     0.00     0.00     0.00     0.00
   	   23.00   -63.00     0.00    90.00
   	   23.00   -63.00     0.00    90.00
  12 	  792.00   396.00     0.00     0.00     0.00     0.00
  12 	  792.00   396.00     0.00     0.00     0.00     0.00
   	   23.00   -63.00     0.00    90.00
   	   23.00   -63.00     0.00    90.00

** End writing output file: ../inputs/gr790.dat 
