*******************************************************************************
                         ARRAY PREPROCESSOR ver. 1.0
*******************************************************************************



   1	GROUP testgroup
   3	 GRID RECTANGULAR
   4	 ELEMENT
   5	 GEOMETRY CIRCULAR 39
   6	 POLARIZATION CIRCULAR
   7	 ADD BLOCK -5 -5 1 2
   8	 ADD BLOCK -3 4 -8 9
   9	 ADD BLOCK -1 -2 -5 3
  11	 GROUP_EXCITATION
  12	 AMPLITUDE UNIFORM 25
  13	 PHASE UNIFORM 61
  14	 END

** Generating GROUP: testgroup.
** PSTEP,QSTEP set to:78.000000,78.000000
** Grid ANGLE set to:90.000000 
** Group ROT_ANGLE set to: 0.000000 

** Writing output file: ../inputs/gr792.dat

NEL 
NPORTS
IDUM      REXA     REYA     REZA     THEA     PHEA     PSEA 
          AMP      PSH      PSC      PHEPOL
 122
 122
   1
   1
   1 	 -390.00  -390.00     0.00     0.00     0.00     0.00
   1 	 -390.00  -390.00     0.00     0.00     0.00     0.00
   	   25.00    61.00     0.00    90.00
   	   25.00    61.00     0.00    90.00
   2 	 -312.00  -390.00     0.00     0.00     0.00     0.00
   2 	 -312.00  -390.00     0.00     0.00     0.00     0.00
   	   25.00    61.00     0.00    90.00
   	   25.00    61.00     0.00    90.00
   3 	 -234.00  -390.00     0.00     0.00     0.00     0.00
   3 	 -234.00  -390.00     0.00     0.00     0.00     0.00
   	   25.00    61.00     0.00    90.00
   	   25.00    61.00     0.00    90.00
   4 	 -156.00  -390.00     0.00     0.00     0.00     0.00
   4 	 -156.00  -390.00     0.00     0.00     0.00     0.00
   	   25.00    61.00     0.00    90.00
   	   25.00    61.00     0.00    90.00
   5 	  -78.00  -390.00     0.00     0.00     0.00     0.00
   5 	  -78.00  -390.00     0.00     0.00     0.00     0.00
   	   25.00    61.00     0.00    90.00
   	   25.00    61.00     0.00    90.00
   6 	    0.00  -390.00     0.00     0.00     0.00     0.00
   6 	    0.00  -390.00     0.00     0.00     0.00     0.00
   	   25.00    61.00     0.00    90.00
   	   25.00    61.00     0.00    90.00
   7 	   78.00  -390.00     0.00     0.00     0.00     0.00
   7 	   78.00  -390.00     0.00     0.00     0.00     0.00
   	   25.00    61.00     0.00    90.00
   	   25.00    61.00     0.00    90.00
   8 	 -390.00  -312.00     0.00     0.00     0.00     0.00
   8 	 -390.00  -312.00     0.00     0.00     0.00     0.00
   	   25.00    61.00     0.00    90.00
   	   25.00    61.00     0.00    90.00
   9 	 -312.00  -312.00     0.00     0.00     0.00     0.00
   9 	 -312.00  -312.00     0.00     0.00     0.00     0.00
   	   25.00    61.00     0.00    90.00
   	   25.00    61.00     0.00    90.00
  10 	 -234.00  -312.00     0.00     0.00     0.00     0.00
  10 	 -234.00  -312.00     0.00     0.00     0.00     0.00
   	   25.00    61.00     0.00    90.00
   	   25.00    61.00     0.00    90.00
  11 	 -156.00  -312.00     0.00     0.00     0.00     0.00
  11 	 -156.00  -312.00     0.00     0.00     0.00     0.00
   	   25.00    61.00     0.00    90.00
   	   25.00    61.00     0.00    90.00
  12 	  -78.00  -312.00     0.00     0.00     0.00     0.00
  12 	  -78.00  -312.00     0.00     0.00     0.00     0.00
   	   25.00    61.00     0.00    90.00
   	   25.00    61.00     0.00    90.00
  13 	    0.00  -312.00     0.00     0.00     0.00     0.00
  13 	    0.00  -312.00     0.00     0.00     0.00     0.00
   	   25.00    61.00     0.00    90.00
   	   25.00    61.00     0.00    90.00
  14 	   78.00  -312.00     0.00     0.00     0.00     0.00
  14 	   78.00  -312.00     0.00     0.00     0.00     0.00
   	   25.00    61.00     0.00    90.00
   	   25.00    61.00     0.00    90.00
  15 	 -390.00  -234.00     0.00     0.00     0.00     0.00
  15 	 -390.00  -234.00     0.00     0.00     0.00     0.00
   	   25.00    61.00     0.00    90.00
   	   25.00    61.00     0.00    90.00
  16 	 -312.00  -234.00     0.00     0.00     0.00     0.00
  16 	 -312.00  -234.00     0.00     0.00     0.00     0.00
   	   25.00    61.00     0.00    90.00
   	   25.00    61.00     0.00    90.00
  17 	 -234.00  -234.00     0.00     0.00     0.00     0.00
  17 	 -234.00  -234.00     0.00     0.00     0.00     0.00
   	   25.00    61.00     0.00    90.00
   	   25.00    61.00     0.00    90.00
  18 	 -156.00  -234.00     0.00     0.00     0.00     0.00
  18 	 -156.00  -234.00     0.00     0.00     0.00     0.00
   	   25.00    61.00     0.00    90.00
   	   25.00    61.00     0.00    90.00
  19 	  -78.00  -234.00     0.00     0.00     0.00     0.00
  19 	  -78.00  -234.00     0.00     0.00     0.00     0.00
   	   25.00    61.00     0.00    90.00
   	   25.00    61.00     0.00    90.00
  20 	    0.00  -234.00     0.00     0.00     0.00     0.00
  20 	    0.00  -234.00     0.00     0.00     0.00     0.00
   	   25.00    61.00     0.00    90.00
   	   25.00    61.00     0.00    90.00
  21 	   78.00  -234.00     0.00     0.00     0.00     0.00
  21 	   78.00  -234.00     0.00     0.00     0.00     0.00
   	   25.00    61.00     0.00    90.00
   	   25.00    61.00     0.00    90.00
  22 	 -390.00  -156.00     0.00     0.00     0.00     0.00
  22 	 -390.00  -156.00     0.00     0.00     0.00     0.00
   	   25.00    61.00     0.00    90.00
   	   25.00    61.00     0.00    90.00
  23 	 -312.00  -156.00     0.00     0.00     0.00     0.00
  23 	 -312.00  -156.00     0.00     0.00     0.00     0.00
   	   25.00    61.00     0.00    90.00
   	   25.00    61.00     0.00    90.00
  24 	 -234.00  -156.00     0.00     0.00     0.00     0.00
  24 	 -234.00  -156.00     0.00     0.00     0.00     0.00
   	   25.00    61.00     0.00    90.00
   	   25.00    61.00     0.00    90.00
  25 	 -156.00  -156.00     0.00     0.00     0.00     0.00
  25 	 -156.00  -156.00     0.00     0.00     0.00     0.00
   	   25.00    61.00     0.00    90.00
   	   25.00    61.00     0.00    90.00
  26 	  -78.00  -156.00     0.00     0.00     0.00     0.00
  26 	  -78.00  -156.00     0.00     0.00     0.00     0.00
   	   25.00    61.00     0.00    90.00
   	   25.00    61.00     0.00    90.00
  27 	    0.00  -156.00     0.00     0.00     0.00     0.00
  27 	    0.00  -156.00     0.00     0.00     0.00     0.00
   	   25.00    61.00     0.00    90.00
   	   25.00    61.00     0.00    90.00
  28 	   78.00  -156.00     0.00     0.00     0.00     0.00
  28 	   78.00  -156.00     0.00     0.00     0.00     0.00
   	   25.00    61.00     0.00    90.00
   	   25.00    61.00     0.00    90.00
  29 	 -390.00   -78.00     0.00     0.00     0.00     0.00
  29 	 -390.00   -78.00     0.00     0.00     0.00     0.00
   	   25.00    61.00     0.00    90.00
   	   25.00    61.00     0.00    90.00
  30 	 -312.00   -78.00     0.00     0.00     0.00     0.00
  30 	 -312.00   -78.00     0.00     0.00     0.00     0.00
   	   25.00    61.00     0.00    90.00
   	   25.00    61.00     0.00    90.00
  31 	 -234.00   -78.00     0.00     0.00     0.00     0.00
  31 	 -234.00   -78.00     0.00     0.00     0.00     0.00
   	   25.00    61.00     0.00    90.00
   	   25.00    61.00     0.00    90.00
  32 	 -156.00   -78.00     0.00     0.00     0.00     0.00
  32 	 -156.00   -78.00     0.00     0.00     0.00     0.00
   	   25.00    61.00     0.00    90.00
   	   25.00    61.00     0.00    90.00
  33 	  -78.00   -78.00     0.00     0.00     0.00     0.00
  33 	  -78.00   -78.00     0.00     0.00     0.00     0.00
   	   25.00    61.00     0.00    90.00
   	   25.00    61.00     0.00    90.00
  34 	    0.00   -78.00     0.00     0.00     0.00     0.00
  34 	    0.00   -78.00     0.00     0.00     0.00     0.00
   	   25.00    61.00     0.00    90.00
   	   25.00    61.00     0.00    90.00
  35 	   78.00   -78.00     0.00     0.00     0.00     0.00
  35 	   78.00   -78.00     0.00     0.00     0.00     0.00
   	   25.00    61.00     0.00    90.00
   	   25.00    61.00     0.00    90.00
  36 	 -390.00     0.00     0.00     0.00     0.00     0.00
  36 	 -390.00     0.00     0.00     0.00     0.00     0.00
   	   25.00    61.00     0.00    90.00
   	   25.00    61.00     0.00    90.00
  37 	 -312.00     0.00     0.00     0.00     0.00     0.00
  37 	 -312.00     0.00     0.00     0.00     0.00     0.00
   	   25.00    61.00     0.00    90.00
   	   25.00    61.00     0.00    90.00
  38 	 -234.00     0.00     0.00     0.00     0.00     0.00
  38 	 -234.00     0.00     0.00     0.00     0.00     0.00
   	   25.00    61.00     0.00    90.00
   	   25.00    61.00     0.00    90.00
  39 	 -156.00     0.00     0.00     0.00     0.00     0.00
  39 	 -156.00     0.00     0.00     0.00     0.00     0.00
   	   25.00    61.00     0.00    90.00
   	   25.00    61.00     0.00    90.00
  40 	  -78.00     0.00     0.00     0.00     0.00     0.00
  40 	  -78.00     0.00     0.00     0.00     0.00     0.00
   	   25.00    61.00     0.00    90.00
   	   25.00    61.00     0.00    90.00
  41 	    0.00     0.00     0.00     0.00     0.00     0.00
  41 	    0.00     0.00     0.00     0.00     0.00     0.00
   	   25.00    61.00     0.00    90.00
   	   25.00    61.00     0.00    90.00
  42 	   78.00     0.00     0.00     0.00     0.00     0.00
  42 	   78.00     0.00     0.00     0.00     0.00     0.00
   	   25.00    61.00     0.00    90.00
   	   25.00    61.00     0.00    90.00
  43 	 -390.00    78.00     0.00     0.00     0.00     0.00
  43 	 -390.00    78.00     0.00     0.00     0.00     0.00
   	   25.00    61.00     0.00    90.00
   	   25.00    61.00     0.00    90.00
  44 	 -312.00    78.00     0.00     0.00     0.00     0.00
  44 	 -312.00    78.00     0.00     0.00     0.00     0.00
   	   25.00    61.00     0.00    90.00
   	   25.00    61.00     0.00    90.00
  45 	 -234.00    78.00     0.00     0.00     0.00     0.00
  45 	 -234.00    78.00     0.00     0.00     0.00     0.00
   	   25.00    61.00     0.00    90.00
   	   25.00    61.00     0.00    90.00
  46 	 -156.00    78.00     0.00     0.00     0.00     0.00
  46 	 -156.00    78.00     0.00     0.00     0.00     0.00
   	   25.00    61.00     0.00    90.00
   	   25.00    61.00     0.00    90.00
  47 	  -78.00    78.00     0.00     0.00     0.00     0.00
  47 	  -78.00    78.00     0.00     0.00     0.00     0.00
   	   25.00    61.00     0.00    90.00
   	   25.00    61.00     0.00    90.00
  48 	   -0.00    78.00     0.00     0.00     0.00     0.00
  48 	   -0.00    78.00     0.00     0.00     0.00     0.00
   	   25.00    61.00     0.00    90.00
   	   25.00    61.00     0.00    90.00
  49 	   78.00    78.00     0.00     0.00     0.00     0.00
  49 	   78.00    78.00     0.00     0.00     0.00     0.00
   	   25.00    61.00     0.00    90.00
   	   25.00    61.00     0.00    90.00
  50 	 -390.00   156.00     0.00     0.00     0.00     0.00
  50 	 -390.00   156.00     0.00     0.00     0.00     0.00
   	   25.00    61.00     0.00    90.00
   	   25.00    61.00     0.00    90.00
  51 	 -312.00   156.00     0.00     0.00     0.00     0.00
  51 	 -312.00   156.00     0.00     0.00     0.00     0.00
   	   25.00    61.00     0.00    90.00
   	   25.00    61.00     0.00    90.00
  52 	 -234.00   156.00     0.00     0.00     0.00     0.00
  52 	 -234.00   156.00     0.00     0.00     0.00     0.00
   	   25.00    61.00     0.00    90.00
   	   25.00    61.00     0.00    90.00
  53 	 -156.00   156.00     0.00     0.00     0.00     0.00
  53 	 -156.00   156.00     0.00     0.00     0.00     0.00
   	   25.00    61.00     0.00    90.00
   	   25.00    61.00     0.00    90.00
  54 	  -78.00   156.00     0.00     0.00     0.00     0.00
  54 	  -78.00   156.00     0.00     0.00     0.00     0.00
   	   25.00    61.00     0.00    90.00
   	   25.00    61.00     0.00    90.00
  55 	   -0.00   156.00     0.00     0.00     0.00     0.00
  55 	   -0.00   156.00     0.00     0.00     0.00     0.00
   	   25.00    61.00     0.00    90.00
   	   25.00    61.00     0.00    90.00
  56 	   78.00   156.00     0.00     0.00     0.00     0.00
  56 	   78.00   156.00     0.00     0.00     0.00     0.00
   	   25.00    61.00     0.00    90.00
   	   25.00    61.00     0.00    90.00
  57 	 -624.00   312.00     0.00     0.00     0.00     0.00
  57 	 -624.00   312.00     0.00     0.00     0.00     0.00
   	   25.00    61.00     0.00    90.00
   	   25.00    61.00     0.00    90.00
  58 	 -546.00   312.00     0.00     0.00     0.00     0.00
  58 	 -546.00   312.00     0.00     0.00     0.00     0.00
   	   25.00    61.00     0.00    90.00
   	   25.00    61.00     0.00    90.00
  59 	 -468.00   312.00     0.00     0.00     0.00     0.00
  59 	 -468.00   312.00     0.00     0.00     0.00     0.00
   	   25.00    61.00     0.00    90.00
   	   25.00    61.00     0.00    90.00
  60 	 -390.00   312.00     0.00     0.00     0.00     0.00
  60 	 -390.00   312.00     0.00     0.00     0.00     0.00
   	   25.00    61.00     0.00    90.00
   	   25.00    61.00     0.00    90.00
  61 	 -312.00   312.00     0.00     0.00     0.00     0.00
  61 	 -312.00   312.00     0.00     0.00     0.00     0.00
   	   25.00    61.00     0.00    90.00
   	   25.00    61.00     0.00    90.00
  62 	 -234.00   312.00     0.00     0.00     0.00     0.00
  62 	 -234.00   312.00     0.00     0.00     0.00     0.00
   	   25.00    61.00     0.00    90.00
   	   25.00    61.00     0.00    90.00
  63 	 -624.00   390.00     0.00     0.00     0.00     0.00
  63 	 -624.00   390.00     0.00     0.00     0.00     0.00
   	   25.00    61.00     0.00    90.00
   	   25.00    61.00     0.00    90.00
  64 	 -546.00   390.00     0.00     0.00     0.00     0.00
  64 	 -546.00   390.00     0.00     0.00     0.00     0.00
   	   25.00    61.00     0.00    90.00
   	   25.00    61.00     0.00    90.00
  65 	 -468.00   390.00     0.00     0.00     0.00     0.00
  65 	 -468.00   390.00     0.00     0.00     0.00     0.00
   	   25.00    61.00     0.00    90.00
   	   25.00    61.00     0.00    90.00
  66 	 -390.00   390.00     0.00     0.00     0.00     0.00
  66 	 -390.00   390.00     0.00     0.00     0.00     0.00
   	   25.00    61.00     0.00    90.00
   	   25.00    61.00     0.00    90.00
  67 	 -312.00   390.00     0.00     0.00     0.00     0.00
  67 	 -312.00   390.00     0.00     0.00     0.00     0.00
   	   25.00    61.00     0.00    90.00
   	   25.00    61.00     0.00    90.00
  68 	 -234.00   390.00     0.00     0.00     0.00     0.00
  68 	 -234.00   390.00     0.00     0.00     0.00     0.00
   	   25.00    61.00     0.00    90.00
   	   25.00    61.00     0.00    90.00
  69 	 -624.00   468.00     0.00     0.00     0.00     0.00
  69 	 -624.00   468.00     0.00     0.00     0.00     0.00
   	   25.00    61.00     0.00    90.00
   	   25.00    61.00     0.00    90.00
  70 	 -546.00   468.00     0.00     0.00     0.00     0.00
  70 	 -546.00   468.00     0.00     0.00     0.00     0.00
   	   25.00    61.00     0.00    90.00
   	   25.00    61.00     0.00    90.00
  71 	 -468.00   468.00     0.00     0.00     0.00     0.00
  71 	 -468.00   468.00     0.00     0.00     0.00     0.00
   	   25.00    61.00     0.00    90.00
   	   25.00    61.00     0.00    90.00
  72 	 -390.00   468.00     0.00     0.00     0.00     0.00
  72 	 -390.00   468.00     0.00     0.00     0.00     0.00
   	   25.00    61.00     0.00    90.00
   	   25.00    61.00     0.00    90.00
  73 	 -312.00   468.00     0.00     0.00     0.00     0.00
  73 	 -312.00   468.00     0.00     0.00     0.00     0.00
   	   25.00    61.00     0.00    90.00
   	   25.00    61.00     0.00    90.00
  74 	 -234.00   468.00     0.00     0.00     0.00     0.00
  74 	 -234.00   468.00     0.00     0.00     0.00     0.00
   	   25.00    61.00     0.00    90.00
   	   25.00    61.00     0.00    90.00
  75 	 -624.00   546.00     0.00     0.00     0.00     0.00
  75 	 -624.00   546.00     0.00     0.00     0.00     0.00
   	   25.00    61.00     0.00    90.00
   	   25.00    61.00     0.00    90.00
  76 	 -546.00   546.00     0.00     0.00     0.00     0.00
  76 	 -546.00   546.00     0.00     0.00     0.00     0.00
   	   25.00    61.00     0.00    90.00
   	   25.00    61.00     0.00    90.00
  77 	 -468.00   546.00     0.00     0.00     0.00     0.00
  77 	 -468.00   546.00     0.00     0.00     0.00     0.00
   	   25.00    61.00     0.00    90.00
   	   25.00    61.00     0.00    90.00
  78 	 -390.00   546.00     0.00     0.00     0.00     0.00
  78 	 -390.00   546.00     0.00     0.00     0.00     0.00
   	   25.00    61.00     0.00    90.00
   	   25.00    61.00     0.00    90.00
  79 	 -312.00   546.00     0.00     0.00     0.00     0.00
  79 	 -312.00   546.00     0.00     0.00     0.00     0.00
   	   25.00    61.00     0.00    90.00
   	   25.00    61.00     0.00    90.00
  80 	 -234.00   546.00     0.00     0.00     0.00     0.00
  80 	 -234.00   546.00     0.00     0.00     0.00     0.00
   	   25.00    61.00     0.00    90.00
   	   25.00    61.00     0.00    90.00
  81 	 -624.00   624.00     0.00     0.00     0.00     0.00
  81 	 -624.00   624.00     0.00     0.00     0.00     0.00
   	   25.00    61.00     0.00    90.00
   	   25.00    61.00     0.00    90.00
  82 	 -546.00   624.00     0.00     0.00     0.00     0.00
  82 	 -546.00   624.00     0.00     0.00     0.00     0.00
   	   25.00    61.00     0.00    90.00
   	   25.00    61.00     0.00    90.00
  83 	 -468.00   624.00     0.00     0.00     0.00     0.00
  83 	 -468.00   624.00     0.00     0.00     0.00     0.00
   	   25.00    61.00     0.00    90.00
   	   25.00    61.00     0.00    90.00
  84 	 -390.00   624.00     0.00     0.00     0.00     0.00
  84 	 -390.00   624.00     0.00     0.00     0.00     0.00
   	   25.00    61.00     0.00    90.00
   	   25.00    61.00     0.00    90.00
  85 	 -312.00   624.00     0.00     0.00     0.00     0.00
  85 	 -312.00   624.00     0.00     0.00     0.00     0.00
   	   25.00    61.00     0.00    90.00
   	   25.00    61.00     0.00    90.00
  86 	 -234.00   624.00     0.00     0.00     0.00     0.00
  86 	 -234.00   624.00     0.00     0.00     0.00     0.00
   	   25.00    61.00     0.00    90.00
   	   25.00    61.00     0.00    90.00
  87 	 -624.00   702.00     0.00     0.00     0.00     0.00
  87 	 -624.00   702.00     0.00     0.00     0.00     0.00
   	   25.00    61.00     0.00    90.00
   	   25.00    61.00     0.00    90.00
  88 	 -546.00   702.00     0.00     0.00     0.00     0.00
  88 	 -546.00   702.00     0.00     0.00     0.00     0.00
   	   25.00    61.00     0.00    90.00
   	   25.00    61.00     0.00    90.00
  89 	 -468.00   702.00     0.00     0.00     0.00     0.00
  89 	 -468.00   702.00     0.00     0.00     0.00     0.00
   	   25.00    61.00     0.00    90.00
   	   25.00    61.00     0.00    90.00
  90 	 -390.00   702.00     0.00     0.00     0.00     0.00
  90 	 -390.00   702.00     0.00     0.00     0.00     0.00
   	   25.00    61.00     0.00    90.00
   	   25.00    61.00     0.00    90.00
  91 	 -312.00   702.00     0.00     0.00     0.00     0.00
  91 	 -312.00   702.00     0.00     0.00     0.00     0.00
   	   25.00    61.00     0.00    90.00
   	   25.00    61.00     0.00    90.00
  92 	 -234.00   702.00     0.00     0.00     0.00     0.00
  92 	 -234.00   702.00     0.00     0.00     0.00     0.00
   	   25.00    61.00     0.00    90.00
   	   25.00    61.00     0.00    90.00
  93 	 -390.00  -156.00     0.00     0.00     0.00     0.00
  93 	 -390.00  -156.00     0.00     0.00     0.00     0.00
   	   25.00    61.00     0.00    90.00
   	   25.00    61.00     0.00    90.00
  94 	 -312.00  -156.00     0.00     0.00     0.00     0.00
  94 	 -312.00  -156.00     0.00     0.00     0.00     0.00
   	   25.00    61.00     0.00    90.00
   	   25.00    61.00     0.00    90.00
  95 	 -234.00  -156.00     0.00     0.00     0.00     0.00
  95 	 -234.00  -156.00     0.00     0.00     0.00     0.00
   	   25.00    61.00     0.00    90.00
   	   25.00    61.00     0.00    90.00
  96 	 -156.00  -156.00     0.00     0.00     0.00     0.00
  96 	 -156.00  -156.00     0.00     0.00     0.00     0.00
   	   25.00    61.00     0.00    90.00
   	   25.00    61.00     0.00    90.00
  97 	  -78.00  -156.00     0.00     0.00     0.00     0.00
  97 	  -78.00  -156.00     0.00     0.00     0.00     0.00
   	   25.00    61.00     0.00    90.00
   	   25.00    61.00     0.00    90.00
  98 	 -390.00   -78.00     0.00     0.00     0.00     0.00
  98 	 -390.00   -78.00     0.00     0.00     0.00     0.00
   	   25.00    61.00     0.00    90.00
   	   25.00    61.00     0.00    90.00
  99 	 -312.00   -78.00     0.00     0.00     0.00     0.00
  99 	 -312.00   -78.00     0.00     0.00     0.00     0.00
   	   25.00    61.00     0.00    90.00
   	   25.00    61.00     0.00    90.00
 100 	 -234.00   -78.00     0.00     0.00     0.00     0.00
 100 	 -234.00   -78.00     0.00     0.00     0.00     0.00
   	   25.00    61.00     0.00    90.00
   	   25.00    61.00     0.00    90.00
 101 	 -156.00   -78.00     0.00     0.00     0.00     0.00
 101 	 -156.00   -78.00     0.00     0.00     0.00     0.00
   	   25.00    61.00     0.00    90.00
   	   25.00    61.00     0.00    90.00
 102 	  -78.00   -78.00     0.00     0.00     0.00     0.00
 102 	  -78.00   -78.00     0.00     0.00     0.00     0.00
   	   25.00    61.00     0.00    90.00
   	   25.00    61.00     0.00    90.00
 103 	 -390.00     0.00     0.00     0.00     0.00     0.00
 103 	 -390.00     0.00     0.00     0.00     0.00     0.00
   	   25.00    61.00     0.00    90.00
   	   25.00    61.00     0.00    90.00
 104 	 -312.00     0.00     0.00     0.00     0.00     0.00
 104 	 -312.00     0.00     0.00     0.00     0.00     0.00
   	   25.00    61.00     0.00    90.00
   	   25.00    61.00     0.00    90.00
 105 	 -234.00     0.00     0.00     0.00     0.00     0.00
 105 	 -234.00     0.00     0.00     0.00     0.00     0.00
   	   25.00    61.00     0.00    90.00
   	   25.00    61.00     0.00    90.00
 106 	 -156.00     0.00     0.00     0.00     0.00     0.00
 106 	 -156.00     0.00     0.00     0.00     0.00     0.00
   	   25.00    61.00     0.00    90.00
   	   25.00    61.00     0.00    90.00
 107 	  -78.00     0.00     0.00     0.00     0.00     0.00
 107 	  -78.00     0.00     0.00     0.00     0.00     0.00
   	   25.00    61.00     0.00    90.00
   	   25.00    61.00     0.00    90.00
 108 	 -390.00    78.00     0.00     0.00     0.00     0.00
 108 	 -390.00    78.00     0.00     0.00     0.00     0.00
   	   25.00    61.00     0.00    90.00
   	   25.00    61.00     0.00    90.00
 109 	 -312.00    78.00     0.00     0.00     0.00     0.00
 109 	 -312.00    78.00     0.00     0.00     0.00     0.00
   	   25.00    61.00     0.00    90.00
   	   25.00    61.00     0.00    90.00
 110 	 -234.00    78.00     0.00     0.00     0.00     0.00
 110 	 -234.00    78.00     0.00     0.00     0.00     0.00
   	   25.00    61.00     0.00    90.00
   	   25.00    61.00     0.00    90.00
 111 	 -156.00    78.00     0.00     0.00     0.00     0.00
 111 	 -156.00    78.00     0.00     0.00     0.00     0.00
   	   25.00    61.00     0.00    90.00
   	   25.00    61.00     0.00    90.00
 112 	  -78.00    78.00     0.00     0.00     0.00     0.00
 112 	  -78.00    78.00     0.00     0.00     0.00     0.00
   	   25.00    61.00     0.00    90.00
   	   25.00    61.00     0.00    90.00
 113 	 -390.00   156.00     0.00     0.00     0.00     0.00
 113 	 -390.00   156.00     0.00     0.00     0.00     0.00
   	   25.00    61.00     0.00    90.00
   	   25.00    61.00     0.00    90.00
 114 	 -312.00   156.00     0.00     0.00     0.00     0.00
 114 	 -312.00   156.00     0.00     0.00     0.00     0.00
   	   25.00    61.00     0.00    90.00
   	   25.00    61.00     0.00    90.00
 115 	 -234.00   156.00     0.00     0.00     0.00     0.00
 115 	 -234.00   156.00     0.00     0.00     0.00     0.00
   	   25.00    61.00     0.00    90.00
   	   25.00    61.00     0.00    90.00
 116 	 -156.00   156.00     0.00     0.00     0.00     0.00
 116 	 -156.00   156.00     0.00     0.00     0.00     0.00
   	   25.00    61.00     0.00    90.00
   	   25.00    61.00     0.00    90.00
 117 	  -78.00   156.00     0.00     0.00     0.00     0.00
 117 	  -78.00   156.00     0.00     0.00     0.00     0.00
   	   25.00    61.00     0.00    90.00
   	   25.00    61.00     0.00    90.00
 118 	 -390.00   234.00     0.00     0.00     0.00     0.00
 118 	 -390.00   234.00     0.00     0.00     0.00     0.00
   	   25.00    61.00     0.00    90.00
   	   25.00    61.00     0.00    90.00
 119 	 -312.00   234.00     0.00     0.00     0.00     0.00
 119 	 -312.00   234.00     0.00     0.00     0.00     0.00
   	   25.00    61.00     0.00    90.00
   	   25.00    61.00     0.00    90.00
 120 	 -234.00   234.00     0.00     0.00     0.00     0.00
 120 	 -234.00   234.00     0.00     0.00     0.00     0.00
   	   25.00    61.00     0.00    90.00
   	   25.00    61.00     0.00    90.00
 121 	 -156.00   234.00     0.00     0.00     0.00     0.00
 121 	 -156.00   234.00     0.00     0.00     0.00     0.00
   	   25.00    61.00     0.00    90.00
   	   25.00    61.00     0.00    90.00
 122 	  -78.00   234.00     0.00     0.00     0.00     0.00
 122 	  -78.00   234.00     0.00     0.00     0.00     0.00
   	   25.00    61.00     0.00    90.00
   	   25.00    61.00     0.00    90.00

** End writing output file: ../inputs/gr792.dat 
