*******************************************************************************
                         ARRAY PREPROCESSOR ver. 1.0
*******************************************************************************



   1	GROUP testgroup
   3	 GRID SQUARE STEP 62
   4	 ELEMENT
   5	 GEOMETRY RECTANGULAR PDIM 36 QDIM 34
   7	 POLARIZATION CIRCULAR
   8	 ADD BLOCK 6 -9 -3 -3
   9	 ADD BLOCK -3 0 -3 1
  11	 GROUP_EXCITATION
  12	 AMPLITUDE UNIFORM 24
  13	 PHASE UNIFORM 129
  14	 END

** Generating GROUP: testgroup.
** PSTEP,QSTEP set to:62.000000,62.000000
** Grid ANGLE set to:90.000000 
** Group ROT_ANGLE set to: 0.000000 

** Writing output file: ../inputs/gr794.dat

NEL 
NPORTS
IDUM      REXA     REYA     REZA     THEA     PHEA     PSEA 
          AMP      PSH      PSC      PHEPOL
  72
  72
   1
   1
   1 	 -186.00  -558.00     0.00     0.00     0.00     0.00
   1 	 -186.00  -558.00     0.00     0.00     0.00     0.00
   	   24.00   129.00     0.00    90.00
   	   24.00   129.00     0.00    90.00
   2 	 -124.00  -558.00     0.00     0.00     0.00     0.00
   2 	 -124.00  -558.00     0.00     0.00     0.00     0.00
   	   24.00   129.00     0.00    90.00
   	   24.00   129.00     0.00    90.00
   3 	  -62.00  -558.00     0.00     0.00     0.00     0.00
   3 	  -62.00  -558.00     0.00     0.00     0.00     0.00
   	   24.00   129.00     0.00    90.00
   	   24.00   129.00     0.00    90.00
   4 	    0.00  -558.00     0.00     0.00     0.00     0.00
   4 	    0.00  -558.00     0.00     0.00     0.00     0.00
   	   24.00   129.00     0.00    90.00
   	   24.00   129.00     0.00    90.00
   5 	   62.00  -558.00     0.00     0.00     0.00     0.00
   5 	   62.00  -558.00     0.00     0.00     0.00     0.00
   	   24.00   129.00     0.00    90.00
   	   24.00   129.00     0.00    90.00
   6 	  124.00  -558.00     0.00     0.00     0.00     0.00
   6 	  124.00  -558.00     0.00     0.00     0.00     0.00
   	   24.00   129.00     0.00    90.00
   	   24.00   129.00     0.00    90.00
   7 	  186.00  -558.00     0.00     0.00     0.00     0.00
   7 	  186.00  -558.00     0.00     0.00     0.00     0.00
   	   24.00   129.00     0.00    90.00
   	   24.00   129.00     0.00    90.00
   8 	  248.00  -558.00     0.00     0.00     0.00     0.00
   8 	  248.00  -558.00     0.00     0.00     0.00     0.00
   	   24.00   129.00     0.00    90.00
   	   24.00   129.00     0.00    90.00
   9 	  310.00  -558.00     0.00     0.00     0.00     0.00
   9 	  310.00  -558.00     0.00     0.00     0.00     0.00
   	   24.00   129.00     0.00    90.00
   	   24.00   129.00     0.00    90.00
  10 	  372.00  -558.00     0.00     0.00     0.00     0.00
  10 	  372.00  -558.00     0.00     0.00     0.00     0.00
   	   24.00   129.00     0.00    90.00
   	   24.00   129.00     0.00    90.00
  11 	 -186.00  -496.00     0.00     0.00     0.00     0.00
  11 	 -186.00  -496.00     0.00     0.00     0.00     0.00
   	   24.00   129.00     0.00    90.00
   	   24.00   129.00     0.00    90.00
  12 	 -124.00  -496.00     0.00     0.00     0.00     0.00
  12 	 -124.00  -496.00     0.00     0.00     0.00     0.00
   	   24.00   129.00     0.00    90.00
   	   24.00   129.00     0.00    90.00
  13 	  -62.00  -496.00     0.00     0.00     0.00     0.00
  13 	  -62.00  -496.00     0.00     0.00     0.00     0.00
   	   24.00   129.00     0.00    90.00
   	   24.00   129.00     0.00    90.00
  14 	    0.00  -496.00     0.00     0.00     0.00     0.00
  14 	    0.00  -496.00     0.00     0.00     0.00     0.00
   	   24.00   129.00     0.00    90.00
   	   24.00   129.00     0.00    90.00
  15 	   62.00  -496.00     0.00     0.00     0.00     0.00
  15 	   62.00  -496.00     0.00     0.00     0.00     0.00
   	   24.00   129.00     0.00    90.00
   	   24.00   129.00     0.00    90.00
  16 	  124.00  -496.00     0.00     0.00     0.00     0.00
  16 	  124.00  -496.00     0.00     0.00     0.00     0.00
   	   24.00   129.00     0.00    90.00
   	   24.00   129.00     0.00    90.00
  17 	  186.00  -496.00     0.00     0.00     0.00     0.00
  17 	  186.00  -496.00     0.00     0.00     0.00     0.00
   	   24.00   129.00     0.00    90.00
   	   24.00   129.00     0.00    90.00
  18 	  248.00  -496.00     0.00     0.00     0.00     0.00
  18 	  248.00  -496.00     0.00     0.00     0.00     0.00
   	   24.00   129.00     0.00    90.00
   	   24.00   129.00     0.00    90.00
  19 	  310.00  -496.00     0.00     0.00     0.00     0.00
  19 	  310.00  -496.00     0.00     0.00     0.00     0.00
   	   24.00   129.00     0.00    90.00
   	   24.00   129.00     0.00    90.00
  20 	  372.00  -496.00     0.00     0.00     0.00     0.00
  20 	  372.00  -496.00     0.00     0.00     0.00     0.00
   	   24.00   129.00     0.00    90.00
   	   24.00   129.00     0.00    90.00
  21 	 -186.00  -434.00     0.00     0.00     0.00     0.00
  21 	 -186.00  -434.00     0.00     0.00     0.00     0.00
   	   24.00   129.00     0.00    90.00
   	   24.00   129.00     0.00    90.00
  22 	 -124.00  -434.00     0.00     0.00     0.00     0.00
  22 	 -124.00  -434.00     0.00     0.00     0.00     0.00
   	   24.00   129.00     0.00    90.00
   	   24.00   129.00     0.00    90.00
  23 	  -62.00  -434.00     0.00     0.00     0.00     0.00
  23 	  -62.00  -434.00     0.00     0.00     0.00     0.00
   	   24.00   129.00     0.00    90.00
   	   24.00   129.00     0.00    90.00
  24 	    0.00  -434.00     0.00     0.00     0.00     0.00
  24 	    0.00  -434.00     0.00     0.00     0.00     0.00
   	   24.00   129.00     0.00    90.00
   	   24.00   129.00     0.00    90.00
  25 	   62.00  -434.00     0.00     0.00     0.00     0.00
  25 	   62.00  -434.00     0.00     0.00     0.00     0.00
   	   24.00   129.00     0.00    90.00
   	   24.00   129.00     0.00    90.00
  26 	  124.00  -434.00     0.00     0.00     0.00     0.00
  26 	  124.00  -434.00     0.00     0.00     0.00     0.00
   	   24.00   129.00     0.00    90.00
   	   24.00   129.00     0.00    90.00
  27 	  186.00  -434.00     0.00     0.00     0.00     0.00
  27 	  186.00  -434.00     0.00     0.00     0.00     0.00
   	   24.00   129.00     0.00    90.00
   	   24.00   129.00     0.00    90.00
  28 	  248.00  -434.00     0.00     0.00     0.00     0.00
  28 	  248.00  -434.00     0.00     0.00     0.00     0.00
   	   24.00   129.00     0.00    90.00
   	   24.00   129.00     0.00    90.00
  29 	  310.00  -434.00     0.00     0.00     0.00     0.00
  29 	  310.00  -434.00     0.00     0.00     0.00     0.00
   	   24.00   129.00     0.00    90.00
   	   24.00   129.00     0.00    90.00
  30 	  372.00  -434.00     0.00     0.00     0.00     0.00
  30 	  372.00  -434.00     0.00     0.00     0.00     0.00
   	   24.00   129.00     0.00    90.00
   	   24.00   129.00     0.00    90.00
  31 	 -186.00  -372.00     0.00     0.00     0.00     0.00
  31 	 -186.00  -372.00     0.00     0.00     0.00     0.00
   	   24.00   129.00     0.00    90.00
   	   24.00   129.00     0.00    90.00
  32 	 -124.00  -372.00     0.00     0.00     0.00     0.00
  32 	 -124.00  -372.00     0.00     0.00     0.00     0.00
   	   24.00   129.00     0.00    90.00
   	   24.00   129.00     0.00    90.00
  33 	  -62.00  -372.00     0.00     0.00     0.00     0.00
  33 	  -62.00  -372.00     0.00     0.00     0.00     0.00
   	   24.00   129.00     0.00    90.00
   	   24.00   129.00     0.00    90.00
  34 	    0.00  -372.00     0.00     0.00     0.00     0.00
  34 	    0.00  -372.00     0.00     0.00     0.00     0.00
   	   24.00   129.00     0.00    90.00
   	   24.00   129.00     0.00    90.00
  35 	   62.00  -372.00     0.00     0.00     0.00     0.00
  35 	   62.00  -372.00     0.00     0.00     0.00     0.00
   	   24.00   129.00     0.00    90.00
   	   24.00   129.00     0.00    90.00
  36 	  124.00  -372.00     0.00     0.00     0.00     0.00
  36 	  124.00  -372.00     0.00     0.00     0.00     0.00
   	   24.00   129.00     0.00    90.00
   	   24.00   129.00     0.00    90.00
  37 	  186.00  -372.00     0.00     0.00     0.00     0.00
  37 	  186.00  -372.00     0.00     0.00     0.00     0.00
   	   24.00   129.00     0.00    90.00
   	   24.00   129.00     0.00    90.00
  38 	  248.00  -372.00     0.00     0.00     0.00     0.00
  38 	  248.00  -372.00     0.00     0.00     0.00     0.00
   	   24.00   129.00     0.00    90.00
   	   24.00   129.00     0.00    90.00
  39 	  310.00  -372.00     0.00     0.00     0.00     0.00
  39 	  310.00  -372.00     0.00     0.00     0.00     0.00
   	   24.00   129.00     0.00    90.00
   	   24.00   129.00     0.00    90.00
  40 	  372.00  -372.00     0.00     0.00     0.00     0.00
  40 	  372.00  -372.00     0.00     0.00     0.00     0.00
   	   24.00   129.00     0.00    90.00
   	   24.00   129.00     0.00    90.00
  41 	 -186.00  -310.00     0.00     0.00     0.00     0.00
  41 	 -186.00  -310.00     0.00     0.00     0.00     0.00
   	   24.00   129.00     0.00    90.00
   	   24.00   129.00     0.00    90.00
  42 	 -124.00  -310.00     0.00     0.00     0.00     0.00
  42 	 -124.00  -310.00     0.00     0.00     0.00     0.00
   	   24.00   129.00     0.00    90.00
   	   24.00   129.00     0.00    90.00
  43 	  -62.00  -310.00     0.00     0.00     0.00     0.00
  43 	  -62.00  -310.00     0.00     0.00     0.00     0.00
   	   24.00   129.00     0.00    90.00
   	   24.00   129.00     0.00    90.00
  44 	    0.00  -310.00     0.00     0.00     0.00     0.00
  44 	    0.00  -310.00     0.00     0.00     0.00     0.00
   	   24.00   129.00     0.00    90.00
   	   24.00   129.00     0.00    90.00
  45 	   62.00  -310.00     0.00     0.00     0.00     0.00
  45 	   62.00  -310.00     0.00     0.00     0.00     0.00
   	   24.00   129.00     0.00    90.00
   	   24.00   129.00     0.00    90.00
  46 	  124.00  -310.00     0.00     0.00     0.00     0.00
  46 	  124.00  -310.00     0.00     0.00     0.00     0.00
   	   24.00   129.00     0.00    90.00
   	   24.00   129.00     0.00    90.00
  47 	  186.00  -310.00     0.00     0.00     0.00     0.00
  47 	  186.00  -310.00     0.00     0.00     0.00     0.00
   	   24.00   129.00     0.00    90.00
   	   24.00   129.00     0.00    90.00
  48 	  248.00  -310.00     0.00     0.00     0.00     0.00
  48 	  248.00  -310.00     0.00     0.00     0.00     0.00
   	   24.00   129.00     0.00    90.00
   	   24.00   129.00     0.00    90.00
  49 	  310.00  -310.00     0.00     0.00     0.00     0.00
  49 	  310.00  -310.00     0.00     0.00     0.00     0.00
   	   24.00   129.00     0.00    90.00
   	   24.00   129.00     0.00    90.00
  50 	  372.00  -310.00     0.00     0.00     0.00     0.00
  50 	  372.00  -310.00     0.00     0.00     0.00     0.00
   	   24.00   129.00     0.00    90.00
   	   24.00   129.00     0.00    90.00
  51 	 -186.00  -248.00     0.00     0.00     0.00     0.00
  51 	 -186.00  -248.00     0.00     0.00     0.00     0.00
   	   24.00   129.00     0.00    90.00
   	   24.00   129.00     0.00    90.00
  52 	 -124.00  -248.00     0.00     0.00     0.00     0.00
  52 	 -124.00  -248.00     0.00     0.00     0.00     0.00
   	   24.00   129.00     0.00    90.00
   	   24.00   129.00     0.00    90.00
  53 	  -62.00  -248.00     0.00     0.00     0.00     0.00
  53 	  -62.00  -248.00     0.00     0.00     0.00     0.00
   	   24.00   129.00     0.00    90.00
   	   24.00   129.00     0.00    90.00
  54 	    0.00  -248.00     0.00     0.00     0.00     0.00
  54 	    0.00  -248.00     0.00     0.00     0.00     0.00
   	   24.00   129.00     0.00    90.00
   	   24.00   129.00     0.00    90.00
  55 	   62.00  -248.00     0.00     0.00     0.00     0.00
  55 	   62.00  -248.00     0.00     0.00     0.00     0.00
   	   24.00   129.00     0.00    90.00
   	   24.00   129.00     0.00    90.00
  56 	  124.00  -248.00     0.00     0.00     0.00     0.00
  56 	  124.00  -248.00     0.00     0.00     0.00     0.00
   	   24.00   129.00     0.00    90.00
   	   24.00   129.00     0.00    90.00
  57 	  186.00  -248.00     0.00     0.00     0.00     0.00
  57 	  186.00  -248.00     0.00     0.00     0.00     0.00
   	   24.00   129.00     0.00    90.00
   	   24.00   129.00     0.00    90.00
  58 	  248.00  -248.00     0.00     0.00     0.00     0.00
  58 	  248.00  -248.00     0.00     0.00     0.00     0.00
   	   24.00   129.00     0.00    90.00
   	   24.00   129.00     0.00    90.00
  59 	  310.00  -248.00     0.00     0.00     0.00     0.00
  59 	  310.00  -248.00     0.00     0.00     0.00     0.00
   	   24.00   129.00     0.00    90.00
   	   24.00   129.00     0.00    90.00
  60 	  372.00  -248.00     0.00     0.00     0.00     0.00
  60 	  372.00  -248.00     0.00     0.00     0.00     0.00
   	   24.00   129.00     0.00    90.00
   	   24.00   129.00     0.00    90.00
  61 	 -186.00  -186.00     0.00     0.00     0.00     0.00
  61 	 -186.00  -186.00     0.00     0.00     0.00     0.00
   	   24.00   129.00     0.00    90.00
   	   24.00   129.00     0.00    90.00
  62 	 -124.00  -186.00     0.00     0.00     0.00     0.00
  62 	 -124.00  -186.00     0.00     0.00     0.00     0.00
   	   24.00   129.00     0.00    90.00
   	   24.00   129.00     0.00    90.00
  63 	  -62.00  -186.00     0.00     0.00     0.00     0.00
  63 	  -62.00  -186.00     0.00     0.00     0.00     0.00
   	   24.00   129.00     0.00    90.00
   	   24.00   129.00     0.00    90.00
  64 	    0.00  -186.00     0.00     0.00     0.00     0.00
  64 	    0.00  -186.00     0.00     0.00     0.00     0.00
   	   24.00   129.00     0.00    90.00
   	   24.00   129.00     0.00    90.00
  65 	   62.00  -186.00     0.00     0.00     0.00     0.00
  65 	   62.00  -186.00     0.00     0.00     0.00     0.00
   	   24.00   129.00     0.00    90.00
   	   24.00   129.00     0.00    90.00
  66 	  124.00  -186.00     0.00     0.00     0.00     0.00
  66 	  124.00  -186.00     0.00     0.00     0.00     0.00
   	   24.00   129.00     0.00    90.00
   	   24.00   129.00     0.00    90.00
  67 	  186.00  -186.00     0.00     0.00     0.00     0.00
  67 	  186.00  -186.00     0.00     0.00     0.00     0.00
   	   24.00   129.00     0.00    90.00
   	   24.00   129.00     0.00    90.00
  68 	  248.00  -186.00     0.00     0.00     0.00     0.00
  68 	  248.00  -186.00     0.00     0.00     0.00     0.00
   	   24.00   129.00     0.00    90.00
   	   24.00   129.00     0.00    90.00
  69 	  310.00  -186.00     0.00     0.00     0.00     0.00
  69 	  310.00  -186.00     0.00     0.00     0.00     0.00
   	   24.00   129.00     0.00    90.00
   	   24.00   129.00     0.00    90.00
  70 	  372.00  -186.00     0.00     0.00     0.00     0.00
  70 	  372.00  -186.00     0.00     0.00     0.00     0.00
   	   24.00   129.00     0.00    90.00
   	   24.00   129.00     0.00    90.00
  71 	 -186.00     0.00     0.00     0.00     0.00     0.00
  71 	 -186.00     0.00     0.00     0.00     0.00     0.00
   	   24.00   129.00     0.00    90.00
   	   24.00   129.00     0.00    90.00
  72 	 -186.00    62.00     0.00     0.00     0.00     0.00
  72 	 -186.00    62.00     0.00     0.00     0.00     0.00
   	   24.00   129.00     0.00    90.00
   	   24.00   129.00     0.00    90.00

** End writing output file: ../inputs/gr794.dat 
