*******************************************************************************
                         ARRAY PREPROCESSOR ver. 1.0
*******************************************************************************



   1	GROUP testgroup
   3	 GRID HEXAGONAL
   4	 ELEMENT
   5	 GEOMETRY CIRCULAR RADIUS 69
   6	 POLARIZATION LINEAR
   7	 ADD HEXAGON -4 -1
   9	 GROUP_EXCITATION
  10	 AMPLITUDE UNIFORM 29
  11	 PHASE UNIFORM -95
  12	 END

** Generating GROUP: testgroup.
** PSTEP,QSTEP set to:138.000000,138.000000
** Grid ANGLE set to:60.000000 
** Group ROT_ANGLE set to: 0.000000 

** Writing output file: ../inputs/gr797.dat

NEL 
NPORTS
IDUM      REXA     REYA     REZA     THEA     PHEA     PSEA 
          AMP      PSH      PSC      PHEPOL
   7
   7
   1
   1
   1 	 -690.00     0.00     0.00     0.00     0.00     0.00
   1 	 -690.00     0.00     0.00     0.00     0.00     0.00
   	   29.00   -95.00     0.00    90.00
   	   29.00   -95.00     0.00    90.00
   2 	 -552.00     0.00     0.00     0.00     0.00     0.00
   2 	 -552.00     0.00     0.00     0.00     0.00     0.00
   	   29.00   -95.00     0.00    90.00
   	   29.00   -95.00     0.00    90.00
   3 	 -483.00  -119.51     0.00     0.00     0.00     0.00
   3 	 -483.00  -119.51     0.00     0.00     0.00     0.00
   	   29.00   -95.00     0.00    90.00
   	   29.00   -95.00     0.00    90.00
   4 	 -552.00  -239.02     0.00     0.00     0.00     0.00
   4 	 -552.00  -239.02     0.00     0.00     0.00     0.00
   	   29.00   -95.00     0.00    90.00
   	   29.00   -95.00     0.00    90.00
   5 	 -690.00  -239.02     0.00     0.00     0.00     0.00
   5 	 -690.00  -239.02     0.00     0.00     0.00     0.00
   	   29.00   -95.00     0.00    90.00
   	   29.00   -95.00     0.00    90.00
   6 	 -759.00  -119.51     0.00     0.00     0.00     0.00
   6 	 -759.00  -119.51     0.00     0.00     0.00     0.00
   	   29.00   -95.00     0.00    90.00
   	   29.00   -95.00     0.00    90.00
   7 	 -621.00  -119.51     0.00     0.00     0.00     0.00
   7 	 -621.00  -119.51     0.00     0.00     0.00     0.00
   	   29.00   -95.00     0.00    90.00
   	   29.00   -95.00     0.00    90.00

** End writing output file: ../inputs/gr797.dat 
