*******************************************************************************
                         ARRAY PREPROCESSOR ver. 1.0
*******************************************************************************



   1	GROUP testgroup
   3	 GRID RECTANGULAR
   4	 ELEMENT
   5	 GEOMETRY RECTANGULAR 70 44
   7	 POLARIZATION CIRCULAR
   8	 ADD BLOCK 2 0 2 7
  10	 GROUP_EXCITATION
  11	 AMPLITUDE UNIFORM 11
  12	 PHASE SECOND ORDER 26 17 14 19 21
  13	 END

** Generating GROUP: testgroup.
** PSTEP,QSTEP set to:70.000000,44.000000
** Grid ANGLE set to:90.000000 
** Group ROT_ANGLE set to: 0.000000 

** Writing output file: ../inputs/gr798.dat

NEL 
NPORTS
IDUM      REXA     REYA     REZA     THEA     PHEA     PSEA 
          AMP      PSH      PSC      PHEPOL
   8
   8
   1
   1
   1 	  140.00     0.00     0.00     0.00     0.00     0.00
   1 	  140.00     0.00     0.00     0.00     0.00     0.00
   	   11.00    19.00     0.00    90.00
   	   11.00    19.00     0.00    90.00
   2 	  140.00    44.00     0.00     0.00     0.00     0.00
   2 	  140.00    44.00     0.00     0.00     0.00     0.00
   	   11.00    22.22     0.00    90.00
   	   11.00    22.22     0.00    90.00
   3 	  140.00    88.00     0.00     0.00     0.00     0.00
   3 	  140.00    88.00     0.00     0.00     0.00     0.00
   	   11.00    24.47     0.00    90.00
   	   11.00    24.47     0.00    90.00
   4 	  140.00   132.00     0.00     0.00     0.00     0.00
   4 	  140.00   132.00     0.00     0.00     0.00     0.00
   	   11.00    25.73     0.00    90.00
   	   11.00    25.73     0.00    90.00
   5 	  140.00   176.00     0.00     0.00     0.00     0.00
   5 	  140.00   176.00     0.00     0.00     0.00     0.00
   	   11.00    26.02     0.00    90.00
   	   11.00    26.02     0.00    90.00
   6 	  140.00   220.00     0.00     0.00     0.00     0.00
   6 	  140.00   220.00     0.00     0.00     0.00     0.00
   	   11.00    25.33     0.00    90.00
   	   11.00    25.33     0.00    90.00
   7 	  140.00   264.00     0.00     0.00     0.00     0.00
   7 	  140.00   264.00     0.00     0.00     0.00     0.00
   	   11.00    23.65     0.00    90.00
   	   11.00    23.65     0.00    90.00
   8 	  140.00   308.00     0.00     0.00     0.00     0.00
   8 	  140.00   308.00     0.00     0.00     0.00     0.00
   	   11.00    21.00     0.00    90.00
   	   11.00    21.00     0.00    90.00

** End writing output file: ../inputs/gr798.dat 
