*******************************************************************************
                         ARRAY PREPROCESSOR ver. 1.0
*******************************************************************************



   1	GROUP testgroup
   3	 GRID RECTANGULAR
   4	 ELEMENT
   5	 GEOMETRY CIRCULAR 49 m
   7	 ADD BLOCK -8 7 5 7
   9	 GROUP_EXCITATION
  10	 AMPLITUDE UNIFORM 27
  11	 PHASE UNIFORM 44 rad
  12	 END

** Generating GROUP: testgroup.
** PSTEP,QSTEP set to:98000.000000,98000.000000
** Grid ANGLE set to:90.000000 
** Group ROT_ANGLE set to: 0.000000 

** Writing output file: ../inputs/gr8.dat

NEL 
NPORTS
IDUM      REXA     REYA     REZA     THEA     PHEA     PSEA 
          AMP      PSH      PSC      PHEPOL
  14
  14
   1
   1
   1 	-784000.00 686000.00     0.00     0.00     0.00     0.00
   1 	-784000.00 686000.00     0.00     0.00     0.00     0.00
   	   27.00  2521.01     0.00    90.00
   	   27.00  2521.01     0.00    90.00
   2 	-686000.00 686000.00     0.00     0.00     0.00     0.00
   2 	-686000.00 686000.00     0.00     0.00     0.00     0.00
   	   27.00  2521.01     0.00    90.00
   	   27.00  2521.01     0.00    90.00
   3 	-588000.00 686000.00     0.00     0.00     0.00     0.00
   3 	-588000.00 686000.00     0.00     0.00     0.00     0.00
   	   27.00  2521.01     0.00    90.00
   	   27.00  2521.01     0.00    90.00
   4 	-490000.00 686000.00     0.00     0.00     0.00     0.00
   4 	-490000.00 686000.00     0.00     0.00     0.00     0.00
   	   27.00  2521.01     0.00    90.00
   	   27.00  2521.01     0.00    90.00
   5 	-392000.00 686000.00     0.00     0.00     0.00     0.00
   5 	-392000.00 686000.00     0.00     0.00     0.00     0.00
   	   27.00  2521.01     0.00    90.00
   	   27.00  2521.01     0.00    90.00
   6 	-294000.00 686000.00     0.00     0.00     0.00     0.00
   6 	-294000.00 686000.00     0.00     0.00     0.00     0.00
   	   27.00  2521.01     0.00    90.00
   	   27.00  2521.01     0.00    90.00
   7 	-196000.00 686000.00     0.00     0.00     0.00     0.00
   7 	-196000.00 686000.00     0.00     0.00     0.00     0.00
   	   27.00  2521.01     0.00    90.00
   	   27.00  2521.01     0.00    90.00
   8 	-98000.00 686000.00     0.00     0.00     0.00     0.00
   8 	-98000.00 686000.00     0.00     0.00     0.00     0.00
   	   27.00  2521.01     0.00    90.00
   	   27.00  2521.01     0.00    90.00
   9 	   -0.00 686000.00     0.00     0.00     0.00     0.00
   9 	   -0.00 686000.00     0.00     0.00     0.00     0.00
   	   27.00  2521.01     0.00    90.00
   	   27.00  2521.01     0.00    90.00
  10 	98000.00 686000.00     0.00     0.00     0.00     0.00
  10 	98000.00 686000.00     0.00     0.00     0.00     0.00
   	   27.00  2521.01     0.00    90.00
   	   27.00  2521.01     0.00    90.00
  11 	196000.00 686000.00     0.00     0.00     0.00     0.00
  11 	196000.00 686000.00     0.00     0.00     0.00     0.00
   	   27.00  2521.01     0.00    90.00
   	   27.00  2521.01     0.00    90.00
  12 	294000.00 686000.00     0.00     0.00     0.00     0.00
  12 	294000.00 686000.00     0.00     0.00     0.00     0.00
   	   27.00  2521.01     0.00    90.00
   	   27.00  2521.01     0.00    90.00
  13 	392000.00 686000.00     0.00     0.00     0.00     0.00
  13 	392000.00 686000.00     0.00     0.00     0.00     0.00
   	   27.00  2521.01     0.00    90.00
   	   27.00  2521.01     0.00    90.00
  14 	490000.00 686000.00     0.00     0.00     0.00     0.00
  14 	490000.00 686000.00     0.00     0.00     0.00     0.00
   	   27.00  2521.01     0.00    90.00
   	   27.00  2521.01     0.00    90.00

** End writing output file: ../inputs/gr8.dat 
