*******************************************************************************
                         ARRAY PREPROCESSOR ver. 1.0
*******************************************************************************



   1	GROUP testgroup
   3	 GRID HEXAGONAL
   4	 ELEMENT
   5	 GEOMETRY CIRCULAR 35
   7	 ADD BLOCK 1 -6 1 1
   9	 GROUP_EXCITATION
  10	 AMPLITUDE UNIFORM 27
  11	 PHASE UNIFORM -40
  12	 END

** Generating GROUP: testgroup.
** PSTEP,QSTEP set to:70.000000,70.000000
** Grid ANGLE set to:60.000000 
** Group ROT_ANGLE set to: 0.000000 

** Writing output file: ../inputs/gr802.dat

NEL 
NPORTS
IDUM      REXA     REYA     REZA     THEA     PHEA     PSEA 
          AMP      PSH      PSC      PHEPOL
   8
   8
   1
   1
   1 	 -140.00  -363.73     0.00     0.00     0.00     0.00
   1 	 -140.00  -363.73     0.00     0.00     0.00     0.00
   	   27.00   -40.00     0.00    90.00
   	   27.00   -40.00     0.00    90.00
   2 	 -105.00  -303.11     0.00     0.00     0.00     0.00
   2 	 -105.00  -303.11     0.00     0.00     0.00     0.00
   	   27.00   -40.00     0.00    90.00
   	   27.00   -40.00     0.00    90.00
   3 	  -70.00  -242.49     0.00     0.00     0.00     0.00
   3 	  -70.00  -242.49     0.00     0.00     0.00     0.00
   	   27.00   -40.00     0.00    90.00
   	   27.00   -40.00     0.00    90.00
   4 	  -35.00  -181.87     0.00     0.00     0.00     0.00
   4 	  -35.00  -181.87     0.00     0.00     0.00     0.00
   	   27.00   -40.00     0.00    90.00
   	   27.00   -40.00     0.00    90.00
   5 	    0.00  -121.24     0.00     0.00     0.00     0.00
   5 	    0.00  -121.24     0.00     0.00     0.00     0.00
   	   27.00   -40.00     0.00    90.00
   	   27.00   -40.00     0.00    90.00
   6 	   35.00   -60.62     0.00     0.00     0.00     0.00
   6 	   35.00   -60.62     0.00     0.00     0.00     0.00
   	   27.00   -40.00     0.00    90.00
   	   27.00   -40.00     0.00    90.00
   7 	   70.00     0.00     0.00     0.00     0.00     0.00
   7 	   70.00     0.00     0.00     0.00     0.00     0.00
   	   27.00   -40.00     0.00    90.00
   	   27.00   -40.00     0.00    90.00
   8 	  105.00    60.62     0.00     0.00     0.00     0.00
   8 	  105.00    60.62     0.00     0.00     0.00     0.00
   	   27.00   -40.00     0.00    90.00
   	   27.00   -40.00     0.00    90.00

** End writing output file: ../inputs/gr802.dat 
