*******************************************************************************
                         ARRAY PREPROCESSOR ver. 1.0
*******************************************************************************



   1	GROUP testgroup
   3	 GRID SQUARE STEP 69
   4	 ELEMENT
   5	 GEOMETRY RECTANGULAR 117 31
   8	 ADD BLOCK 7 -2 0 0
   9	 ADD BLOCK 4 0 0 1
  10	 ADD BLOCK -6 4 0 2
  11	 ADD BLOCK 4 0 -4 3
  13	 GROUP_EXCITATION
  14	 AMPLITUDE UNIFORM 18
  15	 PHASE UNIFORM -11
  16	 END

** WARNING B2: GRID step(s) too small for specified element in GROUP: testgroup
** Generating GROUP: testgroup.
** PSTEP,QSTEP set to:69.000000,69.000000
** Grid ANGLE set to:90.000000 
** Group ROT_ANGLE set to: 0.000000 

** Writing output file: ../inputs/gr804.dat

NEL 
NPORTS
IDUM      REXA     REYA     REZA     THEA     PHEA     PSEA 
          AMP      PSH      PSC      PHEPOL
  91
  91
   1
   1
   1 	    0.00  -138.00     0.00     0.00     0.00     0.00
   1 	    0.00  -138.00     0.00     0.00     0.00     0.00
   	   18.00   -11.00     0.00    90.00
   	   18.00   -11.00     0.00    90.00
   2 	   69.00  -138.00     0.00     0.00     0.00     0.00
   2 	   69.00  -138.00     0.00     0.00     0.00     0.00
   	   18.00   -11.00     0.00    90.00
   	   18.00   -11.00     0.00    90.00
   3 	  138.00  -138.00     0.00     0.00     0.00     0.00
   3 	  138.00  -138.00     0.00     0.00     0.00     0.00
   	   18.00   -11.00     0.00    90.00
   	   18.00   -11.00     0.00    90.00
   4 	  207.00  -138.00     0.00     0.00     0.00     0.00
   4 	  207.00  -138.00     0.00     0.00     0.00     0.00
   	   18.00   -11.00     0.00    90.00
   	   18.00   -11.00     0.00    90.00
   5 	  276.00  -138.00     0.00     0.00     0.00     0.00
   5 	  276.00  -138.00     0.00     0.00     0.00     0.00
   	   18.00   -11.00     0.00    90.00
   	   18.00   -11.00     0.00    90.00
   6 	  345.00  -138.00     0.00     0.00     0.00     0.00
   6 	  345.00  -138.00     0.00     0.00     0.00     0.00
   	   18.00   -11.00     0.00    90.00
   	   18.00   -11.00     0.00    90.00
   7 	  414.00  -138.00     0.00     0.00     0.00     0.00
   7 	  414.00  -138.00     0.00     0.00     0.00     0.00
   	   18.00   -11.00     0.00    90.00
   	   18.00   -11.00     0.00    90.00
   8 	  483.00  -138.00     0.00     0.00     0.00     0.00
   8 	  483.00  -138.00     0.00     0.00     0.00     0.00
   	   18.00   -11.00     0.00    90.00
   	   18.00   -11.00     0.00    90.00
   9 	    0.00   -69.00     0.00     0.00     0.00     0.00
   9 	    0.00   -69.00     0.00     0.00     0.00     0.00
   	   18.00   -11.00     0.00    90.00
   	   18.00   -11.00     0.00    90.00
  10 	   69.00   -69.00     0.00     0.00     0.00     0.00
  10 	   69.00   -69.00     0.00     0.00     0.00     0.00
   	   18.00   -11.00     0.00    90.00
   	   18.00   -11.00     0.00    90.00
  11 	  138.00   -69.00     0.00     0.00     0.00     0.00
  11 	  138.00   -69.00     0.00     0.00     0.00     0.00
   	   18.00   -11.00     0.00    90.00
   	   18.00   -11.00     0.00    90.00
  12 	  207.00   -69.00     0.00     0.00     0.00     0.00
  12 	  207.00   -69.00     0.00     0.00     0.00     0.00
   	   18.00   -11.00     0.00    90.00
   	   18.00   -11.00     0.00    90.00
  13 	  276.00   -69.00     0.00     0.00     0.00     0.00
  13 	  276.00   -69.00     0.00     0.00     0.00     0.00
   	   18.00   -11.00     0.00    90.00
   	   18.00   -11.00     0.00    90.00
  14 	  345.00   -69.00     0.00     0.00     0.00     0.00
  14 	  345.00   -69.00     0.00     0.00     0.00     0.00
   	   18.00   -11.00     0.00    90.00
   	   18.00   -11.00     0.00    90.00
  15 	  414.00   -69.00     0.00     0.00     0.00     0.00
  15 	  414.00   -69.00     0.00     0.00     0.00     0.00
   	   18.00   -11.00     0.00    90.00
   	   18.00   -11.00     0.00    90.00
  16 	  483.00   -69.00     0.00     0.00     0.00     0.00
  16 	  483.00   -69.00     0.00     0.00     0.00     0.00
   	   18.00   -11.00     0.00    90.00
   	   18.00   -11.00     0.00    90.00
  17 	    0.00     0.00     0.00     0.00     0.00     0.00
  17 	    0.00     0.00     0.00     0.00     0.00     0.00
   	   18.00   -11.00     0.00    90.00
   	   18.00   -11.00     0.00    90.00
  18 	   69.00     0.00     0.00     0.00     0.00     0.00
  18 	   69.00     0.00     0.00     0.00     0.00     0.00
   	   18.00   -11.00     0.00    90.00
   	   18.00   -11.00     0.00    90.00
  19 	  138.00     0.00     0.00     0.00     0.00     0.00
  19 	  138.00     0.00     0.00     0.00     0.00     0.00
   	   18.00   -11.00     0.00    90.00
   	   18.00   -11.00     0.00    90.00
  20 	  207.00     0.00     0.00     0.00     0.00     0.00
  20 	  207.00     0.00     0.00     0.00     0.00     0.00
   	   18.00   -11.00     0.00    90.00
   	   18.00   -11.00     0.00    90.00
  21 	  276.00     0.00     0.00     0.00     0.00     0.00
  21 	  276.00     0.00     0.00     0.00     0.00     0.00
   	   18.00   -11.00     0.00    90.00
   	   18.00   -11.00     0.00    90.00
  22 	  345.00     0.00     0.00     0.00     0.00     0.00
  22 	  345.00     0.00     0.00     0.00     0.00     0.00
   	   18.00   -11.00     0.00    90.00
   	   18.00   -11.00     0.00    90.00
  23 	  414.00     0.00     0.00     0.00     0.00     0.00
  23 	  414.00     0.00     0.00     0.00     0.00     0.00
   	   18.00   -11.00     0.00    90.00
   	   18.00   -11.00     0.00    90.00
  24 	  483.00     0.00     0.00     0.00     0.00     0.00
  24 	  483.00     0.00     0.00     0.00     0.00     0.00
   	   18.00   -11.00     0.00    90.00
   	   18.00   -11.00     0.00    90.00
  25 	    0.00     0.00     0.00     0.00     0.00     0.00
  25 	    0.00     0.00     0.00     0.00     0.00     0.00
   	   18.00   -11.00     0.00    90.00
   	   18.00   -11.00     0.00    90.00
  26 	   69.00     0.00     0.00     0.00     0.00     0.00
  26 	   69.00     0.00     0.00     0.00     0.00     0.00
   	   18.00   -11.00     0.00    90.00
   	   18.00   -11.00     0.00    90.00
  27 	  138.00     0.00     0.00     0.00     0.00     0.00
  27 	  138.00     0.00     0.00     0.00     0.00     0.00
   	   18.00   -11.00     0.00    90.00
   	   18.00   -11.00     0.00    90.00
  28 	  207.00     0.00     0.00     0.00     0.00     0.00
  28 	  207.00     0.00     0.00     0.00     0.00     0.00
   	   18.00   -11.00     0.00    90.00
   	   18.00   -11.00     0.00    90.00
  29 	  276.00     0.00     0.00     0.00     0.00     0.00
  29 	  276.00     0.00     0.00     0.00     0.00     0.00
   	   18.00   -11.00     0.00    90.00
   	   18.00   -11.00     0.00    90.00
  30 	   -0.00    69.00     0.00     0.00     0.00     0.00
  30 	   -0.00    69.00     0.00     0.00     0.00     0.00
   	   18.00   -11.00     0.00    90.00
   	   18.00   -11.00     0.00    90.00
  31 	   69.00    69.00     0.00     0.00     0.00     0.00
  31 	   69.00    69.00     0.00     0.00     0.00     0.00
   	   18.00   -11.00     0.00    90.00
   	   18.00   -11.00     0.00    90.00
  32 	  138.00    69.00     0.00     0.00     0.00     0.00
  32 	  138.00    69.00     0.00     0.00     0.00     0.00
   	   18.00   -11.00     0.00    90.00
   	   18.00   -11.00     0.00    90.00
  33 	  207.00    69.00     0.00     0.00     0.00     0.00
  33 	  207.00    69.00     0.00     0.00     0.00     0.00
   	   18.00   -11.00     0.00    90.00
   	   18.00   -11.00     0.00    90.00
  34 	  276.00    69.00     0.00     0.00     0.00     0.00
  34 	  276.00    69.00     0.00     0.00     0.00     0.00
   	   18.00   -11.00     0.00    90.00
   	   18.00   -11.00     0.00    90.00
  35 	 -414.00   138.00     0.00     0.00     0.00     0.00
  35 	 -414.00   138.00     0.00     0.00     0.00     0.00
   	   18.00   -11.00     0.00    90.00
   	   18.00   -11.00     0.00    90.00
  36 	 -345.00   138.00     0.00     0.00     0.00     0.00
  36 	 -345.00   138.00     0.00     0.00     0.00     0.00
   	   18.00   -11.00     0.00    90.00
   	   18.00   -11.00     0.00    90.00
  37 	 -276.00   138.00     0.00     0.00     0.00     0.00
  37 	 -276.00   138.00     0.00     0.00     0.00     0.00
   	   18.00   -11.00     0.00    90.00
   	   18.00   -11.00     0.00    90.00
  38 	 -207.00   138.00     0.00     0.00     0.00     0.00
  38 	 -207.00   138.00     0.00     0.00     0.00     0.00
   	   18.00   -11.00     0.00    90.00
   	   18.00   -11.00     0.00    90.00
  39 	 -138.00   138.00     0.00     0.00     0.00     0.00
  39 	 -138.00   138.00     0.00     0.00     0.00     0.00
   	   18.00   -11.00     0.00    90.00
   	   18.00   -11.00     0.00    90.00
  40 	  -69.00   138.00     0.00     0.00     0.00     0.00
  40 	  -69.00   138.00     0.00     0.00     0.00     0.00
   	   18.00   -11.00     0.00    90.00
   	   18.00   -11.00     0.00    90.00
  41 	   -0.00   138.00     0.00     0.00     0.00     0.00
  41 	   -0.00   138.00     0.00     0.00     0.00     0.00
   	   18.00   -11.00     0.00    90.00
   	   18.00   -11.00     0.00    90.00
  42 	 -414.00   207.00     0.00     0.00     0.00     0.00
  42 	 -414.00   207.00     0.00     0.00     0.00     0.00
   	   18.00   -11.00     0.00    90.00
   	   18.00   -11.00     0.00    90.00
  43 	 -345.00   207.00     0.00     0.00     0.00     0.00
  43 	 -345.00   207.00     0.00     0.00     0.00     0.00
   	   18.00   -11.00     0.00    90.00
   	   18.00   -11.00     0.00    90.00
  44 	 -276.00   207.00     0.00     0.00     0.00     0.00
  44 	 -276.00   207.00     0.00     0.00     0.00     0.00
   	   18.00   -11.00     0.00    90.00
   	   18.00   -11.00     0.00    90.00
  45 	 -207.00   207.00     0.00     0.00     0.00     0.00
  45 	 -207.00   207.00     0.00     0.00     0.00     0.00
   	   18.00   -11.00     0.00    90.00
   	   18.00   -11.00     0.00    90.00
  46 	 -138.00   207.00     0.00     0.00     0.00     0.00
  46 	 -138.00   207.00     0.00     0.00     0.00     0.00
   	   18.00   -11.00     0.00    90.00
   	   18.00   -11.00     0.00    90.00
  47 	  -69.00   207.00     0.00     0.00     0.00     0.00
  47 	  -69.00   207.00     0.00     0.00     0.00     0.00
   	   18.00   -11.00     0.00    90.00
   	   18.00   -11.00     0.00    90.00
  48 	   -0.00   207.00     0.00     0.00     0.00     0.00
  48 	   -0.00   207.00     0.00     0.00     0.00     0.00
   	   18.00   -11.00     0.00    90.00
   	   18.00   -11.00     0.00    90.00
  49 	 -414.00   276.00     0.00     0.00     0.00     0.00
  49 	 -414.00   276.00     0.00     0.00     0.00     0.00
   	   18.00   -11.00     0.00    90.00
   	   18.00   -11.00     0.00    90.00
  50 	 -345.00   276.00     0.00     0.00     0.00     0.00
  50 	 -345.00   276.00     0.00     0.00     0.00     0.00
   	   18.00   -11.00     0.00    90.00
   	   18.00   -11.00     0.00    90.00
  51 	 -276.00   276.00     0.00     0.00     0.00     0.00
  51 	 -276.00   276.00     0.00     0.00     0.00     0.00
   	   18.00   -11.00     0.00    90.00
   	   18.00   -11.00     0.00    90.00
  52 	 -207.00   276.00     0.00     0.00     0.00     0.00
  52 	 -207.00   276.00     0.00     0.00     0.00     0.00
   	   18.00   -11.00     0.00    90.00
   	   18.00   -11.00     0.00    90.00
  53 	 -138.00   276.00     0.00     0.00     0.00     0.00
  53 	 -138.00   276.00     0.00     0.00     0.00     0.00
   	   18.00   -11.00     0.00    90.00
   	   18.00   -11.00     0.00    90.00
  54 	  -69.00   276.00     0.00     0.00     0.00     0.00
  54 	  -69.00   276.00     0.00     0.00     0.00     0.00
   	   18.00   -11.00     0.00    90.00
   	   18.00   -11.00     0.00    90.00
  55 	   -0.00   276.00     0.00     0.00     0.00     0.00
  55 	   -0.00   276.00     0.00     0.00     0.00     0.00
   	   18.00   -11.00     0.00    90.00
   	   18.00   -11.00     0.00    90.00
  56 	 -276.00     0.00     0.00     0.00     0.00     0.00
  56 	 -276.00     0.00     0.00     0.00     0.00     0.00
   	   18.00   -11.00     0.00    90.00
   	   18.00   -11.00     0.00    90.00
  57 	 -207.00     0.00     0.00     0.00     0.00     0.00
  57 	 -207.00     0.00     0.00     0.00     0.00     0.00
   	   18.00   -11.00     0.00    90.00
   	   18.00   -11.00     0.00    90.00
  58 	 -138.00     0.00     0.00     0.00     0.00     0.00
  58 	 -138.00     0.00     0.00     0.00     0.00     0.00
   	   18.00   -11.00     0.00    90.00
   	   18.00   -11.00     0.00    90.00
  59 	  -69.00     0.00     0.00     0.00     0.00     0.00
  59 	  -69.00     0.00     0.00     0.00     0.00     0.00
   	   18.00   -11.00     0.00    90.00
   	   18.00   -11.00     0.00    90.00
  60 	    0.00     0.00     0.00     0.00     0.00     0.00
  60 	    0.00     0.00     0.00     0.00     0.00     0.00
   	   18.00   -11.00     0.00    90.00
   	   18.00   -11.00     0.00    90.00
  61 	   69.00     0.00     0.00     0.00     0.00     0.00
  61 	   69.00     0.00     0.00     0.00     0.00     0.00
   	   18.00   -11.00     0.00    90.00
   	   18.00   -11.00     0.00    90.00
  62 	  138.00     0.00     0.00     0.00     0.00     0.00
  62 	  138.00     0.00     0.00     0.00     0.00     0.00
   	   18.00   -11.00     0.00    90.00
   	   18.00   -11.00     0.00    90.00
  63 	  207.00     0.00     0.00     0.00     0.00     0.00
  63 	  207.00     0.00     0.00     0.00     0.00     0.00
   	   18.00   -11.00     0.00    90.00
   	   18.00   -11.00     0.00    90.00
  64 	  276.00     0.00     0.00     0.00     0.00     0.00
  64 	  276.00     0.00     0.00     0.00     0.00     0.00
   	   18.00   -11.00     0.00    90.00
   	   18.00   -11.00     0.00    90.00
  65 	 -276.00    69.00     0.00     0.00     0.00     0.00
  65 	 -276.00    69.00     0.00     0.00     0.00     0.00
   	   18.00   -11.00     0.00    90.00
   	   18.00   -11.00     0.00    90.00
  66 	 -207.00    69.00     0.00     0.00     0.00     0.00
  66 	 -207.00    69.00     0.00     0.00     0.00     0.00
   	   18.00   -11.00     0.00    90.00
   	   18.00   -11.00     0.00    90.00
  67 	 -138.00    69.00     0.00     0.00     0.00     0.00
  67 	 -138.00    69.00     0.00     0.00     0.00     0.00
   	   18.00   -11.00     0.00    90.00
   	   18.00   -11.00     0.00    90.00
  68 	  -69.00    69.00     0.00     0.00     0.00     0.00
  68 	  -69.00    69.00     0.00     0.00     0.00     0.00
   	   18.00   -11.00     0.00    90.00
   	   18.00   -11.00     0.00    90.00
  69 	   -0.00    69.00     0.00     0.00     0.00     0.00
  69 	   -0.00    69.00     0.00     0.00     0.00     0.00
   	   18.00   -11.00     0.00    90.00
   	   18.00   -11.00     0.00    90.00
  70 	   69.00    69.00     0.00     0.00     0.00     0.00
  70 	   69.00    69.00     0.00     0.00     0.00     0.00
   	   18.00   -11.00     0.00    90.00
   	   18.00   -11.00     0.00    90.00
  71 	  138.00    69.00     0.00     0.00     0.00     0.00
  71 	  138.00    69.00     0.00     0.00     0.00     0.00
   	   18.00   -11.00     0.00    90.00
   	   18.00   -11.00     0.00    90.00
  72 	  207.00    69.00     0.00     0.00     0.00     0.00
  72 	  207.00    69.00     0.00     0.00     0.00     0.00
   	   18.00   -11.00     0.00    90.00
   	   18.00   -11.00     0.00    90.00
  73 	  276.00    69.00     0.00     0.00     0.00     0.00
  73 	  276.00    69.00     0.00     0.00     0.00     0.00
   	   18.00   -11.00     0.00    90.00
   	   18.00   -11.00     0.00    90.00
  74 	 -276.00   138.00     0.00     0.00     0.00     0.00
  74 	 -276.00   138.00     0.00     0.00     0.00     0.00
   	   18.00   -11.00     0.00    90.00
   	   18.00   -11.00     0.00    90.00
  75 	 -207.00   138.00     0.00     0.00     0.00     0.00
  75 	 -207.00   138.00     0.00     0.00     0.00     0.00
   	   18.00   -11.00     0.00    90.00
   	   18.00   -11.00     0.00    90.00
  76 	 -138.00   138.00     0.00     0.00     0.00     0.00
  76 	 -138.00   138.00     0.00     0.00     0.00     0.00
   	   18.00   -11.00     0.00    90.00
   	   18.00   -11.00     0.00    90.00
  77 	  -69.00   138.00     0.00     0.00     0.00     0.00
  77 	  -69.00   138.00     0.00     0.00     0.00     0.00
   	   18.00   -11.00     0.00    90.00
   	   18.00   -11.00     0.00    90.00
  78 	   -0.00   138.00     0.00     0.00     0.00     0.00
  78 	   -0.00   138.00     0.00     0.00     0.00     0.00
   	   18.00   -11.00     0.00    90.00
   	   18.00   -11.00     0.00    90.00
  79 	   69.00   138.00     0.00     0.00     0.00     0.00
  79 	   69.00   138.00     0.00     0.00     0.00     0.00
   	   18.00   -11.00     0.00    90.00
   	   18.00   -11.00     0.00    90.00
  80 	  138.00   138.00     0.00     0.00     0.00     0.00
  80 	  138.00   138.00     0.00     0.00     0.00     0.00
   	   18.00   -11.00     0.00    90.00
   	   18.00   -11.00     0.00    90.00
  81 	  207.00   138.00     0.00     0.00     0.00     0.00
  81 	  207.00   138.00     0.00     0.00     0.00     0.00
   	   18.00   -11.00     0.00    90.00
   	   18.00   -11.00     0.00    90.00
  82 	  276.00   138.00     0.00     0.00     0.00     0.00
  82 	  276.00   138.00     0.00     0.00     0.00     0.00
   	   18.00   -11.00     0.00    90.00
   	   18.00   -11.00     0.00    90.00
  83 	 -276.00   207.00     0.00     0.00     0.00     0.00
  83 	 -276.00   207.00     0.00     0.00     0.00     0.00
   	   18.00   -11.00     0.00    90.00
   	   18.00   -11.00     0.00    90.00
  84 	 -207.00   207.00     0.00     0.00     0.00     0.00
  84 	 -207.00   207.00     0.00     0.00     0.00     0.00
   	   18.00   -11.00     0.00    90.00
   	   18.00   -11.00     0.00    90.00
  85 	 -138.00   207.00     0.00     0.00     0.00     0.00
  85 	 -138.00   207.00     0.00     0.00     0.00     0.00
   	   18.00   -11.00     0.00    90.00
   	   18.00   -11.00     0.00    90.00
  86 	  -69.00   207.00     0.00     0.00     0.00     0.00
  86 	  -69.00   207.00     0.00     0.00     0.00     0.00
   	   18.00   -11.00     0.00    90.00
   	   18.00   -11.00     0.00    90.00
  87 	   -0.00   207.00     0.00     0.00     0.00     0.00
  87 	   -0.00   207.00     0.00     0.00     0.00     0.00
   	   18.00   -11.00     0.00    90.00
   	   18.00   -11.00     0.00    90.00
  88 	   69.00   207.00     0.00     0.00     0.00     0.00
  88 	   69.00   207.00     0.00     0.00     0.00     0.00
   	   18.00   -11.00     0.00    90.00
   	   18.00   -11.00     0.00    90.00
  89 	  138.00   207.00     0.00     0.00     0.00     0.00
  89 	  138.00   207.00     0.00     0.00     0.00     0.00
   	   18.00   -11.00     0.00    90.00
   	   18.00   -11.00     0.00    90.00
  90 	  207.00   207.00     0.00     0.00     0.00     0.00
  90 	  207.00   207.00     0.00     0.00     0.00     0.00
   	   18.00   -11.00     0.00    90.00
   	   18.00   -11.00     0.00    90.00
  91 	  276.00   207.00     0.00     0.00     0.00     0.00
  91 	  276.00   207.00     0.00     0.00     0.00     0.00
   	   18.00   -11.00     0.00    90.00
   	   18.00   -11.00     0.00    90.00

** End writing output file: ../inputs/gr804.dat 
