*******************************************************************************
                         ARRAY PREPROCESSOR ver. 1.0
*******************************************************************************



   1	GROUP testgroup
   3	 GRID HEXAGONAL
   4	 ELEMENT
   5	 GEOMETRY CIRCULAR RADIUS 17
   7	 ADD BLOCK 4 2 3 0
   8	 ADD BLOCK 3 8 0 -1
   9	 ADD BLOCK 5 0 1 4
  11	 GROUP_EXCITATION
  12	 AMPLITUDE UNIFORM 25
  13	 PHASE UNIFORM -75
  14	 END

** Generating GROUP: testgroup.
** PSTEP,QSTEP set to:34.000000,34.000000
** Grid ANGLE set to:60.000000 
** Group ROT_ANGLE set to: 0.000000 

** Writing output file: ../inputs/gr805.dat

NEL 
NPORTS
IDUM      REXA     REYA     REZA     THEA     PHEA     PSEA 
          AMP      PSH      PSC      PHEPOL
  71
  71
   1
   1
   1 	  102.00     0.00     0.00     0.00     0.00     0.00
   1 	  102.00     0.00     0.00     0.00     0.00     0.00
   	   25.00   -75.00     0.00    90.00
   	   25.00   -75.00     0.00    90.00
   2 	  136.00     0.00     0.00     0.00     0.00     0.00
   2 	  136.00     0.00     0.00     0.00     0.00     0.00
   	   25.00   -75.00     0.00    90.00
   	   25.00   -75.00     0.00    90.00
   3 	  119.00    29.44     0.00     0.00     0.00     0.00
   3 	  119.00    29.44     0.00     0.00     0.00     0.00
   	   25.00   -75.00     0.00    90.00
   	   25.00   -75.00     0.00    90.00
   4 	  153.00    29.44     0.00     0.00     0.00     0.00
   4 	  153.00    29.44     0.00     0.00     0.00     0.00
   	   25.00   -75.00     0.00    90.00
   	   25.00   -75.00     0.00    90.00
   5 	  136.00    58.89     0.00     0.00     0.00     0.00
   5 	  136.00    58.89     0.00     0.00     0.00     0.00
   	   25.00   -75.00     0.00    90.00
   	   25.00   -75.00     0.00    90.00
   6 	  170.00    58.89     0.00     0.00     0.00     0.00
   6 	  170.00    58.89     0.00     0.00     0.00     0.00
   	   25.00   -75.00     0.00    90.00
   	   25.00   -75.00     0.00    90.00
   7 	  -17.00   -29.44     0.00     0.00     0.00     0.00
   7 	  -17.00   -29.44     0.00     0.00     0.00     0.00
   	   25.00   -75.00     0.00    90.00
   	   25.00   -75.00     0.00    90.00
   8 	   17.00   -29.44     0.00     0.00     0.00     0.00
   8 	   17.00   -29.44     0.00     0.00     0.00     0.00
   	   25.00   -75.00     0.00    90.00
   	   25.00   -75.00     0.00    90.00
   9 	   51.00   -29.44     0.00     0.00     0.00     0.00
   9 	   51.00   -29.44     0.00     0.00     0.00     0.00
   	   25.00   -75.00     0.00    90.00
   	   25.00   -75.00     0.00    90.00
  10 	   85.00   -29.44     0.00     0.00     0.00     0.00
  10 	   85.00   -29.44     0.00     0.00     0.00     0.00
   	   25.00   -75.00     0.00    90.00
   	   25.00   -75.00     0.00    90.00
  11 	    0.00     0.00     0.00     0.00     0.00     0.00
  11 	    0.00     0.00     0.00     0.00     0.00     0.00
   	   25.00   -75.00     0.00    90.00
   	   25.00   -75.00     0.00    90.00
  12 	   34.00     0.00     0.00     0.00     0.00     0.00
  12 	   34.00     0.00     0.00     0.00     0.00     0.00
   	   25.00   -75.00     0.00    90.00
   	   25.00   -75.00     0.00    90.00
  13 	   68.00     0.00     0.00     0.00     0.00     0.00
  13 	   68.00     0.00     0.00     0.00     0.00     0.00
   	   25.00   -75.00     0.00    90.00
   	   25.00   -75.00     0.00    90.00
  14 	  102.00     0.00     0.00     0.00     0.00     0.00
  14 	  102.00     0.00     0.00     0.00     0.00     0.00
   	   25.00   -75.00     0.00    90.00
   	   25.00   -75.00     0.00    90.00
  15 	   17.00    29.44     0.00     0.00     0.00     0.00
  15 	   17.00    29.44     0.00     0.00     0.00     0.00
   	   25.00   -75.00     0.00    90.00
   	   25.00   -75.00     0.00    90.00
  16 	   51.00    29.44     0.00     0.00     0.00     0.00
  16 	   51.00    29.44     0.00     0.00     0.00     0.00
   	   25.00   -75.00     0.00    90.00
   	   25.00   -75.00     0.00    90.00
  17 	   85.00    29.44     0.00     0.00     0.00     0.00
  17 	   85.00    29.44     0.00     0.00     0.00     0.00
   	   25.00   -75.00     0.00    90.00
   	   25.00   -75.00     0.00    90.00
  18 	  119.00    29.44     0.00     0.00     0.00     0.00
  18 	  119.00    29.44     0.00     0.00     0.00     0.00
   	   25.00   -75.00     0.00    90.00
   	   25.00   -75.00     0.00    90.00
  19 	   34.00    58.89     0.00     0.00     0.00     0.00
  19 	   34.00    58.89     0.00     0.00     0.00     0.00
   	   25.00   -75.00     0.00    90.00
   	   25.00   -75.00     0.00    90.00
  20 	   68.00    58.89     0.00     0.00     0.00     0.00
  20 	   68.00    58.89     0.00     0.00     0.00     0.00
   	   25.00   -75.00     0.00    90.00
   	   25.00   -75.00     0.00    90.00
  21 	  102.00    58.89     0.00     0.00     0.00     0.00
  21 	  102.00    58.89     0.00     0.00     0.00     0.00
   	   25.00   -75.00     0.00    90.00
   	   25.00   -75.00     0.00    90.00
  22 	  136.00    58.89     0.00     0.00     0.00     0.00
  22 	  136.00    58.89     0.00     0.00     0.00     0.00
   	   25.00   -75.00     0.00    90.00
   	   25.00   -75.00     0.00    90.00
  23 	   51.00    88.33     0.00     0.00     0.00     0.00
  23 	   51.00    88.33     0.00     0.00     0.00     0.00
   	   25.00   -75.00     0.00    90.00
   	   25.00   -75.00     0.00    90.00
  24 	   85.00    88.33     0.00     0.00     0.00     0.00
  24 	   85.00    88.33     0.00     0.00     0.00     0.00
   	   25.00   -75.00     0.00    90.00
   	   25.00   -75.00     0.00    90.00
  25 	  119.00    88.33     0.00     0.00     0.00     0.00
  25 	  119.00    88.33     0.00     0.00     0.00     0.00
   	   25.00   -75.00     0.00    90.00
   	   25.00   -75.00     0.00    90.00
  26 	  153.00    88.33     0.00     0.00     0.00     0.00
  26 	  153.00    88.33     0.00     0.00     0.00     0.00
   	   25.00   -75.00     0.00    90.00
   	   25.00   -75.00     0.00    90.00
  27 	   68.00   117.78     0.00     0.00     0.00     0.00
  27 	   68.00   117.78     0.00     0.00     0.00     0.00
   	   25.00   -75.00     0.00    90.00
   	   25.00   -75.00     0.00    90.00
  28 	  102.00   117.78     0.00     0.00     0.00     0.00
  28 	  102.00   117.78     0.00     0.00     0.00     0.00
   	   25.00   -75.00     0.00    90.00
   	   25.00   -75.00     0.00    90.00
  29 	  136.00   117.78     0.00     0.00     0.00     0.00
  29 	  136.00   117.78     0.00     0.00     0.00     0.00
   	   25.00   -75.00     0.00    90.00
   	   25.00   -75.00     0.00    90.00
  30 	  170.00   117.78     0.00     0.00     0.00     0.00
  30 	  170.00   117.78     0.00     0.00     0.00     0.00
   	   25.00   -75.00     0.00    90.00
   	   25.00   -75.00     0.00    90.00
  31 	   85.00   147.22     0.00     0.00     0.00     0.00
  31 	   85.00   147.22     0.00     0.00     0.00     0.00
   	   25.00   -75.00     0.00    90.00
   	   25.00   -75.00     0.00    90.00
  32 	  119.00   147.22     0.00     0.00     0.00     0.00
  32 	  119.00   147.22     0.00     0.00     0.00     0.00
   	   25.00   -75.00     0.00    90.00
   	   25.00   -75.00     0.00    90.00
  33 	  153.00   147.22     0.00     0.00     0.00     0.00
  33 	  153.00   147.22     0.00     0.00     0.00     0.00
   	   25.00   -75.00     0.00    90.00
   	   25.00   -75.00     0.00    90.00
  34 	  187.00   147.22     0.00     0.00     0.00     0.00
  34 	  187.00   147.22     0.00     0.00     0.00     0.00
   	   25.00   -75.00     0.00    90.00
   	   25.00   -75.00     0.00    90.00
  35 	  102.00   176.67     0.00     0.00     0.00     0.00
  35 	  102.00   176.67     0.00     0.00     0.00     0.00
   	   25.00   -75.00     0.00    90.00
   	   25.00   -75.00     0.00    90.00
  36 	  136.00   176.67     0.00     0.00     0.00     0.00
  36 	  136.00   176.67     0.00     0.00     0.00     0.00
   	   25.00   -75.00     0.00    90.00
   	   25.00   -75.00     0.00    90.00
  37 	  170.00   176.67     0.00     0.00     0.00     0.00
  37 	  170.00   176.67     0.00     0.00     0.00     0.00
   	   25.00   -75.00     0.00    90.00
   	   25.00   -75.00     0.00    90.00
  38 	  204.00   176.67     0.00     0.00     0.00     0.00
  38 	  204.00   176.67     0.00     0.00     0.00     0.00
   	   25.00   -75.00     0.00    90.00
   	   25.00   -75.00     0.00    90.00
  39 	  119.00   206.11     0.00     0.00     0.00     0.00
  39 	  119.00   206.11     0.00     0.00     0.00     0.00
   	   25.00   -75.00     0.00    90.00
   	   25.00   -75.00     0.00    90.00
  40 	  153.00   206.11     0.00     0.00     0.00     0.00
  40 	  153.00   206.11     0.00     0.00     0.00     0.00
   	   25.00   -75.00     0.00    90.00
   	   25.00   -75.00     0.00    90.00
  41 	  187.00   206.11     0.00     0.00     0.00     0.00
  41 	  187.00   206.11     0.00     0.00     0.00     0.00
   	   25.00   -75.00     0.00    90.00
   	   25.00   -75.00     0.00    90.00
  42 	  221.00   206.11     0.00     0.00     0.00     0.00
  42 	  221.00   206.11     0.00     0.00     0.00     0.00
   	   25.00   -75.00     0.00    90.00
   	   25.00   -75.00     0.00    90.00
  43 	  136.00   235.56     0.00     0.00     0.00     0.00
  43 	  136.00   235.56     0.00     0.00     0.00     0.00
   	   25.00   -75.00     0.00    90.00
   	   25.00   -75.00     0.00    90.00
  44 	  170.00   235.56     0.00     0.00     0.00     0.00
  44 	  170.00   235.56     0.00     0.00     0.00     0.00
   	   25.00   -75.00     0.00    90.00
   	   25.00   -75.00     0.00    90.00
  45 	  204.00   235.56     0.00     0.00     0.00     0.00
  45 	  204.00   235.56     0.00     0.00     0.00     0.00
   	   25.00   -75.00     0.00    90.00
   	   25.00   -75.00     0.00    90.00
  46 	  238.00   235.56     0.00     0.00     0.00     0.00
  46 	  238.00   235.56     0.00     0.00     0.00     0.00
   	   25.00   -75.00     0.00    90.00
   	   25.00   -75.00     0.00    90.00
  47 	   34.00     0.00     0.00     0.00     0.00     0.00
  47 	   34.00     0.00     0.00     0.00     0.00     0.00
   	   25.00   -75.00     0.00    90.00
   	   25.00   -75.00     0.00    90.00
  48 	   68.00     0.00     0.00     0.00     0.00     0.00
  48 	   68.00     0.00     0.00     0.00     0.00     0.00
   	   25.00   -75.00     0.00    90.00
   	   25.00   -75.00     0.00    90.00
  49 	  102.00     0.00     0.00     0.00     0.00     0.00
  49 	  102.00     0.00     0.00     0.00     0.00     0.00
   	   25.00   -75.00     0.00    90.00
   	   25.00   -75.00     0.00    90.00
  50 	  136.00     0.00     0.00     0.00     0.00     0.00
  50 	  136.00     0.00     0.00     0.00     0.00     0.00
   	   25.00   -75.00     0.00    90.00
   	   25.00   -75.00     0.00    90.00
  51 	  170.00     0.00     0.00     0.00     0.00     0.00
  51 	  170.00     0.00     0.00     0.00     0.00     0.00
   	   25.00   -75.00     0.00    90.00
   	   25.00   -75.00     0.00    90.00
  52 	   51.00    29.44     0.00     0.00     0.00     0.00
  52 	   51.00    29.44     0.00     0.00     0.00     0.00
   	   25.00   -75.00     0.00    90.00
   	   25.00   -75.00     0.00    90.00
  53 	   85.00    29.44     0.00     0.00     0.00     0.00
  53 	   85.00    29.44     0.00     0.00     0.00     0.00
   	   25.00   -75.00     0.00    90.00
   	   25.00   -75.00     0.00    90.00
  54 	  119.00    29.44     0.00     0.00     0.00     0.00
  54 	  119.00    29.44     0.00     0.00     0.00     0.00
   	   25.00   -75.00     0.00    90.00
   	   25.00   -75.00     0.00    90.00
  55 	  153.00    29.44     0.00     0.00     0.00     0.00
  55 	  153.00    29.44     0.00     0.00     0.00     0.00
   	   25.00   -75.00     0.00    90.00
   	   25.00   -75.00     0.00    90.00
  56 	  187.00    29.44     0.00     0.00     0.00     0.00
  56 	  187.00    29.44     0.00     0.00     0.00     0.00
   	   25.00   -75.00     0.00    90.00
   	   25.00   -75.00     0.00    90.00
  57 	   68.00    58.89     0.00     0.00     0.00     0.00
  57 	   68.00    58.89     0.00     0.00     0.00     0.00
   	   25.00   -75.00     0.00    90.00
   	   25.00   -75.00     0.00    90.00
  58 	  102.00    58.89     0.00     0.00     0.00     0.00
  58 	  102.00    58.89     0.00     0.00     0.00     0.00
   	   25.00   -75.00     0.00    90.00
   	   25.00   -75.00     0.00    90.00
  59 	  136.00    58.89     0.00     0.00     0.00     0.00
  59 	  136.00    58.89     0.00     0.00     0.00     0.00
   	   25.00   -75.00     0.00    90.00
   	   25.00   -75.00     0.00    90.00
  60 	  170.00    58.89     0.00     0.00     0.00     0.00
  60 	  170.00    58.89     0.00     0.00     0.00     0.00
   	   25.00   -75.00     0.00    90.00
   	   25.00   -75.00     0.00    90.00
  61 	  204.00    58.89     0.00     0.00     0.00     0.00
  61 	  204.00    58.89     0.00     0.00     0.00     0.00
   	   25.00   -75.00     0.00    90.00
   	   25.00   -75.00     0.00    90.00
  62 	   85.00    88.33     0.00     0.00     0.00     0.00
  62 	   85.00    88.33     0.00     0.00     0.00     0.00
   	   25.00   -75.00     0.00    90.00
   	   25.00   -75.00     0.00    90.00
  63 	  119.00    88.33     0.00     0.00     0.00     0.00
  63 	  119.00    88.33     0.00     0.00     0.00     0.00
   	   25.00   -75.00     0.00    90.00
   	   25.00   -75.00     0.00    90.00
  64 	  153.00    88.33     0.00     0.00     0.00     0.00
  64 	  153.00    88.33     0.00     0.00     0.00     0.00
   	   25.00   -75.00     0.00    90.00
   	   25.00   -75.00     0.00    90.00
  65 	  187.00    88.33     0.00     0.00     0.00     0.00
  65 	  187.00    88.33     0.00     0.00     0.00     0.00
   	   25.00   -75.00     0.00    90.00
   	   25.00   -75.00     0.00    90.00
  66 	  221.00    88.33     0.00     0.00     0.00     0.00
  66 	  221.00    88.33     0.00     0.00     0.00     0.00
   	   25.00   -75.00     0.00    90.00
   	   25.00   -75.00     0.00    90.00
  67 	  102.00   117.78     0.00     0.00     0.00     0.00
  67 	  102.00   117.78     0.00     0.00     0.00     0.00
   	   25.00   -75.00     0.00    90.00
   	   25.00   -75.00     0.00    90.00
  68 	  136.00   117.78     0.00     0.00     0.00     0.00
  68 	  136.00   117.78     0.00     0.00     0.00     0.00
   	   25.00   -75.00     0.00    90.00
   	   25.00   -75.00     0.00    90.00
  69 	  170.00   117.78     0.00     0.00     0.00     0.00
  69 	  170.00   117.78     0.00     0.00     0.00     0.00
   	   25.00   -75.00     0.00    90.00
   	   25.00   -75.00     0.00    90.00
  70 	  204.00   117.78     0.00     0.00     0.00     0.00
  70 	  204.00   117.78     0.00     0.00     0.00     0.00
   	   25.00   -75.00     0.00    90.00
   	   25.00   -75.00     0.00    90.00
  71 	  238.00   117.78     0.00     0.00     0.00     0.00
  71 	  238.00   117.78     0.00     0.00     0.00     0.00
   	   25.00   -75.00     0.00    90.00
   	   25.00   -75.00     0.00    90.00

** End writing output file: ../inputs/gr805.dat 
