*******************************************************************************
                         ARRAY PREPROCESSOR ver. 1.0
*******************************************************************************



   1	GROUP testgroup
   3	 GRID RECTANGULAR
   4	 ELEMENT
   5	 GEOMETRY CIRCULAR 64
   7	 ADD BLOCK -8 0 -2 8
   9	 GROUP_EXCITATION
  10	 AMPLITUDE UNIFORM 33
  11	 PHASE UNIFORM 160
  12	 END

** Generating GROUP: testgroup.
** PSTEP,QSTEP set to:128.000000,128.000000
** Grid ANGLE set to:90.000000 
** Group ROT_ANGLE set to: 0.000000 

** Writing output file: ../inputs/gr807.dat

NEL 
NPORTS
IDUM      REXA     REYA     REZA     THEA     PHEA     PSEA 
          AMP      PSH      PSC      PHEPOL
  63
  63
   1
   1
   1 	-1024.00     0.00     0.00     0.00     0.00     0.00
   1 	-1024.00     0.00     0.00     0.00     0.00     0.00
   	   33.00   160.00     0.00    90.00
   	   33.00   160.00     0.00    90.00
   2 	 -896.00     0.00     0.00     0.00     0.00     0.00
   2 	 -896.00     0.00     0.00     0.00     0.00     0.00
   	   33.00   160.00     0.00    90.00
   	   33.00   160.00     0.00    90.00
   3 	 -768.00     0.00     0.00     0.00     0.00     0.00
   3 	 -768.00     0.00     0.00     0.00     0.00     0.00
   	   33.00   160.00     0.00    90.00
   	   33.00   160.00     0.00    90.00
   4 	 -640.00     0.00     0.00     0.00     0.00     0.00
   4 	 -640.00     0.00     0.00     0.00     0.00     0.00
   	   33.00   160.00     0.00    90.00
   	   33.00   160.00     0.00    90.00
   5 	 -512.00     0.00     0.00     0.00     0.00     0.00
   5 	 -512.00     0.00     0.00     0.00     0.00     0.00
   	   33.00   160.00     0.00    90.00
   	   33.00   160.00     0.00    90.00
   6 	 -384.00     0.00     0.00     0.00     0.00     0.00
   6 	 -384.00     0.00     0.00     0.00     0.00     0.00
   	   33.00   160.00     0.00    90.00
   	   33.00   160.00     0.00    90.00
   7 	 -256.00     0.00     0.00     0.00     0.00     0.00
   7 	 -256.00     0.00     0.00     0.00     0.00     0.00
   	   33.00   160.00     0.00    90.00
   	   33.00   160.00     0.00    90.00
   8 	-1024.00   128.00     0.00     0.00     0.00     0.00
   8 	-1024.00   128.00     0.00     0.00     0.00     0.00
   	   33.00   160.00     0.00    90.00
   	   33.00   160.00     0.00    90.00
   9 	 -896.00   128.00     0.00     0.00     0.00     0.00
   9 	 -896.00   128.00     0.00     0.00     0.00     0.00
   	   33.00   160.00     0.00    90.00
   	   33.00   160.00     0.00    90.00
  10 	 -768.00   128.00     0.00     0.00     0.00     0.00
  10 	 -768.00   128.00     0.00     0.00     0.00     0.00
   	   33.00   160.00     0.00    90.00
   	   33.00   160.00     0.00    90.00
  11 	 -640.00   128.00     0.00     0.00     0.00     0.00
  11 	 -640.00   128.00     0.00     0.00     0.00     0.00
   	   33.00   160.00     0.00    90.00
   	   33.00   160.00     0.00    90.00
  12 	 -512.00   128.00     0.00     0.00     0.00     0.00
  12 	 -512.00   128.00     0.00     0.00     0.00     0.00
   	   33.00   160.00     0.00    90.00
   	   33.00   160.00     0.00    90.00
  13 	 -384.00   128.00     0.00     0.00     0.00     0.00
  13 	 -384.00   128.00     0.00     0.00     0.00     0.00
   	   33.00   160.00     0.00    90.00
   	   33.00   160.00     0.00    90.00
  14 	 -256.00   128.00     0.00     0.00     0.00     0.00
  14 	 -256.00   128.00     0.00     0.00     0.00     0.00
   	   33.00   160.00     0.00    90.00
   	   33.00   160.00     0.00    90.00
  15 	-1024.00   256.00     0.00     0.00     0.00     0.00
  15 	-1024.00   256.00     0.00     0.00     0.00     0.00
   	   33.00   160.00     0.00    90.00
   	   33.00   160.00     0.00    90.00
  16 	 -896.00   256.00     0.00     0.00     0.00     0.00
  16 	 -896.00   256.00     0.00     0.00     0.00     0.00
   	   33.00   160.00     0.00    90.00
   	   33.00   160.00     0.00    90.00
  17 	 -768.00   256.00     0.00     0.00     0.00     0.00
  17 	 -768.00   256.00     0.00     0.00     0.00     0.00
   	   33.00   160.00     0.00    90.00
   	   33.00   160.00     0.00    90.00
  18 	 -640.00   256.00     0.00     0.00     0.00     0.00
  18 	 -640.00   256.00     0.00     0.00     0.00     0.00
   	   33.00   160.00     0.00    90.00
   	   33.00   160.00     0.00    90.00
  19 	 -512.00   256.00     0.00     0.00     0.00     0.00
  19 	 -512.00   256.00     0.00     0.00     0.00     0.00
   	   33.00   160.00     0.00    90.00
   	   33.00   160.00     0.00    90.00
  20 	 -384.00   256.00     0.00     0.00     0.00     0.00
  20 	 -384.00   256.00     0.00     0.00     0.00     0.00
   	   33.00   160.00     0.00    90.00
   	   33.00   160.00     0.00    90.00
  21 	 -256.00   256.00     0.00     0.00     0.00     0.00
  21 	 -256.00   256.00     0.00     0.00     0.00     0.00
   	   33.00   160.00     0.00    90.00
   	   33.00   160.00     0.00    90.00
  22 	-1024.00   384.00     0.00     0.00     0.00     0.00
  22 	-1024.00   384.00     0.00     0.00     0.00     0.00
   	   33.00   160.00     0.00    90.00
   	   33.00   160.00     0.00    90.00
  23 	 -896.00   384.00     0.00     0.00     0.00     0.00
  23 	 -896.00   384.00     0.00     0.00     0.00     0.00
   	   33.00   160.00     0.00    90.00
   	   33.00   160.00     0.00    90.00
  24 	 -768.00   384.00     0.00     0.00     0.00     0.00
  24 	 -768.00   384.00     0.00     0.00     0.00     0.00
   	   33.00   160.00     0.00    90.00
   	   33.00   160.00     0.00    90.00
  25 	 -640.00   384.00     0.00     0.00     0.00     0.00
  25 	 -640.00   384.00     0.00     0.00     0.00     0.00
   	   33.00   160.00     0.00    90.00
   	   33.00   160.00     0.00    90.00
  26 	 -512.00   384.00     0.00     0.00     0.00     0.00
  26 	 -512.00   384.00     0.00     0.00     0.00     0.00
   	   33.00   160.00     0.00    90.00
   	   33.00   160.00     0.00    90.00
  27 	 -384.00   384.00     0.00     0.00     0.00     0.00
  27 	 -384.00   384.00     0.00     0.00     0.00     0.00
   	   33.00   160.00     0.00    90.00
   	   33.00   160.00     0.00    90.00
  28 	 -256.00   384.00     0.00     0.00     0.00     0.00
  28 	 -256.00   384.00     0.00     0.00     0.00     0.00
   	   33.00   160.00     0.00    90.00
   	   33.00   160.00     0.00    90.00
  29 	-1024.00   512.00     0.00     0.00     0.00     0.00
  29 	-1024.00   512.00     0.00     0.00     0.00     0.00
   	   33.00   160.00     0.00    90.00
   	   33.00   160.00     0.00    90.00
  30 	 -896.00   512.00     0.00     0.00     0.00     0.00
  30 	 -896.00   512.00     0.00     0.00     0.00     0.00
   	   33.00   160.00     0.00    90.00
   	   33.00   160.00     0.00    90.00
  31 	 -768.00   512.00     0.00     0.00     0.00     0.00
  31 	 -768.00   512.00     0.00     0.00     0.00     0.00
   	   33.00   160.00     0.00    90.00
   	   33.00   160.00     0.00    90.00
  32 	 -640.00   512.00     0.00     0.00     0.00     0.00
  32 	 -640.00   512.00     0.00     0.00     0.00     0.00
   	   33.00   160.00     0.00    90.00
   	   33.00   160.00     0.00    90.00
  33 	 -512.00   512.00     0.00     0.00     0.00     0.00
  33 	 -512.00   512.00     0.00     0.00     0.00     0.00
   	   33.00   160.00     0.00    90.00
   	   33.00   160.00     0.00    90.00
  34 	 -384.00   512.00     0.00     0.00     0.00     0.00
  34 	 -384.00   512.00     0.00     0.00     0.00     0.00
   	   33.00   160.00     0.00    90.00
   	   33.00   160.00     0.00    90.00
  35 	 -256.00   512.00     0.00     0.00     0.00     0.00
  35 	 -256.00   512.00     0.00     0.00     0.00     0.00
   	   33.00   160.00     0.00    90.00
   	   33.00   160.00     0.00    90.00
  36 	-1024.00   640.00     0.00     0.00     0.00     0.00
  36 	-1024.00   640.00     0.00     0.00     0.00     0.00
   	   33.00   160.00     0.00    90.00
   	   33.00   160.00     0.00    90.00
  37 	 -896.00   640.00     0.00     0.00     0.00     0.00
  37 	 -896.00   640.00     0.00     0.00     0.00     0.00
   	   33.00   160.00     0.00    90.00
   	   33.00   160.00     0.00    90.00
  38 	 -768.00   640.00     0.00     0.00     0.00     0.00
  38 	 -768.00   640.00     0.00     0.00     0.00     0.00
   	   33.00   160.00     0.00    90.00
   	   33.00   160.00     0.00    90.00
  39 	 -640.00   640.00     0.00     0.00     0.00     0.00
  39 	 -640.00   640.00     0.00     0.00     0.00     0.00
   	   33.00   160.00     0.00    90.00
   	   33.00   160.00     0.00    90.00
  40 	 -512.00   640.00     0.00     0.00     0.00     0.00
  40 	 -512.00   640.00     0.00     0.00     0.00     0.00
   	   33.00   160.00     0.00    90.00
   	   33.00   160.00     0.00    90.00
  41 	 -384.00   640.00     0.00     0.00     0.00     0.00
  41 	 -384.00   640.00     0.00     0.00     0.00     0.00
   	   33.00   160.00     0.00    90.00
   	   33.00   160.00     0.00    90.00
  42 	 -256.00   640.00     0.00     0.00     0.00     0.00
  42 	 -256.00   640.00     0.00     0.00     0.00     0.00
   	   33.00   160.00     0.00    90.00
   	   33.00   160.00     0.00    90.00
  43 	-1024.00   768.00     0.00     0.00     0.00     0.00
  43 	-1024.00   768.00     0.00     0.00     0.00     0.00
   	   33.00   160.00     0.00    90.00
   	   33.00   160.00     0.00    90.00
  44 	 -896.00   768.00     0.00     0.00     0.00     0.00
  44 	 -896.00   768.00     0.00     0.00     0.00     0.00
   	   33.00   160.00     0.00    90.00
   	   33.00   160.00     0.00    90.00
  45 	 -768.00   768.00     0.00     0.00     0.00     0.00
  45 	 -768.00   768.00     0.00     0.00     0.00     0.00
   	   33.00   160.00     0.00    90.00
   	   33.00   160.00     0.00    90.00
  46 	 -640.00   768.00     0.00     0.00     0.00     0.00
  46 	 -640.00   768.00     0.00     0.00     0.00     0.00
   	   33.00   160.00     0.00    90.00
   	   33.00   160.00     0.00    90.00
  47 	 -512.00   768.00     0.00     0.00     0.00     0.00
  47 	 -512.00   768.00     0.00     0.00     0.00     0.00
   	   33.00   160.00     0.00    90.00
   	   33.00   160.00     0.00    90.00
  48 	 -384.00   768.00     0.00     0.00     0.00     0.00
  48 	 -384.00   768.00     0.00     0.00     0.00     0.00
   	   33.00   160.00     0.00    90.00
   	   33.00   160.00     0.00    90.00
  49 	 -256.00   768.00     0.00     0.00     0.00     0.00
  49 	 -256.00   768.00     0.00     0.00     0.00     0.00
   	   33.00   160.00     0.00    90.00
   	   33.00   160.00     0.00    90.00
  50 	-1024.00   896.00     0.00     0.00     0.00     0.00
  50 	-1024.00   896.00     0.00     0.00     0.00     0.00
   	   33.00   160.00     0.00    90.00
   	   33.00   160.00     0.00    90.00
  51 	 -896.00   896.00     0.00     0.00     0.00     0.00
  51 	 -896.00   896.00     0.00     0.00     0.00     0.00
   	   33.00   160.00     0.00    90.00
   	   33.00   160.00     0.00    90.00
  52 	 -768.00   896.00     0.00     0.00     0.00     0.00
  52 	 -768.00   896.00     0.00     0.00     0.00     0.00
   	   33.00   160.00     0.00    90.00
   	   33.00   160.00     0.00    90.00
  53 	 -640.00   896.00     0.00     0.00     0.00     0.00
  53 	 -640.00   896.00     0.00     0.00     0.00     0.00
   	   33.00   160.00     0.00    90.00
   	   33.00   160.00     0.00    90.00
  54 	 -512.00   896.00     0.00     0.00     0.00     0.00
  54 	 -512.00   896.00     0.00     0.00     0.00     0.00
   	   33.00   160.00     0.00    90.00
   	   33.00   160.00     0.00    90.00
  55 	 -384.00   896.00     0.00     0.00     0.00     0.00
  55 	 -384.00   896.00     0.00     0.00     0.00     0.00
   	   33.00   160.00     0.00    90.00
   	   33.00   160.00     0.00    90.00
  56 	 -256.00   896.00     0.00     0.00     0.00     0.00
  56 	 -256.00   896.00     0.00     0.00     0.00     0.00
   	   33.00   160.00     0.00    90.00
   	   33.00   160.00     0.00    90.00
  57 	-1024.00  1024.00     0.00     0.00     0.00     0.00
  57 	-1024.00  1024.00     0.00     0.00     0.00     0.00
   	   33.00   160.00     0.00    90.00
   	   33.00   160.00     0.00    90.00
  58 	 -896.00  1024.00     0.00     0.00     0.00     0.00
  58 	 -896.00  1024.00     0.00     0.00     0.00     0.00
   	   33.00   160.00     0.00    90.00
   	   33.00   160.00     0.00    90.00
  59 	 -768.00  1024.00     0.00     0.00     0.00     0.00
  59 	 -768.00  1024.00     0.00     0.00     0.00     0.00
   	   33.00   160.00     0.00    90.00
   	   33.00   160.00     0.00    90.00
  60 	 -640.00  1024.00     0.00     0.00     0.00     0.00
  60 	 -640.00  1024.00     0.00     0.00     0.00     0.00
   	   33.00   160.00     0.00    90.00
   	   33.00   160.00     0.00    90.00
  61 	 -512.00  1024.00     0.00     0.00     0.00     0.00
  61 	 -512.00  1024.00     0.00     0.00     0.00     0.00
   	   33.00   160.00     0.00    90.00
   	   33.00   160.00     0.00    90.00
  62 	 -384.00  1024.00     0.00     0.00     0.00     0.00
  62 	 -384.00  1024.00     0.00     0.00     0.00     0.00
   	   33.00   160.00     0.00    90.00
   	   33.00   160.00     0.00    90.00
  63 	 -256.00  1024.00     0.00     0.00     0.00     0.00
  63 	 -256.00  1024.00     0.00     0.00     0.00     0.00
   	   33.00   160.00     0.00    90.00
   	   33.00   160.00     0.00    90.00

** End writing output file: ../inputs/gr807.dat 
