*******************************************************************************
                         ARRAY PREPROCESSOR ver. 1.0
*******************************************************************************



   1	GROUP testgroup
   3	 GRID RECTANGULAR
   4	 ELEMENT
   5	 GEOMETRY RECTANGULAR PDIM 80 QDIM 53
   8	 ADD BLOCK -1 4 3 0
  10	 GROUP_EXCITATION
  11	 AMPLITUDE UNIFORM 22
  12	 PHASE UNIFORM -16 deg
  13	 END

** Generating GROUP: testgroup.
** PSTEP,QSTEP set to:80.000000,53.000000
** Grid ANGLE set to:90.000000 
** Group ROT_ANGLE set to: 0.000000 

** Writing output file: ../inputs/gr81.dat

NEL 
NPORTS
IDUM      REXA     REYA     REZA     THEA     PHEA     PSEA 
          AMP      PSH      PSC      PHEPOL
  25
  25
   1
   1
   1 	  -80.00     0.00     0.00     0.00     0.00     0.00
   1 	  -80.00     0.00     0.00     0.00     0.00     0.00
   	   22.00   -16.00     0.00    90.00
   	   22.00   -16.00     0.00    90.00
   2 	    0.00     0.00     0.00     0.00     0.00     0.00
   2 	    0.00     0.00     0.00     0.00     0.00     0.00
   	   22.00   -16.00     0.00    90.00
   	   22.00   -16.00     0.00    90.00
   3 	   80.00     0.00     0.00     0.00     0.00     0.00
   3 	   80.00     0.00     0.00     0.00     0.00     0.00
   	   22.00   -16.00     0.00    90.00
   	   22.00   -16.00     0.00    90.00
   4 	  160.00     0.00     0.00     0.00     0.00     0.00
   4 	  160.00     0.00     0.00     0.00     0.00     0.00
   	   22.00   -16.00     0.00    90.00
   	   22.00   -16.00     0.00    90.00
   5 	  240.00     0.00     0.00     0.00     0.00     0.00
   5 	  240.00     0.00     0.00     0.00     0.00     0.00
   	   22.00   -16.00     0.00    90.00
   	   22.00   -16.00     0.00    90.00
   6 	  -80.00    53.00     0.00     0.00     0.00     0.00
   6 	  -80.00    53.00     0.00     0.00     0.00     0.00
   	   22.00   -16.00     0.00    90.00
   	   22.00   -16.00     0.00    90.00
   7 	   -0.00    53.00     0.00     0.00     0.00     0.00
   7 	   -0.00    53.00     0.00     0.00     0.00     0.00
   	   22.00   -16.00     0.00    90.00
   	   22.00   -16.00     0.00    90.00
   8 	   80.00    53.00     0.00     0.00     0.00     0.00
   8 	   80.00    53.00     0.00     0.00     0.00     0.00
   	   22.00   -16.00     0.00    90.00
   	   22.00   -16.00     0.00    90.00
   9 	  160.00    53.00     0.00     0.00     0.00     0.00
   9 	  160.00    53.00     0.00     0.00     0.00     0.00
   	   22.00   -16.00     0.00    90.00
   	   22.00   -16.00     0.00    90.00
  10 	  240.00    53.00     0.00     0.00     0.00     0.00
  10 	  240.00    53.00     0.00     0.00     0.00     0.00
   	   22.00   -16.00     0.00    90.00
   	   22.00   -16.00     0.00    90.00
  11 	  -80.00   106.00     0.00     0.00     0.00     0.00
  11 	  -80.00   106.00     0.00     0.00     0.00     0.00
   	   22.00   -16.00     0.00    90.00
   	   22.00   -16.00     0.00    90.00
  12 	   -0.00   106.00     0.00     0.00     0.00     0.00
  12 	   -0.00   106.00     0.00     0.00     0.00     0.00
   	   22.00   -16.00     0.00    90.00
   	   22.00   -16.00     0.00    90.00
  13 	   80.00   106.00     0.00     0.00     0.00     0.00
  13 	   80.00   106.00     0.00     0.00     0.00     0.00
   	   22.00   -16.00     0.00    90.00
   	   22.00   -16.00     0.00    90.00
  14 	  160.00   106.00     0.00     0.00     0.00     0.00
  14 	  160.00   106.00     0.00     0.00     0.00     0.00
   	   22.00   -16.00     0.00    90.00
   	   22.00   -16.00     0.00    90.00
  15 	  240.00   106.00     0.00     0.00     0.00     0.00
  15 	  240.00   106.00     0.00     0.00     0.00     0.00
   	   22.00   -16.00     0.00    90.00
   	   22.00   -16.00     0.00    90.00
  16 	  -80.00   159.00     0.00     0.00     0.00     0.00
  16 	  -80.00   159.00     0.00     0.00     0.00     0.00
   	   22.00   -16.00     0.00    90.00
   	   22.00   -16.00     0.00    90.00
  17 	   -0.00   159.00     0.00     0.00     0.00     0.00
  17 	   -0.00   159.00     0.00     0.00     0.00     0.00
   	   22.00   -16.00     0.00    90.00
   	   22.00   -16.00     0.00    90.00
  18 	   80.00   159.00     0.00     0.00     0.00     0.00
  18 	   80.00   159.00     0.00     0.00     0.00     0.00
   	   22.00   -16.00     0.00    90.00
   	   22.00   -16.00     0.00    90.00
  19 	  160.00   159.00     0.00     0.00     0.00     0.00
  19 	  160.00   159.00     0.00     0.00     0.00     0.00
   	   22.00   -16.00     0.00    90.00
   	   22.00   -16.00     0.00    90.00
  20 	  240.00   159.00     0.00     0.00     0.00     0.00
  20 	  240.00   159.00     0.00     0.00     0.00     0.00
   	   22.00   -16.00     0.00    90.00
   	   22.00   -16.00     0.00    90.00
  21 	  -80.00   212.00     0.00     0.00     0.00     0.00
  21 	  -80.00   212.00     0.00     0.00     0.00     0.00
   	   22.00   -16.00     0.00    90.00
   	   22.00   -16.00     0.00    90.00
  22 	   -0.00   212.00     0.00     0.00     0.00     0.00
  22 	   -0.00   212.00     0.00     0.00     0.00     0.00
   	   22.00   -16.00     0.00    90.00
   	   22.00   -16.00     0.00    90.00
  23 	   80.00   212.00     0.00     0.00     0.00     0.00
  23 	   80.00   212.00     0.00     0.00     0.00     0.00
   	   22.00   -16.00     0.00    90.00
   	   22.00   -16.00     0.00    90.00
  24 	  160.00   212.00     0.00     0.00     0.00     0.00
  24 	  160.00   212.00     0.00     0.00     0.00     0.00
   	   22.00   -16.00     0.00    90.00
   	   22.00   -16.00     0.00    90.00
  25 	  240.00   212.00     0.00     0.00     0.00     0.00
  25 	  240.00   212.00     0.00     0.00     0.00     0.00
   	   22.00   -16.00     0.00    90.00
   	   22.00   -16.00     0.00    90.00

** End writing output file: ../inputs/gr81.dat 
