*******************************************************************************
                         ARRAY PREPROCESSOR ver. 1.0
*******************************************************************************



   1	GROUP testgroup
   3	 GRID RECTANGULAR
   4	 ELEMENT
   5	 GEOMETRY CIRCULAR 37
   6	 POLARIZATION LINEAR
   7	 ADD BLOCK 4 -7 8 -11
   8	 ADD NODE 1 0
  10	 GROUP_EXCITATION
  11	 AMPLITUDE UNIFORM 26
  12	 PHASE UNIFORM 139
  13	 END

** Generating GROUP: testgroup.
** PSTEP,QSTEP set to:74.000000,74.000000
** Grid ANGLE set to:90.000000 
** Group ROT_ANGLE set to: 0.000000 

** Writing output file: ../inputs/gr812.dat

NEL 
NPORTS
IDUM      REXA     REYA     REZA     THEA     PHEA     PSEA 
          AMP      PSH      PSC      PHEPOL
  26
  26
   1
   1
   1 	  296.00  -814.00     0.00     0.00     0.00     0.00
   1 	  296.00  -814.00     0.00     0.00     0.00     0.00
   	   26.00   139.00     0.00    90.00
   	   26.00   139.00     0.00    90.00
   2 	  370.00  -814.00     0.00     0.00     0.00     0.00
   2 	  370.00  -814.00     0.00     0.00     0.00     0.00
   	   26.00   139.00     0.00    90.00
   	   26.00   139.00     0.00    90.00
   3 	  444.00  -814.00     0.00     0.00     0.00     0.00
   3 	  444.00  -814.00     0.00     0.00     0.00     0.00
   	   26.00   139.00     0.00    90.00
   	   26.00   139.00     0.00    90.00
   4 	  518.00  -814.00     0.00     0.00     0.00     0.00
   4 	  518.00  -814.00     0.00     0.00     0.00     0.00
   	   26.00   139.00     0.00    90.00
   	   26.00   139.00     0.00    90.00
   5 	  592.00  -814.00     0.00     0.00     0.00     0.00
   5 	  592.00  -814.00     0.00     0.00     0.00     0.00
   	   26.00   139.00     0.00    90.00
   	   26.00   139.00     0.00    90.00
   6 	  296.00  -740.00     0.00     0.00     0.00     0.00
   6 	  296.00  -740.00     0.00     0.00     0.00     0.00
   	   26.00   139.00     0.00    90.00
   	   26.00   139.00     0.00    90.00
   7 	  370.00  -740.00     0.00     0.00     0.00     0.00
   7 	  370.00  -740.00     0.00     0.00     0.00     0.00
   	   26.00   139.00     0.00    90.00
   	   26.00   139.00     0.00    90.00
   8 	  444.00  -740.00     0.00     0.00     0.00     0.00
   8 	  444.00  -740.00     0.00     0.00     0.00     0.00
   	   26.00   139.00     0.00    90.00
   	   26.00   139.00     0.00    90.00
   9 	  518.00  -740.00     0.00     0.00     0.00     0.00
   9 	  518.00  -740.00     0.00     0.00     0.00     0.00
   	   26.00   139.00     0.00    90.00
   	   26.00   139.00     0.00    90.00
  10 	  592.00  -740.00     0.00     0.00     0.00     0.00
  10 	  592.00  -740.00     0.00     0.00     0.00     0.00
   	   26.00   139.00     0.00    90.00
   	   26.00   139.00     0.00    90.00
  11 	  296.00  -666.00     0.00     0.00     0.00     0.00
  11 	  296.00  -666.00     0.00     0.00     0.00     0.00
   	   26.00   139.00     0.00    90.00
   	   26.00   139.00     0.00    90.00
  12 	  370.00  -666.00     0.00     0.00     0.00     0.00
  12 	  370.00  -666.00     0.00     0.00     0.00     0.00
   	   26.00   139.00     0.00    90.00
   	   26.00   139.00     0.00    90.00
  13 	  444.00  -666.00     0.00     0.00     0.00     0.00
  13 	  444.00  -666.00     0.00     0.00     0.00     0.00
   	   26.00   139.00     0.00    90.00
   	   26.00   139.00     0.00    90.00
  14 	  518.00  -666.00     0.00     0.00     0.00     0.00
  14 	  518.00  -666.00     0.00     0.00     0.00     0.00
   	   26.00   139.00     0.00    90.00
   	   26.00   139.00     0.00    90.00
  15 	  592.00  -666.00     0.00     0.00     0.00     0.00
  15 	  592.00  -666.00     0.00     0.00     0.00     0.00
   	   26.00   139.00     0.00    90.00
   	   26.00   139.00     0.00    90.00
  16 	  296.00  -592.00     0.00     0.00     0.00     0.00
  16 	  296.00  -592.00     0.00     0.00     0.00     0.00
   	   26.00   139.00     0.00    90.00
   	   26.00   139.00     0.00    90.00
  17 	  370.00  -592.00     0.00     0.00     0.00     0.00
  17 	  370.00  -592.00     0.00     0.00     0.00     0.00
   	   26.00   139.00     0.00    90.00
   	   26.00   139.00     0.00    90.00
  18 	  444.00  -592.00     0.00     0.00     0.00     0.00
  18 	  444.00  -592.00     0.00     0.00     0.00     0.00
   	   26.00   139.00     0.00    90.00
   	   26.00   139.00     0.00    90.00
  19 	  518.00  -592.00     0.00     0.00     0.00     0.00
  19 	  518.00  -592.00     0.00     0.00     0.00     0.00
   	   26.00   139.00     0.00    90.00
   	   26.00   139.00     0.00    90.00
  20 	  592.00  -592.00     0.00     0.00     0.00     0.00
  20 	  592.00  -592.00     0.00     0.00     0.00     0.00
   	   26.00   139.00     0.00    90.00
   	   26.00   139.00     0.00    90.00
  21 	  296.00  -518.00     0.00     0.00     0.00     0.00
  21 	  296.00  -518.00     0.00     0.00     0.00     0.00
   	   26.00   139.00     0.00    90.00
   	   26.00   139.00     0.00    90.00
  22 	  370.00  -518.00     0.00     0.00     0.00     0.00
  22 	  370.00  -518.00     0.00     0.00     0.00     0.00
   	   26.00   139.00     0.00    90.00
   	   26.00   139.00     0.00    90.00
  23 	  444.00  -518.00     0.00     0.00     0.00     0.00
  23 	  444.00  -518.00     0.00     0.00     0.00     0.00
   	   26.00   139.00     0.00    90.00
   	   26.00   139.00     0.00    90.00
  24 	  518.00  -518.00     0.00     0.00     0.00     0.00
  24 	  518.00  -518.00     0.00     0.00     0.00     0.00
   	   26.00   139.00     0.00    90.00
   	   26.00   139.00     0.00    90.00
  25 	  592.00  -518.00     0.00     0.00     0.00     0.00
  25 	  592.00  -518.00     0.00     0.00     0.00     0.00
   	   26.00   139.00     0.00    90.00
   	   26.00   139.00     0.00    90.00
  26 	   74.00     0.00     0.00     0.00     0.00     0.00
  26 	   74.00     0.00     0.00     0.00     0.00     0.00
   	   26.00   139.00     0.00    90.00
   	   26.00   139.00     0.00    90.00

** End writing output file: ../inputs/gr812.dat 
