*******************************************************************************
                         ARRAY PREPROCESSOR ver. 1.0
*******************************************************************************



   1	GROUP testgroup
   3	 GRID TRIANGULAR ANGLE 55 PSTEP 25 QSTEP 65
   4	 ELEMENT
   5	 GEOMETRY CIRCULAR 69
   6	 POLARIZATION LINEAR
   7	 ADD BLOCK 2 -2 -1 -6
   9	 GROUP_EXCITATION
  10	 AMPLITUDE UNIFORM 27
  11	 PHASE UNIFORM -68
  12	 END

** WARNING B2: GRID step(s) too small for specified element in GROUP: testgroup
** Generating GROUP: testgroup.
** PSTEP,QSTEP set to:25.000000,65.000000
** Grid ANGLE set to:55.000000 
** Group ROT_ANGLE set to: 0.000000 

** Writing output file: ../inputs/gr814.dat

NEL 
NPORTS
IDUM      REXA     REYA     REZA     THEA     PHEA     PSEA 
          AMP      PSH      PSC      PHEPOL
  20
  20
   1
   1
   1 	 -248.69  -319.47     0.00     0.00     0.00     0.00
   1 	 -248.69  -319.47     0.00     0.00     0.00     0.00
   	   27.00   -68.00     0.00    90.00
   	   27.00   -68.00     0.00    90.00
   2 	 -223.69  -319.47     0.00     0.00     0.00     0.00
   2 	 -223.69  -319.47     0.00     0.00     0.00     0.00
   	   27.00   -68.00     0.00    90.00
   	   27.00   -68.00     0.00    90.00
   3 	 -198.69  -319.47     0.00     0.00     0.00     0.00
   3 	 -198.69  -319.47     0.00     0.00     0.00     0.00
   	   27.00   -68.00     0.00    90.00
   	   27.00   -68.00     0.00    90.00
   4 	 -173.69  -319.47     0.00     0.00     0.00     0.00
   4 	 -173.69  -319.47     0.00     0.00     0.00     0.00
   	   27.00   -68.00     0.00    90.00
   	   27.00   -68.00     0.00    90.00
   5 	 -211.41  -266.22     0.00     0.00     0.00     0.00
   5 	 -211.41  -266.22     0.00     0.00     0.00     0.00
   	   27.00   -68.00     0.00    90.00
   	   27.00   -68.00     0.00    90.00
   6 	 -186.41  -266.22     0.00     0.00     0.00     0.00
   6 	 -186.41  -266.22     0.00     0.00     0.00     0.00
   	   27.00   -68.00     0.00    90.00
   	   27.00   -68.00     0.00    90.00
   7 	 -161.41  -266.22     0.00     0.00     0.00     0.00
   7 	 -161.41  -266.22     0.00     0.00     0.00     0.00
   	   27.00   -68.00     0.00    90.00
   	   27.00   -68.00     0.00    90.00
   8 	 -136.41  -266.22     0.00     0.00     0.00     0.00
   8 	 -136.41  -266.22     0.00     0.00     0.00     0.00
   	   27.00   -68.00     0.00    90.00
   	   27.00   -68.00     0.00    90.00
   9 	 -174.13  -212.98     0.00     0.00     0.00     0.00
   9 	 -174.13  -212.98     0.00     0.00     0.00     0.00
   	   27.00   -68.00     0.00    90.00
   	   27.00   -68.00     0.00    90.00
  10 	 -149.13  -212.98     0.00     0.00     0.00     0.00
  10 	 -149.13  -212.98     0.00     0.00     0.00     0.00
   	   27.00   -68.00     0.00    90.00
   	   27.00   -68.00     0.00    90.00
  11 	 -124.13  -212.98     0.00     0.00     0.00     0.00
  11 	 -124.13  -212.98     0.00     0.00     0.00     0.00
   	   27.00   -68.00     0.00    90.00
   	   27.00   -68.00     0.00    90.00
  12 	  -99.13  -212.98     0.00     0.00     0.00     0.00
  12 	  -99.13  -212.98     0.00     0.00     0.00     0.00
   	   27.00   -68.00     0.00    90.00
   	   27.00   -68.00     0.00    90.00
  13 	 -136.85  -159.73     0.00     0.00     0.00     0.00
  13 	 -136.85  -159.73     0.00     0.00     0.00     0.00
   	   27.00   -68.00     0.00    90.00
   	   27.00   -68.00     0.00    90.00
  14 	 -111.85  -159.73     0.00     0.00     0.00     0.00
  14 	 -111.85  -159.73     0.00     0.00     0.00     0.00
   	   27.00   -68.00     0.00    90.00
   	   27.00   -68.00     0.00    90.00
  15 	  -86.85  -159.73     0.00     0.00     0.00     0.00
  15 	  -86.85  -159.73     0.00     0.00     0.00     0.00
   	   27.00   -68.00     0.00    90.00
   	   27.00   -68.00     0.00    90.00
  16 	  -61.85  -159.73     0.00     0.00     0.00     0.00
  16 	  -61.85  -159.73     0.00     0.00     0.00     0.00
   	   27.00   -68.00     0.00    90.00
   	   27.00   -68.00     0.00    90.00
  17 	  -99.56  -106.49     0.00     0.00     0.00     0.00
  17 	  -99.56  -106.49     0.00     0.00     0.00     0.00
   	   27.00   -68.00     0.00    90.00
   	   27.00   -68.00     0.00    90.00
  18 	  -74.56  -106.49     0.00     0.00     0.00     0.00
  18 	  -74.56  -106.49     0.00     0.00     0.00     0.00
   	   27.00   -68.00     0.00    90.00
   	   27.00   -68.00     0.00    90.00
  19 	  -49.56  -106.49     0.00     0.00     0.00     0.00
  19 	  -49.56  -106.49     0.00     0.00     0.00     0.00
   	   27.00   -68.00     0.00    90.00
   	   27.00   -68.00     0.00    90.00
  20 	  -24.56  -106.49     0.00     0.00     0.00     0.00
  20 	  -24.56  -106.49     0.00     0.00     0.00     0.00
   	   27.00   -68.00     0.00    90.00
   	   27.00   -68.00     0.00    90.00

** End writing output file: ../inputs/gr814.dat 
