*******************************************************************************
                         ARRAY PREPROCESSOR ver. 1.0
*******************************************************************************



   1	GROUP testgroup
   3	 GRID RECTANGULAR
   4	 ELEMENT
   5	 GEOMETRY RECTANGULAR PDIM 48 QDIM 61
   8	 ADD BLOCK -11 -2 11 5
   9	 ADD BLOCK 5 1 -2 4
  10	 ADD BLOCK 7 1 -9 11
  12	 GROUP_EXCITATION
  13	 AMPLITUDE UNIFORM 23
  14	 PHASE UNIFORM -29
  15	 END

** Generating GROUP: testgroup.
** PSTEP,QSTEP set to:48.000000,61.000000
** Grid ANGLE set to:90.000000 
** Group ROT_ANGLE set to: 0.000000 

** Writing output file: ../inputs/gr815.dat

NEL 
NPORTS
IDUM      REXA     REYA     REZA     THEA     PHEA     PSEA 
          AMP      PSH      PSC      PHEPOL
 403
 403
   1
   1
   1 	 -528.00  -122.00     0.00     0.00     0.00     0.00
   1 	 -528.00  -122.00     0.00     0.00     0.00     0.00
   	   23.00   -29.00     0.00    90.00
   	   23.00   -29.00     0.00    90.00
   2 	 -480.00  -122.00     0.00     0.00     0.00     0.00
   2 	 -480.00  -122.00     0.00     0.00     0.00     0.00
   	   23.00   -29.00     0.00    90.00
   	   23.00   -29.00     0.00    90.00
   3 	 -432.00  -122.00     0.00     0.00     0.00     0.00
   3 	 -432.00  -122.00     0.00     0.00     0.00     0.00
   	   23.00   -29.00     0.00    90.00
   	   23.00   -29.00     0.00    90.00
   4 	 -384.00  -122.00     0.00     0.00     0.00     0.00
   4 	 -384.00  -122.00     0.00     0.00     0.00     0.00
   	   23.00   -29.00     0.00    90.00
   	   23.00   -29.00     0.00    90.00
   5 	 -336.00  -122.00     0.00     0.00     0.00     0.00
   5 	 -336.00  -122.00     0.00     0.00     0.00     0.00
   	   23.00   -29.00     0.00    90.00
   	   23.00   -29.00     0.00    90.00
   6 	 -288.00  -122.00     0.00     0.00     0.00     0.00
   6 	 -288.00  -122.00     0.00     0.00     0.00     0.00
   	   23.00   -29.00     0.00    90.00
   	   23.00   -29.00     0.00    90.00
   7 	 -240.00  -122.00     0.00     0.00     0.00     0.00
   7 	 -240.00  -122.00     0.00     0.00     0.00     0.00
   	   23.00   -29.00     0.00    90.00
   	   23.00   -29.00     0.00    90.00
   8 	 -192.00  -122.00     0.00     0.00     0.00     0.00
   8 	 -192.00  -122.00     0.00     0.00     0.00     0.00
   	   23.00   -29.00     0.00    90.00
   	   23.00   -29.00     0.00    90.00
   9 	 -144.00  -122.00     0.00     0.00     0.00     0.00
   9 	 -144.00  -122.00     0.00     0.00     0.00     0.00
   	   23.00   -29.00     0.00    90.00
   	   23.00   -29.00     0.00    90.00
  10 	  -96.00  -122.00     0.00     0.00     0.00     0.00
  10 	  -96.00  -122.00     0.00     0.00     0.00     0.00
   	   23.00   -29.00     0.00    90.00
   	   23.00   -29.00     0.00    90.00
  11 	  -48.00  -122.00     0.00     0.00     0.00     0.00
  11 	  -48.00  -122.00     0.00     0.00     0.00     0.00
   	   23.00   -29.00     0.00    90.00
   	   23.00   -29.00     0.00    90.00
  12 	    0.00  -122.00     0.00     0.00     0.00     0.00
  12 	    0.00  -122.00     0.00     0.00     0.00     0.00
   	   23.00   -29.00     0.00    90.00
   	   23.00   -29.00     0.00    90.00
  13 	   48.00  -122.00     0.00     0.00     0.00     0.00
  13 	   48.00  -122.00     0.00     0.00     0.00     0.00
   	   23.00   -29.00     0.00    90.00
   	   23.00   -29.00     0.00    90.00
  14 	   96.00  -122.00     0.00     0.00     0.00     0.00
  14 	   96.00  -122.00     0.00     0.00     0.00     0.00
   	   23.00   -29.00     0.00    90.00
   	   23.00   -29.00     0.00    90.00
  15 	  144.00  -122.00     0.00     0.00     0.00     0.00
  15 	  144.00  -122.00     0.00     0.00     0.00     0.00
   	   23.00   -29.00     0.00    90.00
   	   23.00   -29.00     0.00    90.00
  16 	  192.00  -122.00     0.00     0.00     0.00     0.00
  16 	  192.00  -122.00     0.00     0.00     0.00     0.00
   	   23.00   -29.00     0.00    90.00
   	   23.00   -29.00     0.00    90.00
  17 	  240.00  -122.00     0.00     0.00     0.00     0.00
  17 	  240.00  -122.00     0.00     0.00     0.00     0.00
   	   23.00   -29.00     0.00    90.00
   	   23.00   -29.00     0.00    90.00
  18 	  288.00  -122.00     0.00     0.00     0.00     0.00
  18 	  288.00  -122.00     0.00     0.00     0.00     0.00
   	   23.00   -29.00     0.00    90.00
   	   23.00   -29.00     0.00    90.00
  19 	  336.00  -122.00     0.00     0.00     0.00     0.00
  19 	  336.00  -122.00     0.00     0.00     0.00     0.00
   	   23.00   -29.00     0.00    90.00
   	   23.00   -29.00     0.00    90.00
  20 	  384.00  -122.00     0.00     0.00     0.00     0.00
  20 	  384.00  -122.00     0.00     0.00     0.00     0.00
   	   23.00   -29.00     0.00    90.00
   	   23.00   -29.00     0.00    90.00
  21 	  432.00  -122.00     0.00     0.00     0.00     0.00
  21 	  432.00  -122.00     0.00     0.00     0.00     0.00
   	   23.00   -29.00     0.00    90.00
   	   23.00   -29.00     0.00    90.00
  22 	  480.00  -122.00     0.00     0.00     0.00     0.00
  22 	  480.00  -122.00     0.00     0.00     0.00     0.00
   	   23.00   -29.00     0.00    90.00
   	   23.00   -29.00     0.00    90.00
  23 	  528.00  -122.00     0.00     0.00     0.00     0.00
  23 	  528.00  -122.00     0.00     0.00     0.00     0.00
   	   23.00   -29.00     0.00    90.00
   	   23.00   -29.00     0.00    90.00
  24 	 -528.00   -61.00     0.00     0.00     0.00     0.00
  24 	 -528.00   -61.00     0.00     0.00     0.00     0.00
   	   23.00   -29.00     0.00    90.00
   	   23.00   -29.00     0.00    90.00
  25 	 -480.00   -61.00     0.00     0.00     0.00     0.00
  25 	 -480.00   -61.00     0.00     0.00     0.00     0.00
   	   23.00   -29.00     0.00    90.00
   	   23.00   -29.00     0.00    90.00
  26 	 -432.00   -61.00     0.00     0.00     0.00     0.00
  26 	 -432.00   -61.00     0.00     0.00     0.00     0.00
   	   23.00   -29.00     0.00    90.00
   	   23.00   -29.00     0.00    90.00
  27 	 -384.00   -61.00     0.00     0.00     0.00     0.00
  27 	 -384.00   -61.00     0.00     0.00     0.00     0.00
   	   23.00   -29.00     0.00    90.00
   	   23.00   -29.00     0.00    90.00
  28 	 -336.00   -61.00     0.00     0.00     0.00     0.00
  28 	 -336.00   -61.00     0.00     0.00     0.00     0.00
   	   23.00   -29.00     0.00    90.00
   	   23.00   -29.00     0.00    90.00
  29 	 -288.00   -61.00     0.00     0.00     0.00     0.00
  29 	 -288.00   -61.00     0.00     0.00     0.00     0.00
   	   23.00   -29.00     0.00    90.00
   	   23.00   -29.00     0.00    90.00
  30 	 -240.00   -61.00     0.00     0.00     0.00     0.00
  30 	 -240.00   -61.00     0.00     0.00     0.00     0.00
   	   23.00   -29.00     0.00    90.00
   	   23.00   -29.00     0.00    90.00
  31 	 -192.00   -61.00     0.00     0.00     0.00     0.00
  31 	 -192.00   -61.00     0.00     0.00     0.00     0.00
   	   23.00   -29.00     0.00    90.00
   	   23.00   -29.00     0.00    90.00
  32 	 -144.00   -61.00     0.00     0.00     0.00     0.00
  32 	 -144.00   -61.00     0.00     0.00     0.00     0.00
   	   23.00   -29.00     0.00    90.00
   	   23.00   -29.00     0.00    90.00
  33 	  -96.00   -61.00     0.00     0.00     0.00     0.00
  33 	  -96.00   -61.00     0.00     0.00     0.00     0.00
   	   23.00   -29.00     0.00    90.00
   	   23.00   -29.00     0.00    90.00
  34 	  -48.00   -61.00     0.00     0.00     0.00     0.00
  34 	  -48.00   -61.00     0.00     0.00     0.00     0.00
   	   23.00   -29.00     0.00    90.00
   	   23.00   -29.00     0.00    90.00
  35 	    0.00   -61.00     0.00     0.00     0.00     0.00
  35 	    0.00   -61.00     0.00     0.00     0.00     0.00
   	   23.00   -29.00     0.00    90.00
   	   23.00   -29.00     0.00    90.00
  36 	   48.00   -61.00     0.00     0.00     0.00     0.00
  36 	   48.00   -61.00     0.00     0.00     0.00     0.00
   	   23.00   -29.00     0.00    90.00
   	   23.00   -29.00     0.00    90.00
  37 	   96.00   -61.00     0.00     0.00     0.00     0.00
  37 	   96.00   -61.00     0.00     0.00     0.00     0.00
   	   23.00   -29.00     0.00    90.00
   	   23.00   -29.00     0.00    90.00
  38 	  144.00   -61.00     0.00     0.00     0.00     0.00
  38 	  144.00   -61.00     0.00     0.00     0.00     0.00
   	   23.00   -29.00     0.00    90.00
   	   23.00   -29.00     0.00    90.00
  39 	  192.00   -61.00     0.00     0.00     0.00     0.00
  39 	  192.00   -61.00     0.00     0.00     0.00     0.00
   	   23.00   -29.00     0.00    90.00
   	   23.00   -29.00     0.00    90.00
  40 	  240.00   -61.00     0.00     0.00     0.00     0.00
  40 	  240.00   -61.00     0.00     0.00     0.00     0.00
   	   23.00   -29.00     0.00    90.00
   	   23.00   -29.00     0.00    90.00
  41 	  288.00   -61.00     0.00     0.00     0.00     0.00
  41 	  288.00   -61.00     0.00     0.00     0.00     0.00
   	   23.00   -29.00     0.00    90.00
   	   23.00   -29.00     0.00    90.00
  42 	  336.00   -61.00     0.00     0.00     0.00     0.00
  42 	  336.00   -61.00     0.00     0.00     0.00     0.00
   	   23.00   -29.00     0.00    90.00
   	   23.00   -29.00     0.00    90.00
  43 	  384.00   -61.00     0.00     0.00     0.00     0.00
  43 	  384.00   -61.00     0.00     0.00     0.00     0.00
   	   23.00   -29.00     0.00    90.00
   	   23.00   -29.00     0.00    90.00
  44 	  432.00   -61.00     0.00     0.00     0.00     0.00
  44 	  432.00   -61.00     0.00     0.00     0.00     0.00
   	   23.00   -29.00     0.00    90.00
   	   23.00   -29.00     0.00    90.00
  45 	  480.00   -61.00     0.00     0.00     0.00     0.00
  45 	  480.00   -61.00     0.00     0.00     0.00     0.00
   	   23.00   -29.00     0.00    90.00
   	   23.00   -29.00     0.00    90.00
  46 	  528.00   -61.00     0.00     0.00     0.00     0.00
  46 	  528.00   -61.00     0.00     0.00     0.00     0.00
   	   23.00   -29.00     0.00    90.00
   	   23.00   -29.00     0.00    90.00
  47 	 -528.00     0.00     0.00     0.00     0.00     0.00
  47 	 -528.00     0.00     0.00     0.00     0.00     0.00
   	   23.00   -29.00     0.00    90.00
   	   23.00   -29.00     0.00    90.00
  48 	 -480.00     0.00     0.00     0.00     0.00     0.00
  48 	 -480.00     0.00     0.00     0.00     0.00     0.00
   	   23.00   -29.00     0.00    90.00
   	   23.00   -29.00     0.00    90.00
  49 	 -432.00     0.00     0.00     0.00     0.00     0.00
  49 	 -432.00     0.00     0.00     0.00     0.00     0.00
   	   23.00   -29.00     0.00    90.00
   	   23.00   -29.00     0.00    90.00
  50 	 -384.00     0.00     0.00     0.00     0.00     0.00
  50 	 -384.00     0.00     0.00     0.00     0.00     0.00
   	   23.00   -29.00     0.00    90.00
   	   23.00   -29.00     0.00    90.00
  51 	 -336.00     0.00     0.00     0.00     0.00     0.00
  51 	 -336.00     0.00     0.00     0.00     0.00     0.00
   	   23.00   -29.00     0.00    90.00
   	   23.00   -29.00     0.00    90.00
  52 	 -288.00     0.00     0.00     0.00     0.00     0.00
  52 	 -288.00     0.00     0.00     0.00     0.00     0.00
   	   23.00   -29.00     0.00    90.00
   	   23.00   -29.00     0.00    90.00
  53 	 -240.00     0.00     0.00     0.00     0.00     0.00
  53 	 -240.00     0.00     0.00     0.00     0.00     0.00
   	   23.00   -29.00     0.00    90.00
   	   23.00   -29.00     0.00    90.00
  54 	 -192.00     0.00     0.00     0.00     0.00     0.00
  54 	 -192.00     0.00     0.00     0.00     0.00     0.00
   	   23.00   -29.00     0.00    90.00
   	   23.00   -29.00     0.00    90.00
  55 	 -144.00     0.00     0.00     0.00     0.00     0.00
  55 	 -144.00     0.00     0.00     0.00     0.00     0.00
   	   23.00   -29.00     0.00    90.00
   	   23.00   -29.00     0.00    90.00
  56 	  -96.00     0.00     0.00     0.00     0.00     0.00
  56 	  -96.00     0.00     0.00     0.00     0.00     0.00
   	   23.00   -29.00     0.00    90.00
   	   23.00   -29.00     0.00    90.00
  57 	  -48.00     0.00     0.00     0.00     0.00     0.00
  57 	  -48.00     0.00     0.00     0.00     0.00     0.00
   	   23.00   -29.00     0.00    90.00
   	   23.00   -29.00     0.00    90.00
  58 	    0.00     0.00     0.00     0.00     0.00     0.00
  58 	    0.00     0.00     0.00     0.00     0.00     0.00
   	   23.00   -29.00     0.00    90.00
   	   23.00   -29.00     0.00    90.00
  59 	   48.00     0.00     0.00     0.00     0.00     0.00
  59 	   48.00     0.00     0.00     0.00     0.00     0.00
   	   23.00   -29.00     0.00    90.00
   	   23.00   -29.00     0.00    90.00
  60 	   96.00     0.00     0.00     0.00     0.00     0.00
  60 	   96.00     0.00     0.00     0.00     0.00     0.00
   	   23.00   -29.00     0.00    90.00
   	   23.00   -29.00     0.00    90.00
  61 	  144.00     0.00     0.00     0.00     0.00     0.00
  61 	  144.00     0.00     0.00     0.00     0.00     0.00
   	   23.00   -29.00     0.00    90.00
   	   23.00   -29.00     0.00    90.00
  62 	  192.00     0.00     0.00     0.00     0.00     0.00
  62 	  192.00     0.00     0.00     0.00     0.00     0.00
   	   23.00   -29.00     0.00    90.00
   	   23.00   -29.00     0.00    90.00
  63 	  240.00     0.00     0.00     0.00     0.00     0.00
  63 	  240.00     0.00     0.00     0.00     0.00     0.00
   	   23.00   -29.00     0.00    90.00
   	   23.00   -29.00     0.00    90.00
  64 	  288.00     0.00     0.00     0.00     0.00     0.00
  64 	  288.00     0.00     0.00     0.00     0.00     0.00
   	   23.00   -29.00     0.00    90.00
   	   23.00   -29.00     0.00    90.00
  65 	  336.00     0.00     0.00     0.00     0.00     0.00
  65 	  336.00     0.00     0.00     0.00     0.00     0.00
   	   23.00   -29.00     0.00    90.00
   	   23.00   -29.00     0.00    90.00
  66 	  384.00     0.00     0.00     0.00     0.00     0.00
  66 	  384.00     0.00     0.00     0.00     0.00     0.00
   	   23.00   -29.00     0.00    90.00
   	   23.00   -29.00     0.00    90.00
  67 	  432.00     0.00     0.00     0.00     0.00     0.00
  67 	  432.00     0.00     0.00     0.00     0.00     0.00
   	   23.00   -29.00     0.00    90.00
   	   23.00   -29.00     0.00    90.00
  68 	  480.00     0.00     0.00     0.00     0.00     0.00
  68 	  480.00     0.00     0.00     0.00     0.00     0.00
   	   23.00   -29.00     0.00    90.00
   	   23.00   -29.00     0.00    90.00
  69 	  528.00     0.00     0.00     0.00     0.00     0.00
  69 	  528.00     0.00     0.00     0.00     0.00     0.00
   	   23.00   -29.00     0.00    90.00
   	   23.00   -29.00     0.00    90.00
  70 	 -528.00    61.00     0.00     0.00     0.00     0.00
  70 	 -528.00    61.00     0.00     0.00     0.00     0.00
   	   23.00   -29.00     0.00    90.00
   	   23.00   -29.00     0.00    90.00
  71 	 -480.00    61.00     0.00     0.00     0.00     0.00
  71 	 -480.00    61.00     0.00     0.00     0.00     0.00
   	   23.00   -29.00     0.00    90.00
   	   23.00   -29.00     0.00    90.00
  72 	 -432.00    61.00     0.00     0.00     0.00     0.00
  72 	 -432.00    61.00     0.00     0.00     0.00     0.00
   	   23.00   -29.00     0.00    90.00
   	   23.00   -29.00     0.00    90.00
  73 	 -384.00    61.00     0.00     0.00     0.00     0.00
  73 	 -384.00    61.00     0.00     0.00     0.00     0.00
   	   23.00   -29.00     0.00    90.00
   	   23.00   -29.00     0.00    90.00
  74 	 -336.00    61.00     0.00     0.00     0.00     0.00
  74 	 -336.00    61.00     0.00     0.00     0.00     0.00
   	   23.00   -29.00     0.00    90.00
   	   23.00   -29.00     0.00    90.00
  75 	 -288.00    61.00     0.00     0.00     0.00     0.00
  75 	 -288.00    61.00     0.00     0.00     0.00     0.00
   	   23.00   -29.00     0.00    90.00
   	   23.00   -29.00     0.00    90.00
  76 	 -240.00    61.00     0.00     0.00     0.00     0.00
  76 	 -240.00    61.00     0.00     0.00     0.00     0.00
   	   23.00   -29.00     0.00    90.00
   	   23.00   -29.00     0.00    90.00
  77 	 -192.00    61.00     0.00     0.00     0.00     0.00
  77 	 -192.00    61.00     0.00     0.00     0.00     0.00
   	   23.00   -29.00     0.00    90.00
   	   23.00   -29.00     0.00    90.00
  78 	 -144.00    61.00     0.00     0.00     0.00     0.00
  78 	 -144.00    61.00     0.00     0.00     0.00     0.00
   	   23.00   -29.00     0.00    90.00
   	   23.00   -29.00     0.00    90.00
  79 	  -96.00    61.00     0.00     0.00     0.00     0.00
  79 	  -96.00    61.00     0.00     0.00     0.00     0.00
   	   23.00   -29.00     0.00    90.00
   	   23.00   -29.00     0.00    90.00
  80 	  -48.00    61.00     0.00     0.00     0.00     0.00
  80 	  -48.00    61.00     0.00     0.00     0.00     0.00
   	   23.00   -29.00     0.00    90.00
   	   23.00   -29.00     0.00    90.00
  81 	   -0.00    61.00     0.00     0.00     0.00     0.00
  81 	   -0.00    61.00     0.00     0.00     0.00     0.00
   	   23.00   -29.00     0.00    90.00
   	   23.00   -29.00     0.00    90.00
  82 	   48.00    61.00     0.00     0.00     0.00     0.00
  82 	   48.00    61.00     0.00     0.00     0.00     0.00
   	   23.00   -29.00     0.00    90.00
   	   23.00   -29.00     0.00    90.00
  83 	   96.00    61.00     0.00     0.00     0.00     0.00
  83 	   96.00    61.00     0.00     0.00     0.00     0.00
   	   23.00   -29.00     0.00    90.00
   	   23.00   -29.00     0.00    90.00
  84 	  144.00    61.00     0.00     0.00     0.00     0.00
  84 	  144.00    61.00     0.00     0.00     0.00     0.00
   	   23.00   -29.00     0.00    90.00
   	   23.00   -29.00     0.00    90.00
  85 	  192.00    61.00     0.00     0.00     0.00     0.00
  85 	  192.00    61.00     0.00     0.00     0.00     0.00
   	   23.00   -29.00     0.00    90.00
   	   23.00   -29.00     0.00    90.00
  86 	  240.00    61.00     0.00     0.00     0.00     0.00
  86 	  240.00    61.00     0.00     0.00     0.00     0.00
   	   23.00   -29.00     0.00    90.00
   	   23.00   -29.00     0.00    90.00
  87 	  288.00    61.00     0.00     0.00     0.00     0.00
  87 	  288.00    61.00     0.00     0.00     0.00     0.00
   	   23.00   -29.00     0.00    90.00
   	   23.00   -29.00     0.00    90.00
  88 	  336.00    61.00     0.00     0.00     0.00     0.00
  88 	  336.00    61.00     0.00     0.00     0.00     0.00
   	   23.00   -29.00     0.00    90.00
   	   23.00   -29.00     0.00    90.00
  89 	  384.00    61.00     0.00     0.00     0.00     0.00
  89 	  384.00    61.00     0.00     0.00     0.00     0.00
   	   23.00   -29.00     0.00    90.00
   	   23.00   -29.00     0.00    90.00
  90 	  432.00    61.00     0.00     0.00     0.00     0.00
  90 	  432.00    61.00     0.00     0.00     0.00     0.00
   	   23.00   -29.00     0.00    90.00
   	   23.00   -29.00     0.00    90.00
  91 	  480.00    61.00     0.00     0.00     0.00     0.00
  91 	  480.00    61.00     0.00     0.00     0.00     0.00
   	   23.00   -29.00     0.00    90.00
   	   23.00   -29.00     0.00    90.00
  92 	  528.00    61.00     0.00     0.00     0.00     0.00
  92 	  528.00    61.00     0.00     0.00     0.00     0.00
   	   23.00   -29.00     0.00    90.00
   	   23.00   -29.00     0.00    90.00
  93 	 -528.00   122.00     0.00     0.00     0.00     0.00
  93 	 -528.00   122.00     0.00     0.00     0.00     0.00
   	   23.00   -29.00     0.00    90.00
   	   23.00   -29.00     0.00    90.00
  94 	 -480.00   122.00     0.00     0.00     0.00     0.00
  94 	 -480.00   122.00     0.00     0.00     0.00     0.00
   	   23.00   -29.00     0.00    90.00
   	   23.00   -29.00     0.00    90.00
  95 	 -432.00   122.00     0.00     0.00     0.00     0.00
  95 	 -432.00   122.00     0.00     0.00     0.00     0.00
   	   23.00   -29.00     0.00    90.00
   	   23.00   -29.00     0.00    90.00
  96 	 -384.00   122.00     0.00     0.00     0.00     0.00
  96 	 -384.00   122.00     0.00     0.00     0.00     0.00
   	   23.00   -29.00     0.00    90.00
   	   23.00   -29.00     0.00    90.00
  97 	 -336.00   122.00     0.00     0.00     0.00     0.00
  97 	 -336.00   122.00     0.00     0.00     0.00     0.00
   	   23.00   -29.00     0.00    90.00
   	   23.00   -29.00     0.00    90.00
  98 	 -288.00   122.00     0.00     0.00     0.00     0.00
  98 	 -288.00   122.00     0.00     0.00     0.00     0.00
   	   23.00   -29.00     0.00    90.00
   	   23.00   -29.00     0.00    90.00
  99 	 -240.00   122.00     0.00     0.00     0.00     0.00
  99 	 -240.00   122.00     0.00     0.00     0.00     0.00
   	   23.00   -29.00     0.00    90.00
   	   23.00   -29.00     0.00    90.00
 100 	 -192.00   122.00     0.00     0.00     0.00     0.00
 100 	 -192.00   122.00     0.00     0.00     0.00     0.00
   	   23.00   -29.00     0.00    90.00
   	   23.00   -29.00     0.00    90.00
 101 	 -144.00   122.00     0.00     0.00     0.00     0.00
 101 	 -144.00   122.00     0.00     0.00     0.00     0.00
   	   23.00   -29.00     0.00    90.00
   	   23.00   -29.00     0.00    90.00
 102 	  -96.00   122.00     0.00     0.00     0.00     0.00
 102 	  -96.00   122.00     0.00     0.00     0.00     0.00
   	   23.00   -29.00     0.00    90.00
   	   23.00   -29.00     0.00    90.00
 103 	  -48.00   122.00     0.00     0.00     0.00     0.00
 103 	  -48.00   122.00     0.00     0.00     0.00     0.00
   	   23.00   -29.00     0.00    90.00
   	   23.00   -29.00     0.00    90.00
 104 	   -0.00   122.00     0.00     0.00     0.00     0.00
 104 	   -0.00   122.00     0.00     0.00     0.00     0.00
   	   23.00   -29.00     0.00    90.00
   	   23.00   -29.00     0.00    90.00
 105 	   48.00   122.00     0.00     0.00     0.00     0.00
 105 	   48.00   122.00     0.00     0.00     0.00     0.00
   	   23.00   -29.00     0.00    90.00
   	   23.00   -29.00     0.00    90.00
 106 	   96.00   122.00     0.00     0.00     0.00     0.00
 106 	   96.00   122.00     0.00     0.00     0.00     0.00
   	   23.00   -29.00     0.00    90.00
   	   23.00   -29.00     0.00    90.00
 107 	  144.00   122.00     0.00     0.00     0.00     0.00
 107 	  144.00   122.00     0.00     0.00     0.00     0.00
   	   23.00   -29.00     0.00    90.00
   	   23.00   -29.00     0.00    90.00
 108 	  192.00   122.00     0.00     0.00     0.00     0.00
 108 	  192.00   122.00     0.00     0.00     0.00     0.00
   	   23.00   -29.00     0.00    90.00
   	   23.00   -29.00     0.00    90.00
 109 	  240.00   122.00     0.00     0.00     0.00     0.00
 109 	  240.00   122.00     0.00     0.00     0.00     0.00
   	   23.00   -29.00     0.00    90.00
   	   23.00   -29.00     0.00    90.00
 110 	  288.00   122.00     0.00     0.00     0.00     0.00
 110 	  288.00   122.00     0.00     0.00     0.00     0.00
   	   23.00   -29.00     0.00    90.00
   	   23.00   -29.00     0.00    90.00
 111 	  336.00   122.00     0.00     0.00     0.00     0.00
 111 	  336.00   122.00     0.00     0.00     0.00     0.00
   	   23.00   -29.00     0.00    90.00
   	   23.00   -29.00     0.00    90.00
 112 	  384.00   122.00     0.00     0.00     0.00     0.00
 112 	  384.00   122.00     0.00     0.00     0.00     0.00
   	   23.00   -29.00     0.00    90.00
   	   23.00   -29.00     0.00    90.00
 113 	  432.00   122.00     0.00     0.00     0.00     0.00
 113 	  432.00   122.00     0.00     0.00     0.00     0.00
   	   23.00   -29.00     0.00    90.00
   	   23.00   -29.00     0.00    90.00
 114 	  480.00   122.00     0.00     0.00     0.00     0.00
 114 	  480.00   122.00     0.00     0.00     0.00     0.00
   	   23.00   -29.00     0.00    90.00
   	   23.00   -29.00     0.00    90.00
 115 	  528.00   122.00     0.00     0.00     0.00     0.00
 115 	  528.00   122.00     0.00     0.00     0.00     0.00
   	   23.00   -29.00     0.00    90.00
   	   23.00   -29.00     0.00    90.00
 116 	 -528.00   183.00     0.00     0.00     0.00     0.00
 116 	 -528.00   183.00     0.00     0.00     0.00     0.00
   	   23.00   -29.00     0.00    90.00
   	   23.00   -29.00     0.00    90.00
 117 	 -480.00   183.00     0.00     0.00     0.00     0.00
 117 	 -480.00   183.00     0.00     0.00     0.00     0.00
   	   23.00   -29.00     0.00    90.00
   	   23.00   -29.00     0.00    90.00
 118 	 -432.00   183.00     0.00     0.00     0.00     0.00
 118 	 -432.00   183.00     0.00     0.00     0.00     0.00
   	   23.00   -29.00     0.00    90.00
   	   23.00   -29.00     0.00    90.00
 119 	 -384.00   183.00     0.00     0.00     0.00     0.00
 119 	 -384.00   183.00     0.00     0.00     0.00     0.00
   	   23.00   -29.00     0.00    90.00
   	   23.00   -29.00     0.00    90.00
 120 	 -336.00   183.00     0.00     0.00     0.00     0.00
 120 	 -336.00   183.00     0.00     0.00     0.00     0.00
   	   23.00   -29.00     0.00    90.00
   	   23.00   -29.00     0.00    90.00
 121 	 -288.00   183.00     0.00     0.00     0.00     0.00
 121 	 -288.00   183.00     0.00     0.00     0.00     0.00
   	   23.00   -29.00     0.00    90.00
   	   23.00   -29.00     0.00    90.00
 122 	 -240.00   183.00     0.00     0.00     0.00     0.00
 122 	 -240.00   183.00     0.00     0.00     0.00     0.00
   	   23.00   -29.00     0.00    90.00
   	   23.00   -29.00     0.00    90.00
 123 	 -192.00   183.00     0.00     0.00     0.00     0.00
 123 	 -192.00   183.00     0.00     0.00     0.00     0.00
   	   23.00   -29.00     0.00    90.00
   	   23.00   -29.00     0.00    90.00
 124 	 -144.00   183.00     0.00     0.00     0.00     0.00
 124 	 -144.00   183.00     0.00     0.00     0.00     0.00
   	   23.00   -29.00     0.00    90.00
   	   23.00   -29.00     0.00    90.00
 125 	  -96.00   183.00     0.00     0.00     0.00     0.00
 125 	  -96.00   183.00     0.00     0.00     0.00     0.00
   	   23.00   -29.00     0.00    90.00
   	   23.00   -29.00     0.00    90.00
 126 	  -48.00   183.00     0.00     0.00     0.00     0.00
 126 	  -48.00   183.00     0.00     0.00     0.00     0.00
   	   23.00   -29.00     0.00    90.00
   	   23.00   -29.00     0.00    90.00
 127 	   -0.00   183.00     0.00     0.00     0.00     0.00
 127 	   -0.00   183.00     0.00     0.00     0.00     0.00
   	   23.00   -29.00     0.00    90.00
   	   23.00   -29.00     0.00    90.00
 128 	   48.00   183.00     0.00     0.00     0.00     0.00
 128 	   48.00   183.00     0.00     0.00     0.00     0.00
   	   23.00   -29.00     0.00    90.00
   	   23.00   -29.00     0.00    90.00
 129 	   96.00   183.00     0.00     0.00     0.00     0.00
 129 	   96.00   183.00     0.00     0.00     0.00     0.00
   	   23.00   -29.00     0.00    90.00
   	   23.00   -29.00     0.00    90.00
 130 	  144.00   183.00     0.00     0.00     0.00     0.00
 130 	  144.00   183.00     0.00     0.00     0.00     0.00
   	   23.00   -29.00     0.00    90.00
   	   23.00   -29.00     0.00    90.00
 131 	  192.00   183.00     0.00     0.00     0.00     0.00
 131 	  192.00   183.00     0.00     0.00     0.00     0.00
   	   23.00   -29.00     0.00    90.00
   	   23.00   -29.00     0.00    90.00
 132 	  240.00   183.00     0.00     0.00     0.00     0.00
 132 	  240.00   183.00     0.00     0.00     0.00     0.00
   	   23.00   -29.00     0.00    90.00
   	   23.00   -29.00     0.00    90.00
 133 	  288.00   183.00     0.00     0.00     0.00     0.00
 133 	  288.00   183.00     0.00     0.00     0.00     0.00
   	   23.00   -29.00     0.00    90.00
   	   23.00   -29.00     0.00    90.00
 134 	  336.00   183.00     0.00     0.00     0.00     0.00
 134 	  336.00   183.00     0.00     0.00     0.00     0.00
   	   23.00   -29.00     0.00    90.00
   	   23.00   -29.00     0.00    90.00
 135 	  384.00   183.00     0.00     0.00     0.00     0.00
 135 	  384.00   183.00     0.00     0.00     0.00     0.00
   	   23.00   -29.00     0.00    90.00
   	   23.00   -29.00     0.00    90.00
 136 	  432.00   183.00     0.00     0.00     0.00     0.00
 136 	  432.00   183.00     0.00     0.00     0.00     0.00
   	   23.00   -29.00     0.00    90.00
   	   23.00   -29.00     0.00    90.00
 137 	  480.00   183.00     0.00     0.00     0.00     0.00
 137 	  480.00   183.00     0.00     0.00     0.00     0.00
   	   23.00   -29.00     0.00    90.00
   	   23.00   -29.00     0.00    90.00
 138 	  528.00   183.00     0.00     0.00     0.00     0.00
 138 	  528.00   183.00     0.00     0.00     0.00     0.00
   	   23.00   -29.00     0.00    90.00
   	   23.00   -29.00     0.00    90.00
 139 	 -528.00   244.00     0.00     0.00     0.00     0.00
 139 	 -528.00   244.00     0.00     0.00     0.00     0.00
   	   23.00   -29.00     0.00    90.00
   	   23.00   -29.00     0.00    90.00
 140 	 -480.00   244.00     0.00     0.00     0.00     0.00
 140 	 -480.00   244.00     0.00     0.00     0.00     0.00
   	   23.00   -29.00     0.00    90.00
   	   23.00   -29.00     0.00    90.00
 141 	 -432.00   244.00     0.00     0.00     0.00     0.00
 141 	 -432.00   244.00     0.00     0.00     0.00     0.00
   	   23.00   -29.00     0.00    90.00
   	   23.00   -29.00     0.00    90.00
 142 	 -384.00   244.00     0.00     0.00     0.00     0.00
 142 	 -384.00   244.00     0.00     0.00     0.00     0.00
   	   23.00   -29.00     0.00    90.00
   	   23.00   -29.00     0.00    90.00
 143 	 -336.00   244.00     0.00     0.00     0.00     0.00
 143 	 -336.00   244.00     0.00     0.00     0.00     0.00
   	   23.00   -29.00     0.00    90.00
   	   23.00   -29.00     0.00    90.00
 144 	 -288.00   244.00     0.00     0.00     0.00     0.00
 144 	 -288.00   244.00     0.00     0.00     0.00     0.00
   	   23.00   -29.00     0.00    90.00
   	   23.00   -29.00     0.00    90.00
 145 	 -240.00   244.00     0.00     0.00     0.00     0.00
 145 	 -240.00   244.00     0.00     0.00     0.00     0.00
   	   23.00   -29.00     0.00    90.00
   	   23.00   -29.00     0.00    90.00
 146 	 -192.00   244.00     0.00     0.00     0.00     0.00
 146 	 -192.00   244.00     0.00     0.00     0.00     0.00
   	   23.00   -29.00     0.00    90.00
   	   23.00   -29.00     0.00    90.00
 147 	 -144.00   244.00     0.00     0.00     0.00     0.00
 147 	 -144.00   244.00     0.00     0.00     0.00     0.00
   	   23.00   -29.00     0.00    90.00
   	   23.00   -29.00     0.00    90.00
 148 	  -96.00   244.00     0.00     0.00     0.00     0.00
 148 	  -96.00   244.00     0.00     0.00     0.00     0.00
   	   23.00   -29.00     0.00    90.00
   	   23.00   -29.00     0.00    90.00
 149 	  -48.00   244.00     0.00     0.00     0.00     0.00
 149 	  -48.00   244.00     0.00     0.00     0.00     0.00
   	   23.00   -29.00     0.00    90.00
   	   23.00   -29.00     0.00    90.00
 150 	   -0.00   244.00     0.00     0.00     0.00     0.00
 150 	   -0.00   244.00     0.00     0.00     0.00     0.00
   	   23.00   -29.00     0.00    90.00
   	   23.00   -29.00     0.00    90.00
 151 	   48.00   244.00     0.00     0.00     0.00     0.00
 151 	   48.00   244.00     0.00     0.00     0.00     0.00
   	   23.00   -29.00     0.00    90.00
   	   23.00   -29.00     0.00    90.00
 152 	   96.00   244.00     0.00     0.00     0.00     0.00
 152 	   96.00   244.00     0.00     0.00     0.00     0.00
   	   23.00   -29.00     0.00    90.00
   	   23.00   -29.00     0.00    90.00
 153 	  144.00   244.00     0.00     0.00     0.00     0.00
 153 	  144.00   244.00     0.00     0.00     0.00     0.00
   	   23.00   -29.00     0.00    90.00
   	   23.00   -29.00     0.00    90.00
 154 	  192.00   244.00     0.00     0.00     0.00     0.00
 154 	  192.00   244.00     0.00     0.00     0.00     0.00
   	   23.00   -29.00     0.00    90.00
   	   23.00   -29.00     0.00    90.00
 155 	  240.00   244.00     0.00     0.00     0.00     0.00
 155 	  240.00   244.00     0.00     0.00     0.00     0.00
   	   23.00   -29.00     0.00    90.00
   	   23.00   -29.00     0.00    90.00
 156 	  288.00   244.00     0.00     0.00     0.00     0.00
 156 	  288.00   244.00     0.00     0.00     0.00     0.00
   	   23.00   -29.00     0.00    90.00
   	   23.00   -29.00     0.00    90.00
 157 	  336.00   244.00     0.00     0.00     0.00     0.00
 157 	  336.00   244.00     0.00     0.00     0.00     0.00
   	   23.00   -29.00     0.00    90.00
   	   23.00   -29.00     0.00    90.00
 158 	  384.00   244.00     0.00     0.00     0.00     0.00
 158 	  384.00   244.00     0.00     0.00     0.00     0.00
   	   23.00   -29.00     0.00    90.00
   	   23.00   -29.00     0.00    90.00
 159 	  432.00   244.00     0.00     0.00     0.00     0.00
 159 	  432.00   244.00     0.00     0.00     0.00     0.00
   	   23.00   -29.00     0.00    90.00
   	   23.00   -29.00     0.00    90.00
 160 	  480.00   244.00     0.00     0.00     0.00     0.00
 160 	  480.00   244.00     0.00     0.00     0.00     0.00
   	   23.00   -29.00     0.00    90.00
   	   23.00   -29.00     0.00    90.00
 161 	  528.00   244.00     0.00     0.00     0.00     0.00
 161 	  528.00   244.00     0.00     0.00     0.00     0.00
   	   23.00   -29.00     0.00    90.00
   	   23.00   -29.00     0.00    90.00
 162 	 -528.00   305.00     0.00     0.00     0.00     0.00
 162 	 -528.00   305.00     0.00     0.00     0.00     0.00
   	   23.00   -29.00     0.00    90.00
   	   23.00   -29.00     0.00    90.00
 163 	 -480.00   305.00     0.00     0.00     0.00     0.00
 163 	 -480.00   305.00     0.00     0.00     0.00     0.00
   	   23.00   -29.00     0.00    90.00
   	   23.00   -29.00     0.00    90.00
 164 	 -432.00   305.00     0.00     0.00     0.00     0.00
 164 	 -432.00   305.00     0.00     0.00     0.00     0.00
   	   23.00   -29.00     0.00    90.00
   	   23.00   -29.00     0.00    90.00
 165 	 -384.00   305.00     0.00     0.00     0.00     0.00
 165 	 -384.00   305.00     0.00     0.00     0.00     0.00
   	   23.00   -29.00     0.00    90.00
   	   23.00   -29.00     0.00    90.00
 166 	 -336.00   305.00     0.00     0.00     0.00     0.00
 166 	 -336.00   305.00     0.00     0.00     0.00     0.00
   	   23.00   -29.00     0.00    90.00
   	   23.00   -29.00     0.00    90.00
 167 	 -288.00   305.00     0.00     0.00     0.00     0.00
 167 	 -288.00   305.00     0.00     0.00     0.00     0.00
   	   23.00   -29.00     0.00    90.00
   	   23.00   -29.00     0.00    90.00
 168 	 -240.00   305.00     0.00     0.00     0.00     0.00
 168 	 -240.00   305.00     0.00     0.00     0.00     0.00
   	   23.00   -29.00     0.00    90.00
   	   23.00   -29.00     0.00    90.00
 169 	 -192.00   305.00     0.00     0.00     0.00     0.00
 169 	 -192.00   305.00     0.00     0.00     0.00     0.00
   	   23.00   -29.00     0.00    90.00
   	   23.00   -29.00     0.00    90.00
 170 	 -144.00   305.00     0.00     0.00     0.00     0.00
 170 	 -144.00   305.00     0.00     0.00     0.00     0.00
   	   23.00   -29.00     0.00    90.00
   	   23.00   -29.00     0.00    90.00
 171 	  -96.00   305.00     0.00     0.00     0.00     0.00
 171 	  -96.00   305.00     0.00     0.00     0.00     0.00
   	   23.00   -29.00     0.00    90.00
   	   23.00   -29.00     0.00    90.00
 172 	  -48.00   305.00     0.00     0.00     0.00     0.00
 172 	  -48.00   305.00     0.00     0.00     0.00     0.00
   	   23.00   -29.00     0.00    90.00
   	   23.00   -29.00     0.00    90.00
 173 	   -0.00   305.00     0.00     0.00     0.00     0.00
 173 	   -0.00   305.00     0.00     0.00     0.00     0.00
   	   23.00   -29.00     0.00    90.00
   	   23.00   -29.00     0.00    90.00
 174 	   48.00   305.00     0.00     0.00     0.00     0.00
 174 	   48.00   305.00     0.00     0.00     0.00     0.00
   	   23.00   -29.00     0.00    90.00
   	   23.00   -29.00     0.00    90.00
 175 	   96.00   305.00     0.00     0.00     0.00     0.00
 175 	   96.00   305.00     0.00     0.00     0.00     0.00
   	   23.00   -29.00     0.00    90.00
   	   23.00   -29.00     0.00    90.00
 176 	  144.00   305.00     0.00     0.00     0.00     0.00
 176 	  144.00   305.00     0.00     0.00     0.00     0.00
   	   23.00   -29.00     0.00    90.00
   	   23.00   -29.00     0.00    90.00
 177 	  192.00   305.00     0.00     0.00     0.00     0.00
 177 	  192.00   305.00     0.00     0.00     0.00     0.00
   	   23.00   -29.00     0.00    90.00
   	   23.00   -29.00     0.00    90.00
 178 	  240.00   305.00     0.00     0.00     0.00     0.00
 178 	  240.00   305.00     0.00     0.00     0.00     0.00
   	   23.00   -29.00     0.00    90.00
   	   23.00   -29.00     0.00    90.00
 179 	  288.00   305.00     0.00     0.00     0.00     0.00
 179 	  288.00   305.00     0.00     0.00     0.00     0.00
   	   23.00   -29.00     0.00    90.00
   	   23.00   -29.00     0.00    90.00
 180 	  336.00   305.00     0.00     0.00     0.00     0.00
 180 	  336.00   305.00     0.00     0.00     0.00     0.00
   	   23.00   -29.00     0.00    90.00
   	   23.00   -29.00     0.00    90.00
 181 	  384.00   305.00     0.00     0.00     0.00     0.00
 181 	  384.00   305.00     0.00     0.00     0.00     0.00
   	   23.00   -29.00     0.00    90.00
   	   23.00   -29.00     0.00    90.00
 182 	  432.00   305.00     0.00     0.00     0.00     0.00
 182 	  432.00   305.00     0.00     0.00     0.00     0.00
   	   23.00   -29.00     0.00    90.00
   	   23.00   -29.00     0.00    90.00
 183 	  480.00   305.00     0.00     0.00     0.00     0.00
 183 	  480.00   305.00     0.00     0.00     0.00     0.00
   	   23.00   -29.00     0.00    90.00
   	   23.00   -29.00     0.00    90.00
 184 	  528.00   305.00     0.00     0.00     0.00     0.00
 184 	  528.00   305.00     0.00     0.00     0.00     0.00
   	   23.00   -29.00     0.00    90.00
   	   23.00   -29.00     0.00    90.00
 185 	  -96.00    61.00     0.00     0.00     0.00     0.00
 185 	  -96.00    61.00     0.00     0.00     0.00     0.00
   	   23.00   -29.00     0.00    90.00
   	   23.00   -29.00     0.00    90.00
 186 	  -48.00    61.00     0.00     0.00     0.00     0.00
 186 	  -48.00    61.00     0.00     0.00     0.00     0.00
   	   23.00   -29.00     0.00    90.00
   	   23.00   -29.00     0.00    90.00
 187 	   -0.00    61.00     0.00     0.00     0.00     0.00
 187 	   -0.00    61.00     0.00     0.00     0.00     0.00
   	   23.00   -29.00     0.00    90.00
   	   23.00   -29.00     0.00    90.00
 188 	   48.00    61.00     0.00     0.00     0.00     0.00
 188 	   48.00    61.00     0.00     0.00     0.00     0.00
   	   23.00   -29.00     0.00    90.00
   	   23.00   -29.00     0.00    90.00
 189 	   96.00    61.00     0.00     0.00     0.00     0.00
 189 	   96.00    61.00     0.00     0.00     0.00     0.00
   	   23.00   -29.00     0.00    90.00
   	   23.00   -29.00     0.00    90.00
 190 	  144.00    61.00     0.00     0.00     0.00     0.00
 190 	  144.00    61.00     0.00     0.00     0.00     0.00
   	   23.00   -29.00     0.00    90.00
   	   23.00   -29.00     0.00    90.00
 191 	  192.00    61.00     0.00     0.00     0.00     0.00
 191 	  192.00    61.00     0.00     0.00     0.00     0.00
   	   23.00   -29.00     0.00    90.00
   	   23.00   -29.00     0.00    90.00
 192 	  240.00    61.00     0.00     0.00     0.00     0.00
 192 	  240.00    61.00     0.00     0.00     0.00     0.00
   	   23.00   -29.00     0.00    90.00
   	   23.00   -29.00     0.00    90.00
 193 	  -96.00   122.00     0.00     0.00     0.00     0.00
 193 	  -96.00   122.00     0.00     0.00     0.00     0.00
   	   23.00   -29.00     0.00    90.00
   	   23.00   -29.00     0.00    90.00
 194 	  -48.00   122.00     0.00     0.00     0.00     0.00
 194 	  -48.00   122.00     0.00     0.00     0.00     0.00
   	   23.00   -29.00     0.00    90.00
   	   23.00   -29.00     0.00    90.00
 195 	   -0.00   122.00     0.00     0.00     0.00     0.00
 195 	   -0.00   122.00     0.00     0.00     0.00     0.00
   	   23.00   -29.00     0.00    90.00
   	   23.00   -29.00     0.00    90.00
 196 	   48.00   122.00     0.00     0.00     0.00     0.00
 196 	   48.00   122.00     0.00     0.00     0.00     0.00
   	   23.00   -29.00     0.00    90.00
   	   23.00   -29.00     0.00    90.00
 197 	   96.00   122.00     0.00     0.00     0.00     0.00
 197 	   96.00   122.00     0.00     0.00     0.00     0.00
   	   23.00   -29.00     0.00    90.00
   	   23.00   -29.00     0.00    90.00
 198 	  144.00   122.00     0.00     0.00     0.00     0.00
 198 	  144.00   122.00     0.00     0.00     0.00     0.00
   	   23.00   -29.00     0.00    90.00
   	   23.00   -29.00     0.00    90.00
 199 	  192.00   122.00     0.00     0.00     0.00     0.00
 199 	  192.00   122.00     0.00     0.00     0.00     0.00
   	   23.00   -29.00     0.00    90.00
   	   23.00   -29.00     0.00    90.00
 200 	  240.00   122.00     0.00     0.00     0.00     0.00
 200 	  240.00   122.00     0.00     0.00     0.00     0.00
   	   23.00   -29.00     0.00    90.00
   	   23.00   -29.00     0.00    90.00
 201 	  -96.00   183.00     0.00     0.00     0.00     0.00
 201 	  -96.00   183.00     0.00     0.00     0.00     0.00
   	   23.00   -29.00     0.00    90.00
   	   23.00   -29.00     0.00    90.00
 202 	  -48.00   183.00     0.00     0.00     0.00     0.00
 202 	  -48.00   183.00     0.00     0.00     0.00     0.00
   	   23.00   -29.00     0.00    90.00
   	   23.00   -29.00     0.00    90.00
 203 	   -0.00   183.00     0.00     0.00     0.00     0.00
 203 	   -0.00   183.00     0.00     0.00     0.00     0.00
   	   23.00   -29.00     0.00    90.00
   	   23.00   -29.00     0.00    90.00
 204 	   48.00   183.00     0.00     0.00     0.00     0.00
 204 	   48.00   183.00     0.00     0.00     0.00     0.00
   	   23.00   -29.00     0.00    90.00
   	   23.00   -29.00     0.00    90.00
 205 	   96.00   183.00     0.00     0.00     0.00     0.00
 205 	   96.00   183.00     0.00     0.00     0.00     0.00
   	   23.00   -29.00     0.00    90.00
   	   23.00   -29.00     0.00    90.00
 206 	  144.00   183.00     0.00     0.00     0.00     0.00
 206 	  144.00   183.00     0.00     0.00     0.00     0.00
   	   23.00   -29.00     0.00    90.00
   	   23.00   -29.00     0.00    90.00
 207 	  192.00   183.00     0.00     0.00     0.00     0.00
 207 	  192.00   183.00     0.00     0.00     0.00     0.00
   	   23.00   -29.00     0.00    90.00
   	   23.00   -29.00     0.00    90.00
 208 	  240.00   183.00     0.00     0.00     0.00     0.00
 208 	  240.00   183.00     0.00     0.00     0.00     0.00
   	   23.00   -29.00     0.00    90.00
   	   23.00   -29.00     0.00    90.00
 209 	  -96.00   244.00     0.00     0.00     0.00     0.00
 209 	  -96.00   244.00     0.00     0.00     0.00     0.00
   	   23.00   -29.00     0.00    90.00
   	   23.00   -29.00     0.00    90.00
 210 	  -48.00   244.00     0.00     0.00     0.00     0.00
 210 	  -48.00   244.00     0.00     0.00     0.00     0.00
   	   23.00   -29.00     0.00    90.00
   	   23.00   -29.00     0.00    90.00
 211 	   -0.00   244.00     0.00     0.00     0.00     0.00
 211 	   -0.00   244.00     0.00     0.00     0.00     0.00
   	   23.00   -29.00     0.00    90.00
   	   23.00   -29.00     0.00    90.00
 212 	   48.00   244.00     0.00     0.00     0.00     0.00
 212 	   48.00   244.00     0.00     0.00     0.00     0.00
   	   23.00   -29.00     0.00    90.00
   	   23.00   -29.00     0.00    90.00
 213 	   96.00   244.00     0.00     0.00     0.00     0.00
 213 	   96.00   244.00     0.00     0.00     0.00     0.00
   	   23.00   -29.00     0.00    90.00
   	   23.00   -29.00     0.00    90.00
 214 	  144.00   244.00     0.00     0.00     0.00     0.00
 214 	  144.00   244.00     0.00     0.00     0.00     0.00
   	   23.00   -29.00     0.00    90.00
   	   23.00   -29.00     0.00    90.00
 215 	  192.00   244.00     0.00     0.00     0.00     0.00
 215 	  192.00   244.00     0.00     0.00     0.00     0.00
   	   23.00   -29.00     0.00    90.00
   	   23.00   -29.00     0.00    90.00
 216 	  240.00   244.00     0.00     0.00     0.00     0.00
 216 	  240.00   244.00     0.00     0.00     0.00     0.00
   	   23.00   -29.00     0.00    90.00
   	   23.00   -29.00     0.00    90.00
 217 	 -432.00    61.00     0.00     0.00     0.00     0.00
 217 	 -432.00    61.00     0.00     0.00     0.00     0.00
   	   23.00   -29.00     0.00    90.00
   	   23.00   -29.00     0.00    90.00
 218 	 -384.00    61.00     0.00     0.00     0.00     0.00
 218 	 -384.00    61.00     0.00     0.00     0.00     0.00
   	   23.00   -29.00     0.00    90.00
   	   23.00   -29.00     0.00    90.00
 219 	 -336.00    61.00     0.00     0.00     0.00     0.00
 219 	 -336.00    61.00     0.00     0.00     0.00     0.00
   	   23.00   -29.00     0.00    90.00
   	   23.00   -29.00     0.00    90.00
 220 	 -288.00    61.00     0.00     0.00     0.00     0.00
 220 	 -288.00    61.00     0.00     0.00     0.00     0.00
   	   23.00   -29.00     0.00    90.00
   	   23.00   -29.00     0.00    90.00
 221 	 -240.00    61.00     0.00     0.00     0.00     0.00
 221 	 -240.00    61.00     0.00     0.00     0.00     0.00
   	   23.00   -29.00     0.00    90.00
   	   23.00   -29.00     0.00    90.00
 222 	 -192.00    61.00     0.00     0.00     0.00     0.00
 222 	 -192.00    61.00     0.00     0.00     0.00     0.00
   	   23.00   -29.00     0.00    90.00
   	   23.00   -29.00     0.00    90.00
 223 	 -144.00    61.00     0.00     0.00     0.00     0.00
 223 	 -144.00    61.00     0.00     0.00     0.00     0.00
   	   23.00   -29.00     0.00    90.00
   	   23.00   -29.00     0.00    90.00
 224 	  -96.00    61.00     0.00     0.00     0.00     0.00
 224 	  -96.00    61.00     0.00     0.00     0.00     0.00
   	   23.00   -29.00     0.00    90.00
   	   23.00   -29.00     0.00    90.00
 225 	  -48.00    61.00     0.00     0.00     0.00     0.00
 225 	  -48.00    61.00     0.00     0.00     0.00     0.00
   	   23.00   -29.00     0.00    90.00
   	   23.00   -29.00     0.00    90.00
 226 	   -0.00    61.00     0.00     0.00     0.00     0.00
 226 	   -0.00    61.00     0.00     0.00     0.00     0.00
   	   23.00   -29.00     0.00    90.00
   	   23.00   -29.00     0.00    90.00
 227 	   48.00    61.00     0.00     0.00     0.00     0.00
 227 	   48.00    61.00     0.00     0.00     0.00     0.00
   	   23.00   -29.00     0.00    90.00
   	   23.00   -29.00     0.00    90.00
 228 	   96.00    61.00     0.00     0.00     0.00     0.00
 228 	   96.00    61.00     0.00     0.00     0.00     0.00
   	   23.00   -29.00     0.00    90.00
   	   23.00   -29.00     0.00    90.00
 229 	  144.00    61.00     0.00     0.00     0.00     0.00
 229 	  144.00    61.00     0.00     0.00     0.00     0.00
   	   23.00   -29.00     0.00    90.00
   	   23.00   -29.00     0.00    90.00
 230 	  192.00    61.00     0.00     0.00     0.00     0.00
 230 	  192.00    61.00     0.00     0.00     0.00     0.00
   	   23.00   -29.00     0.00    90.00
   	   23.00   -29.00     0.00    90.00
 231 	  240.00    61.00     0.00     0.00     0.00     0.00
 231 	  240.00    61.00     0.00     0.00     0.00     0.00
   	   23.00   -29.00     0.00    90.00
   	   23.00   -29.00     0.00    90.00
 232 	  288.00    61.00     0.00     0.00     0.00     0.00
 232 	  288.00    61.00     0.00     0.00     0.00     0.00
   	   23.00   -29.00     0.00    90.00
   	   23.00   -29.00     0.00    90.00
 233 	  336.00    61.00     0.00     0.00     0.00     0.00
 233 	  336.00    61.00     0.00     0.00     0.00     0.00
   	   23.00   -29.00     0.00    90.00
   	   23.00   -29.00     0.00    90.00
 234 	 -432.00   122.00     0.00     0.00     0.00     0.00
 234 	 -432.00   122.00     0.00     0.00     0.00     0.00
   	   23.00   -29.00     0.00    90.00
   	   23.00   -29.00     0.00    90.00
 235 	 -384.00   122.00     0.00     0.00     0.00     0.00
 235 	 -384.00   122.00     0.00     0.00     0.00     0.00
   	   23.00   -29.00     0.00    90.00
   	   23.00   -29.00     0.00    90.00
 236 	 -336.00   122.00     0.00     0.00     0.00     0.00
 236 	 -336.00   122.00     0.00     0.00     0.00     0.00
   	   23.00   -29.00     0.00    90.00
   	   23.00   -29.00     0.00    90.00
 237 	 -288.00   122.00     0.00     0.00     0.00     0.00
 237 	 -288.00   122.00     0.00     0.00     0.00     0.00
   	   23.00   -29.00     0.00    90.00
   	   23.00   -29.00     0.00    90.00
 238 	 -240.00   122.00     0.00     0.00     0.00     0.00
 238 	 -240.00   122.00     0.00     0.00     0.00     0.00
   	   23.00   -29.00     0.00    90.00
   	   23.00   -29.00     0.00    90.00
 239 	 -192.00   122.00     0.00     0.00     0.00     0.00
 239 	 -192.00   122.00     0.00     0.00     0.00     0.00
   	   23.00   -29.00     0.00    90.00
   	   23.00   -29.00     0.00    90.00
 240 	 -144.00   122.00     0.00     0.00     0.00     0.00
 240 	 -144.00   122.00     0.00     0.00     0.00     0.00
   	   23.00   -29.00     0.00    90.00
   	   23.00   -29.00     0.00    90.00
 241 	  -96.00   122.00     0.00     0.00     0.00     0.00
 241 	  -96.00   122.00     0.00     0.00     0.00     0.00
   	   23.00   -29.00     0.00    90.00
   	   23.00   -29.00     0.00    90.00
 242 	  -48.00   122.00     0.00     0.00     0.00     0.00
 242 	  -48.00   122.00     0.00     0.00     0.00     0.00
   	   23.00   -29.00     0.00    90.00
   	   23.00   -29.00     0.00    90.00
 243 	   -0.00   122.00     0.00     0.00     0.00     0.00
 243 	   -0.00   122.00     0.00     0.00     0.00     0.00
   	   23.00   -29.00     0.00    90.00
   	   23.00   -29.00     0.00    90.00
 244 	   48.00   122.00     0.00     0.00     0.00     0.00
 244 	   48.00   122.00     0.00     0.00     0.00     0.00
   	   23.00   -29.00     0.00    90.00
   	   23.00   -29.00     0.00    90.00
 245 	   96.00   122.00     0.00     0.00     0.00     0.00
 245 	   96.00   122.00     0.00     0.00     0.00     0.00
   	   23.00   -29.00     0.00    90.00
   	   23.00   -29.00     0.00    90.00
 246 	  144.00   122.00     0.00     0.00     0.00     0.00
 246 	  144.00   122.00     0.00     0.00     0.00     0.00
   	   23.00   -29.00     0.00    90.00
   	   23.00   -29.00     0.00    90.00
 247 	  192.00   122.00     0.00     0.00     0.00     0.00
 247 	  192.00   122.00     0.00     0.00     0.00     0.00
   	   23.00   -29.00     0.00    90.00
   	   23.00   -29.00     0.00    90.00
 248 	  240.00   122.00     0.00     0.00     0.00     0.00
 248 	  240.00   122.00     0.00     0.00     0.00     0.00
   	   23.00   -29.00     0.00    90.00
   	   23.00   -29.00     0.00    90.00
 249 	  288.00   122.00     0.00     0.00     0.00     0.00
 249 	  288.00   122.00     0.00     0.00     0.00     0.00
   	   23.00   -29.00     0.00    90.00
   	   23.00   -29.00     0.00    90.00
 250 	  336.00   122.00     0.00     0.00     0.00     0.00
 250 	  336.00   122.00     0.00     0.00     0.00     0.00
   	   23.00   -29.00     0.00    90.00
   	   23.00   -29.00     0.00    90.00
 251 	 -432.00   183.00     0.00     0.00     0.00     0.00
 251 	 -432.00   183.00     0.00     0.00     0.00     0.00
   	   23.00   -29.00     0.00    90.00
   	   23.00   -29.00     0.00    90.00
 252 	 -384.00   183.00     0.00     0.00     0.00     0.00
 252 	 -384.00   183.00     0.00     0.00     0.00     0.00
   	   23.00   -29.00     0.00    90.00
   	   23.00   -29.00     0.00    90.00
 253 	 -336.00   183.00     0.00     0.00     0.00     0.00
 253 	 -336.00   183.00     0.00     0.00     0.00     0.00
   	   23.00   -29.00     0.00    90.00
   	   23.00   -29.00     0.00    90.00
 254 	 -288.00   183.00     0.00     0.00     0.00     0.00
 254 	 -288.00   183.00     0.00     0.00     0.00     0.00
   	   23.00   -29.00     0.00    90.00
   	   23.00   -29.00     0.00    90.00
 255 	 -240.00   183.00     0.00     0.00     0.00     0.00
 255 	 -240.00   183.00     0.00     0.00     0.00     0.00
   	   23.00   -29.00     0.00    90.00
   	   23.00   -29.00     0.00    90.00
 256 	 -192.00   183.00     0.00     0.00     0.00     0.00
 256 	 -192.00   183.00     0.00     0.00     0.00     0.00
   	   23.00   -29.00     0.00    90.00
   	   23.00   -29.00     0.00    90.00
 257 	 -144.00   183.00     0.00     0.00     0.00     0.00
 257 	 -144.00   183.00     0.00     0.00     0.00     0.00
   	   23.00   -29.00     0.00    90.00
   	   23.00   -29.00     0.00    90.00
 258 	  -96.00   183.00     0.00     0.00     0.00     0.00
 258 	  -96.00   183.00     0.00     0.00     0.00     0.00
   	   23.00   -29.00     0.00    90.00
   	   23.00   -29.00     0.00    90.00
 259 	  -48.00   183.00     0.00     0.00     0.00     0.00
 259 	  -48.00   183.00     0.00     0.00     0.00     0.00
   	   23.00   -29.00     0.00    90.00
   	   23.00   -29.00     0.00    90.00
 260 	   -0.00   183.00     0.00     0.00     0.00     0.00
 260 	   -0.00   183.00     0.00     0.00     0.00     0.00
   	   23.00   -29.00     0.00    90.00
   	   23.00   -29.00     0.00    90.00
 261 	   48.00   183.00     0.00     0.00     0.00     0.00
 261 	   48.00   183.00     0.00     0.00     0.00     0.00
   	   23.00   -29.00     0.00    90.00
   	   23.00   -29.00     0.00    90.00
 262 	   96.00   183.00     0.00     0.00     0.00     0.00
 262 	   96.00   183.00     0.00     0.00     0.00     0.00
   	   23.00   -29.00     0.00    90.00
   	   23.00   -29.00     0.00    90.00
 263 	  144.00   183.00     0.00     0.00     0.00     0.00
 263 	  144.00   183.00     0.00     0.00     0.00     0.00
   	   23.00   -29.00     0.00    90.00
   	   23.00   -29.00     0.00    90.00
 264 	  192.00   183.00     0.00     0.00     0.00     0.00
 264 	  192.00   183.00     0.00     0.00     0.00     0.00
   	   23.00   -29.00     0.00    90.00
   	   23.00   -29.00     0.00    90.00
 265 	  240.00   183.00     0.00     0.00     0.00     0.00
 265 	  240.00   183.00     0.00     0.00     0.00     0.00
   	   23.00   -29.00     0.00    90.00
   	   23.00   -29.00     0.00    90.00
 266 	  288.00   183.00     0.00     0.00     0.00     0.00
 266 	  288.00   183.00     0.00     0.00     0.00     0.00
   	   23.00   -29.00     0.00    90.00
   	   23.00   -29.00     0.00    90.00
 267 	  336.00   183.00     0.00     0.00     0.00     0.00
 267 	  336.00   183.00     0.00     0.00     0.00     0.00
   	   23.00   -29.00     0.00    90.00
   	   23.00   -29.00     0.00    90.00
 268 	 -432.00   244.00     0.00     0.00     0.00     0.00
 268 	 -432.00   244.00     0.00     0.00     0.00     0.00
   	   23.00   -29.00     0.00    90.00
   	   23.00   -29.00     0.00    90.00
 269 	 -384.00   244.00     0.00     0.00     0.00     0.00
 269 	 -384.00   244.00     0.00     0.00     0.00     0.00
   	   23.00   -29.00     0.00    90.00
   	   23.00   -29.00     0.00    90.00
 270 	 -336.00   244.00     0.00     0.00     0.00     0.00
 270 	 -336.00   244.00     0.00     0.00     0.00     0.00
   	   23.00   -29.00     0.00    90.00
   	   23.00   -29.00     0.00    90.00
 271 	 -288.00   244.00     0.00     0.00     0.00     0.00
 271 	 -288.00   244.00     0.00     0.00     0.00     0.00
   	   23.00   -29.00     0.00    90.00
   	   23.00   -29.00     0.00    90.00
 272 	 -240.00   244.00     0.00     0.00     0.00     0.00
 272 	 -240.00   244.00     0.00     0.00     0.00     0.00
   	   23.00   -29.00     0.00    90.00
   	   23.00   -29.00     0.00    90.00
 273 	 -192.00   244.00     0.00     0.00     0.00     0.00
 273 	 -192.00   244.00     0.00     0.00     0.00     0.00
   	   23.00   -29.00     0.00    90.00
   	   23.00   -29.00     0.00    90.00
 274 	 -144.00   244.00     0.00     0.00     0.00     0.00
 274 	 -144.00   244.00     0.00     0.00     0.00     0.00
   	   23.00   -29.00     0.00    90.00
   	   23.00   -29.00     0.00    90.00
 275 	  -96.00   244.00     0.00     0.00     0.00     0.00
 275 	  -96.00   244.00     0.00     0.00     0.00     0.00
   	   23.00   -29.00     0.00    90.00
   	   23.00   -29.00     0.00    90.00
 276 	  -48.00   244.00     0.00     0.00     0.00     0.00
 276 	  -48.00   244.00     0.00     0.00     0.00     0.00
   	   23.00   -29.00     0.00    90.00
   	   23.00   -29.00     0.00    90.00
 277 	   -0.00   244.00     0.00     0.00     0.00     0.00
 277 	   -0.00   244.00     0.00     0.00     0.00     0.00
   	   23.00   -29.00     0.00    90.00
   	   23.00   -29.00     0.00    90.00
 278 	   48.00   244.00     0.00     0.00     0.00     0.00
 278 	   48.00   244.00     0.00     0.00     0.00     0.00
   	   23.00   -29.00     0.00    90.00
   	   23.00   -29.00     0.00    90.00
 279 	   96.00   244.00     0.00     0.00     0.00     0.00
 279 	   96.00   244.00     0.00     0.00     0.00     0.00
   	   23.00   -29.00     0.00    90.00
   	   23.00   -29.00     0.00    90.00
 280 	  144.00   244.00     0.00     0.00     0.00     0.00
 280 	  144.00   244.00     0.00     0.00     0.00     0.00
   	   23.00   -29.00     0.00    90.00
   	   23.00   -29.00     0.00    90.00
 281 	  192.00   244.00     0.00     0.00     0.00     0.00
 281 	  192.00   244.00     0.00     0.00     0.00     0.00
   	   23.00   -29.00     0.00    90.00
   	   23.00   -29.00     0.00    90.00
 282 	  240.00   244.00     0.00     0.00     0.00     0.00
 282 	  240.00   244.00     0.00     0.00     0.00     0.00
   	   23.00   -29.00     0.00    90.00
   	   23.00   -29.00     0.00    90.00
 283 	  288.00   244.00     0.00     0.00     0.00     0.00
 283 	  288.00   244.00     0.00     0.00     0.00     0.00
   	   23.00   -29.00     0.00    90.00
   	   23.00   -29.00     0.00    90.00
 284 	  336.00   244.00     0.00     0.00     0.00     0.00
 284 	  336.00   244.00     0.00     0.00     0.00     0.00
   	   23.00   -29.00     0.00    90.00
   	   23.00   -29.00     0.00    90.00
 285 	 -432.00   305.00     0.00     0.00     0.00     0.00
 285 	 -432.00   305.00     0.00     0.00     0.00     0.00
   	   23.00   -29.00     0.00    90.00
   	   23.00   -29.00     0.00    90.00
 286 	 -384.00   305.00     0.00     0.00     0.00     0.00
 286 	 -384.00   305.00     0.00     0.00     0.00     0.00
   	   23.00   -29.00     0.00    90.00
   	   23.00   -29.00     0.00    90.00
 287 	 -336.00   305.00     0.00     0.00     0.00     0.00
 287 	 -336.00   305.00     0.00     0.00     0.00     0.00
   	   23.00   -29.00     0.00    90.00
   	   23.00   -29.00     0.00    90.00
 288 	 -288.00   305.00     0.00     0.00     0.00     0.00
 288 	 -288.00   305.00     0.00     0.00     0.00     0.00
   	   23.00   -29.00     0.00    90.00
   	   23.00   -29.00     0.00    90.00
 289 	 -240.00   305.00     0.00     0.00     0.00     0.00
 289 	 -240.00   305.00     0.00     0.00     0.00     0.00
   	   23.00   -29.00     0.00    90.00
   	   23.00   -29.00     0.00    90.00
 290 	 -192.00   305.00     0.00     0.00     0.00     0.00
 290 	 -192.00   305.00     0.00     0.00     0.00     0.00
   	   23.00   -29.00     0.00    90.00
   	   23.00   -29.00     0.00    90.00
 291 	 -144.00   305.00     0.00     0.00     0.00     0.00
 291 	 -144.00   305.00     0.00     0.00     0.00     0.00
   	   23.00   -29.00     0.00    90.00
   	   23.00   -29.00     0.00    90.00
 292 	  -96.00   305.00     0.00     0.00     0.00     0.00
 292 	  -96.00   305.00     0.00     0.00     0.00     0.00
   	   23.00   -29.00     0.00    90.00
   	   23.00   -29.00     0.00    90.00
 293 	  -48.00   305.00     0.00     0.00     0.00     0.00
 293 	  -48.00   305.00     0.00     0.00     0.00     0.00
   	   23.00   -29.00     0.00    90.00
   	   23.00   -29.00     0.00    90.00
 294 	   -0.00   305.00     0.00     0.00     0.00     0.00
 294 	   -0.00   305.00     0.00     0.00     0.00     0.00
   	   23.00   -29.00     0.00    90.00
   	   23.00   -29.00     0.00    90.00
 295 	   48.00   305.00     0.00     0.00     0.00     0.00
 295 	   48.00   305.00     0.00     0.00     0.00     0.00
   	   23.00   -29.00     0.00    90.00
   	   23.00   -29.00     0.00    90.00
 296 	   96.00   305.00     0.00     0.00     0.00     0.00
 296 	   96.00   305.00     0.00     0.00     0.00     0.00
   	   23.00   -29.00     0.00    90.00
   	   23.00   -29.00     0.00    90.00
 297 	  144.00   305.00     0.00     0.00     0.00     0.00
 297 	  144.00   305.00     0.00     0.00     0.00     0.00
   	   23.00   -29.00     0.00    90.00
   	   23.00   -29.00     0.00    90.00
 298 	  192.00   305.00     0.00     0.00     0.00     0.00
 298 	  192.00   305.00     0.00     0.00     0.00     0.00
   	   23.00   -29.00     0.00    90.00
   	   23.00   -29.00     0.00    90.00
 299 	  240.00   305.00     0.00     0.00     0.00     0.00
 299 	  240.00   305.00     0.00     0.00     0.00     0.00
   	   23.00   -29.00     0.00    90.00
   	   23.00   -29.00     0.00    90.00
 300 	  288.00   305.00     0.00     0.00     0.00     0.00
 300 	  288.00   305.00     0.00     0.00     0.00     0.00
   	   23.00   -29.00     0.00    90.00
   	   23.00   -29.00     0.00    90.00
 301 	  336.00   305.00     0.00     0.00     0.00     0.00
 301 	  336.00   305.00     0.00     0.00     0.00     0.00
   	   23.00   -29.00     0.00    90.00
   	   23.00   -29.00     0.00    90.00
 302 	 -432.00   366.00     0.00     0.00     0.00     0.00
 302 	 -432.00   366.00     0.00     0.00     0.00     0.00
   	   23.00   -29.00     0.00    90.00
   	   23.00   -29.00     0.00    90.00
 303 	 -384.00   366.00     0.00     0.00     0.00     0.00
 303 	 -384.00   366.00     0.00     0.00     0.00     0.00
   	   23.00   -29.00     0.00    90.00
   	   23.00   -29.00     0.00    90.00
 304 	 -336.00   366.00     0.00     0.00     0.00     0.00
 304 	 -336.00   366.00     0.00     0.00     0.00     0.00
   	   23.00   -29.00     0.00    90.00
   	   23.00   -29.00     0.00    90.00
 305 	 -288.00   366.00     0.00     0.00     0.00     0.00
 305 	 -288.00   366.00     0.00     0.00     0.00     0.00
   	   23.00   -29.00     0.00    90.00
   	   23.00   -29.00     0.00    90.00
 306 	 -240.00   366.00     0.00     0.00     0.00     0.00
 306 	 -240.00   366.00     0.00     0.00     0.00     0.00
   	   23.00   -29.00     0.00    90.00
   	   23.00   -29.00     0.00    90.00
 307 	 -192.00   366.00     0.00     0.00     0.00     0.00
 307 	 -192.00   366.00     0.00     0.00     0.00     0.00
   	   23.00   -29.00     0.00    90.00
   	   23.00   -29.00     0.00    90.00
 308 	 -144.00   366.00     0.00     0.00     0.00     0.00
 308 	 -144.00   366.00     0.00     0.00     0.00     0.00
   	   23.00   -29.00     0.00    90.00
   	   23.00   -29.00     0.00    90.00
 309 	  -96.00   366.00     0.00     0.00     0.00     0.00
 309 	  -96.00   366.00     0.00     0.00     0.00     0.00
   	   23.00   -29.00     0.00    90.00
   	   23.00   -29.00     0.00    90.00
 310 	  -48.00   366.00     0.00     0.00     0.00     0.00
 310 	  -48.00   366.00     0.00     0.00     0.00     0.00
   	   23.00   -29.00     0.00    90.00
   	   23.00   -29.00     0.00    90.00
 311 	   -0.00   366.00     0.00     0.00     0.00     0.00
 311 	   -0.00   366.00     0.00     0.00     0.00     0.00
   	   23.00   -29.00     0.00    90.00
   	   23.00   -29.00     0.00    90.00
 312 	   48.00   366.00     0.00     0.00     0.00     0.00
 312 	   48.00   366.00     0.00     0.00     0.00     0.00
   	   23.00   -29.00     0.00    90.00
   	   23.00   -29.00     0.00    90.00
 313 	   96.00   366.00     0.00     0.00     0.00     0.00
 313 	   96.00   366.00     0.00     0.00     0.00     0.00
   	   23.00   -29.00     0.00    90.00
   	   23.00   -29.00     0.00    90.00
 314 	  144.00   366.00     0.00     0.00     0.00     0.00
 314 	  144.00   366.00     0.00     0.00     0.00     0.00
   	   23.00   -29.00     0.00    90.00
   	   23.00   -29.00     0.00    90.00
 315 	  192.00   366.00     0.00     0.00     0.00     0.00
 315 	  192.00   366.00     0.00     0.00     0.00     0.00
   	   23.00   -29.00     0.00    90.00
   	   23.00   -29.00     0.00    90.00
 316 	  240.00   366.00     0.00     0.00     0.00     0.00
 316 	  240.00   366.00     0.00     0.00     0.00     0.00
   	   23.00   -29.00     0.00    90.00
   	   23.00   -29.00     0.00    90.00
 317 	  288.00   366.00     0.00     0.00     0.00     0.00
 317 	  288.00   366.00     0.00     0.00     0.00     0.00
   	   23.00   -29.00     0.00    90.00
   	   23.00   -29.00     0.00    90.00
 318 	  336.00   366.00     0.00     0.00     0.00     0.00
 318 	  336.00   366.00     0.00     0.00     0.00     0.00
   	   23.00   -29.00     0.00    90.00
   	   23.00   -29.00     0.00    90.00
 319 	 -432.00   427.00     0.00     0.00     0.00     0.00
 319 	 -432.00   427.00     0.00     0.00     0.00     0.00
   	   23.00   -29.00     0.00    90.00
   	   23.00   -29.00     0.00    90.00
 320 	 -384.00   427.00     0.00     0.00     0.00     0.00
 320 	 -384.00   427.00     0.00     0.00     0.00     0.00
   	   23.00   -29.00     0.00    90.00
   	   23.00   -29.00     0.00    90.00
 321 	 -336.00   427.00     0.00     0.00     0.00     0.00
 321 	 -336.00   427.00     0.00     0.00     0.00     0.00
   	   23.00   -29.00     0.00    90.00
   	   23.00   -29.00     0.00    90.00
 322 	 -288.00   427.00     0.00     0.00     0.00     0.00
 322 	 -288.00   427.00     0.00     0.00     0.00     0.00
   	   23.00   -29.00     0.00    90.00
   	   23.00   -29.00     0.00    90.00
 323 	 -240.00   427.00     0.00     0.00     0.00     0.00
 323 	 -240.00   427.00     0.00     0.00     0.00     0.00
   	   23.00   -29.00     0.00    90.00
   	   23.00   -29.00     0.00    90.00
 324 	 -192.00   427.00     0.00     0.00     0.00     0.00
 324 	 -192.00   427.00     0.00     0.00     0.00     0.00
   	   23.00   -29.00     0.00    90.00
   	   23.00   -29.00     0.00    90.00
 325 	 -144.00   427.00     0.00     0.00     0.00     0.00
 325 	 -144.00   427.00     0.00     0.00     0.00     0.00
   	   23.00   -29.00     0.00    90.00
   	   23.00   -29.00     0.00    90.00
 326 	  -96.00   427.00     0.00     0.00     0.00     0.00
 326 	  -96.00   427.00     0.00     0.00     0.00     0.00
   	   23.00   -29.00     0.00    90.00
   	   23.00   -29.00     0.00    90.00
 327 	  -48.00   427.00     0.00     0.00     0.00     0.00
 327 	  -48.00   427.00     0.00     0.00     0.00     0.00
   	   23.00   -29.00     0.00    90.00
   	   23.00   -29.00     0.00    90.00
 328 	   -0.00   427.00     0.00     0.00     0.00     0.00
 328 	   -0.00   427.00     0.00     0.00     0.00     0.00
   	   23.00   -29.00     0.00    90.00
   	   23.00   -29.00     0.00    90.00
 329 	   48.00   427.00     0.00     0.00     0.00     0.00
 329 	   48.00   427.00     0.00     0.00     0.00     0.00
   	   23.00   -29.00     0.00    90.00
   	   23.00   -29.00     0.00    90.00
 330 	   96.00   427.00     0.00     0.00     0.00     0.00
 330 	   96.00   427.00     0.00     0.00     0.00     0.00
   	   23.00   -29.00     0.00    90.00
   	   23.00   -29.00     0.00    90.00
 331 	  144.00   427.00     0.00     0.00     0.00     0.00
 331 	  144.00   427.00     0.00     0.00     0.00     0.00
   	   23.00   -29.00     0.00    90.00
   	   23.00   -29.00     0.00    90.00
 332 	  192.00   427.00     0.00     0.00     0.00     0.00
 332 	  192.00   427.00     0.00     0.00     0.00     0.00
   	   23.00   -29.00     0.00    90.00
   	   23.00   -29.00     0.00    90.00
 333 	  240.00   427.00     0.00     0.00     0.00     0.00
 333 	  240.00   427.00     0.00     0.00     0.00     0.00
   	   23.00   -29.00     0.00    90.00
   	   23.00   -29.00     0.00    90.00
 334 	  288.00   427.00     0.00     0.00     0.00     0.00
 334 	  288.00   427.00     0.00     0.00     0.00     0.00
   	   23.00   -29.00     0.00    90.00
   	   23.00   -29.00     0.00    90.00
 335 	  336.00   427.00     0.00     0.00     0.00     0.00
 335 	  336.00   427.00     0.00     0.00     0.00     0.00
   	   23.00   -29.00     0.00    90.00
   	   23.00   -29.00     0.00    90.00
 336 	 -432.00   488.00     0.00     0.00     0.00     0.00
 336 	 -432.00   488.00     0.00     0.00     0.00     0.00
   	   23.00   -29.00     0.00    90.00
   	   23.00   -29.00     0.00    90.00
 337 	 -384.00   488.00     0.00     0.00     0.00     0.00
 337 	 -384.00   488.00     0.00     0.00     0.00     0.00
   	   23.00   -29.00     0.00    90.00
   	   23.00   -29.00     0.00    90.00
 338 	 -336.00   488.00     0.00     0.00     0.00     0.00
 338 	 -336.00   488.00     0.00     0.00     0.00     0.00
   	   23.00   -29.00     0.00    90.00
   	   23.00   -29.00     0.00    90.00
 339 	 -288.00   488.00     0.00     0.00     0.00     0.00
 339 	 -288.00   488.00     0.00     0.00     0.00     0.00
   	   23.00   -29.00     0.00    90.00
   	   23.00   -29.00     0.00    90.00
 340 	 -240.00   488.00     0.00     0.00     0.00     0.00
 340 	 -240.00   488.00     0.00     0.00     0.00     0.00
   	   23.00   -29.00     0.00    90.00
   	   23.00   -29.00     0.00    90.00
 341 	 -192.00   488.00     0.00     0.00     0.00     0.00
 341 	 -192.00   488.00     0.00     0.00     0.00     0.00
   	   23.00   -29.00     0.00    90.00
   	   23.00   -29.00     0.00    90.00
 342 	 -144.00   488.00     0.00     0.00     0.00     0.00
 342 	 -144.00   488.00     0.00     0.00     0.00     0.00
   	   23.00   -29.00     0.00    90.00
   	   23.00   -29.00     0.00    90.00
 343 	  -96.00   488.00     0.00     0.00     0.00     0.00
 343 	  -96.00   488.00     0.00     0.00     0.00     0.00
   	   23.00   -29.00     0.00    90.00
   	   23.00   -29.00     0.00    90.00
 344 	  -48.00   488.00     0.00     0.00     0.00     0.00
 344 	  -48.00   488.00     0.00     0.00     0.00     0.00
   	   23.00   -29.00     0.00    90.00
   	   23.00   -29.00     0.00    90.00
 345 	   -0.00   488.00     0.00     0.00     0.00     0.00
 345 	   -0.00   488.00     0.00     0.00     0.00     0.00
   	   23.00   -29.00     0.00    90.00
   	   23.00   -29.00     0.00    90.00
 346 	   48.00   488.00     0.00     0.00     0.00     0.00
 346 	   48.00   488.00     0.00     0.00     0.00     0.00
   	   23.00   -29.00     0.00    90.00
   	   23.00   -29.00     0.00    90.00
 347 	   96.00   488.00     0.00     0.00     0.00     0.00
 347 	   96.00   488.00     0.00     0.00     0.00     0.00
   	   23.00   -29.00     0.00    90.00
   	   23.00   -29.00     0.00    90.00
 348 	  144.00   488.00     0.00     0.00     0.00     0.00
 348 	  144.00   488.00     0.00     0.00     0.00     0.00
   	   23.00   -29.00     0.00    90.00
   	   23.00   -29.00     0.00    90.00
 349 	  192.00   488.00     0.00     0.00     0.00     0.00
 349 	  192.00   488.00     0.00     0.00     0.00     0.00
   	   23.00   -29.00     0.00    90.00
   	   23.00   -29.00     0.00    90.00
 350 	  240.00   488.00     0.00     0.00     0.00     0.00
 350 	  240.00   488.00     0.00     0.00     0.00     0.00
   	   23.00   -29.00     0.00    90.00
   	   23.00   -29.00     0.00    90.00
 351 	  288.00   488.00     0.00     0.00     0.00     0.00
 351 	  288.00   488.00     0.00     0.00     0.00     0.00
   	   23.00   -29.00     0.00    90.00
   	   23.00   -29.00     0.00    90.00
 352 	  336.00   488.00     0.00     0.00     0.00     0.00
 352 	  336.00   488.00     0.00     0.00     0.00     0.00
   	   23.00   -29.00     0.00    90.00
   	   23.00   -29.00     0.00    90.00
 353 	 -432.00   549.00     0.00     0.00     0.00     0.00
 353 	 -432.00   549.00     0.00     0.00     0.00     0.00
   	   23.00   -29.00     0.00    90.00
   	   23.00   -29.00     0.00    90.00
 354 	 -384.00   549.00     0.00     0.00     0.00     0.00
 354 	 -384.00   549.00     0.00     0.00     0.00     0.00
   	   23.00   -29.00     0.00    90.00
   	   23.00   -29.00     0.00    90.00
 355 	 -336.00   549.00     0.00     0.00     0.00     0.00
 355 	 -336.00   549.00     0.00     0.00     0.00     0.00
   	   23.00   -29.00     0.00    90.00
   	   23.00   -29.00     0.00    90.00
 356 	 -288.00   549.00     0.00     0.00     0.00     0.00
 356 	 -288.00   549.00     0.00     0.00     0.00     0.00
   	   23.00   -29.00     0.00    90.00
   	   23.00   -29.00     0.00    90.00
 357 	 -240.00   549.00     0.00     0.00     0.00     0.00
 357 	 -240.00   549.00     0.00     0.00     0.00     0.00
   	   23.00   -29.00     0.00    90.00
   	   23.00   -29.00     0.00    90.00
 358 	 -192.00   549.00     0.00     0.00     0.00     0.00
 358 	 -192.00   549.00     0.00     0.00     0.00     0.00
   	   23.00   -29.00     0.00    90.00
   	   23.00   -29.00     0.00    90.00
 359 	 -144.00   549.00     0.00     0.00     0.00     0.00
 359 	 -144.00   549.00     0.00     0.00     0.00     0.00
   	   23.00   -29.00     0.00    90.00
   	   23.00   -29.00     0.00    90.00
 360 	  -96.00   549.00     0.00     0.00     0.00     0.00
 360 	  -96.00   549.00     0.00     0.00     0.00     0.00
   	   23.00   -29.00     0.00    90.00
   	   23.00   -29.00     0.00    90.00
 361 	  -48.00   549.00     0.00     0.00     0.00     0.00
 361 	  -48.00   549.00     0.00     0.00     0.00     0.00
   	   23.00   -29.00     0.00    90.00
   	   23.00   -29.00     0.00    90.00
 362 	   -0.00   549.00     0.00     0.00     0.00     0.00
 362 	   -0.00   549.00     0.00     0.00     0.00     0.00
   	   23.00   -29.00     0.00    90.00
   	   23.00   -29.00     0.00    90.00
 363 	   48.00   549.00     0.00     0.00     0.00     0.00
 363 	   48.00   549.00     0.00     0.00     0.00     0.00
   	   23.00   -29.00     0.00    90.00
   	   23.00   -29.00     0.00    90.00
 364 	   96.00   549.00     0.00     0.00     0.00     0.00
 364 	   96.00   549.00     0.00     0.00     0.00     0.00
   	   23.00   -29.00     0.00    90.00
   	   23.00   -29.00     0.00    90.00
 365 	  144.00   549.00     0.00     0.00     0.00     0.00
 365 	  144.00   549.00     0.00     0.00     0.00     0.00
   	   23.00   -29.00     0.00    90.00
   	   23.00   -29.00     0.00    90.00
 366 	  192.00   549.00     0.00     0.00     0.00     0.00
 366 	  192.00   549.00     0.00     0.00     0.00     0.00
   	   23.00   -29.00     0.00    90.00
   	   23.00   -29.00     0.00    90.00
 367 	  240.00   549.00     0.00     0.00     0.00     0.00
 367 	  240.00   549.00     0.00     0.00     0.00     0.00
   	   23.00   -29.00     0.00    90.00
   	   23.00   -29.00     0.00    90.00
 368 	  288.00   549.00     0.00     0.00     0.00     0.00
 368 	  288.00   549.00     0.00     0.00     0.00     0.00
   	   23.00   -29.00     0.00    90.00
   	   23.00   -29.00     0.00    90.00
 369 	  336.00   549.00     0.00     0.00     0.00     0.00
 369 	  336.00   549.00     0.00     0.00     0.00     0.00
   	   23.00   -29.00     0.00    90.00
   	   23.00   -29.00     0.00    90.00
 370 	 -432.00   610.00     0.00     0.00     0.00     0.00
 370 	 -432.00   610.00     0.00     0.00     0.00     0.00
   	   23.00   -29.00     0.00    90.00
   	   23.00   -29.00     0.00    90.00
 371 	 -384.00   610.00     0.00     0.00     0.00     0.00
 371 	 -384.00   610.00     0.00     0.00     0.00     0.00
   	   23.00   -29.00     0.00    90.00
   	   23.00   -29.00     0.00    90.00
 372 	 -336.00   610.00     0.00     0.00     0.00     0.00
 372 	 -336.00   610.00     0.00     0.00     0.00     0.00
   	   23.00   -29.00     0.00    90.00
   	   23.00   -29.00     0.00    90.00
 373 	 -288.00   610.00     0.00     0.00     0.00     0.00
 373 	 -288.00   610.00     0.00     0.00     0.00     0.00
   	   23.00   -29.00     0.00    90.00
   	   23.00   -29.00     0.00    90.00
 374 	 -240.00   610.00     0.00     0.00     0.00     0.00
 374 	 -240.00   610.00     0.00     0.00     0.00     0.00
   	   23.00   -29.00     0.00    90.00
   	   23.00   -29.00     0.00    90.00
 375 	 -192.00   610.00     0.00     0.00     0.00     0.00
 375 	 -192.00   610.00     0.00     0.00     0.00     0.00
   	   23.00   -29.00     0.00    90.00
   	   23.00   -29.00     0.00    90.00
 376 	 -144.00   610.00     0.00     0.00     0.00     0.00
 376 	 -144.00   610.00     0.00     0.00     0.00     0.00
   	   23.00   -29.00     0.00    90.00
   	   23.00   -29.00     0.00    90.00
 377 	  -96.00   610.00     0.00     0.00     0.00     0.00
 377 	  -96.00   610.00     0.00     0.00     0.00     0.00
   	   23.00   -29.00     0.00    90.00
   	   23.00   -29.00     0.00    90.00
 378 	  -48.00   610.00     0.00     0.00     0.00     0.00
 378 	  -48.00   610.00     0.00     0.00     0.00     0.00
   	   23.00   -29.00     0.00    90.00
   	   23.00   -29.00     0.00    90.00
 379 	   -0.00   610.00     0.00     0.00     0.00     0.00
 379 	   -0.00   610.00     0.00     0.00     0.00     0.00
   	   23.00   -29.00     0.00    90.00
   	   23.00   -29.00     0.00    90.00
 380 	   48.00   610.00     0.00     0.00     0.00     0.00
 380 	   48.00   610.00     0.00     0.00     0.00     0.00
   	   23.00   -29.00     0.00    90.00
   	   23.00   -29.00     0.00    90.00
 381 	   96.00   610.00     0.00     0.00     0.00     0.00
 381 	   96.00   610.00     0.00     0.00     0.00     0.00
   	   23.00   -29.00     0.00    90.00
   	   23.00   -29.00     0.00    90.00
 382 	  144.00   610.00     0.00     0.00     0.00     0.00
 382 	  144.00   610.00     0.00     0.00     0.00     0.00
   	   23.00   -29.00     0.00    90.00
   	   23.00   -29.00     0.00    90.00
 383 	  192.00   610.00     0.00     0.00     0.00     0.00
 383 	  192.00   610.00     0.00     0.00     0.00     0.00
   	   23.00   -29.00     0.00    90.00
   	   23.00   -29.00     0.00    90.00
 384 	  240.00   610.00     0.00     0.00     0.00     0.00
 384 	  240.00   610.00     0.00     0.00     0.00     0.00
   	   23.00   -29.00     0.00    90.00
   	   23.00   -29.00     0.00    90.00
 385 	  288.00   610.00     0.00     0.00     0.00     0.00
 385 	  288.00   610.00     0.00     0.00     0.00     0.00
   	   23.00   -29.00     0.00    90.00
   	   23.00   -29.00     0.00    90.00
 386 	  336.00   610.00     0.00     0.00     0.00     0.00
 386 	  336.00   610.00     0.00     0.00     0.00     0.00
   	   23.00   -29.00     0.00    90.00
   	   23.00   -29.00     0.00    90.00
 387 	 -432.00   671.00     0.00     0.00     0.00     0.00
 387 	 -432.00   671.00     0.00     0.00     0.00     0.00
   	   23.00   -29.00     0.00    90.00
   	   23.00   -29.00     0.00    90.00
 388 	 -384.00   671.00     0.00     0.00     0.00     0.00
 388 	 -384.00   671.00     0.00     0.00     0.00     0.00
   	   23.00   -29.00     0.00    90.00
   	   23.00   -29.00     0.00    90.00
 389 	 -336.00   671.00     0.00     0.00     0.00     0.00
 389 	 -336.00   671.00     0.00     0.00     0.00     0.00
   	   23.00   -29.00     0.00    90.00
   	   23.00   -29.00     0.00    90.00
 390 	 -288.00   671.00     0.00     0.00     0.00     0.00
 390 	 -288.00   671.00     0.00     0.00     0.00     0.00
   	   23.00   -29.00     0.00    90.00
   	   23.00   -29.00     0.00    90.00
 391 	 -240.00   671.00     0.00     0.00     0.00     0.00
 391 	 -240.00   671.00     0.00     0.00     0.00     0.00
   	   23.00   -29.00     0.00    90.00
   	   23.00   -29.00     0.00    90.00
 392 	 -192.00   671.00     0.00     0.00     0.00     0.00
 392 	 -192.00   671.00     0.00     0.00     0.00     0.00
   	   23.00   -29.00     0.00    90.00
   	   23.00   -29.00     0.00    90.00
 393 	 -144.00   671.00     0.00     0.00     0.00     0.00
 393 	 -144.00   671.00     0.00     0.00     0.00     0.00
   	   23.00   -29.00     0.00    90.00
   	   23.00   -29.00     0.00    90.00
 394 	  -96.00   671.00     0.00     0.00     0.00     0.00
 394 	  -96.00   671.00     0.00     0.00     0.00     0.00
   	   23.00   -29.00     0.00    90.00
   	   23.00   -29.00     0.00    90.00
 395 	  -48.00   671.00     0.00     0.00     0.00     0.00
 395 	  -48.00   671.00     0.00     0.00     0.00     0.00
   	   23.00   -29.00     0.00    90.00
   	   23.00   -29.00     0.00    90.00
 396 	   -0.00   671.00     0.00     0.00     0.00     0.00
 396 	   -0.00   671.00     0.00     0.00     0.00     0.00
   	   23.00   -29.00     0.00    90.00
   	   23.00   -29.00     0.00    90.00
 397 	   48.00   671.00     0.00     0.00     0.00     0.00
 397 	   48.00   671.00     0.00     0.00     0.00     0.00
   	   23.00   -29.00     0.00    90.00
   	   23.00   -29.00     0.00    90.00
 398 	   96.00   671.00     0.00     0.00     0.00     0.00
 398 	   96.00   671.00     0.00     0.00     0.00     0.00
   	   23.00   -29.00     0.00    90.00
   	   23.00   -29.00     0.00    90.00
 399 	  144.00   671.00     0.00     0.00     0.00     0.00
 399 	  144.00   671.00     0.00     0.00     0.00     0.00
   	   23.00   -29.00     0.00    90.00
   	   23.00   -29.00     0.00    90.00
 400 	  192.00   671.00     0.00     0.00     0.00     0.00
 400 	  192.00   671.00     0.00     0.00     0.00     0.00
   	   23.00   -29.00     0.00    90.00
   	   23.00   -29.00     0.00    90.00
 401 	  240.00   671.00     0.00     0.00     0.00     0.00
 401 	  240.00   671.00     0.00     0.00     0.00     0.00
   	   23.00   -29.00     0.00    90.00
   	   23.00   -29.00     0.00    90.00
 402 	  288.00   671.00     0.00     0.00     0.00     0.00
 402 	  288.00   671.00     0.00     0.00     0.00     0.00
   	   23.00   -29.00     0.00    90.00
   	   23.00   -29.00     0.00    90.00
 403 	  336.00   671.00     0.00     0.00     0.00     0.00
 403 	  336.00   671.00     0.00     0.00     0.00     0.00
   	   23.00   -29.00     0.00    90.00
   	   23.00   -29.00     0.00    90.00

** End writing output file: ../inputs/gr815.dat 
