*******************************************************************************
                         ARRAY PREPROCESSOR ver. 1.0
*******************************************************************************



   1	GROUP testgroup
   3	 GRID SQUARE STEP 41
   4	 ELEMENT
   5	 GEOMETRY CIRCULAR RADIUS 47
   6	 POLARIZATION LINEAR ORIENTATION Y
   7	 ADD NODE -2 8
   8	 ADD NODE -3 2
   9	 ADD BLOCK 10 0 5 -7
  10	 ADD BLOCK -2 2 -1 0
  12	 GROUP_EXCITATION
  13	 AMPLITUDE UNIFORM 22
  14	 PHASE UNIFORM -83
  15	 END

** WARNING B2: GRID step(s) too small for specified element in GROUP: testgroup
** Generating GROUP: testgroup.
** PSTEP,QSTEP set to:41.000000,41.000000
** Grid ANGLE set to:90.000000 
** Group ROT_ANGLE set to: 0.000000 

** Writing output file: ../inputs/gr821.dat

NEL 
NPORTS
IDUM      REXA     REYA     REZA     THEA     PHEA     PSEA 
          AMP      PSH      PSC      PHEPOL
  56
  56
   1
   1
   1 	  -82.00   328.00     0.00     0.00     0.00     0.00
   1 	  -82.00   328.00     0.00     0.00     0.00     0.00
   	   22.00   -83.00     0.00    90.00
   	   22.00   -83.00     0.00    90.00
   2 	 -123.00    82.00     0.00     0.00     0.00     0.00
   2 	 -123.00    82.00     0.00     0.00     0.00     0.00
   	   22.00   -83.00     0.00    90.00
   	   22.00   -83.00     0.00    90.00
   3 	  205.00  -287.00     0.00     0.00     0.00     0.00
   3 	  205.00  -287.00     0.00     0.00     0.00     0.00
   	   22.00   -83.00     0.00    90.00
   	   22.00   -83.00     0.00    90.00
   4 	  246.00  -287.00     0.00     0.00     0.00     0.00
   4 	  246.00  -287.00     0.00     0.00     0.00     0.00
   	   22.00   -83.00     0.00    90.00
   	   22.00   -83.00     0.00    90.00
   5 	  287.00  -287.00     0.00     0.00     0.00     0.00
   5 	  287.00  -287.00     0.00     0.00     0.00     0.00
   	   22.00   -83.00     0.00    90.00
   	   22.00   -83.00     0.00    90.00
   6 	  328.00  -287.00     0.00     0.00     0.00     0.00
   6 	  328.00  -287.00     0.00     0.00     0.00     0.00
   	   22.00   -83.00     0.00    90.00
   	   22.00   -83.00     0.00    90.00
   7 	  369.00  -287.00     0.00     0.00     0.00     0.00
   7 	  369.00  -287.00     0.00     0.00     0.00     0.00
   	   22.00   -83.00     0.00    90.00
   	   22.00   -83.00     0.00    90.00
   8 	  410.00  -287.00     0.00     0.00     0.00     0.00
   8 	  410.00  -287.00     0.00     0.00     0.00     0.00
   	   22.00   -83.00     0.00    90.00
   	   22.00   -83.00     0.00    90.00
   9 	  205.00  -246.00     0.00     0.00     0.00     0.00
   9 	  205.00  -246.00     0.00     0.00     0.00     0.00
   	   22.00   -83.00     0.00    90.00
   	   22.00   -83.00     0.00    90.00
  10 	  246.00  -246.00     0.00     0.00     0.00     0.00
  10 	  246.00  -246.00     0.00     0.00     0.00     0.00
   	   22.00   -83.00     0.00    90.00
   	   22.00   -83.00     0.00    90.00
  11 	  287.00  -246.00     0.00     0.00     0.00     0.00
  11 	  287.00  -246.00     0.00     0.00     0.00     0.00
   	   22.00   -83.00     0.00    90.00
   	   22.00   -83.00     0.00    90.00
  12 	  328.00  -246.00     0.00     0.00     0.00     0.00
  12 	  328.00  -246.00     0.00     0.00     0.00     0.00
   	   22.00   -83.00     0.00    90.00
   	   22.00   -83.00     0.00    90.00
  13 	  369.00  -246.00     0.00     0.00     0.00     0.00
  13 	  369.00  -246.00     0.00     0.00     0.00     0.00
   	   22.00   -83.00     0.00    90.00
   	   22.00   -83.00     0.00    90.00
  14 	  410.00  -246.00     0.00     0.00     0.00     0.00
  14 	  410.00  -246.00     0.00     0.00     0.00     0.00
   	   22.00   -83.00     0.00    90.00
   	   22.00   -83.00     0.00    90.00
  15 	  205.00  -205.00     0.00     0.00     0.00     0.00
  15 	  205.00  -205.00     0.00     0.00     0.00     0.00
   	   22.00   -83.00     0.00    90.00
   	   22.00   -83.00     0.00    90.00
  16 	  246.00  -205.00     0.00     0.00     0.00     0.00
  16 	  246.00  -205.00     0.00     0.00     0.00     0.00
   	   22.00   -83.00     0.00    90.00
   	   22.00   -83.00     0.00    90.00
  17 	  287.00  -205.00     0.00     0.00     0.00     0.00
  17 	  287.00  -205.00     0.00     0.00     0.00     0.00
   	   22.00   -83.00     0.00    90.00
   	   22.00   -83.00     0.00    90.00
  18 	  328.00  -205.00     0.00     0.00     0.00     0.00
  18 	  328.00  -205.00     0.00     0.00     0.00     0.00
   	   22.00   -83.00     0.00    90.00
   	   22.00   -83.00     0.00    90.00
  19 	  369.00  -205.00     0.00     0.00     0.00     0.00
  19 	  369.00  -205.00     0.00     0.00     0.00     0.00
   	   22.00   -83.00     0.00    90.00
   	   22.00   -83.00     0.00    90.00
  20 	  410.00  -205.00     0.00     0.00     0.00     0.00
  20 	  410.00  -205.00     0.00     0.00     0.00     0.00
   	   22.00   -83.00     0.00    90.00
   	   22.00   -83.00     0.00    90.00
  21 	  205.00  -164.00     0.00     0.00     0.00     0.00
  21 	  205.00  -164.00     0.00     0.00     0.00     0.00
   	   22.00   -83.00     0.00    90.00
   	   22.00   -83.00     0.00    90.00
  22 	  246.00  -164.00     0.00     0.00     0.00     0.00
  22 	  246.00  -164.00     0.00     0.00     0.00     0.00
   	   22.00   -83.00     0.00    90.00
   	   22.00   -83.00     0.00    90.00
  23 	  287.00  -164.00     0.00     0.00     0.00     0.00
  23 	  287.00  -164.00     0.00     0.00     0.00     0.00
   	   22.00   -83.00     0.00    90.00
   	   22.00   -83.00     0.00    90.00
  24 	  328.00  -164.00     0.00     0.00     0.00     0.00
  24 	  328.00  -164.00     0.00     0.00     0.00     0.00
   	   22.00   -83.00     0.00    90.00
   	   22.00   -83.00     0.00    90.00
  25 	  369.00  -164.00     0.00     0.00     0.00     0.00
  25 	  369.00  -164.00     0.00     0.00     0.00     0.00
   	   22.00   -83.00     0.00    90.00
   	   22.00   -83.00     0.00    90.00
  26 	  410.00  -164.00     0.00     0.00     0.00     0.00
  26 	  410.00  -164.00     0.00     0.00     0.00     0.00
   	   22.00   -83.00     0.00    90.00
   	   22.00   -83.00     0.00    90.00
  27 	  205.00  -123.00     0.00     0.00     0.00     0.00
  27 	  205.00  -123.00     0.00     0.00     0.00     0.00
   	   22.00   -83.00     0.00    90.00
   	   22.00   -83.00     0.00    90.00
  28 	  246.00  -123.00     0.00     0.00     0.00     0.00
  28 	  246.00  -123.00     0.00     0.00     0.00     0.00
   	   22.00   -83.00     0.00    90.00
   	   22.00   -83.00     0.00    90.00
  29 	  287.00  -123.00     0.00     0.00     0.00     0.00
  29 	  287.00  -123.00     0.00     0.00     0.00     0.00
   	   22.00   -83.00     0.00    90.00
   	   22.00   -83.00     0.00    90.00
  30 	  328.00  -123.00     0.00     0.00     0.00     0.00
  30 	  328.00  -123.00     0.00     0.00     0.00     0.00
   	   22.00   -83.00     0.00    90.00
   	   22.00   -83.00     0.00    90.00
  31 	  369.00  -123.00     0.00     0.00     0.00     0.00
  31 	  369.00  -123.00     0.00     0.00     0.00     0.00
   	   22.00   -83.00     0.00    90.00
   	   22.00   -83.00     0.00    90.00
  32 	  410.00  -123.00     0.00     0.00     0.00     0.00
  32 	  410.00  -123.00     0.00     0.00     0.00     0.00
   	   22.00   -83.00     0.00    90.00
   	   22.00   -83.00     0.00    90.00
  33 	  205.00   -82.00     0.00     0.00     0.00     0.00
  33 	  205.00   -82.00     0.00     0.00     0.00     0.00
   	   22.00   -83.00     0.00    90.00
   	   22.00   -83.00     0.00    90.00
  34 	  246.00   -82.00     0.00     0.00     0.00     0.00
  34 	  246.00   -82.00     0.00     0.00     0.00     0.00
   	   22.00   -83.00     0.00    90.00
   	   22.00   -83.00     0.00    90.00
  35 	  287.00   -82.00     0.00     0.00     0.00     0.00
  35 	  287.00   -82.00     0.00     0.00     0.00     0.00
   	   22.00   -83.00     0.00    90.00
   	   22.00   -83.00     0.00    90.00
  36 	  328.00   -82.00     0.00     0.00     0.00     0.00
  36 	  328.00   -82.00     0.00     0.00     0.00     0.00
   	   22.00   -83.00     0.00    90.00
   	   22.00   -83.00     0.00    90.00
  37 	  369.00   -82.00     0.00     0.00     0.00     0.00
  37 	  369.00   -82.00     0.00     0.00     0.00     0.00
   	   22.00   -83.00     0.00    90.00
   	   22.00   -83.00     0.00    90.00
  38 	  410.00   -82.00     0.00     0.00     0.00     0.00
  38 	  410.00   -82.00     0.00     0.00     0.00     0.00
   	   22.00   -83.00     0.00    90.00
   	   22.00   -83.00     0.00    90.00
  39 	  205.00   -41.00     0.00     0.00     0.00     0.00
  39 	  205.00   -41.00     0.00     0.00     0.00     0.00
   	   22.00   -83.00     0.00    90.00
   	   22.00   -83.00     0.00    90.00
  40 	  246.00   -41.00     0.00     0.00     0.00     0.00
  40 	  246.00   -41.00     0.00     0.00     0.00     0.00
   	   22.00   -83.00     0.00    90.00
   	   22.00   -83.00     0.00    90.00
  41 	  287.00   -41.00     0.00     0.00     0.00     0.00
  41 	  287.00   -41.00     0.00     0.00     0.00     0.00
   	   22.00   -83.00     0.00    90.00
   	   22.00   -83.00     0.00    90.00
  42 	  328.00   -41.00     0.00     0.00     0.00     0.00
  42 	  328.00   -41.00     0.00     0.00     0.00     0.00
   	   22.00   -83.00     0.00    90.00
   	   22.00   -83.00     0.00    90.00
  43 	  369.00   -41.00     0.00     0.00     0.00     0.00
  43 	  369.00   -41.00     0.00     0.00     0.00     0.00
   	   22.00   -83.00     0.00    90.00
   	   22.00   -83.00     0.00    90.00
  44 	  410.00   -41.00     0.00     0.00     0.00     0.00
  44 	  410.00   -41.00     0.00     0.00     0.00     0.00
   	   22.00   -83.00     0.00    90.00
   	   22.00   -83.00     0.00    90.00
  45 	  205.00     0.00     0.00     0.00     0.00     0.00
  45 	  205.00     0.00     0.00     0.00     0.00     0.00
   	   22.00   -83.00     0.00    90.00
   	   22.00   -83.00     0.00    90.00
  46 	  246.00     0.00     0.00     0.00     0.00     0.00
  46 	  246.00     0.00     0.00     0.00     0.00     0.00
   	   22.00   -83.00     0.00    90.00
   	   22.00   -83.00     0.00    90.00
  47 	  287.00     0.00     0.00     0.00     0.00     0.00
  47 	  287.00     0.00     0.00     0.00     0.00     0.00
   	   22.00   -83.00     0.00    90.00
   	   22.00   -83.00     0.00    90.00
  48 	  328.00     0.00     0.00     0.00     0.00     0.00
  48 	  328.00     0.00     0.00     0.00     0.00     0.00
   	   22.00   -83.00     0.00    90.00
   	   22.00   -83.00     0.00    90.00
  49 	  369.00     0.00     0.00     0.00     0.00     0.00
  49 	  369.00     0.00     0.00     0.00     0.00     0.00
   	   22.00   -83.00     0.00    90.00
   	   22.00   -83.00     0.00    90.00
  50 	  410.00     0.00     0.00     0.00     0.00     0.00
  50 	  410.00     0.00     0.00     0.00     0.00     0.00
   	   22.00   -83.00     0.00    90.00
   	   22.00   -83.00     0.00    90.00
  51 	  -82.00     0.00     0.00     0.00     0.00     0.00
  51 	  -82.00     0.00     0.00     0.00     0.00     0.00
   	   22.00   -83.00     0.00    90.00
   	   22.00   -83.00     0.00    90.00
  52 	  -41.00     0.00     0.00     0.00     0.00     0.00
  52 	  -41.00     0.00     0.00     0.00     0.00     0.00
   	   22.00   -83.00     0.00    90.00
   	   22.00   -83.00     0.00    90.00
  53 	  -82.00    41.00     0.00     0.00     0.00     0.00
  53 	  -82.00    41.00     0.00     0.00     0.00     0.00
   	   22.00   -83.00     0.00    90.00
   	   22.00   -83.00     0.00    90.00
  54 	  -41.00    41.00     0.00     0.00     0.00     0.00
  54 	  -41.00    41.00     0.00     0.00     0.00     0.00
   	   22.00   -83.00     0.00    90.00
   	   22.00   -83.00     0.00    90.00
  55 	  -82.00    82.00     0.00     0.00     0.00     0.00
  55 	  -82.00    82.00     0.00     0.00     0.00     0.00
   	   22.00   -83.00     0.00    90.00
   	   22.00   -83.00     0.00    90.00
  56 	  -41.00    82.00     0.00     0.00     0.00     0.00
  56 	  -41.00    82.00     0.00     0.00     0.00     0.00
   	   22.00   -83.00     0.00    90.00
   	   22.00   -83.00     0.00    90.00

** End writing output file: ../inputs/gr821.dat 
