*******************************************************************************
                         ARRAY PREPROCESSOR ver. 1.0
*******************************************************************************



   1	GROUP testgroup
   3	 GRID HEXAGONAL
   4	 ELEMENT
   5	 GEOMETRY CIRCULAR 94
   6	 POLARIZATION CIRCULAR RH
   8	 ADD BLOCK 3 -2 -1 -5
   9	 ADD BLOCK 2 -7 -1 0
  11	 GROUP_EXCITATION
  12	 AMPLITUDE UNIFORM 18
  13	 PHASE UNIFORM -90
  14	 END

** Generating GROUP: testgroup.
** PSTEP,QSTEP set to:188.000000,188.000000
** Grid ANGLE set to:60.000000 
** Group ROT_ANGLE set to: 0.000000 

** Writing output file: ../inputs/gr824.dat

NEL 
NPORTS
IDUM      REXA     REYA     REZA     THEA     PHEA     PSEA 
          AMP      PSH      PSC      PHEPOL
  52
  52
   1
   1
   1 	 -658.00  -814.06     0.00     0.00     0.00     0.00
   1 	 -658.00  -814.06     0.00     0.00     0.00     0.00
   	   18.00   -90.00     0.00    90.00
   	   18.00   -90.00     0.00    90.00
   2 	 -470.00  -814.06     0.00     0.00     0.00     0.00
   2 	 -470.00  -814.06     0.00     0.00     0.00     0.00
   	   18.00   -90.00     0.00    90.00
   	   18.00   -90.00     0.00    90.00
   3 	 -282.00  -814.06     0.00     0.00     0.00     0.00
   3 	 -282.00  -814.06     0.00     0.00     0.00     0.00
   	   18.00   -90.00     0.00    90.00
   	   18.00   -90.00     0.00    90.00
   4 	  -94.00  -814.06     0.00     0.00     0.00     0.00
   4 	  -94.00  -814.06     0.00     0.00     0.00     0.00
   	   18.00   -90.00     0.00    90.00
   	   18.00   -90.00     0.00    90.00
   5 	   94.00  -814.06     0.00     0.00     0.00     0.00
   5 	   94.00  -814.06     0.00     0.00     0.00     0.00
   	   18.00   -90.00     0.00    90.00
   	   18.00   -90.00     0.00    90.00
   6 	 -564.00  -651.25     0.00     0.00     0.00     0.00
   6 	 -564.00  -651.25     0.00     0.00     0.00     0.00
   	   18.00   -90.00     0.00    90.00
   	   18.00   -90.00     0.00    90.00
   7 	 -376.00  -651.25     0.00     0.00     0.00     0.00
   7 	 -376.00  -651.25     0.00     0.00     0.00     0.00
   	   18.00   -90.00     0.00    90.00
   	   18.00   -90.00     0.00    90.00
   8 	 -188.00  -651.25     0.00     0.00     0.00     0.00
   8 	 -188.00  -651.25     0.00     0.00     0.00     0.00
   	   18.00   -90.00     0.00    90.00
   	   18.00   -90.00     0.00    90.00
   9 	    0.00  -651.25     0.00     0.00     0.00     0.00
   9 	    0.00  -651.25     0.00     0.00     0.00     0.00
   	   18.00   -90.00     0.00    90.00
   	   18.00   -90.00     0.00    90.00
  10 	  188.00  -651.25     0.00     0.00     0.00     0.00
  10 	  188.00  -651.25     0.00     0.00     0.00     0.00
   	   18.00   -90.00     0.00    90.00
   	   18.00   -90.00     0.00    90.00
  11 	 -470.00  -488.44     0.00     0.00     0.00     0.00
  11 	 -470.00  -488.44     0.00     0.00     0.00     0.00
   	   18.00   -90.00     0.00    90.00
   	   18.00   -90.00     0.00    90.00
  12 	 -282.00  -488.44     0.00     0.00     0.00     0.00
  12 	 -282.00  -488.44     0.00     0.00     0.00     0.00
   	   18.00   -90.00     0.00    90.00
   	   18.00   -90.00     0.00    90.00
  13 	  -94.00  -488.44     0.00     0.00     0.00     0.00
  13 	  -94.00  -488.44     0.00     0.00     0.00     0.00
   	   18.00   -90.00     0.00    90.00
   	   18.00   -90.00     0.00    90.00
  14 	   94.00  -488.44     0.00     0.00     0.00     0.00
  14 	   94.00  -488.44     0.00     0.00     0.00     0.00
   	   18.00   -90.00     0.00    90.00
   	   18.00   -90.00     0.00    90.00
  15 	  282.00  -488.44     0.00     0.00     0.00     0.00
  15 	  282.00  -488.44     0.00     0.00     0.00     0.00
   	   18.00   -90.00     0.00    90.00
   	   18.00   -90.00     0.00    90.00
  16 	 -376.00  -325.63     0.00     0.00     0.00     0.00
  16 	 -376.00  -325.63     0.00     0.00     0.00     0.00
   	   18.00   -90.00     0.00    90.00
   	   18.00   -90.00     0.00    90.00
  17 	 -188.00  -325.63     0.00     0.00     0.00     0.00
  17 	 -188.00  -325.63     0.00     0.00     0.00     0.00
   	   18.00   -90.00     0.00    90.00
   	   18.00   -90.00     0.00    90.00
  18 	    0.00  -325.63     0.00     0.00     0.00     0.00
  18 	    0.00  -325.63     0.00     0.00     0.00     0.00
   	   18.00   -90.00     0.00    90.00
   	   18.00   -90.00     0.00    90.00
  19 	  188.00  -325.63     0.00     0.00     0.00     0.00
  19 	  188.00  -325.63     0.00     0.00     0.00     0.00
   	   18.00   -90.00     0.00    90.00
   	   18.00   -90.00     0.00    90.00
  20 	  376.00  -325.63     0.00     0.00     0.00     0.00
  20 	  376.00  -325.63     0.00     0.00     0.00     0.00
   	   18.00   -90.00     0.00    90.00
   	   18.00   -90.00     0.00    90.00
  21 	 -846.00 -1139.69     0.00     0.00     0.00     0.00
  21 	 -846.00 -1139.69     0.00     0.00     0.00     0.00
   	   18.00   -90.00     0.00    90.00
   	   18.00   -90.00     0.00    90.00
  22 	 -658.00 -1139.69     0.00     0.00     0.00     0.00
  22 	 -658.00 -1139.69     0.00     0.00     0.00     0.00
   	   18.00   -90.00     0.00    90.00
   	   18.00   -90.00     0.00    90.00
  23 	 -470.00 -1139.69     0.00     0.00     0.00     0.00
  23 	 -470.00 -1139.69     0.00     0.00     0.00     0.00
   	   18.00   -90.00     0.00    90.00
   	   18.00   -90.00     0.00    90.00
  24 	 -282.00 -1139.69     0.00     0.00     0.00     0.00
  24 	 -282.00 -1139.69     0.00     0.00     0.00     0.00
   	   18.00   -90.00     0.00    90.00
   	   18.00   -90.00     0.00    90.00
  25 	 -752.00  -976.88     0.00     0.00     0.00     0.00
  25 	 -752.00  -976.88     0.00     0.00     0.00     0.00
   	   18.00   -90.00     0.00    90.00
   	   18.00   -90.00     0.00    90.00
  26 	 -564.00  -976.88     0.00     0.00     0.00     0.00
  26 	 -564.00  -976.88     0.00     0.00     0.00     0.00
   	   18.00   -90.00     0.00    90.00
   	   18.00   -90.00     0.00    90.00
  27 	 -376.00  -976.88     0.00     0.00     0.00     0.00
  27 	 -376.00  -976.88     0.00     0.00     0.00     0.00
   	   18.00   -90.00     0.00    90.00
   	   18.00   -90.00     0.00    90.00
  28 	 -188.00  -976.88     0.00     0.00     0.00     0.00
  28 	 -188.00  -976.88     0.00     0.00     0.00     0.00
   	   18.00   -90.00     0.00    90.00
   	   18.00   -90.00     0.00    90.00
  29 	 -658.00  -814.06     0.00     0.00     0.00     0.00
  29 	 -658.00  -814.06     0.00     0.00     0.00     0.00
   	   18.00   -90.00     0.00    90.00
   	   18.00   -90.00     0.00    90.00
  30 	 -470.00  -814.06     0.00     0.00     0.00     0.00
  30 	 -470.00  -814.06     0.00     0.00     0.00     0.00
   	   18.00   -90.00     0.00    90.00
   	   18.00   -90.00     0.00    90.00
  31 	 -282.00  -814.06     0.00     0.00     0.00     0.00
  31 	 -282.00  -814.06     0.00     0.00     0.00     0.00
   	   18.00   -90.00     0.00    90.00
   	   18.00   -90.00     0.00    90.00
  32 	  -94.00  -814.06     0.00     0.00     0.00     0.00
  32 	  -94.00  -814.06     0.00     0.00     0.00     0.00
   	   18.00   -90.00     0.00    90.00
   	   18.00   -90.00     0.00    90.00
  33 	 -564.00  -651.25     0.00     0.00     0.00     0.00
  33 	 -564.00  -651.25     0.00     0.00     0.00     0.00
   	   18.00   -90.00     0.00    90.00
   	   18.00   -90.00     0.00    90.00
  34 	 -376.00  -651.25     0.00     0.00     0.00     0.00
  34 	 -376.00  -651.25     0.00     0.00     0.00     0.00
   	   18.00   -90.00     0.00    90.00
   	   18.00   -90.00     0.00    90.00
  35 	 -188.00  -651.25     0.00     0.00     0.00     0.00
  35 	 -188.00  -651.25     0.00     0.00     0.00     0.00
   	   18.00   -90.00     0.00    90.00
   	   18.00   -90.00     0.00    90.00
  36 	    0.00  -651.25     0.00     0.00     0.00     0.00
  36 	    0.00  -651.25     0.00     0.00     0.00     0.00
   	   18.00   -90.00     0.00    90.00
   	   18.00   -90.00     0.00    90.00
  37 	 -470.00  -488.44     0.00     0.00     0.00     0.00
  37 	 -470.00  -488.44     0.00     0.00     0.00     0.00
   	   18.00   -90.00     0.00    90.00
   	   18.00   -90.00     0.00    90.00
  38 	 -282.00  -488.44     0.00     0.00     0.00     0.00
  38 	 -282.00  -488.44     0.00     0.00     0.00     0.00
   	   18.00   -90.00     0.00    90.00
   	   18.00   -90.00     0.00    90.00
  39 	  -94.00  -488.44     0.00     0.00     0.00     0.00
  39 	  -94.00  -488.44     0.00     0.00     0.00     0.00
   	   18.00   -90.00     0.00    90.00
   	   18.00   -90.00     0.00    90.00
  40 	   94.00  -488.44     0.00     0.00     0.00     0.00
  40 	   94.00  -488.44     0.00     0.00     0.00     0.00
   	   18.00   -90.00     0.00    90.00
   	   18.00   -90.00     0.00    90.00
  41 	 -376.00  -325.63     0.00     0.00     0.00     0.00
  41 	 -376.00  -325.63     0.00     0.00     0.00     0.00
   	   18.00   -90.00     0.00    90.00
   	   18.00   -90.00     0.00    90.00
  42 	 -188.00  -325.63     0.00     0.00     0.00     0.00
  42 	 -188.00  -325.63     0.00     0.00     0.00     0.00
   	   18.00   -90.00     0.00    90.00
   	   18.00   -90.00     0.00    90.00
  43 	    0.00  -325.63     0.00     0.00     0.00     0.00
  43 	    0.00  -325.63     0.00     0.00     0.00     0.00
   	   18.00   -90.00     0.00    90.00
   	   18.00   -90.00     0.00    90.00
  44 	  188.00  -325.63     0.00     0.00     0.00     0.00
  44 	  188.00  -325.63     0.00     0.00     0.00     0.00
   	   18.00   -90.00     0.00    90.00
   	   18.00   -90.00     0.00    90.00
  45 	 -282.00  -162.81     0.00     0.00     0.00     0.00
  45 	 -282.00  -162.81     0.00     0.00     0.00     0.00
   	   18.00   -90.00     0.00    90.00
   	   18.00   -90.00     0.00    90.00
  46 	  -94.00  -162.81     0.00     0.00     0.00     0.00
  46 	  -94.00  -162.81     0.00     0.00     0.00     0.00
   	   18.00   -90.00     0.00    90.00
   	   18.00   -90.00     0.00    90.00
  47 	   94.00  -162.81     0.00     0.00     0.00     0.00
  47 	   94.00  -162.81     0.00     0.00     0.00     0.00
   	   18.00   -90.00     0.00    90.00
   	   18.00   -90.00     0.00    90.00
  48 	  282.00  -162.81     0.00     0.00     0.00     0.00
  48 	  282.00  -162.81     0.00     0.00     0.00     0.00
   	   18.00   -90.00     0.00    90.00
   	   18.00   -90.00     0.00    90.00
  49 	 -188.00     0.00     0.00     0.00     0.00     0.00
  49 	 -188.00     0.00     0.00     0.00     0.00     0.00
   	   18.00   -90.00     0.00    90.00
   	   18.00   -90.00     0.00    90.00
  50 	    0.00     0.00     0.00     0.00     0.00     0.00
  50 	    0.00     0.00     0.00     0.00     0.00     0.00
   	   18.00   -90.00     0.00    90.00
   	   18.00   -90.00     0.00    90.00
  51 	  188.00     0.00     0.00     0.00     0.00     0.00
  51 	  188.00     0.00     0.00     0.00     0.00     0.00
   	   18.00   -90.00     0.00    90.00
   	   18.00   -90.00     0.00    90.00
  52 	  376.00     0.00     0.00     0.00     0.00     0.00
  52 	  376.00     0.00     0.00     0.00     0.00     0.00
   	   18.00   -90.00     0.00    90.00
   	   18.00   -90.00     0.00    90.00

** End writing output file: ../inputs/gr824.dat 
