*******************************************************************************
                         ARRAY PREPROCESSOR ver. 1.0
*******************************************************************************



   1	GROUP testgroup
   3	 GRID RECTANGULAR
   4	 ELEMENT
   5	 GEOMETRY RECTANGULAR PDIM 68 QDIM 71
   8	 PORTS 4
   9	 PORT 1
  10	 AMPLITUDE 26
  11	 PORT 2
  12	 AMPLITUDE 32
  13	 PHASE_SHAPING 450
  14	 PHASE_POL_ARRANG 525
  15	 PORT 3
  16	 AMPLITUDE 30
  17	 PHASE_SCANNING 524
  18	 PHASE_POL_ARRANG 595
  19	 PORT 4
  20	 POL_ORIENT X AMPLITUDE 29
  21	 PHASE_POL_ARRANG 499
  22	 ADD BLOCK 7 -2 -2 -6
  23	 ADD NODE 5 -3 ORIENTATION THETA -23 PHI -28 PSI -10
  24	 ADD NODE -1 -9 ORIENTATION 16 13 42
  26	 GROUP_EXCITATION
  27	 AMPLITUDE UNIFORM 20
  28	 PHASE UNIFORM -82
  29	 END

** Generating GROUP: testgroup.
** PSTEP,QSTEP set to:68.000000,71.000000
** Grid ANGLE set to:90.000000 
** Group ROT_ANGLE set to: 0.000000 

** Writing output file: ../inputs/gr825.dat

NEL 
NPORTS
IDUM      REXA     REYA     REZA     THEA     PHEA     PSEA 
          AMP      PSH      PSC      PHEPOL
  52
  52
   4
   4
   1 	 -136.00  -426.00     0.00     0.00     0.00     0.00
   1 	 -136.00  -426.00     0.00     0.00     0.00     0.00
   	  520.00   -82.00     0.00    90.00
   	  520.00   -82.00     0.00    90.00
   	  640.00   893.00     0.00    90.00
   	  640.00   893.00     0.00    90.00
   	  600.00   513.00   524.00    90.00
   	  600.00   513.00   524.00    90.00
   	  580.00   417.00     0.00     0.00
   	  580.00   417.00     0.00     0.00
   2 	  -68.00  -426.00     0.00     0.00     0.00     0.00
   2 	  -68.00  -426.00     0.00     0.00     0.00     0.00
   	  520.00   -82.00     0.00    90.00
   	  520.00   -82.00     0.00    90.00
   	  640.00   893.00     0.00    90.00
   	  640.00   893.00     0.00    90.00
   	  600.00   513.00   524.00    90.00
   	  600.00   513.00   524.00    90.00
   	  580.00   417.00     0.00     0.00
   	  580.00   417.00     0.00     0.00
   3 	    0.00  -426.00     0.00     0.00     0.00     0.00
   3 	    0.00  -426.00     0.00     0.00     0.00     0.00
   	  520.00   -82.00     0.00    90.00
   	  520.00   -82.00     0.00    90.00
   	  640.00   893.00     0.00    90.00
   	  640.00   893.00     0.00    90.00
   	  600.00   513.00   524.00    90.00
   	  600.00   513.00   524.00    90.00
   	  580.00   417.00     0.00     0.00
   	  580.00   417.00     0.00     0.00
   4 	   68.00  -426.00     0.00     0.00     0.00     0.00
   4 	   68.00  -426.00     0.00     0.00     0.00     0.00
   	  520.00   -82.00     0.00    90.00
   	  520.00   -82.00     0.00    90.00
   	  640.00   893.00     0.00    90.00
   	  640.00   893.00     0.00    90.00
   	  600.00   513.00   524.00    90.00
   	  600.00   513.00   524.00    90.00
   	  580.00   417.00     0.00     0.00
   	  580.00   417.00     0.00     0.00
   5 	  136.00  -426.00     0.00     0.00     0.00     0.00
   5 	  136.00  -426.00     0.00     0.00     0.00     0.00
   	  520.00   -82.00     0.00    90.00
   	  520.00   -82.00     0.00    90.00
   	  640.00   893.00     0.00    90.00
   	  640.00   893.00     0.00    90.00
   	  600.00   513.00   524.00    90.00
   	  600.00   513.00   524.00    90.00
   	  580.00   417.00     0.00     0.00
   	  580.00   417.00     0.00     0.00
   6 	  204.00  -426.00     0.00     0.00     0.00     0.00
   6 	  204.00  -426.00     0.00     0.00     0.00     0.00
   	  520.00   -82.00     0.00    90.00
   	  520.00   -82.00     0.00    90.00
   	  640.00   893.00     0.00    90.00
   	  640.00   893.00     0.00    90.00
   	  600.00   513.00   524.00    90.00
   	  600.00   513.00   524.00    90.00
   	  580.00   417.00     0.00     0.00
   	  580.00   417.00     0.00     0.00
   7 	  272.00  -426.00     0.00     0.00     0.00     0.00
   7 	  272.00  -426.00     0.00     0.00     0.00     0.00
   	  520.00   -82.00     0.00    90.00
   	  520.00   -82.00     0.00    90.00
   	  640.00   893.00     0.00    90.00
   	  640.00   893.00     0.00    90.00
   	  600.00   513.00   524.00    90.00
   	  600.00   513.00   524.00    90.00
   	  580.00   417.00     0.00     0.00
   	  580.00   417.00     0.00     0.00
   8 	  340.00  -426.00     0.00     0.00     0.00     0.00
   8 	  340.00  -426.00     0.00     0.00     0.00     0.00
   	  520.00   -82.00     0.00    90.00
   	  520.00   -82.00     0.00    90.00
   	  640.00   893.00     0.00    90.00
   	  640.00   893.00     0.00    90.00
   	  600.00   513.00   524.00    90.00
   	  600.00   513.00   524.00    90.00
   	  580.00   417.00     0.00     0.00
   	  580.00   417.00     0.00     0.00
   9 	  408.00  -426.00     0.00     0.00     0.00     0.00
   9 	  408.00  -426.00     0.00     0.00     0.00     0.00
   	  520.00   -82.00     0.00    90.00
   	  520.00   -82.00     0.00    90.00
   	  640.00   893.00     0.00    90.00
   	  640.00   893.00     0.00    90.00
   	  600.00   513.00   524.00    90.00
   	  600.00   513.00   524.00    90.00
   	  580.00   417.00     0.00     0.00
   	  580.00   417.00     0.00     0.00
  10 	  476.00  -426.00     0.00     0.00     0.00     0.00
  10 	  476.00  -426.00     0.00     0.00     0.00     0.00
   	  520.00   -82.00     0.00    90.00
   	  520.00   -82.00     0.00    90.00
   	  640.00   893.00     0.00    90.00
   	  640.00   893.00     0.00    90.00
   	  600.00   513.00   524.00    90.00
   	  600.00   513.00   524.00    90.00
   	  580.00   417.00     0.00     0.00
   	  580.00   417.00     0.00     0.00
  11 	 -136.00  -355.00     0.00     0.00     0.00     0.00
  11 	 -136.00  -355.00     0.00     0.00     0.00     0.00
   	  520.00   -82.00     0.00    90.00
   	  520.00   -82.00     0.00    90.00
   	  640.00   893.00     0.00    90.00
   	  640.00   893.00     0.00    90.00
   	  600.00   513.00   524.00    90.00
   	  600.00   513.00   524.00    90.00
   	  580.00   417.00     0.00     0.00
   	  580.00   417.00     0.00     0.00
  12 	  -68.00  -355.00     0.00     0.00     0.00     0.00
  12 	  -68.00  -355.00     0.00     0.00     0.00     0.00
   	  520.00   -82.00     0.00    90.00
   	  520.00   -82.00     0.00    90.00
   	  640.00   893.00     0.00    90.00
   	  640.00   893.00     0.00    90.00
   	  600.00   513.00   524.00    90.00
   	  600.00   513.00   524.00    90.00
   	  580.00   417.00     0.00     0.00
   	  580.00   417.00     0.00     0.00
  13 	    0.00  -355.00     0.00     0.00     0.00     0.00
  13 	    0.00  -355.00     0.00     0.00     0.00     0.00
   	  520.00   -82.00     0.00    90.00
   	  520.00   -82.00     0.00    90.00
   	  640.00   893.00     0.00    90.00
   	  640.00   893.00     0.00    90.00
   	  600.00   513.00   524.00    90.00
   	  600.00   513.00   524.00    90.00
   	  580.00   417.00     0.00     0.00
   	  580.00   417.00     0.00     0.00
  14 	   68.00  -355.00     0.00     0.00     0.00     0.00
  14 	   68.00  -355.00     0.00     0.00     0.00     0.00
   	  520.00   -82.00     0.00    90.00
   	  520.00   -82.00     0.00    90.00
   	  640.00   893.00     0.00    90.00
   	  640.00   893.00     0.00    90.00
   	  600.00   513.00   524.00    90.00
   	  600.00   513.00   524.00    90.00
   	  580.00   417.00     0.00     0.00
   	  580.00   417.00     0.00     0.00
  15 	  136.00  -355.00     0.00     0.00     0.00     0.00
  15 	  136.00  -355.00     0.00     0.00     0.00     0.00
   	  520.00   -82.00     0.00    90.00
   	  520.00   -82.00     0.00    90.00
   	  640.00   893.00     0.00    90.00
   	  640.00   893.00     0.00    90.00
   	  600.00   513.00   524.00    90.00
   	  600.00   513.00   524.00    90.00
   	  580.00   417.00     0.00     0.00
   	  580.00   417.00     0.00     0.00
  16 	  204.00  -355.00     0.00     0.00     0.00     0.00
  16 	  204.00  -355.00     0.00     0.00     0.00     0.00
   	  520.00   -82.00     0.00    90.00
   	  520.00   -82.00     0.00    90.00
   	  640.00   893.00     0.00    90.00
   	  640.00   893.00     0.00    90.00
   	  600.00   513.00   524.00    90.00
   	  600.00   513.00   524.00    90.00
   	  580.00   417.00     0.00     0.00
   	  580.00   417.00     0.00     0.00
  17 	  272.00  -355.00     0.00     0.00     0.00     0.00
  17 	  272.00  -355.00     0.00     0.00     0.00     0.00
   	  520.00   -82.00     0.00    90.00
   	  520.00   -82.00     0.00    90.00
   	  640.00   893.00     0.00    90.00
   	  640.00   893.00     0.00    90.00
   	  600.00   513.00   524.00    90.00
   	  600.00   513.00   524.00    90.00
   	  580.00   417.00     0.00     0.00
   	  580.00   417.00     0.00     0.00
  18 	  340.00  -355.00     0.00     0.00     0.00     0.00
  18 	  340.00  -355.00     0.00     0.00     0.00     0.00
   	  520.00   -82.00     0.00    90.00
   	  520.00   -82.00     0.00    90.00
   	  640.00   893.00     0.00    90.00
   	  640.00   893.00     0.00    90.00
   	  600.00   513.00   524.00    90.00
   	  600.00   513.00   524.00    90.00
   	  580.00   417.00     0.00     0.00
   	  580.00   417.00     0.00     0.00
  19 	  408.00  -355.00     0.00     0.00     0.00     0.00
  19 	  408.00  -355.00     0.00     0.00     0.00     0.00
   	  520.00   -82.00     0.00    90.00
   	  520.00   -82.00     0.00    90.00
   	  640.00   893.00     0.00    90.00
   	  640.00   893.00     0.00    90.00
   	  600.00   513.00   524.00    90.00
   	  600.00   513.00   524.00    90.00
   	  580.00   417.00     0.00     0.00
   	  580.00   417.00     0.00     0.00
  20 	  476.00  -355.00     0.00     0.00     0.00     0.00
  20 	  476.00  -355.00     0.00     0.00     0.00     0.00
   	  520.00   -82.00     0.00    90.00
   	  520.00   -82.00     0.00    90.00
   	  640.00   893.00     0.00    90.00
   	  640.00   893.00     0.00    90.00
   	  600.00   513.00   524.00    90.00
   	  600.00   513.00   524.00    90.00
   	  580.00   417.00     0.00     0.00
   	  580.00   417.00     0.00     0.00
  21 	 -136.00  -284.00     0.00     0.00     0.00     0.00
  21 	 -136.00  -284.00     0.00     0.00     0.00     0.00
   	  520.00   -82.00     0.00    90.00
   	  520.00   -82.00     0.00    90.00
   	  640.00   893.00     0.00    90.00
   	  640.00   893.00     0.00    90.00
   	  600.00   513.00   524.00    90.00
   	  600.00   513.00   524.00    90.00
   	  580.00   417.00     0.00     0.00
   	  580.00   417.00     0.00     0.00
  22 	  -68.00  -284.00     0.00     0.00     0.00     0.00
  22 	  -68.00  -284.00     0.00     0.00     0.00     0.00
   	  520.00   -82.00     0.00    90.00
   	  520.00   -82.00     0.00    90.00
   	  640.00   893.00     0.00    90.00
   	  640.00   893.00     0.00    90.00
   	  600.00   513.00   524.00    90.00
   	  600.00   513.00   524.00    90.00
   	  580.00   417.00     0.00     0.00
   	  580.00   417.00     0.00     0.00
  23 	    0.00  -284.00     0.00     0.00     0.00     0.00
  23 	    0.00  -284.00     0.00     0.00     0.00     0.00
   	  520.00   -82.00     0.00    90.00
   	  520.00   -82.00     0.00    90.00
   	  640.00   893.00     0.00    90.00
   	  640.00   893.00     0.00    90.00
   	  600.00   513.00   524.00    90.00
   	  600.00   513.00   524.00    90.00
   	  580.00   417.00     0.00     0.00
   	  580.00   417.00     0.00     0.00
  24 	   68.00  -284.00     0.00     0.00     0.00     0.00
  24 	   68.00  -284.00     0.00     0.00     0.00     0.00
   	  520.00   -82.00     0.00    90.00
   	  520.00   -82.00     0.00    90.00
   	  640.00   893.00     0.00    90.00
   	  640.00   893.00     0.00    90.00
   	  600.00   513.00   524.00    90.00
   	  600.00   513.00   524.00    90.00
   	  580.00   417.00     0.00     0.00
   	  580.00   417.00     0.00     0.00
  25 	  136.00  -284.00     0.00     0.00     0.00     0.00
  25 	  136.00  -284.00     0.00     0.00     0.00     0.00
   	  520.00   -82.00     0.00    90.00
   	  520.00   -82.00     0.00    90.00
   	  640.00   893.00     0.00    90.00
   	  640.00   893.00     0.00    90.00
   	  600.00   513.00   524.00    90.00
   	  600.00   513.00   524.00    90.00
   	  580.00   417.00     0.00     0.00
   	  580.00   417.00     0.00     0.00
  26 	  204.00  -284.00     0.00     0.00     0.00     0.00
  26 	  204.00  -284.00     0.00     0.00     0.00     0.00
   	  520.00   -82.00     0.00    90.00
   	  520.00   -82.00     0.00    90.00
   	  640.00   893.00     0.00    90.00
   	  640.00   893.00     0.00    90.00
   	  600.00   513.00   524.00    90.00
   	  600.00   513.00   524.00    90.00
   	  580.00   417.00     0.00     0.00
   	  580.00   417.00     0.00     0.00
  27 	  272.00  -284.00     0.00     0.00     0.00     0.00
  27 	  272.00  -284.00     0.00     0.00     0.00     0.00
   	  520.00   -82.00     0.00    90.00
   	  520.00   -82.00     0.00    90.00
   	  640.00   893.00     0.00    90.00
   	  640.00   893.00     0.00    90.00
   	  600.00   513.00   524.00    90.00
   	  600.00   513.00   524.00    90.00
   	  580.00   417.00     0.00     0.00
   	  580.00   417.00     0.00     0.00
  28 	  340.00  -284.00     0.00     0.00     0.00     0.00
  28 	  340.00  -284.00     0.00     0.00     0.00     0.00
   	  520.00   -82.00     0.00    90.00
   	  520.00   -82.00     0.00    90.00
   	  640.00   893.00     0.00    90.00
   	  640.00   893.00     0.00    90.00
   	  600.00   513.00   524.00    90.00
   	  600.00   513.00   524.00    90.00
   	  580.00   417.00     0.00     0.00
   	  580.00   417.00     0.00     0.00
  29 	  408.00  -284.00     0.00     0.00     0.00     0.00
  29 	  408.00  -284.00     0.00     0.00     0.00     0.00
   	  520.00   -82.00     0.00    90.00
   	  520.00   -82.00     0.00    90.00
   	  640.00   893.00     0.00    90.00
   	  640.00   893.00     0.00    90.00
   	  600.00   513.00   524.00    90.00
   	  600.00   513.00   524.00    90.00
   	  580.00   417.00     0.00     0.00
   	  580.00   417.00     0.00     0.00
  30 	  476.00  -284.00     0.00     0.00     0.00     0.00
  30 	  476.00  -284.00     0.00     0.00     0.00     0.00
   	  520.00   -82.00     0.00    90.00
   	  520.00   -82.00     0.00    90.00
   	  640.00   893.00     0.00    90.00
   	  640.00   893.00     0.00    90.00
   	  600.00   513.00   524.00    90.00
   	  600.00   513.00   524.00    90.00
   	  580.00   417.00     0.00     0.00
   	  580.00   417.00     0.00     0.00
  31 	 -136.00  -213.00     0.00     0.00     0.00     0.00
  31 	 -136.00  -213.00     0.00     0.00     0.00     0.00
   	  520.00   -82.00     0.00    90.00
   	  520.00   -82.00     0.00    90.00
   	  640.00   893.00     0.00    90.00
   	  640.00   893.00     0.00    90.00
   	  600.00   513.00   524.00    90.00
   	  600.00   513.00   524.00    90.00
   	  580.00   417.00     0.00     0.00
   	  580.00   417.00     0.00     0.00
  32 	  -68.00  -213.00     0.00     0.00     0.00     0.00
  32 	  -68.00  -213.00     0.00     0.00     0.00     0.00
   	  520.00   -82.00     0.00    90.00
   	  520.00   -82.00     0.00    90.00
   	  640.00   893.00     0.00    90.00
   	  640.00   893.00     0.00    90.00
   	  600.00   513.00   524.00    90.00
   	  600.00   513.00   524.00    90.00
   	  580.00   417.00     0.00     0.00
   	  580.00   417.00     0.00     0.00
  33 	    0.00  -213.00     0.00     0.00     0.00     0.00
  33 	    0.00  -213.00     0.00     0.00     0.00     0.00
   	  520.00   -82.00     0.00    90.00
   	  520.00   -82.00     0.00    90.00
   	  640.00   893.00     0.00    90.00
   	  640.00   893.00     0.00    90.00
   	  600.00   513.00   524.00    90.00
   	  600.00   513.00   524.00    90.00
   	  580.00   417.00     0.00     0.00
   	  580.00   417.00     0.00     0.00
  34 	   68.00  -213.00     0.00     0.00     0.00     0.00
  34 	   68.00  -213.00     0.00     0.00     0.00     0.00
   	  520.00   -82.00     0.00    90.00
   	  520.00   -82.00     0.00    90.00
   	  640.00   893.00     0.00    90.00
   	  640.00   893.00     0.00    90.00
   	  600.00   513.00   524.00    90.00
   	  600.00   513.00   524.00    90.00
   	  580.00   417.00     0.00     0.00
   	  580.00   417.00     0.00     0.00
  35 	  136.00  -213.00     0.00     0.00     0.00     0.00
  35 	  136.00  -213.00     0.00     0.00     0.00     0.00
   	  520.00   -82.00     0.00    90.00
   	  520.00   -82.00     0.00    90.00
   	  640.00   893.00     0.00    90.00
   	  640.00   893.00     0.00    90.00
   	  600.00   513.00   524.00    90.00
   	  600.00   513.00   524.00    90.00
   	  580.00   417.00     0.00     0.00
   	  580.00   417.00     0.00     0.00
  36 	  204.00  -213.00     0.00     0.00     0.00     0.00
  36 	  204.00  -213.00     0.00     0.00     0.00     0.00
   	  520.00   -82.00     0.00    90.00
   	  520.00   -82.00     0.00    90.00
   	  640.00   893.00     0.00    90.00
   	  640.00   893.00     0.00    90.00
   	  600.00   513.00   524.00    90.00
   	  600.00   513.00   524.00    90.00
   	  580.00   417.00     0.00     0.00
   	  580.00   417.00     0.00     0.00
  37 	  272.00  -213.00     0.00     0.00     0.00     0.00
  37 	  272.00  -213.00     0.00     0.00     0.00     0.00
   	  520.00   -82.00     0.00    90.00
   	  520.00   -82.00     0.00    90.00
   	  640.00   893.00     0.00    90.00
   	  640.00   893.00     0.00    90.00
   	  600.00   513.00   524.00    90.00
   	  600.00   513.00   524.00    90.00
   	  580.00   417.00     0.00     0.00
   	  580.00   417.00     0.00     0.00
  38 	  340.00  -213.00     0.00     0.00     0.00     0.00
  38 	  340.00  -213.00     0.00     0.00     0.00     0.00
   	  520.00   -82.00     0.00    90.00
   	  520.00   -82.00     0.00    90.00
   	  640.00   893.00     0.00    90.00
   	  640.00   893.00     0.00    90.00
   	  600.00   513.00   524.00    90.00
   	  600.00   513.00   524.00    90.00
   	  580.00   417.00     0.00     0.00
   	  580.00   417.00     0.00     0.00
  39 	  408.00  -213.00     0.00     0.00     0.00     0.00
  39 	  408.00  -213.00     0.00     0.00     0.00     0.00
   	  520.00   -82.00     0.00    90.00
   	  520.00   -82.00     0.00    90.00
   	  640.00   893.00     0.00    90.00
   	  640.00   893.00     0.00    90.00
   	  600.00   513.00   524.00    90.00
   	  600.00   513.00   524.00    90.00
   	  580.00   417.00     0.00     0.00
   	  580.00   417.00     0.00     0.00
  40 	  476.00  -213.00     0.00     0.00     0.00     0.00
  40 	  476.00  -213.00     0.00     0.00     0.00     0.00
   	  520.00   -82.00     0.00    90.00
   	  520.00   -82.00     0.00    90.00
   	  640.00   893.00     0.00    90.00
   	  640.00   893.00     0.00    90.00
   	  600.00   513.00   524.00    90.00
   	  600.00   513.00   524.00    90.00
   	  580.00   417.00     0.00     0.00
   	  580.00   417.00     0.00     0.00
  41 	 -136.00  -142.00     0.00     0.00     0.00     0.00
  41 	 -136.00  -142.00     0.00     0.00     0.00     0.00
   	  520.00   -82.00     0.00    90.00
   	  520.00   -82.00     0.00    90.00
   	  640.00   893.00     0.00    90.00
   	  640.00   893.00     0.00    90.00
   	  600.00   513.00   524.00    90.00
   	  600.00   513.00   524.00    90.00
   	  580.00   417.00     0.00     0.00
   	  580.00   417.00     0.00     0.00
  42 	  -68.00  -142.00     0.00     0.00     0.00     0.00
  42 	  -68.00  -142.00     0.00     0.00     0.00     0.00
   	  520.00   -82.00     0.00    90.00
   	  520.00   -82.00     0.00    90.00
   	  640.00   893.00     0.00    90.00
   	  640.00   893.00     0.00    90.00
   	  600.00   513.00   524.00    90.00
   	  600.00   513.00   524.00    90.00
   	  580.00   417.00     0.00     0.00
   	  580.00   417.00     0.00     0.00
  43 	    0.00  -142.00     0.00     0.00     0.00     0.00
  43 	    0.00  -142.00     0.00     0.00     0.00     0.00
   	  520.00   -82.00     0.00    90.00
   	  520.00   -82.00     0.00    90.00
   	  640.00   893.00     0.00    90.00
   	  640.00   893.00     0.00    90.00
   	  600.00   513.00   524.00    90.00
   	  600.00   513.00   524.00    90.00
   	  580.00   417.00     0.00     0.00
   	  580.00   417.00     0.00     0.00
  44 	   68.00  -142.00     0.00     0.00     0.00     0.00
  44 	   68.00  -142.00     0.00     0.00     0.00     0.00
   	  520.00   -82.00     0.00    90.00
   	  520.00   -82.00     0.00    90.00
   	  640.00   893.00     0.00    90.00
   	  640.00   893.00     0.00    90.00
   	  600.00   513.00   524.00    90.00
   	  600.00   513.00   524.00    90.00
   	  580.00   417.00     0.00     0.00
   	  580.00   417.00     0.00     0.00
  45 	  136.00  -142.00     0.00     0.00     0.00     0.00
  45 	  136.00  -142.00     0.00     0.00     0.00     0.00
   	  520.00   -82.00     0.00    90.00
   	  520.00   -82.00     0.00    90.00
   	  640.00   893.00     0.00    90.00
   	  640.00   893.00     0.00    90.00
   	  600.00   513.00   524.00    90.00
   	  600.00   513.00   524.00    90.00
   	  580.00   417.00     0.00     0.00
   	  580.00   417.00     0.00     0.00
  46 	  204.00  -142.00     0.00     0.00     0.00     0.00
  46 	  204.00  -142.00     0.00     0.00     0.00     0.00
   	  520.00   -82.00     0.00    90.00
   	  520.00   -82.00     0.00    90.00
   	  640.00   893.00     0.00    90.00
   	  640.00   893.00     0.00    90.00
   	  600.00   513.00   524.00    90.00
   	  600.00   513.00   524.00    90.00
   	  580.00   417.00     0.00     0.00
   	  580.00   417.00     0.00     0.00
  47 	  272.00  -142.00     0.00     0.00     0.00     0.00
  47 	  272.00  -142.00     0.00     0.00     0.00     0.00
   	  520.00   -82.00     0.00    90.00
   	  520.00   -82.00     0.00    90.00
   	  640.00   893.00     0.00    90.00
   	  640.00   893.00     0.00    90.00
   	  600.00   513.00   524.00    90.00
   	  600.00   513.00   524.00    90.00
   	  580.00   417.00     0.00     0.00
   	  580.00   417.00     0.00     0.00
  48 	  340.00  -142.00     0.00     0.00     0.00     0.00
  48 	  340.00  -142.00     0.00     0.00     0.00     0.00
   	  520.00   -82.00     0.00    90.00
   	  520.00   -82.00     0.00    90.00
   	  640.00   893.00     0.00    90.00
   	  640.00   893.00     0.00    90.00
   	  600.00   513.00   524.00    90.00
   	  600.00   513.00   524.00    90.00
   	  580.00   417.00     0.00     0.00
   	  580.00   417.00     0.00     0.00
  49 	  408.00  -142.00     0.00     0.00     0.00     0.00
  49 	  408.00  -142.00     0.00     0.00     0.00     0.00
   	  520.00   -82.00     0.00    90.00
   	  520.00   -82.00     0.00    90.00
   	  640.00   893.00     0.00    90.00
   	  640.00   893.00     0.00    90.00
   	  600.00   513.00   524.00    90.00
   	  600.00   513.00   524.00    90.00
   	  580.00   417.00     0.00     0.00
   	  580.00   417.00     0.00     0.00
  50 	  476.00  -142.00     0.00     0.00     0.00     0.00
  50 	  476.00  -142.00     0.00     0.00     0.00     0.00
   	  520.00   -82.00     0.00    90.00
   	  520.00   -82.00     0.00    90.00
   	  640.00   893.00     0.00    90.00
   	  640.00   893.00     0.00    90.00
   	  600.00   513.00   524.00    90.00
   	  600.00   513.00   524.00    90.00
   	  580.00   417.00     0.00     0.00
   	  580.00   417.00     0.00     0.00
  51 	  340.00  -213.00     0.00   -23.00   -28.00   -10.00
  51 	  340.00  -213.00     0.00   -23.00   -28.00   -10.00
   	  520.00   -82.00     0.00    90.00
   	  520.00   -82.00     0.00    90.00
   	  640.00   893.00     0.00    90.00
   	  640.00   893.00     0.00    90.00
   	  600.00   513.00   524.00    90.00
   	  600.00   513.00   524.00    90.00
   	  580.00   417.00     0.00     0.00
   	  580.00   417.00     0.00     0.00
  52 	  -68.00  -639.00     0.00    16.00    13.00    42.00
  52 	  -68.00  -639.00     0.00    16.00    13.00    42.00
   	  520.00   -82.00     0.00    90.00
   	  520.00   -82.00     0.00    90.00
   	  640.00   893.00     0.00    90.00
   	  640.00   893.00     0.00    90.00
   	  600.00   513.00   524.00    90.00
   	  600.00   513.00   524.00    90.00
   	  580.00   417.00     0.00     0.00
   	  580.00   417.00     0.00     0.00

** End writing output file: ../inputs/gr825.dat 
