*******************************************************************************
                         ARRAY PREPROCESSOR ver. 1.0
*******************************************************************************



   1	GROUP testgroup
   3	 GRID RECTANGULAR
   4	 ELEMENT
   5	 GEOMETRY CIRCULAR 77
   6	 POLARIZATION CIRCULAR
   7	 ADD BLOCK -2 -3 -2 2
   9	 GROUP_EXCITATION
  10	 AMPLITUDE UNIFORM 18
  11	 PHASE UNIFORM -107
  12	 END

** Generating GROUP: testgroup.
** PSTEP,QSTEP set to:154.000000,154.000000
** Grid ANGLE set to:90.000000 
** Group ROT_ANGLE set to: 0.000000 

** Writing output file: ../inputs/gr829.dat

NEL 
NPORTS
IDUM      REXA     REYA     REZA     THEA     PHEA     PSEA 
          AMP      PSH      PSC      PHEPOL
   6
   6
   1
   1
   1 	 -308.00  -462.00     0.00     0.00     0.00     0.00
   1 	 -308.00  -462.00     0.00     0.00     0.00     0.00
   	   18.00  -107.00     0.00    90.00
   	   18.00  -107.00     0.00    90.00
   2 	 -308.00  -308.00     0.00     0.00     0.00     0.00
   2 	 -308.00  -308.00     0.00     0.00     0.00     0.00
   	   18.00  -107.00     0.00    90.00
   	   18.00  -107.00     0.00    90.00
   3 	 -308.00  -154.00     0.00     0.00     0.00     0.00
   3 	 -308.00  -154.00     0.00     0.00     0.00     0.00
   	   18.00  -107.00     0.00    90.00
   	   18.00  -107.00     0.00    90.00
   4 	 -308.00     0.00     0.00     0.00     0.00     0.00
   4 	 -308.00     0.00     0.00     0.00     0.00     0.00
   	   18.00  -107.00     0.00    90.00
   	   18.00  -107.00     0.00    90.00
   5 	 -308.00   154.00     0.00     0.00     0.00     0.00
   5 	 -308.00   154.00     0.00     0.00     0.00     0.00
   	   18.00  -107.00     0.00    90.00
   	   18.00  -107.00     0.00    90.00
   6 	 -308.00   308.00     0.00     0.00     0.00     0.00
   6 	 -308.00   308.00     0.00     0.00     0.00     0.00
   	   18.00  -107.00     0.00    90.00
   	   18.00  -107.00     0.00    90.00

** End writing output file: ../inputs/gr829.dat 
