*******************************************************************************
                         ARRAY PREPROCESSOR ver. 1.0
*******************************************************************************



   1	GROUP testgroup
   3	 GRID RECTANGULAR PSTEP 31 QSTEP 70
   4	 ELEMENT
   5	 GEOMETRY CIRCULAR RADIUS 70
   6	 POLARIZATION LINEAR ORIENTATION X
   7	 ADD BLOCK -5 -7 -5 7
   9	 GROUP_EXCITATION
  10	 AMPLITUDE UNIFORM 25
  11	 PHASE UNIFORM -125
  12	 END

** WARNING B2: GRID step(s) too small for specified element in GROUP: testgroup
** Generating GROUP: testgroup.
** PSTEP,QSTEP set to:31.000000,70.000000
** Grid ANGLE set to:90.000000 
** Group ROT_ANGLE set to: 0.000000 

** Writing output file: ../inputs/gr83.dat

NEL 
NPORTS
IDUM      REXA     REYA     REZA     THEA     PHEA     PSEA 
          AMP      PSH      PSC      PHEPOL
  15
  15
   1
   1
   1 	 -155.00  -490.00     0.00     0.00     0.00     0.00
   1 	 -155.00  -490.00     0.00     0.00     0.00     0.00
   	   25.00  -125.00     0.00     0.00
   	   25.00  -125.00     0.00     0.00
   2 	 -155.00  -420.00     0.00     0.00     0.00     0.00
   2 	 -155.00  -420.00     0.00     0.00     0.00     0.00
   	   25.00  -125.00     0.00     0.00
   	   25.00  -125.00     0.00     0.00
   3 	 -155.00  -350.00     0.00     0.00     0.00     0.00
   3 	 -155.00  -350.00     0.00     0.00     0.00     0.00
   	   25.00  -125.00     0.00     0.00
   	   25.00  -125.00     0.00     0.00
   4 	 -155.00  -280.00     0.00     0.00     0.00     0.00
   4 	 -155.00  -280.00     0.00     0.00     0.00     0.00
   	   25.00  -125.00     0.00     0.00
   	   25.00  -125.00     0.00     0.00
   5 	 -155.00  -210.00     0.00     0.00     0.00     0.00
   5 	 -155.00  -210.00     0.00     0.00     0.00     0.00
   	   25.00  -125.00     0.00     0.00
   	   25.00  -125.00     0.00     0.00
   6 	 -155.00  -140.00     0.00     0.00     0.00     0.00
   6 	 -155.00  -140.00     0.00     0.00     0.00     0.00
   	   25.00  -125.00     0.00     0.00
   	   25.00  -125.00     0.00     0.00
   7 	 -155.00   -70.00     0.00     0.00     0.00     0.00
   7 	 -155.00   -70.00     0.00     0.00     0.00     0.00
   	   25.00  -125.00     0.00     0.00
   	   25.00  -125.00     0.00     0.00
   8 	 -155.00     0.00     0.00     0.00     0.00     0.00
   8 	 -155.00     0.00     0.00     0.00     0.00     0.00
   	   25.00  -125.00     0.00     0.00
   	   25.00  -125.00     0.00     0.00
   9 	 -155.00    70.00     0.00     0.00     0.00     0.00
   9 	 -155.00    70.00     0.00     0.00     0.00     0.00
   	   25.00  -125.00     0.00     0.00
   	   25.00  -125.00     0.00     0.00
  10 	 -155.00   140.00     0.00     0.00     0.00     0.00
  10 	 -155.00   140.00     0.00     0.00     0.00     0.00
   	   25.00  -125.00     0.00     0.00
   	   25.00  -125.00     0.00     0.00
  11 	 -155.00   210.00     0.00     0.00     0.00     0.00
  11 	 -155.00   210.00     0.00     0.00     0.00     0.00
   	   25.00  -125.00     0.00     0.00
   	   25.00  -125.00     0.00     0.00
  12 	 -155.00   280.00     0.00     0.00     0.00     0.00
  12 	 -155.00   280.00     0.00     0.00     0.00     0.00
   	   25.00  -125.00     0.00     0.00
   	   25.00  -125.00     0.00     0.00
  13 	 -155.00   350.00     0.00     0.00     0.00     0.00
  13 	 -155.00   350.00     0.00     0.00     0.00     0.00
   	   25.00  -125.00     0.00     0.00
   	   25.00  -125.00     0.00     0.00
  14 	 -155.00   420.00     0.00     0.00     0.00     0.00
  14 	 -155.00   420.00     0.00     0.00     0.00     0.00
   	   25.00  -125.00     0.00     0.00
   	   25.00  -125.00     0.00     0.00
  15 	 -155.00   490.00     0.00     0.00     0.00     0.00
  15 	 -155.00   490.00     0.00     0.00     0.00     0.00
   	   25.00  -125.00     0.00     0.00
   	   25.00  -125.00     0.00     0.00

** End writing output file: ../inputs/gr83.dat 
