*******************************************************************************
                         ARRAY PREPROCESSOR ver. 1.0
*******************************************************************************



   1	GROUP testgroup
   3	 GRID SQUARE
   4	 ELEMENT
   5	 GEOMETRY CIRCULAR 49
   7	 PORTS 1
   8	 PORT 1
   9	 AMPLITUDE 16
  10	 PHASE_SHAPING 467
  11	 PHASE_POL_ARRANG 403
  12	 ADD HEXAGON -1 0
  14	 GROUP_EXCITATION
  15	 AMPLITUDE SECOND ORDER CENTRE 14 P1_VAL 32 P2_VAL 25 Q1_VAL 33 Q2_VAL 23
  16	 PHASE UNIFORM 3
  17	 END

** Generating GROUP: testgroup.
** PSTEP,QSTEP set to:98.000000,98.000000
** Grid ANGLE set to:90.000000 
** Group ROT_ANGLE set to: 0.000000 

** Writing output file: ../inputs/gr830.dat

NEL 
NPORTS
IDUM      REXA     REYA     REZA     THEA     PHEA     PSEA 
          AMP      PSH      PSC      PHEPOL
   7
   7
   1
   1
   1 	 -196.00    98.00     0.00     0.00     0.00     0.00
   1 	 -196.00    98.00     0.00     0.00     0.00     0.00
   	  224.00   873.00     0.00    90.00
   	  224.00   873.00     0.00    90.00
   2 	  -98.00    98.00     0.00     0.00     0.00     0.00
   2 	  -98.00    98.00     0.00     0.00     0.00     0.00
   	  400.00   873.00     0.00    90.00
   	  400.00   873.00     0.00    90.00
   3 	    0.00     0.00     0.00     0.00     0.00     0.00
   3 	    0.00     0.00     0.00     0.00     0.00     0.00
   	 1056.00   873.00     0.00    90.00
   	 1056.00   873.00     0.00    90.00
   4 	    0.00   -98.00     0.00     0.00     0.00     0.00
   4 	    0.00   -98.00     0.00     0.00     0.00     0.00
   	 1184.00   873.00     0.00    90.00
   	 1184.00   873.00     0.00    90.00
   5 	  -98.00   -98.00     0.00     0.00     0.00     0.00
   5 	  -98.00   -98.00     0.00     0.00     0.00     0.00
   	  544.00   873.00     0.00    90.00
   	  544.00   873.00     0.00    90.00
   6 	 -196.00     0.00     0.00     0.00     0.00     0.00
   6 	 -196.00     0.00     0.00     0.00     0.00     0.00
   	  240.00   873.00     0.00    90.00
   	  240.00   873.00     0.00    90.00
   7 	  -98.00     0.00     0.00     0.00     0.00     0.00
   7 	  -98.00     0.00     0.00     0.00     0.00     0.00
   	  416.00   873.00     0.00    90.00
   	  416.00   873.00     0.00    90.00

** End writing output file: ../inputs/gr830.dat 
