*******************************************************************************
                         ARRAY PREPROCESSOR ver. 1.0
*******************************************************************************



   1	GROUP testgroup
   3	 GRID SQUARE
   4	 ELEMENT
   5	 GEOMETRY RECTANGULAR 42 88 mm
   8	 ADD BLOCK 1 2 -8 2
  10	 GROUP_EXCITATION
  11	 AMPLITUDE UNIFORM 30
  12	 PHASE UNIFORM -53
  13	 END

** Generating GROUP: testgroup.
** PSTEP,QSTEP set to:88.000000,88.000000
** Grid ANGLE set to:90.000000 
** Group ROT_ANGLE set to: 0.000000 

** Writing output file: ../inputs/gr834.dat

NEL 
NPORTS
IDUM      REXA     REYA     REZA     THEA     PHEA     PSEA 
          AMP      PSH      PSC      PHEPOL
  10
  10
   1
   1
   1 	 -704.00   176.00     0.00     0.00     0.00     0.00
   1 	 -704.00   176.00     0.00     0.00     0.00     0.00
   	   30.00   -53.00     0.00    90.00
   	   30.00   -53.00     0.00    90.00
   2 	 -616.00   176.00     0.00     0.00     0.00     0.00
   2 	 -616.00   176.00     0.00     0.00     0.00     0.00
   	   30.00   -53.00     0.00    90.00
   	   30.00   -53.00     0.00    90.00
   3 	 -528.00   176.00     0.00     0.00     0.00     0.00
   3 	 -528.00   176.00     0.00     0.00     0.00     0.00
   	   30.00   -53.00     0.00    90.00
   	   30.00   -53.00     0.00    90.00
   4 	 -440.00   176.00     0.00     0.00     0.00     0.00
   4 	 -440.00   176.00     0.00     0.00     0.00     0.00
   	   30.00   -53.00     0.00    90.00
   	   30.00   -53.00     0.00    90.00
   5 	 -352.00   176.00     0.00     0.00     0.00     0.00
   5 	 -352.00   176.00     0.00     0.00     0.00     0.00
   	   30.00   -53.00     0.00    90.00
   	   30.00   -53.00     0.00    90.00
   6 	 -264.00   176.00     0.00     0.00     0.00     0.00
   6 	 -264.00   176.00     0.00     0.00     0.00     0.00
   	   30.00   -53.00     0.00    90.00
   	   30.00   -53.00     0.00    90.00
   7 	 -176.00   176.00     0.00     0.00     0.00     0.00
   7 	 -176.00   176.00     0.00     0.00     0.00     0.00
   	   30.00   -53.00     0.00    90.00
   	   30.00   -53.00     0.00    90.00
   8 	  -88.00   176.00     0.00     0.00     0.00     0.00
   8 	  -88.00   176.00     0.00     0.00     0.00     0.00
   	   30.00   -53.00     0.00    90.00
   	   30.00   -53.00     0.00    90.00
   9 	   -0.00   176.00     0.00     0.00     0.00     0.00
   9 	   -0.00   176.00     0.00     0.00     0.00     0.00
   	   30.00   -53.00     0.00    90.00
   	   30.00   -53.00     0.00    90.00
  10 	   88.00   176.00     0.00     0.00     0.00     0.00
  10 	   88.00   176.00     0.00     0.00     0.00     0.00
   	   30.00   -53.00     0.00    90.00
   	   30.00   -53.00     0.00    90.00

** End writing output file: ../inputs/gr834.dat 
