*******************************************************************************
                         ARRAY PREPROCESSOR ver. 1.0
*******************************************************************************



   1	GROUP testgroup
   3	 GRID RECTANGULAR
   4	 ELEMENT
   5	 GEOMETRY CIRCULAR RADIUS 63
   7	 ADD BLOCK 7 -1 0 -1
   9	 GROUP_EXCITATION
  10	 AMPLITUDE UNIFORM 26
  11	 PHASE UNIFORM -149
  12	 END

** Generating GROUP: testgroup.
** PSTEP,QSTEP set to:126.000000,126.000000
** Grid ANGLE set to:90.000000 
** Group ROT_ANGLE set to: 0.000000 

** Writing output file: ../inputs/gr836.dat

NEL 
NPORTS
IDUM      REXA     REYA     REZA     THEA     PHEA     PSEA 
          AMP      PSH      PSC      PHEPOL
   8
   8
   1
   1
   1 	    0.00  -126.00     0.00     0.00     0.00     0.00
   1 	    0.00  -126.00     0.00     0.00     0.00     0.00
   	   26.00  -149.00     0.00    90.00
   	   26.00  -149.00     0.00    90.00
   2 	  126.00  -126.00     0.00     0.00     0.00     0.00
   2 	  126.00  -126.00     0.00     0.00     0.00     0.00
   	   26.00  -149.00     0.00    90.00
   	   26.00  -149.00     0.00    90.00
   3 	  252.00  -126.00     0.00     0.00     0.00     0.00
   3 	  252.00  -126.00     0.00     0.00     0.00     0.00
   	   26.00  -149.00     0.00    90.00
   	   26.00  -149.00     0.00    90.00
   4 	  378.00  -126.00     0.00     0.00     0.00     0.00
   4 	  378.00  -126.00     0.00     0.00     0.00     0.00
   	   26.00  -149.00     0.00    90.00
   	   26.00  -149.00     0.00    90.00
   5 	  504.00  -126.00     0.00     0.00     0.00     0.00
   5 	  504.00  -126.00     0.00     0.00     0.00     0.00
   	   26.00  -149.00     0.00    90.00
   	   26.00  -149.00     0.00    90.00
   6 	  630.00  -126.00     0.00     0.00     0.00     0.00
   6 	  630.00  -126.00     0.00     0.00     0.00     0.00
   	   26.00  -149.00     0.00    90.00
   	   26.00  -149.00     0.00    90.00
   7 	  756.00  -126.00     0.00     0.00     0.00     0.00
   7 	  756.00  -126.00     0.00     0.00     0.00     0.00
   	   26.00  -149.00     0.00    90.00
   	   26.00  -149.00     0.00    90.00
   8 	  882.00  -126.00     0.00     0.00     0.00     0.00
   8 	  882.00  -126.00     0.00     0.00     0.00     0.00
   	   26.00  -149.00     0.00    90.00
   	   26.00  -149.00     0.00    90.00

** End writing output file: ../inputs/gr836.dat 
