*******************************************************************************
                         ARRAY PREPROCESSOR ver. 1.0
*******************************************************************************



   1	GROUP testgroup
   3	 GRID TRIANGULAR ANGLE 87 PSTEP 86 QSTEP 86
   4	 ELEMENT
   5	 GEOMETRY CIRCULAR RADIUS 63
   7	 PORTS 8
   8	 PORT 1
   9	 AMPLITUDE 62
  10	 PHASE_POL_ARRANG 598 deg
  11	 PORT 2
  12	 AMPLITUDE 30
  13	 PHASE_POL_ARRANG 506 deg
  14	 PORT 3
  15	 AMPLITUDE 30
  16	 PORT 4
  17	 AMPLITUDE 28
  18	 PHASE_SHAPING 417
  19	 PORT 5
  20	 AMPLITUDE 28
  21	 PHASE_SCANNING 420
  22	 PHASE_POL_ARRANG 515 rad
  23	 PORT 6
  24	 AMPLITUDE 24
  25	 PHASE_POL_ARRANG 491
  26	 PORT 7
  27	 AMPLITUDE 30
  28	 PHASE_POL_ARRANG 499
  29	 PORT 8
  30	 AMPLITUDE 29
  31	 ADD NODE 7 0
  32	 ADD BLOCK 1 0 -8 -2
  33	 ADD BLOCK -8 0 4 6
  35	 GROUP_EXCITATION
  36	 AMPLITUDE UNIFORM 26
  37	 PHASE UNIFORM 96
  38	 END

** WARNING B2: GRID step(s) too small for specified element in GROUP: testgroup
** Generating GROUP: testgroup.
** PSTEP,QSTEP set to:86.000000,86.000000
** Grid ANGLE set to:87.000000 
** Group ROT_ANGLE set to: 0.000000 

** Writing output file: ../inputs/gr84.dat

NEL 
NPORTS
IDUM      REXA     REYA     REZA     THEA     PHEA     PSEA 
          AMP      PSH      PSC      PHEPOL
 122
 122
   8
   8
   1 	  602.00     0.00     0.00     0.00     0.00     0.00
   1 	  602.00     0.00     0.00     0.00     0.00     0.00
   	 1612.00   694.00     0.00    90.00
   	 1612.00   694.00     0.00    90.00
   	  780.00   602.00     0.00    90.00
   	  780.00   602.00     0.00    90.00
   	  780.00    96.00     0.00    90.00
   	  780.00    96.00     0.00    90.00
   	  728.00   513.00     0.00    90.00
   	  728.00   513.00     0.00    90.00
   	  728.00 29603.33   420.00    90.00
   	  728.00 29603.33   420.00    90.00
   	  624.00   587.00     0.00    90.00
   	  624.00   587.00     0.00    90.00
   	  780.00   595.00     0.00    90.00
   	  780.00   595.00     0.00    90.00
   	  754.00    96.00     0.00    90.00
   	  754.00    96.00     0.00    90.00
   2 	 -697.00  -171.76     0.00     0.00     0.00     0.00
   2 	 -697.00  -171.76     0.00     0.00     0.00     0.00
   	 1612.00   694.00     0.00    90.00
   	 1612.00   694.00     0.00    90.00
   	  780.00   602.00     0.00    90.00
   	  780.00   602.00     0.00    90.00
   	  780.00    96.00     0.00    90.00
   	  780.00    96.00     0.00    90.00
   	  728.00   513.00     0.00    90.00
   	  728.00   513.00     0.00    90.00
   	  728.00 29603.33   420.00    90.00
   	  728.00 29603.33   420.00    90.00
   	  624.00   587.00     0.00    90.00
   	  624.00   587.00     0.00    90.00
   	  780.00   595.00     0.00    90.00
   	  780.00   595.00     0.00    90.00
   	  754.00    96.00     0.00    90.00
   	  754.00    96.00     0.00    90.00
   3 	 -611.00  -171.76     0.00     0.00     0.00     0.00
   3 	 -611.00  -171.76     0.00     0.00     0.00     0.00
   	 1612.00   694.00     0.00    90.00
   	 1612.00   694.00     0.00    90.00
   	  780.00   602.00     0.00    90.00
   	  780.00   602.00     0.00    90.00
   	  780.00    96.00     0.00    90.00
   	  780.00    96.00     0.00    90.00
   	  728.00   513.00     0.00    90.00
   	  728.00   513.00     0.00    90.00
   	  728.00 29603.33   420.00    90.00
   	  728.00 29603.33   420.00    90.00
   	  624.00   587.00     0.00    90.00
   	  624.00   587.00     0.00    90.00
   	  780.00   595.00     0.00    90.00
   	  780.00   595.00     0.00    90.00
   	  754.00    96.00     0.00    90.00
   	  754.00    96.00     0.00    90.00
   4 	 -525.00  -171.76     0.00     0.00     0.00     0.00
   4 	 -525.00  -171.76     0.00     0.00     0.00     0.00
   	 1612.00   694.00     0.00    90.00
   	 1612.00   694.00     0.00    90.00
   	  780.00   602.00     0.00    90.00
   	  780.00   602.00     0.00    90.00
   	  780.00    96.00     0.00    90.00
   	  780.00    96.00     0.00    90.00
   	  728.00   513.00     0.00    90.00
   	  728.00   513.00     0.00    90.00
   	  728.00 29603.33   420.00    90.00
   	  728.00 29603.33   420.00    90.00
   	  624.00   587.00     0.00    90.00
   	  624.00   587.00     0.00    90.00
   	  780.00   595.00     0.00    90.00
   	  780.00   595.00     0.00    90.00
   	  754.00    96.00     0.00    90.00
   	  754.00    96.00     0.00    90.00
   5 	 -439.00  -171.76     0.00     0.00     0.00     0.00
   5 	 -439.00  -171.76     0.00     0.00     0.00     0.00
   	 1612.00   694.00     0.00    90.00
   	 1612.00   694.00     0.00    90.00
   	  780.00   602.00     0.00    90.00
   	  780.00   602.00     0.00    90.00
   	  780.00    96.00     0.00    90.00
   	  780.00    96.00     0.00    90.00
   	  728.00   513.00     0.00    90.00
   	  728.00   513.00     0.00    90.00
   	  728.00 29603.33   420.00    90.00
   	  728.00 29603.33   420.00    90.00
   	  624.00   587.00     0.00    90.00
   	  624.00   587.00     0.00    90.00
   	  780.00   595.00     0.00    90.00
   	  780.00   595.00     0.00    90.00
   	  754.00    96.00     0.00    90.00
   	  754.00    96.00     0.00    90.00
   6 	 -353.00  -171.76     0.00     0.00     0.00     0.00
   6 	 -353.00  -171.76     0.00     0.00     0.00     0.00
   	 1612.00   694.00     0.00    90.00
   	 1612.00   694.00     0.00    90.00
   	  780.00   602.00     0.00    90.00
   	  780.00   602.00     0.00    90.00
   	  780.00    96.00     0.00    90.00
   	  780.00    96.00     0.00    90.00
   	  728.00   513.00     0.00    90.00
   	  728.00   513.00     0.00    90.00
   	  728.00 29603.33   420.00    90.00
   	  728.00 29603.33   420.00    90.00
   	  624.00   587.00     0.00    90.00
   	  624.00   587.00     0.00    90.00
   	  780.00   595.00     0.00    90.00
   	  780.00   595.00     0.00    90.00
   	  754.00    96.00     0.00    90.00
   	  754.00    96.00     0.00    90.00
   7 	 -267.00  -171.76     0.00     0.00     0.00     0.00
   7 	 -267.00  -171.76     0.00     0.00     0.00     0.00
   	 1612.00   694.00     0.00    90.00
   	 1612.00   694.00     0.00    90.00
   	  780.00   602.00     0.00    90.00
   	  780.00   602.00     0.00    90.00
   	  780.00    96.00     0.00    90.00
   	  780.00    96.00     0.00    90.00
   	  728.00   513.00     0.00    90.00
   	  728.00   513.00     0.00    90.00
   	  728.00 29603.33   420.00    90.00
   	  728.00 29603.33   420.00    90.00
   	  624.00   587.00     0.00    90.00
   	  624.00   587.00     0.00    90.00
   	  780.00   595.00     0.00    90.00
   	  780.00   595.00     0.00    90.00
   	  754.00    96.00     0.00    90.00
   	  754.00    96.00     0.00    90.00
   8 	 -181.00  -171.76     0.00     0.00     0.00     0.00
   8 	 -181.00  -171.76     0.00     0.00     0.00     0.00
   	 1612.00   694.00     0.00    90.00
   	 1612.00   694.00     0.00    90.00
   	  780.00   602.00     0.00    90.00
   	  780.00   602.00     0.00    90.00
   	  780.00    96.00     0.00    90.00
   	  780.00    96.00     0.00    90.00
   	  728.00   513.00     0.00    90.00
   	  728.00   513.00     0.00    90.00
   	  728.00 29603.33   420.00    90.00
   	  728.00 29603.33   420.00    90.00
   	  624.00   587.00     0.00    90.00
   	  624.00   587.00     0.00    90.00
   	  780.00   595.00     0.00    90.00
   	  780.00   595.00     0.00    90.00
   	  754.00    96.00     0.00    90.00
   	  754.00    96.00     0.00    90.00
   9 	  -95.00  -171.76     0.00     0.00     0.00     0.00
   9 	  -95.00  -171.76     0.00     0.00     0.00     0.00
   	 1612.00   694.00     0.00    90.00
   	 1612.00   694.00     0.00    90.00
   	  780.00   602.00     0.00    90.00
   	  780.00   602.00     0.00    90.00
   	  780.00    96.00     0.00    90.00
   	  780.00    96.00     0.00    90.00
   	  728.00   513.00     0.00    90.00
   	  728.00   513.00     0.00    90.00
   	  728.00 29603.33   420.00    90.00
   	  728.00 29603.33   420.00    90.00
   	  624.00   587.00     0.00    90.00
   	  624.00   587.00     0.00    90.00
   	  780.00   595.00     0.00    90.00
   	  780.00   595.00     0.00    90.00
   	  754.00    96.00     0.00    90.00
   	  754.00    96.00     0.00    90.00
  10 	   -9.00  -171.76     0.00     0.00     0.00     0.00
  10 	   -9.00  -171.76     0.00     0.00     0.00     0.00
   	 1612.00   694.00     0.00    90.00
   	 1612.00   694.00     0.00    90.00
   	  780.00   602.00     0.00    90.00
   	  780.00   602.00     0.00    90.00
   	  780.00    96.00     0.00    90.00
   	  780.00    96.00     0.00    90.00
   	  728.00   513.00     0.00    90.00
   	  728.00   513.00     0.00    90.00
   	  728.00 29603.33   420.00    90.00
   	  728.00 29603.33   420.00    90.00
   	  624.00   587.00     0.00    90.00
   	  624.00   587.00     0.00    90.00
   	  780.00   595.00     0.00    90.00
   	  780.00   595.00     0.00    90.00
   	  754.00    96.00     0.00    90.00
   	  754.00    96.00     0.00    90.00
  11 	   77.00  -171.76     0.00     0.00     0.00     0.00
  11 	   77.00  -171.76     0.00     0.00     0.00     0.00
   	 1612.00   694.00     0.00    90.00
   	 1612.00   694.00     0.00    90.00
   	  780.00   602.00     0.00    90.00
   	  780.00   602.00     0.00    90.00
   	  780.00    96.00     0.00    90.00
   	  780.00    96.00     0.00    90.00
   	  728.00   513.00     0.00    90.00
   	  728.00   513.00     0.00    90.00
   	  728.00 29603.33   420.00    90.00
   	  728.00 29603.33   420.00    90.00
   	  624.00   587.00     0.00    90.00
   	  624.00   587.00     0.00    90.00
   	  780.00   595.00     0.00    90.00
   	  780.00   595.00     0.00    90.00
   	  754.00    96.00     0.00    90.00
   	  754.00    96.00     0.00    90.00
  12 	 -692.50   -85.88     0.00     0.00     0.00     0.00
  12 	 -692.50   -85.88     0.00     0.00     0.00     0.00
   	 1612.00   694.00     0.00    90.00
   	 1612.00   694.00     0.00    90.00
   	  780.00   602.00     0.00    90.00
   	  780.00   602.00     0.00    90.00
   	  780.00    96.00     0.00    90.00
   	  780.00    96.00     0.00    90.00
   	  728.00   513.00     0.00    90.00
   	  728.00   513.00     0.00    90.00
   	  728.00 29603.33   420.00    90.00
   	  728.00 29603.33   420.00    90.00
   	  624.00   587.00     0.00    90.00
   	  624.00   587.00     0.00    90.00
   	  780.00   595.00     0.00    90.00
   	  780.00   595.00     0.00    90.00
   	  754.00    96.00     0.00    90.00
   	  754.00    96.00     0.00    90.00
  13 	 -606.50   -85.88     0.00     0.00     0.00     0.00
  13 	 -606.50   -85.88     0.00     0.00     0.00     0.00
   	 1612.00   694.00     0.00    90.00
   	 1612.00   694.00     0.00    90.00
   	  780.00   602.00     0.00    90.00
   	  780.00   602.00     0.00    90.00
   	  780.00    96.00     0.00    90.00
   	  780.00    96.00     0.00    90.00
   	  728.00   513.00     0.00    90.00
   	  728.00   513.00     0.00    90.00
   	  728.00 29603.33   420.00    90.00
   	  728.00 29603.33   420.00    90.00
   	  624.00   587.00     0.00    90.00
   	  624.00   587.00     0.00    90.00
   	  780.00   595.00     0.00    90.00
   	  780.00   595.00     0.00    90.00
   	  754.00    96.00     0.00    90.00
   	  754.00    96.00     0.00    90.00
  14 	 -520.50   -85.88     0.00     0.00     0.00     0.00
  14 	 -520.50   -85.88     0.00     0.00     0.00     0.00
   	 1612.00   694.00     0.00    90.00
   	 1612.00   694.00     0.00    90.00
   	  780.00   602.00     0.00    90.00
   	  780.00   602.00     0.00    90.00
   	  780.00    96.00     0.00    90.00
   	  780.00    96.00     0.00    90.00
   	  728.00   513.00     0.00    90.00
   	  728.00   513.00     0.00    90.00
   	  728.00 29603.33   420.00    90.00
   	  728.00 29603.33   420.00    90.00
   	  624.00   587.00     0.00    90.00
   	  624.00   587.00     0.00    90.00
   	  780.00   595.00     0.00    90.00
   	  780.00   595.00     0.00    90.00
   	  754.00    96.00     0.00    90.00
   	  754.00    96.00     0.00    90.00
  15 	 -434.50   -85.88     0.00     0.00     0.00     0.00
  15 	 -434.50   -85.88     0.00     0.00     0.00     0.00
   	 1612.00   694.00     0.00    90.00
   	 1612.00   694.00     0.00    90.00
   	  780.00   602.00     0.00    90.00
   	  780.00   602.00     0.00    90.00
   	  780.00    96.00     0.00    90.00
   	  780.00    96.00     0.00    90.00
   	  728.00   513.00     0.00    90.00
   	  728.00   513.00     0.00    90.00
   	  728.00 29603.33   420.00    90.00
   	  728.00 29603.33   420.00    90.00
   	  624.00   587.00     0.00    90.00
   	  624.00   587.00     0.00    90.00
   	  780.00   595.00     0.00    90.00
   	  780.00   595.00     0.00    90.00
   	  754.00    96.00     0.00    90.00
   	  754.00    96.00     0.00    90.00
  16 	 -348.50   -85.88     0.00     0.00     0.00     0.00
  16 	 -348.50   -85.88     0.00     0.00     0.00     0.00
   	 1612.00   694.00     0.00    90.00
   	 1612.00   694.00     0.00    90.00
   	  780.00   602.00     0.00    90.00
   	  780.00   602.00     0.00    90.00
   	  780.00    96.00     0.00    90.00
   	  780.00    96.00     0.00    90.00
   	  728.00   513.00     0.00    90.00
   	  728.00   513.00     0.00    90.00
   	  728.00 29603.33   420.00    90.00
   	  728.00 29603.33   420.00    90.00
   	  624.00   587.00     0.00    90.00
   	  624.00   587.00     0.00    90.00
   	  780.00   595.00     0.00    90.00
   	  780.00   595.00     0.00    90.00
   	  754.00    96.00     0.00    90.00
   	  754.00    96.00     0.00    90.00
  17 	 -262.50   -85.88     0.00     0.00     0.00     0.00
  17 	 -262.50   -85.88     0.00     0.00     0.00     0.00
   	 1612.00   694.00     0.00    90.00
   	 1612.00   694.00     0.00    90.00
   	  780.00   602.00     0.00    90.00
   	  780.00   602.00     0.00    90.00
   	  780.00    96.00     0.00    90.00
   	  780.00    96.00     0.00    90.00
   	  728.00   513.00     0.00    90.00
   	  728.00   513.00     0.00    90.00
   	  728.00 29603.33   420.00    90.00
   	  728.00 29603.33   420.00    90.00
   	  624.00   587.00     0.00    90.00
   	  624.00   587.00     0.00    90.00
   	  780.00   595.00     0.00    90.00
   	  780.00   595.00     0.00    90.00
   	  754.00    96.00     0.00    90.00
   	  754.00    96.00     0.00    90.00
  18 	 -176.50   -85.88     0.00     0.00     0.00     0.00
  18 	 -176.50   -85.88     0.00     0.00     0.00     0.00
   	 1612.00   694.00     0.00    90.00
   	 1612.00   694.00     0.00    90.00
   	  780.00   602.00     0.00    90.00
   	  780.00   602.00     0.00    90.00
   	  780.00    96.00     0.00    90.00
   	  780.00    96.00     0.00    90.00
   	  728.00   513.00     0.00    90.00
   	  728.00   513.00     0.00    90.00
   	  728.00 29603.33   420.00    90.00
   	  728.00 29603.33   420.00    90.00
   	  624.00   587.00     0.00    90.00
   	  624.00   587.00     0.00    90.00
   	  780.00   595.00     0.00    90.00
   	  780.00   595.00     0.00    90.00
   	  754.00    96.00     0.00    90.00
   	  754.00    96.00     0.00    90.00
  19 	  -90.50   -85.88     0.00     0.00     0.00     0.00
  19 	  -90.50   -85.88     0.00     0.00     0.00     0.00
   	 1612.00   694.00     0.00    90.00
   	 1612.00   694.00     0.00    90.00
   	  780.00   602.00     0.00    90.00
   	  780.00   602.00     0.00    90.00
   	  780.00    96.00     0.00    90.00
   	  780.00    96.00     0.00    90.00
   	  728.00   513.00     0.00    90.00
   	  728.00   513.00     0.00    90.00
   	  728.00 29603.33   420.00    90.00
   	  728.00 29603.33   420.00    90.00
   	  624.00   587.00     0.00    90.00
   	  624.00   587.00     0.00    90.00
   	  780.00   595.00     0.00    90.00
   	  780.00   595.00     0.00    90.00
   	  754.00    96.00     0.00    90.00
   	  754.00    96.00     0.00    90.00
  20 	   -4.50   -85.88     0.00     0.00     0.00     0.00
  20 	   -4.50   -85.88     0.00     0.00     0.00     0.00
   	 1612.00   694.00     0.00    90.00
   	 1612.00   694.00     0.00    90.00
   	  780.00   602.00     0.00    90.00
   	  780.00   602.00     0.00    90.00
   	  780.00    96.00     0.00    90.00
   	  780.00    96.00     0.00    90.00
   	  728.00   513.00     0.00    90.00
   	  728.00   513.00     0.00    90.00
   	  728.00 29603.33   420.00    90.00
   	  728.00 29603.33   420.00    90.00
   	  624.00   587.00     0.00    90.00
   	  624.00   587.00     0.00    90.00
   	  780.00   595.00     0.00    90.00
   	  780.00   595.00     0.00    90.00
   	  754.00    96.00     0.00    90.00
   	  754.00    96.00     0.00    90.00
  21 	   81.50   -85.88     0.00     0.00     0.00     0.00
  21 	   81.50   -85.88     0.00     0.00     0.00     0.00
   	 1612.00   694.00     0.00    90.00
   	 1612.00   694.00     0.00    90.00
   	  780.00   602.00     0.00    90.00
   	  780.00   602.00     0.00    90.00
   	  780.00    96.00     0.00    90.00
   	  780.00    96.00     0.00    90.00
   	  728.00   513.00     0.00    90.00
   	  728.00   513.00     0.00    90.00
   	  728.00 29603.33   420.00    90.00
   	  728.00 29603.33   420.00    90.00
   	  624.00   587.00     0.00    90.00
   	  624.00   587.00     0.00    90.00
   	  780.00   595.00     0.00    90.00
   	  780.00   595.00     0.00    90.00
   	  754.00    96.00     0.00    90.00
   	  754.00    96.00     0.00    90.00
  22 	 -688.00     0.00     0.00     0.00     0.00     0.00
  22 	 -688.00     0.00     0.00     0.00     0.00     0.00
   	 1612.00   694.00     0.00    90.00
   	 1612.00   694.00     0.00    90.00
   	  780.00   602.00     0.00    90.00
   	  780.00   602.00     0.00    90.00
   	  780.00    96.00     0.00    90.00
   	  780.00    96.00     0.00    90.00
   	  728.00   513.00     0.00    90.00
   	  728.00   513.00     0.00    90.00
   	  728.00 29603.33   420.00    90.00
   	  728.00 29603.33   420.00    90.00
   	  624.00   587.00     0.00    90.00
   	  624.00   587.00     0.00    90.00
   	  780.00   595.00     0.00    90.00
   	  780.00   595.00     0.00    90.00
   	  754.00    96.00     0.00    90.00
   	  754.00    96.00     0.00    90.00
  23 	 -602.00     0.00     0.00     0.00     0.00     0.00
  23 	 -602.00     0.00     0.00     0.00     0.00     0.00
   	 1612.00   694.00     0.00    90.00
   	 1612.00   694.00     0.00    90.00
   	  780.00   602.00     0.00    90.00
   	  780.00   602.00     0.00    90.00
   	  780.00    96.00     0.00    90.00
   	  780.00    96.00     0.00    90.00
   	  728.00   513.00     0.00    90.00
   	  728.00   513.00     0.00    90.00
   	  728.00 29603.33   420.00    90.00
   	  728.00 29603.33   420.00    90.00
   	  624.00   587.00     0.00    90.00
   	  624.00   587.00     0.00    90.00
   	  780.00   595.00     0.00    90.00
   	  780.00   595.00     0.00    90.00
   	  754.00    96.00     0.00    90.00
   	  754.00    96.00     0.00    90.00
  24 	 -516.00     0.00     0.00     0.00     0.00     0.00
  24 	 -516.00     0.00     0.00     0.00     0.00     0.00
   	 1612.00   694.00     0.00    90.00
   	 1612.00   694.00     0.00    90.00
   	  780.00   602.00     0.00    90.00
   	  780.00   602.00     0.00    90.00
   	  780.00    96.00     0.00    90.00
   	  780.00    96.00     0.00    90.00
   	  728.00   513.00     0.00    90.00
   	  728.00   513.00     0.00    90.00
   	  728.00 29603.33   420.00    90.00
   	  728.00 29603.33   420.00    90.00
   	  624.00   587.00     0.00    90.00
   	  624.00   587.00     0.00    90.00
   	  780.00   595.00     0.00    90.00
   	  780.00   595.00     0.00    90.00
   	  754.00    96.00     0.00    90.00
   	  754.00    96.00     0.00    90.00
  25 	 -430.00     0.00     0.00     0.00     0.00     0.00
  25 	 -430.00     0.00     0.00     0.00     0.00     0.00
   	 1612.00   694.00     0.00    90.00
   	 1612.00   694.00     0.00    90.00
   	  780.00   602.00     0.00    90.00
   	  780.00   602.00     0.00    90.00
   	  780.00    96.00     0.00    90.00
   	  780.00    96.00     0.00    90.00
   	  728.00   513.00     0.00    90.00
   	  728.00   513.00     0.00    90.00
   	  728.00 29603.33   420.00    90.00
   	  728.00 29603.33   420.00    90.00
   	  624.00   587.00     0.00    90.00
   	  624.00   587.00     0.00    90.00
   	  780.00   595.00     0.00    90.00
   	  780.00   595.00     0.00    90.00
   	  754.00    96.00     0.00    90.00
   	  754.00    96.00     0.00    90.00
  26 	 -344.00     0.00     0.00     0.00     0.00     0.00
  26 	 -344.00     0.00     0.00     0.00     0.00     0.00
   	 1612.00   694.00     0.00    90.00
   	 1612.00   694.00     0.00    90.00
   	  780.00   602.00     0.00    90.00
   	  780.00   602.00     0.00    90.00
   	  780.00    96.00     0.00    90.00
   	  780.00    96.00     0.00    90.00
   	  728.00   513.00     0.00    90.00
   	  728.00   513.00     0.00    90.00
   	  728.00 29603.33   420.00    90.00
   	  728.00 29603.33   420.00    90.00
   	  624.00   587.00     0.00    90.00
   	  624.00   587.00     0.00    90.00
   	  780.00   595.00     0.00    90.00
   	  780.00   595.00     0.00    90.00
   	  754.00    96.00     0.00    90.00
   	  754.00    96.00     0.00    90.00
  27 	 -258.00     0.00     0.00     0.00     0.00     0.00
  27 	 -258.00     0.00     0.00     0.00     0.00     0.00
   	 1612.00   694.00     0.00    90.00
   	 1612.00   694.00     0.00    90.00
   	  780.00   602.00     0.00    90.00
   	  780.00   602.00     0.00    90.00
   	  780.00    96.00     0.00    90.00
   	  780.00    96.00     0.00    90.00
   	  728.00   513.00     0.00    90.00
   	  728.00   513.00     0.00    90.00
   	  728.00 29603.33   420.00    90.00
   	  728.00 29603.33   420.00    90.00
   	  624.00   587.00     0.00    90.00
   	  624.00   587.00     0.00    90.00
   	  780.00   595.00     0.00    90.00
   	  780.00   595.00     0.00    90.00
   	  754.00    96.00     0.00    90.00
   	  754.00    96.00     0.00    90.00
  28 	 -172.00     0.00     0.00     0.00     0.00     0.00
  28 	 -172.00     0.00     0.00     0.00     0.00     0.00
   	 1612.00   694.00     0.00    90.00
   	 1612.00   694.00     0.00    90.00
   	  780.00   602.00     0.00    90.00
   	  780.00   602.00     0.00    90.00
   	  780.00    96.00     0.00    90.00
   	  780.00    96.00     0.00    90.00
   	  728.00   513.00     0.00    90.00
   	  728.00   513.00     0.00    90.00
   	  728.00 29603.33   420.00    90.00
   	  728.00 29603.33   420.00    90.00
   	  624.00   587.00     0.00    90.00
   	  624.00   587.00     0.00    90.00
   	  780.00   595.00     0.00    90.00
   	  780.00   595.00     0.00    90.00
   	  754.00    96.00     0.00    90.00
   	  754.00    96.00     0.00    90.00
  29 	  -86.00     0.00     0.00     0.00     0.00     0.00
  29 	  -86.00     0.00     0.00     0.00     0.00     0.00
   	 1612.00   694.00     0.00    90.00
   	 1612.00   694.00     0.00    90.00
   	  780.00   602.00     0.00    90.00
   	  780.00   602.00     0.00    90.00
   	  780.00    96.00     0.00    90.00
   	  780.00    96.00     0.00    90.00
   	  728.00   513.00     0.00    90.00
   	  728.00   513.00     0.00    90.00
   	  728.00 29603.33   420.00    90.00
   	  728.00 29603.33   420.00    90.00
   	  624.00   587.00     0.00    90.00
   	  624.00   587.00     0.00    90.00
   	  780.00   595.00     0.00    90.00
   	  780.00   595.00     0.00    90.00
   	  754.00    96.00     0.00    90.00
   	  754.00    96.00     0.00    90.00
  30 	    0.00     0.00     0.00     0.00     0.00     0.00
  30 	    0.00     0.00     0.00     0.00     0.00     0.00
   	 1612.00   694.00     0.00    90.00
   	 1612.00   694.00     0.00    90.00
   	  780.00   602.00     0.00    90.00
   	  780.00   602.00     0.00    90.00
   	  780.00    96.00     0.00    90.00
   	  780.00    96.00     0.00    90.00
   	  728.00   513.00     0.00    90.00
   	  728.00   513.00     0.00    90.00
   	  728.00 29603.33   420.00    90.00
   	  728.00 29603.33   420.00    90.00
   	  624.00   587.00     0.00    90.00
   	  624.00   587.00     0.00    90.00
   	  780.00   595.00     0.00    90.00
   	  780.00   595.00     0.00    90.00
   	  754.00    96.00     0.00    90.00
   	  754.00    96.00     0.00    90.00
  31 	   86.00     0.00     0.00     0.00     0.00     0.00
  31 	   86.00     0.00     0.00     0.00     0.00     0.00
   	 1612.00   694.00     0.00    90.00
   	 1612.00   694.00     0.00    90.00
   	  780.00   602.00     0.00    90.00
   	  780.00   602.00     0.00    90.00
   	  780.00    96.00     0.00    90.00
   	  780.00    96.00     0.00    90.00
   	  728.00   513.00     0.00    90.00
   	  728.00   513.00     0.00    90.00
   	  728.00 29603.33   420.00    90.00
   	  728.00 29603.33   420.00    90.00
   	  624.00   587.00     0.00    90.00
   	  624.00   587.00     0.00    90.00
   	  780.00   595.00     0.00    90.00
   	  780.00   595.00     0.00    90.00
   	  754.00    96.00     0.00    90.00
   	  754.00    96.00     0.00    90.00
  32 	 -688.00     0.00     0.00     0.00     0.00     0.00
  32 	 -688.00     0.00     0.00     0.00     0.00     0.00
   	 1612.00   694.00     0.00    90.00
   	 1612.00   694.00     0.00    90.00
   	  780.00   602.00     0.00    90.00
   	  780.00   602.00     0.00    90.00
   	  780.00    96.00     0.00    90.00
   	  780.00    96.00     0.00    90.00
   	  728.00   513.00     0.00    90.00
   	  728.00   513.00     0.00    90.00
   	  728.00 29603.33   420.00    90.00
   	  728.00 29603.33   420.00    90.00
   	  624.00   587.00     0.00    90.00
   	  624.00   587.00     0.00    90.00
   	  780.00   595.00     0.00    90.00
   	  780.00   595.00     0.00    90.00
   	  754.00    96.00     0.00    90.00
   	  754.00    96.00     0.00    90.00
  33 	 -602.00     0.00     0.00     0.00     0.00     0.00
  33 	 -602.00     0.00     0.00     0.00     0.00     0.00
   	 1612.00   694.00     0.00    90.00
   	 1612.00   694.00     0.00    90.00
   	  780.00   602.00     0.00    90.00
   	  780.00   602.00     0.00    90.00
   	  780.00    96.00     0.00    90.00
   	  780.00    96.00     0.00    90.00
   	  728.00   513.00     0.00    90.00
   	  728.00   513.00     0.00    90.00
   	  728.00 29603.33   420.00    90.00
   	  728.00 29603.33   420.00    90.00
   	  624.00   587.00     0.00    90.00
   	  624.00   587.00     0.00    90.00
   	  780.00   595.00     0.00    90.00
   	  780.00   595.00     0.00    90.00
   	  754.00    96.00     0.00    90.00
   	  754.00    96.00     0.00    90.00
  34 	 -516.00     0.00     0.00     0.00     0.00     0.00
  34 	 -516.00     0.00     0.00     0.00     0.00     0.00
   	 1612.00   694.00     0.00    90.00
   	 1612.00   694.00     0.00    90.00
   	  780.00   602.00     0.00    90.00
   	  780.00   602.00     0.00    90.00
   	  780.00    96.00     0.00    90.00
   	  780.00    96.00     0.00    90.00
   	  728.00   513.00     0.00    90.00
   	  728.00   513.00     0.00    90.00
   	  728.00 29603.33   420.00    90.00
   	  728.00 29603.33   420.00    90.00
   	  624.00   587.00     0.00    90.00
   	  624.00   587.00     0.00    90.00
   	  780.00   595.00     0.00    90.00
   	  780.00   595.00     0.00    90.00
   	  754.00    96.00     0.00    90.00
   	  754.00    96.00     0.00    90.00
  35 	 -430.00     0.00     0.00     0.00     0.00     0.00
  35 	 -430.00     0.00     0.00     0.00     0.00     0.00
   	 1612.00   694.00     0.00    90.00
   	 1612.00   694.00     0.00    90.00
   	  780.00   602.00     0.00    90.00
   	  780.00   602.00     0.00    90.00
   	  780.00    96.00     0.00    90.00
   	  780.00    96.00     0.00    90.00
   	  728.00   513.00     0.00    90.00
   	  728.00   513.00     0.00    90.00
   	  728.00 29603.33   420.00    90.00
   	  728.00 29603.33   420.00    90.00
   	  624.00   587.00     0.00    90.00
   	  624.00   587.00     0.00    90.00
   	  780.00   595.00     0.00    90.00
   	  780.00   595.00     0.00    90.00
   	  754.00    96.00     0.00    90.00
   	  754.00    96.00     0.00    90.00
  36 	 -344.00     0.00     0.00     0.00     0.00     0.00
  36 	 -344.00     0.00     0.00     0.00     0.00     0.00
   	 1612.00   694.00     0.00    90.00
   	 1612.00   694.00     0.00    90.00
   	  780.00   602.00     0.00    90.00
   	  780.00   602.00     0.00    90.00
   	  780.00    96.00     0.00    90.00
   	  780.00    96.00     0.00    90.00
   	  728.00   513.00     0.00    90.00
   	  728.00   513.00     0.00    90.00
   	  728.00 29603.33   420.00    90.00
   	  728.00 29603.33   420.00    90.00
   	  624.00   587.00     0.00    90.00
   	  624.00   587.00     0.00    90.00
   	  780.00   595.00     0.00    90.00
   	  780.00   595.00     0.00    90.00
   	  754.00    96.00     0.00    90.00
   	  754.00    96.00     0.00    90.00
  37 	 -258.00     0.00     0.00     0.00     0.00     0.00
  37 	 -258.00     0.00     0.00     0.00     0.00     0.00
   	 1612.00   694.00     0.00    90.00
   	 1612.00   694.00     0.00    90.00
   	  780.00   602.00     0.00    90.00
   	  780.00   602.00     0.00    90.00
   	  780.00    96.00     0.00    90.00
   	  780.00    96.00     0.00    90.00
   	  728.00   513.00     0.00    90.00
   	  728.00   513.00     0.00    90.00
   	  728.00 29603.33   420.00    90.00
   	  728.00 29603.33   420.00    90.00
   	  624.00   587.00     0.00    90.00
   	  624.00   587.00     0.00    90.00
   	  780.00   595.00     0.00    90.00
   	  780.00   595.00     0.00    90.00
   	  754.00    96.00     0.00    90.00
   	  754.00    96.00     0.00    90.00
  38 	 -172.00     0.00     0.00     0.00     0.00     0.00
  38 	 -172.00     0.00     0.00     0.00     0.00     0.00
   	 1612.00   694.00     0.00    90.00
   	 1612.00   694.00     0.00    90.00
   	  780.00   602.00     0.00    90.00
   	  780.00   602.00     0.00    90.00
   	  780.00    96.00     0.00    90.00
   	  780.00    96.00     0.00    90.00
   	  728.00   513.00     0.00    90.00
   	  728.00   513.00     0.00    90.00
   	  728.00 29603.33   420.00    90.00
   	  728.00 29603.33   420.00    90.00
   	  624.00   587.00     0.00    90.00
   	  624.00   587.00     0.00    90.00
   	  780.00   595.00     0.00    90.00
   	  780.00   595.00     0.00    90.00
   	  754.00    96.00     0.00    90.00
   	  754.00    96.00     0.00    90.00
  39 	  -86.00     0.00     0.00     0.00     0.00     0.00
  39 	  -86.00     0.00     0.00     0.00     0.00     0.00
   	 1612.00   694.00     0.00    90.00
   	 1612.00   694.00     0.00    90.00
   	  780.00   602.00     0.00    90.00
   	  780.00   602.00     0.00    90.00
   	  780.00    96.00     0.00    90.00
   	  780.00    96.00     0.00    90.00
   	  728.00   513.00     0.00    90.00
   	  728.00   513.00     0.00    90.00
   	  728.00 29603.33   420.00    90.00
   	  728.00 29603.33   420.00    90.00
   	  624.00   587.00     0.00    90.00
   	  624.00   587.00     0.00    90.00
   	  780.00   595.00     0.00    90.00
   	  780.00   595.00     0.00    90.00
   	  754.00    96.00     0.00    90.00
   	  754.00    96.00     0.00    90.00
  40 	    0.00     0.00     0.00     0.00     0.00     0.00
  40 	    0.00     0.00     0.00     0.00     0.00     0.00
   	 1612.00   694.00     0.00    90.00
   	 1612.00   694.00     0.00    90.00
   	  780.00   602.00     0.00    90.00
   	  780.00   602.00     0.00    90.00
   	  780.00    96.00     0.00    90.00
   	  780.00    96.00     0.00    90.00
   	  728.00   513.00     0.00    90.00
   	  728.00   513.00     0.00    90.00
   	  728.00 29603.33   420.00    90.00
   	  728.00 29603.33   420.00    90.00
   	  624.00   587.00     0.00    90.00
   	  624.00   587.00     0.00    90.00
   	  780.00   595.00     0.00    90.00
   	  780.00   595.00     0.00    90.00
   	  754.00    96.00     0.00    90.00
   	  754.00    96.00     0.00    90.00
  41 	   86.00     0.00     0.00     0.00     0.00     0.00
  41 	   86.00     0.00     0.00     0.00     0.00     0.00
   	 1612.00   694.00     0.00    90.00
   	 1612.00   694.00     0.00    90.00
   	  780.00   602.00     0.00    90.00
   	  780.00   602.00     0.00    90.00
   	  780.00    96.00     0.00    90.00
   	  780.00    96.00     0.00    90.00
   	  728.00   513.00     0.00    90.00
   	  728.00   513.00     0.00    90.00
   	  728.00 29603.33   420.00    90.00
   	  728.00 29603.33   420.00    90.00
   	  624.00   587.00     0.00    90.00
   	  624.00   587.00     0.00    90.00
   	  780.00   595.00     0.00    90.00
   	  780.00   595.00     0.00    90.00
   	  754.00    96.00     0.00    90.00
   	  754.00    96.00     0.00    90.00
  42 	  172.00     0.00     0.00     0.00     0.00     0.00
  42 	  172.00     0.00     0.00     0.00     0.00     0.00
   	 1612.00   694.00     0.00    90.00
   	 1612.00   694.00     0.00    90.00
   	  780.00   602.00     0.00    90.00
   	  780.00   602.00     0.00    90.00
   	  780.00    96.00     0.00    90.00
   	  780.00    96.00     0.00    90.00
   	  728.00   513.00     0.00    90.00
   	  728.00   513.00     0.00    90.00
   	  728.00 29603.33   420.00    90.00
   	  728.00 29603.33   420.00    90.00
   	  624.00   587.00     0.00    90.00
   	  624.00   587.00     0.00    90.00
   	  780.00   595.00     0.00    90.00
   	  780.00   595.00     0.00    90.00
   	  754.00    96.00     0.00    90.00
   	  754.00    96.00     0.00    90.00
  43 	  258.00     0.00     0.00     0.00     0.00     0.00
  43 	  258.00     0.00     0.00     0.00     0.00     0.00
   	 1612.00   694.00     0.00    90.00
   	 1612.00   694.00     0.00    90.00
   	  780.00   602.00     0.00    90.00
   	  780.00   602.00     0.00    90.00
   	  780.00    96.00     0.00    90.00
   	  780.00    96.00     0.00    90.00
   	  728.00   513.00     0.00    90.00
   	  728.00   513.00     0.00    90.00
   	  728.00 29603.33   420.00    90.00
   	  728.00 29603.33   420.00    90.00
   	  624.00   587.00     0.00    90.00
   	  624.00   587.00     0.00    90.00
   	  780.00   595.00     0.00    90.00
   	  780.00   595.00     0.00    90.00
   	  754.00    96.00     0.00    90.00
   	  754.00    96.00     0.00    90.00
  44 	  344.00     0.00     0.00     0.00     0.00     0.00
  44 	  344.00     0.00     0.00     0.00     0.00     0.00
   	 1612.00   694.00     0.00    90.00
   	 1612.00   694.00     0.00    90.00
   	  780.00   602.00     0.00    90.00
   	  780.00   602.00     0.00    90.00
   	  780.00    96.00     0.00    90.00
   	  780.00    96.00     0.00    90.00
   	  728.00   513.00     0.00    90.00
   	  728.00   513.00     0.00    90.00
   	  728.00 29603.33   420.00    90.00
   	  728.00 29603.33   420.00    90.00
   	  624.00   587.00     0.00    90.00
   	  624.00   587.00     0.00    90.00
   	  780.00   595.00     0.00    90.00
   	  780.00   595.00     0.00    90.00
   	  754.00    96.00     0.00    90.00
   	  754.00    96.00     0.00    90.00
  45 	 -683.50    85.88     0.00     0.00     0.00     0.00
  45 	 -683.50    85.88     0.00     0.00     0.00     0.00
   	 1612.00   694.00     0.00    90.00
   	 1612.00   694.00     0.00    90.00
   	  780.00   602.00     0.00    90.00
   	  780.00   602.00     0.00    90.00
   	  780.00    96.00     0.00    90.00
   	  780.00    96.00     0.00    90.00
   	  728.00   513.00     0.00    90.00
   	  728.00   513.00     0.00    90.00
   	  728.00 29603.33   420.00    90.00
   	  728.00 29603.33   420.00    90.00
   	  624.00   587.00     0.00    90.00
   	  624.00   587.00     0.00    90.00
   	  780.00   595.00     0.00    90.00
   	  780.00   595.00     0.00    90.00
   	  754.00    96.00     0.00    90.00
   	  754.00    96.00     0.00    90.00
  46 	 -597.50    85.88     0.00     0.00     0.00     0.00
  46 	 -597.50    85.88     0.00     0.00     0.00     0.00
   	 1612.00   694.00     0.00    90.00
   	 1612.00   694.00     0.00    90.00
   	  780.00   602.00     0.00    90.00
   	  780.00   602.00     0.00    90.00
   	  780.00    96.00     0.00    90.00
   	  780.00    96.00     0.00    90.00
   	  728.00   513.00     0.00    90.00
   	  728.00   513.00     0.00    90.00
   	  728.00 29603.33   420.00    90.00
   	  728.00 29603.33   420.00    90.00
   	  624.00   587.00     0.00    90.00
   	  624.00   587.00     0.00    90.00
   	  780.00   595.00     0.00    90.00
   	  780.00   595.00     0.00    90.00
   	  754.00    96.00     0.00    90.00
   	  754.00    96.00     0.00    90.00
  47 	 -511.50    85.88     0.00     0.00     0.00     0.00
  47 	 -511.50    85.88     0.00     0.00     0.00     0.00
   	 1612.00   694.00     0.00    90.00
   	 1612.00   694.00     0.00    90.00
   	  780.00   602.00     0.00    90.00
   	  780.00   602.00     0.00    90.00
   	  780.00    96.00     0.00    90.00
   	  780.00    96.00     0.00    90.00
   	  728.00   513.00     0.00    90.00
   	  728.00   513.00     0.00    90.00
   	  728.00 29603.33   420.00    90.00
   	  728.00 29603.33   420.00    90.00
   	  624.00   587.00     0.00    90.00
   	  624.00   587.00     0.00    90.00
   	  780.00   595.00     0.00    90.00
   	  780.00   595.00     0.00    90.00
   	  754.00    96.00     0.00    90.00
   	  754.00    96.00     0.00    90.00
  48 	 -425.50    85.88     0.00     0.00     0.00     0.00
  48 	 -425.50    85.88     0.00     0.00     0.00     0.00
   	 1612.00   694.00     0.00    90.00
   	 1612.00   694.00     0.00    90.00
   	  780.00   602.00     0.00    90.00
   	  780.00   602.00     0.00    90.00
   	  780.00    96.00     0.00    90.00
   	  780.00    96.00     0.00    90.00
   	  728.00   513.00     0.00    90.00
   	  728.00   513.00     0.00    90.00
   	  728.00 29603.33   420.00    90.00
   	  728.00 29603.33   420.00    90.00
   	  624.00   587.00     0.00    90.00
   	  624.00   587.00     0.00    90.00
   	  780.00   595.00     0.00    90.00
   	  780.00   595.00     0.00    90.00
   	  754.00    96.00     0.00    90.00
   	  754.00    96.00     0.00    90.00
  49 	 -339.50    85.88     0.00     0.00     0.00     0.00
  49 	 -339.50    85.88     0.00     0.00     0.00     0.00
   	 1612.00   694.00     0.00    90.00
   	 1612.00   694.00     0.00    90.00
   	  780.00   602.00     0.00    90.00
   	  780.00   602.00     0.00    90.00
   	  780.00    96.00     0.00    90.00
   	  780.00    96.00     0.00    90.00
   	  728.00   513.00     0.00    90.00
   	  728.00   513.00     0.00    90.00
   	  728.00 29603.33   420.00    90.00
   	  728.00 29603.33   420.00    90.00
   	  624.00   587.00     0.00    90.00
   	  624.00   587.00     0.00    90.00
   	  780.00   595.00     0.00    90.00
   	  780.00   595.00     0.00    90.00
   	  754.00    96.00     0.00    90.00
   	  754.00    96.00     0.00    90.00
  50 	 -253.50    85.88     0.00     0.00     0.00     0.00
  50 	 -253.50    85.88     0.00     0.00     0.00     0.00
   	 1612.00   694.00     0.00    90.00
   	 1612.00   694.00     0.00    90.00
   	  780.00   602.00     0.00    90.00
   	  780.00   602.00     0.00    90.00
   	  780.00    96.00     0.00    90.00
   	  780.00    96.00     0.00    90.00
   	  728.00   513.00     0.00    90.00
   	  728.00   513.00     0.00    90.00
   	  728.00 29603.33   420.00    90.00
   	  728.00 29603.33   420.00    90.00
   	  624.00   587.00     0.00    90.00
   	  624.00   587.00     0.00    90.00
   	  780.00   595.00     0.00    90.00
   	  780.00   595.00     0.00    90.00
   	  754.00    96.00     0.00    90.00
   	  754.00    96.00     0.00    90.00
  51 	 -167.50    85.88     0.00     0.00     0.00     0.00
  51 	 -167.50    85.88     0.00     0.00     0.00     0.00
   	 1612.00   694.00     0.00    90.00
   	 1612.00   694.00     0.00    90.00
   	  780.00   602.00     0.00    90.00
   	  780.00   602.00     0.00    90.00
   	  780.00    96.00     0.00    90.00
   	  780.00    96.00     0.00    90.00
   	  728.00   513.00     0.00    90.00
   	  728.00   513.00     0.00    90.00
   	  728.00 29603.33   420.00    90.00
   	  728.00 29603.33   420.00    90.00
   	  624.00   587.00     0.00    90.00
   	  624.00   587.00     0.00    90.00
   	  780.00   595.00     0.00    90.00
   	  780.00   595.00     0.00    90.00
   	  754.00    96.00     0.00    90.00
   	  754.00    96.00     0.00    90.00
  52 	  -81.50    85.88     0.00     0.00     0.00     0.00
  52 	  -81.50    85.88     0.00     0.00     0.00     0.00
   	 1612.00   694.00     0.00    90.00
   	 1612.00   694.00     0.00    90.00
   	  780.00   602.00     0.00    90.00
   	  780.00   602.00     0.00    90.00
   	  780.00    96.00     0.00    90.00
   	  780.00    96.00     0.00    90.00
   	  728.00   513.00     0.00    90.00
   	  728.00   513.00     0.00    90.00
   	  728.00 29603.33   420.00    90.00
   	  728.00 29603.33   420.00    90.00
   	  624.00   587.00     0.00    90.00
   	  624.00   587.00     0.00    90.00
   	  780.00   595.00     0.00    90.00
   	  780.00   595.00     0.00    90.00
   	  754.00    96.00     0.00    90.00
   	  754.00    96.00     0.00    90.00
  53 	    4.50    85.88     0.00     0.00     0.00     0.00
  53 	    4.50    85.88     0.00     0.00     0.00     0.00
   	 1612.00   694.00     0.00    90.00
   	 1612.00   694.00     0.00    90.00
   	  780.00   602.00     0.00    90.00
   	  780.00   602.00     0.00    90.00
   	  780.00    96.00     0.00    90.00
   	  780.00    96.00     0.00    90.00
   	  728.00   513.00     0.00    90.00
   	  728.00   513.00     0.00    90.00
   	  728.00 29603.33   420.00    90.00
   	  728.00 29603.33   420.00    90.00
   	  624.00   587.00     0.00    90.00
   	  624.00   587.00     0.00    90.00
   	  780.00   595.00     0.00    90.00
   	  780.00   595.00     0.00    90.00
   	  754.00    96.00     0.00    90.00
   	  754.00    96.00     0.00    90.00
  54 	   90.50    85.88     0.00     0.00     0.00     0.00
  54 	   90.50    85.88     0.00     0.00     0.00     0.00
   	 1612.00   694.00     0.00    90.00
   	 1612.00   694.00     0.00    90.00
   	  780.00   602.00     0.00    90.00
   	  780.00   602.00     0.00    90.00
   	  780.00    96.00     0.00    90.00
   	  780.00    96.00     0.00    90.00
   	  728.00   513.00     0.00    90.00
   	  728.00   513.00     0.00    90.00
   	  728.00 29603.33   420.00    90.00
   	  728.00 29603.33   420.00    90.00
   	  624.00   587.00     0.00    90.00
   	  624.00   587.00     0.00    90.00
   	  780.00   595.00     0.00    90.00
   	  780.00   595.00     0.00    90.00
   	  754.00    96.00     0.00    90.00
   	  754.00    96.00     0.00    90.00
  55 	  176.50    85.88     0.00     0.00     0.00     0.00
  55 	  176.50    85.88     0.00     0.00     0.00     0.00
   	 1612.00   694.00     0.00    90.00
   	 1612.00   694.00     0.00    90.00
   	  780.00   602.00     0.00    90.00
   	  780.00   602.00     0.00    90.00
   	  780.00    96.00     0.00    90.00
   	  780.00    96.00     0.00    90.00
   	  728.00   513.00     0.00    90.00
   	  728.00   513.00     0.00    90.00
   	  728.00 29603.33   420.00    90.00
   	  728.00 29603.33   420.00    90.00
   	  624.00   587.00     0.00    90.00
   	  624.00   587.00     0.00    90.00
   	  780.00   595.00     0.00    90.00
   	  780.00   595.00     0.00    90.00
   	  754.00    96.00     0.00    90.00
   	  754.00    96.00     0.00    90.00
  56 	  262.50    85.88     0.00     0.00     0.00     0.00
  56 	  262.50    85.88     0.00     0.00     0.00     0.00
   	 1612.00   694.00     0.00    90.00
   	 1612.00   694.00     0.00    90.00
   	  780.00   602.00     0.00    90.00
   	  780.00   602.00     0.00    90.00
   	  780.00    96.00     0.00    90.00
   	  780.00    96.00     0.00    90.00
   	  728.00   513.00     0.00    90.00
   	  728.00   513.00     0.00    90.00
   	  728.00 29603.33   420.00    90.00
   	  728.00 29603.33   420.00    90.00
   	  624.00   587.00     0.00    90.00
   	  624.00   587.00     0.00    90.00
   	  780.00   595.00     0.00    90.00
   	  780.00   595.00     0.00    90.00
   	  754.00    96.00     0.00    90.00
   	  754.00    96.00     0.00    90.00
  57 	  348.50    85.88     0.00     0.00     0.00     0.00
  57 	  348.50    85.88     0.00     0.00     0.00     0.00
   	 1612.00   694.00     0.00    90.00
   	 1612.00   694.00     0.00    90.00
   	  780.00   602.00     0.00    90.00
   	  780.00   602.00     0.00    90.00
   	  780.00    96.00     0.00    90.00
   	  780.00    96.00     0.00    90.00
   	  728.00   513.00     0.00    90.00
   	  728.00   513.00     0.00    90.00
   	  728.00 29603.33   420.00    90.00
   	  728.00 29603.33   420.00    90.00
   	  624.00   587.00     0.00    90.00
   	  624.00   587.00     0.00    90.00
   	  780.00   595.00     0.00    90.00
   	  780.00   595.00     0.00    90.00
   	  754.00    96.00     0.00    90.00
   	  754.00    96.00     0.00    90.00
  58 	 -679.00   171.76     0.00     0.00     0.00     0.00
  58 	 -679.00   171.76     0.00     0.00     0.00     0.00
   	 1612.00   694.00     0.00    90.00
   	 1612.00   694.00     0.00    90.00
   	  780.00   602.00     0.00    90.00
   	  780.00   602.00     0.00    90.00
   	  780.00    96.00     0.00    90.00
   	  780.00    96.00     0.00    90.00
   	  728.00   513.00     0.00    90.00
   	  728.00   513.00     0.00    90.00
   	  728.00 29603.33   420.00    90.00
   	  728.00 29603.33   420.00    90.00
   	  624.00   587.00     0.00    90.00
   	  624.00   587.00     0.00    90.00
   	  780.00   595.00     0.00    90.00
   	  780.00   595.00     0.00    90.00
   	  754.00    96.00     0.00    90.00
   	  754.00    96.00     0.00    90.00
  59 	 -593.00   171.76     0.00     0.00     0.00     0.00
  59 	 -593.00   171.76     0.00     0.00     0.00     0.00
   	 1612.00   694.00     0.00    90.00
   	 1612.00   694.00     0.00    90.00
   	  780.00   602.00     0.00    90.00
   	  780.00   602.00     0.00    90.00
   	  780.00    96.00     0.00    90.00
   	  780.00    96.00     0.00    90.00
   	  728.00   513.00     0.00    90.00
   	  728.00   513.00     0.00    90.00
   	  728.00 29603.33   420.00    90.00
   	  728.00 29603.33   420.00    90.00
   	  624.00   587.00     0.00    90.00
   	  624.00   587.00     0.00    90.00
   	  780.00   595.00     0.00    90.00
   	  780.00   595.00     0.00    90.00
   	  754.00    96.00     0.00    90.00
   	  754.00    96.00     0.00    90.00
  60 	 -507.00   171.76     0.00     0.00     0.00     0.00
  60 	 -507.00   171.76     0.00     0.00     0.00     0.00
   	 1612.00   694.00     0.00    90.00
   	 1612.00   694.00     0.00    90.00
   	  780.00   602.00     0.00    90.00
   	  780.00   602.00     0.00    90.00
   	  780.00    96.00     0.00    90.00
   	  780.00    96.00     0.00    90.00
   	  728.00   513.00     0.00    90.00
   	  728.00   513.00     0.00    90.00
   	  728.00 29603.33   420.00    90.00
   	  728.00 29603.33   420.00    90.00
   	  624.00   587.00     0.00    90.00
   	  624.00   587.00     0.00    90.00
   	  780.00   595.00     0.00    90.00
   	  780.00   595.00     0.00    90.00
   	  754.00    96.00     0.00    90.00
   	  754.00    96.00     0.00    90.00
  61 	 -421.00   171.76     0.00     0.00     0.00     0.00
  61 	 -421.00   171.76     0.00     0.00     0.00     0.00
   	 1612.00   694.00     0.00    90.00
   	 1612.00   694.00     0.00    90.00
   	  780.00   602.00     0.00    90.00
   	  780.00   602.00     0.00    90.00
   	  780.00    96.00     0.00    90.00
   	  780.00    96.00     0.00    90.00
   	  728.00   513.00     0.00    90.00
   	  728.00   513.00     0.00    90.00
   	  728.00 29603.33   420.00    90.00
   	  728.00 29603.33   420.00    90.00
   	  624.00   587.00     0.00    90.00
   	  624.00   587.00     0.00    90.00
   	  780.00   595.00     0.00    90.00
   	  780.00   595.00     0.00    90.00
   	  754.00    96.00     0.00    90.00
   	  754.00    96.00     0.00    90.00
  62 	 -335.00   171.76     0.00     0.00     0.00     0.00
  62 	 -335.00   171.76     0.00     0.00     0.00     0.00
   	 1612.00   694.00     0.00    90.00
   	 1612.00   694.00     0.00    90.00
   	  780.00   602.00     0.00    90.00
   	  780.00   602.00     0.00    90.00
   	  780.00    96.00     0.00    90.00
   	  780.00    96.00     0.00    90.00
   	  728.00   513.00     0.00    90.00
   	  728.00   513.00     0.00    90.00
   	  728.00 29603.33   420.00    90.00
   	  728.00 29603.33   420.00    90.00
   	  624.00   587.00     0.00    90.00
   	  624.00   587.00     0.00    90.00
   	  780.00   595.00     0.00    90.00
   	  780.00   595.00     0.00    90.00
   	  754.00    96.00     0.00    90.00
   	  754.00    96.00     0.00    90.00
  63 	 -249.00   171.76     0.00     0.00     0.00     0.00
  63 	 -249.00   171.76     0.00     0.00     0.00     0.00
   	 1612.00   694.00     0.00    90.00
   	 1612.00   694.00     0.00    90.00
   	  780.00   602.00     0.00    90.00
   	  780.00   602.00     0.00    90.00
   	  780.00    96.00     0.00    90.00
   	  780.00    96.00     0.00    90.00
   	  728.00   513.00     0.00    90.00
   	  728.00   513.00     0.00    90.00
   	  728.00 29603.33   420.00    90.00
   	  728.00 29603.33   420.00    90.00
   	  624.00   587.00     0.00    90.00
   	  624.00   587.00     0.00    90.00
   	  780.00   595.00     0.00    90.00
   	  780.00   595.00     0.00    90.00
   	  754.00    96.00     0.00    90.00
   	  754.00    96.00     0.00    90.00
  64 	 -163.00   171.76     0.00     0.00     0.00     0.00
  64 	 -163.00   171.76     0.00     0.00     0.00     0.00
   	 1612.00   694.00     0.00    90.00
   	 1612.00   694.00     0.00    90.00
   	  780.00   602.00     0.00    90.00
   	  780.00   602.00     0.00    90.00
   	  780.00    96.00     0.00    90.00
   	  780.00    96.00     0.00    90.00
   	  728.00   513.00     0.00    90.00
   	  728.00   513.00     0.00    90.00
   	  728.00 29603.33   420.00    90.00
   	  728.00 29603.33   420.00    90.00
   	  624.00   587.00     0.00    90.00
   	  624.00   587.00     0.00    90.00
   	  780.00   595.00     0.00    90.00
   	  780.00   595.00     0.00    90.00
   	  754.00    96.00     0.00    90.00
   	  754.00    96.00     0.00    90.00
  65 	  -77.00   171.76     0.00     0.00     0.00     0.00
  65 	  -77.00   171.76     0.00     0.00     0.00     0.00
   	 1612.00   694.00     0.00    90.00
   	 1612.00   694.00     0.00    90.00
   	  780.00   602.00     0.00    90.00
   	  780.00   602.00     0.00    90.00
   	  780.00    96.00     0.00    90.00
   	  780.00    96.00     0.00    90.00
   	  728.00   513.00     0.00    90.00
   	  728.00   513.00     0.00    90.00
   	  728.00 29603.33   420.00    90.00
   	  728.00 29603.33   420.00    90.00
   	  624.00   587.00     0.00    90.00
   	  624.00   587.00     0.00    90.00
   	  780.00   595.00     0.00    90.00
   	  780.00   595.00     0.00    90.00
   	  754.00    96.00     0.00    90.00
   	  754.00    96.00     0.00    90.00
  66 	    9.00   171.76     0.00     0.00     0.00     0.00
  66 	    9.00   171.76     0.00     0.00     0.00     0.00
   	 1612.00   694.00     0.00    90.00
   	 1612.00   694.00     0.00    90.00
   	  780.00   602.00     0.00    90.00
   	  780.00   602.00     0.00    90.00
   	  780.00    96.00     0.00    90.00
   	  780.00    96.00     0.00    90.00
   	  728.00   513.00     0.00    90.00
   	  728.00   513.00     0.00    90.00
   	  728.00 29603.33   420.00    90.00
   	  728.00 29603.33   420.00    90.00
   	  624.00   587.00     0.00    90.00
   	  624.00   587.00     0.00    90.00
   	  780.00   595.00     0.00    90.00
   	  780.00   595.00     0.00    90.00
   	  754.00    96.00     0.00    90.00
   	  754.00    96.00     0.00    90.00
  67 	   95.00   171.76     0.00     0.00     0.00     0.00
  67 	   95.00   171.76     0.00     0.00     0.00     0.00
   	 1612.00   694.00     0.00    90.00
   	 1612.00   694.00     0.00    90.00
   	  780.00   602.00     0.00    90.00
   	  780.00   602.00     0.00    90.00
   	  780.00    96.00     0.00    90.00
   	  780.00    96.00     0.00    90.00
   	  728.00   513.00     0.00    90.00
   	  728.00   513.00     0.00    90.00
   	  728.00 29603.33   420.00    90.00
   	  728.00 29603.33   420.00    90.00
   	  624.00   587.00     0.00    90.00
   	  624.00   587.00     0.00    90.00
   	  780.00   595.00     0.00    90.00
   	  780.00   595.00     0.00    90.00
   	  754.00    96.00     0.00    90.00
   	  754.00    96.00     0.00    90.00
  68 	  181.00   171.76     0.00     0.00     0.00     0.00
  68 	  181.00   171.76     0.00     0.00     0.00     0.00
   	 1612.00   694.00     0.00    90.00
   	 1612.00   694.00     0.00    90.00
   	  780.00   602.00     0.00    90.00
   	  780.00   602.00     0.00    90.00
   	  780.00    96.00     0.00    90.00
   	  780.00    96.00     0.00    90.00
   	  728.00   513.00     0.00    90.00
   	  728.00   513.00     0.00    90.00
   	  728.00 29603.33   420.00    90.00
   	  728.00 29603.33   420.00    90.00
   	  624.00   587.00     0.00    90.00
   	  624.00   587.00     0.00    90.00
   	  780.00   595.00     0.00    90.00
   	  780.00   595.00     0.00    90.00
   	  754.00    96.00     0.00    90.00
   	  754.00    96.00     0.00    90.00
  69 	  267.00   171.76     0.00     0.00     0.00     0.00
  69 	  267.00   171.76     0.00     0.00     0.00     0.00
   	 1612.00   694.00     0.00    90.00
   	 1612.00   694.00     0.00    90.00
   	  780.00   602.00     0.00    90.00
   	  780.00   602.00     0.00    90.00
   	  780.00    96.00     0.00    90.00
   	  780.00    96.00     0.00    90.00
   	  728.00   513.00     0.00    90.00
   	  728.00   513.00     0.00    90.00
   	  728.00 29603.33   420.00    90.00
   	  728.00 29603.33   420.00    90.00
   	  624.00   587.00     0.00    90.00
   	  624.00   587.00     0.00    90.00
   	  780.00   595.00     0.00    90.00
   	  780.00   595.00     0.00    90.00
   	  754.00    96.00     0.00    90.00
   	  754.00    96.00     0.00    90.00
  70 	  353.00   171.76     0.00     0.00     0.00     0.00
  70 	  353.00   171.76     0.00     0.00     0.00     0.00
   	 1612.00   694.00     0.00    90.00
   	 1612.00   694.00     0.00    90.00
   	  780.00   602.00     0.00    90.00
   	  780.00   602.00     0.00    90.00
   	  780.00    96.00     0.00    90.00
   	  780.00    96.00     0.00    90.00
   	  728.00   513.00     0.00    90.00
   	  728.00   513.00     0.00    90.00
   	  728.00 29603.33   420.00    90.00
   	  728.00 29603.33   420.00    90.00
   	  624.00   587.00     0.00    90.00
   	  624.00   587.00     0.00    90.00
   	  780.00   595.00     0.00    90.00
   	  780.00   595.00     0.00    90.00
   	  754.00    96.00     0.00    90.00
   	  754.00    96.00     0.00    90.00
  71 	 -674.50   257.65     0.00     0.00     0.00     0.00
  71 	 -674.50   257.65     0.00     0.00     0.00     0.00
   	 1612.00   694.00     0.00    90.00
   	 1612.00   694.00     0.00    90.00
   	  780.00   602.00     0.00    90.00
   	  780.00   602.00     0.00    90.00
   	  780.00    96.00     0.00    90.00
   	  780.00    96.00     0.00    90.00
   	  728.00   513.00     0.00    90.00
   	  728.00   513.00     0.00    90.00
   	  728.00 29603.33   420.00    90.00
   	  728.00 29603.33   420.00    90.00
   	  624.00   587.00     0.00    90.00
   	  624.00   587.00     0.00    90.00
   	  780.00   595.00     0.00    90.00
   	  780.00   595.00     0.00    90.00
   	  754.00    96.00     0.00    90.00
   	  754.00    96.00     0.00    90.00
  72 	 -588.50   257.65     0.00     0.00     0.00     0.00
  72 	 -588.50   257.65     0.00     0.00     0.00     0.00
   	 1612.00   694.00     0.00    90.00
   	 1612.00   694.00     0.00    90.00
   	  780.00   602.00     0.00    90.00
   	  780.00   602.00     0.00    90.00
   	  780.00    96.00     0.00    90.00
   	  780.00    96.00     0.00    90.00
   	  728.00   513.00     0.00    90.00
   	  728.00   513.00     0.00    90.00
   	  728.00 29603.33   420.00    90.00
   	  728.00 29603.33   420.00    90.00
   	  624.00   587.00     0.00    90.00
   	  624.00   587.00     0.00    90.00
   	  780.00   595.00     0.00    90.00
   	  780.00   595.00     0.00    90.00
   	  754.00    96.00     0.00    90.00
   	  754.00    96.00     0.00    90.00
  73 	 -502.50   257.65     0.00     0.00     0.00     0.00
  73 	 -502.50   257.65     0.00     0.00     0.00     0.00
   	 1612.00   694.00     0.00    90.00
   	 1612.00   694.00     0.00    90.00
   	  780.00   602.00     0.00    90.00
   	  780.00   602.00     0.00    90.00
   	  780.00    96.00     0.00    90.00
   	  780.00    96.00     0.00    90.00
   	  728.00   513.00     0.00    90.00
   	  728.00   513.00     0.00    90.00
   	  728.00 29603.33   420.00    90.00
   	  728.00 29603.33   420.00    90.00
   	  624.00   587.00     0.00    90.00
   	  624.00   587.00     0.00    90.00
   	  780.00   595.00     0.00    90.00
   	  780.00   595.00     0.00    90.00
   	  754.00    96.00     0.00    90.00
   	  754.00    96.00     0.00    90.00
  74 	 -416.50   257.65     0.00     0.00     0.00     0.00
  74 	 -416.50   257.65     0.00     0.00     0.00     0.00
   	 1612.00   694.00     0.00    90.00
   	 1612.00   694.00     0.00    90.00
   	  780.00   602.00     0.00    90.00
   	  780.00   602.00     0.00    90.00
   	  780.00    96.00     0.00    90.00
   	  780.00    96.00     0.00    90.00
   	  728.00   513.00     0.00    90.00
   	  728.00   513.00     0.00    90.00
   	  728.00 29603.33   420.00    90.00
   	  728.00 29603.33   420.00    90.00
   	  624.00   587.00     0.00    90.00
   	  624.00   587.00     0.00    90.00
   	  780.00   595.00     0.00    90.00
   	  780.00   595.00     0.00    90.00
   	  754.00    96.00     0.00    90.00
   	  754.00    96.00     0.00    90.00
  75 	 -330.50   257.65     0.00     0.00     0.00     0.00
  75 	 -330.50   257.65     0.00     0.00     0.00     0.00
   	 1612.00   694.00     0.00    90.00
   	 1612.00   694.00     0.00    90.00
   	  780.00   602.00     0.00    90.00
   	  780.00   602.00     0.00    90.00
   	  780.00    96.00     0.00    90.00
   	  780.00    96.00     0.00    90.00
   	  728.00   513.00     0.00    90.00
   	  728.00   513.00     0.00    90.00
   	  728.00 29603.33   420.00    90.00
   	  728.00 29603.33   420.00    90.00
   	  624.00   587.00     0.00    90.00
   	  624.00   587.00     0.00    90.00
   	  780.00   595.00     0.00    90.00
   	  780.00   595.00     0.00    90.00
   	  754.00    96.00     0.00    90.00
   	  754.00    96.00     0.00    90.00
  76 	 -244.50   257.65     0.00     0.00     0.00     0.00
  76 	 -244.50   257.65     0.00     0.00     0.00     0.00
   	 1612.00   694.00     0.00    90.00
   	 1612.00   694.00     0.00    90.00
   	  780.00   602.00     0.00    90.00
   	  780.00   602.00     0.00    90.00
   	  780.00    96.00     0.00    90.00
   	  780.00    96.00     0.00    90.00
   	  728.00   513.00     0.00    90.00
   	  728.00   513.00     0.00    90.00
   	  728.00 29603.33   420.00    90.00
   	  728.00 29603.33   420.00    90.00
   	  624.00   587.00     0.00    90.00
   	  624.00   587.00     0.00    90.00
   	  780.00   595.00     0.00    90.00
   	  780.00   595.00     0.00    90.00
   	  754.00    96.00     0.00    90.00
   	  754.00    96.00     0.00    90.00
  77 	 -158.50   257.65     0.00     0.00     0.00     0.00
  77 	 -158.50   257.65     0.00     0.00     0.00     0.00
   	 1612.00   694.00     0.00    90.00
   	 1612.00   694.00     0.00    90.00
   	  780.00   602.00     0.00    90.00
   	  780.00   602.00     0.00    90.00
   	  780.00    96.00     0.00    90.00
   	  780.00    96.00     0.00    90.00
   	  728.00   513.00     0.00    90.00
   	  728.00   513.00     0.00    90.00
   	  728.00 29603.33   420.00    90.00
   	  728.00 29603.33   420.00    90.00
   	  624.00   587.00     0.00    90.00
   	  624.00   587.00     0.00    90.00
   	  780.00   595.00     0.00    90.00
   	  780.00   595.00     0.00    90.00
   	  754.00    96.00     0.00    90.00
   	  754.00    96.00     0.00    90.00
  78 	  -72.50   257.65     0.00     0.00     0.00     0.00
  78 	  -72.50   257.65     0.00     0.00     0.00     0.00
   	 1612.00   694.00     0.00    90.00
   	 1612.00   694.00     0.00    90.00
   	  780.00   602.00     0.00    90.00
   	  780.00   602.00     0.00    90.00
   	  780.00    96.00     0.00    90.00
   	  780.00    96.00     0.00    90.00
   	  728.00   513.00     0.00    90.00
   	  728.00   513.00     0.00    90.00
   	  728.00 29603.33   420.00    90.00
   	  728.00 29603.33   420.00    90.00
   	  624.00   587.00     0.00    90.00
   	  624.00   587.00     0.00    90.00
   	  780.00   595.00     0.00    90.00
   	  780.00   595.00     0.00    90.00
   	  754.00    96.00     0.00    90.00
   	  754.00    96.00     0.00    90.00
  79 	   13.50   257.65     0.00     0.00     0.00     0.00
  79 	   13.50   257.65     0.00     0.00     0.00     0.00
   	 1612.00   694.00     0.00    90.00
   	 1612.00   694.00     0.00    90.00
   	  780.00   602.00     0.00    90.00
   	  780.00   602.00     0.00    90.00
   	  780.00    96.00     0.00    90.00
   	  780.00    96.00     0.00    90.00
   	  728.00   513.00     0.00    90.00
   	  728.00   513.00     0.00    90.00
   	  728.00 29603.33   420.00    90.00
   	  728.00 29603.33   420.00    90.00
   	  624.00   587.00     0.00    90.00
   	  624.00   587.00     0.00    90.00
   	  780.00   595.00     0.00    90.00
   	  780.00   595.00     0.00    90.00
   	  754.00    96.00     0.00    90.00
   	  754.00    96.00     0.00    90.00
  80 	   99.50   257.65     0.00     0.00     0.00     0.00
  80 	   99.50   257.65     0.00     0.00     0.00     0.00
   	 1612.00   694.00     0.00    90.00
   	 1612.00   694.00     0.00    90.00
   	  780.00   602.00     0.00    90.00
   	  780.00   602.00     0.00    90.00
   	  780.00    96.00     0.00    90.00
   	  780.00    96.00     0.00    90.00
   	  728.00   513.00     0.00    90.00
   	  728.00   513.00     0.00    90.00
   	  728.00 29603.33   420.00    90.00
   	  728.00 29603.33   420.00    90.00
   	  624.00   587.00     0.00    90.00
   	  624.00   587.00     0.00    90.00
   	  780.00   595.00     0.00    90.00
   	  780.00   595.00     0.00    90.00
   	  754.00    96.00     0.00    90.00
   	  754.00    96.00     0.00    90.00
  81 	  185.50   257.65     0.00     0.00     0.00     0.00
  81 	  185.50   257.65     0.00     0.00     0.00     0.00
   	 1612.00   694.00     0.00    90.00
   	 1612.00   694.00     0.00    90.00
   	  780.00   602.00     0.00    90.00
   	  780.00   602.00     0.00    90.00
   	  780.00    96.00     0.00    90.00
   	  780.00    96.00     0.00    90.00
   	  728.00   513.00     0.00    90.00
   	  728.00   513.00     0.00    90.00
   	  728.00 29603.33   420.00    90.00
   	  728.00 29603.33   420.00    90.00
   	  624.00   587.00     0.00    90.00
   	  624.00   587.00     0.00    90.00
   	  780.00   595.00     0.00    90.00
   	  780.00   595.00     0.00    90.00
   	  754.00    96.00     0.00    90.00
   	  754.00    96.00     0.00    90.00
  82 	  271.50   257.65     0.00     0.00     0.00     0.00
  82 	  271.50   257.65     0.00     0.00     0.00     0.00
   	 1612.00   694.00     0.00    90.00
   	 1612.00   694.00     0.00    90.00
   	  780.00   602.00     0.00    90.00
   	  780.00   602.00     0.00    90.00
   	  780.00    96.00     0.00    90.00
   	  780.00    96.00     0.00    90.00
   	  728.00   513.00     0.00    90.00
   	  728.00   513.00     0.00    90.00
   	  728.00 29603.33   420.00    90.00
   	  728.00 29603.33   420.00    90.00
   	  624.00   587.00     0.00    90.00
   	  624.00   587.00     0.00    90.00
   	  780.00   595.00     0.00    90.00
   	  780.00   595.00     0.00    90.00
   	  754.00    96.00     0.00    90.00
   	  754.00    96.00     0.00    90.00
  83 	  357.50   257.65     0.00     0.00     0.00     0.00
  83 	  357.50   257.65     0.00     0.00     0.00     0.00
   	 1612.00   694.00     0.00    90.00
   	 1612.00   694.00     0.00    90.00
   	  780.00   602.00     0.00    90.00
   	  780.00   602.00     0.00    90.00
   	  780.00    96.00     0.00    90.00
   	  780.00    96.00     0.00    90.00
   	  728.00   513.00     0.00    90.00
   	  728.00   513.00     0.00    90.00
   	  728.00 29603.33   420.00    90.00
   	  728.00 29603.33   420.00    90.00
   	  624.00   587.00     0.00    90.00
   	  624.00   587.00     0.00    90.00
   	  780.00   595.00     0.00    90.00
   	  780.00   595.00     0.00    90.00
   	  754.00    96.00     0.00    90.00
   	  754.00    96.00     0.00    90.00
  84 	 -670.00   343.53     0.00     0.00     0.00     0.00
  84 	 -670.00   343.53     0.00     0.00     0.00     0.00
   	 1612.00   694.00     0.00    90.00
   	 1612.00   694.00     0.00    90.00
   	  780.00   602.00     0.00    90.00
   	  780.00   602.00     0.00    90.00
   	  780.00    96.00     0.00    90.00
   	  780.00    96.00     0.00    90.00
   	  728.00   513.00     0.00    90.00
   	  728.00   513.00     0.00    90.00
   	  728.00 29603.33   420.00    90.00
   	  728.00 29603.33   420.00    90.00
   	  624.00   587.00     0.00    90.00
   	  624.00   587.00     0.00    90.00
   	  780.00   595.00     0.00    90.00
   	  780.00   595.00     0.00    90.00
   	  754.00    96.00     0.00    90.00
   	  754.00    96.00     0.00    90.00
  85 	 -584.00   343.53     0.00     0.00     0.00     0.00
  85 	 -584.00   343.53     0.00     0.00     0.00     0.00
   	 1612.00   694.00     0.00    90.00
   	 1612.00   694.00     0.00    90.00
   	  780.00   602.00     0.00    90.00
   	  780.00   602.00     0.00    90.00
   	  780.00    96.00     0.00    90.00
   	  780.00    96.00     0.00    90.00
   	  728.00   513.00     0.00    90.00
   	  728.00   513.00     0.00    90.00
   	  728.00 29603.33   420.00    90.00
   	  728.00 29603.33   420.00    90.00
   	  624.00   587.00     0.00    90.00
   	  624.00   587.00     0.00    90.00
   	  780.00   595.00     0.00    90.00
   	  780.00   595.00     0.00    90.00
   	  754.00    96.00     0.00    90.00
   	  754.00    96.00     0.00    90.00
  86 	 -498.00   343.53     0.00     0.00     0.00     0.00
  86 	 -498.00   343.53     0.00     0.00     0.00     0.00
   	 1612.00   694.00     0.00    90.00
   	 1612.00   694.00     0.00    90.00
   	  780.00   602.00     0.00    90.00
   	  780.00   602.00     0.00    90.00
   	  780.00    96.00     0.00    90.00
   	  780.00    96.00     0.00    90.00
   	  728.00   513.00     0.00    90.00
   	  728.00   513.00     0.00    90.00
   	  728.00 29603.33   420.00    90.00
   	  728.00 29603.33   420.00    90.00
   	  624.00   587.00     0.00    90.00
   	  624.00   587.00     0.00    90.00
   	  780.00   595.00     0.00    90.00
   	  780.00   595.00     0.00    90.00
   	  754.00    96.00     0.00    90.00
   	  754.00    96.00     0.00    90.00
  87 	 -412.00   343.53     0.00     0.00     0.00     0.00
  87 	 -412.00   343.53     0.00     0.00     0.00     0.00
   	 1612.00   694.00     0.00    90.00
   	 1612.00   694.00     0.00    90.00
   	  780.00   602.00     0.00    90.00
   	  780.00   602.00     0.00    90.00
   	  780.00    96.00     0.00    90.00
   	  780.00    96.00     0.00    90.00
   	  728.00   513.00     0.00    90.00
   	  728.00   513.00     0.00    90.00
   	  728.00 29603.33   420.00    90.00
   	  728.00 29603.33   420.00    90.00
   	  624.00   587.00     0.00    90.00
   	  624.00   587.00     0.00    90.00
   	  780.00   595.00     0.00    90.00
   	  780.00   595.00     0.00    90.00
   	  754.00    96.00     0.00    90.00
   	  754.00    96.00     0.00    90.00
  88 	 -326.00   343.53     0.00     0.00     0.00     0.00
  88 	 -326.00   343.53     0.00     0.00     0.00     0.00
   	 1612.00   694.00     0.00    90.00
   	 1612.00   694.00     0.00    90.00
   	  780.00   602.00     0.00    90.00
   	  780.00   602.00     0.00    90.00
   	  780.00    96.00     0.00    90.00
   	  780.00    96.00     0.00    90.00
   	  728.00   513.00     0.00    90.00
   	  728.00   513.00     0.00    90.00
   	  728.00 29603.33   420.00    90.00
   	  728.00 29603.33   420.00    90.00
   	  624.00   587.00     0.00    90.00
   	  624.00   587.00     0.00    90.00
   	  780.00   595.00     0.00    90.00
   	  780.00   595.00     0.00    90.00
   	  754.00    96.00     0.00    90.00
   	  754.00    96.00     0.00    90.00
  89 	 -240.00   343.53     0.00     0.00     0.00     0.00
  89 	 -240.00   343.53     0.00     0.00     0.00     0.00
   	 1612.00   694.00     0.00    90.00
   	 1612.00   694.00     0.00    90.00
   	  780.00   602.00     0.00    90.00
   	  780.00   602.00     0.00    90.00
   	  780.00    96.00     0.00    90.00
   	  780.00    96.00     0.00    90.00
   	  728.00   513.00     0.00    90.00
   	  728.00   513.00     0.00    90.00
   	  728.00 29603.33   420.00    90.00
   	  728.00 29603.33   420.00    90.00
   	  624.00   587.00     0.00    90.00
   	  624.00   587.00     0.00    90.00
   	  780.00   595.00     0.00    90.00
   	  780.00   595.00     0.00    90.00
   	  754.00    96.00     0.00    90.00
   	  754.00    96.00     0.00    90.00
  90 	 -154.00   343.53     0.00     0.00     0.00     0.00
  90 	 -154.00   343.53     0.00     0.00     0.00     0.00
   	 1612.00   694.00     0.00    90.00
   	 1612.00   694.00     0.00    90.00
   	  780.00   602.00     0.00    90.00
   	  780.00   602.00     0.00    90.00
   	  780.00    96.00     0.00    90.00
   	  780.00    96.00     0.00    90.00
   	  728.00   513.00     0.00    90.00
   	  728.00   513.00     0.00    90.00
   	  728.00 29603.33   420.00    90.00
   	  728.00 29603.33   420.00    90.00
   	  624.00   587.00     0.00    90.00
   	  624.00   587.00     0.00    90.00
   	  780.00   595.00     0.00    90.00
   	  780.00   595.00     0.00    90.00
   	  754.00    96.00     0.00    90.00
   	  754.00    96.00     0.00    90.00
  91 	  -68.00   343.53     0.00     0.00     0.00     0.00
  91 	  -68.00   343.53     0.00     0.00     0.00     0.00
   	 1612.00   694.00     0.00    90.00
   	 1612.00   694.00     0.00    90.00
   	  780.00   602.00     0.00    90.00
   	  780.00   602.00     0.00    90.00
   	  780.00    96.00     0.00    90.00
   	  780.00    96.00     0.00    90.00
   	  728.00   513.00     0.00    90.00
   	  728.00   513.00     0.00    90.00
   	  728.00 29603.33   420.00    90.00
   	  728.00 29603.33   420.00    90.00
   	  624.00   587.00     0.00    90.00
   	  624.00   587.00     0.00    90.00
   	  780.00   595.00     0.00    90.00
   	  780.00   595.00     0.00    90.00
   	  754.00    96.00     0.00    90.00
   	  754.00    96.00     0.00    90.00
  92 	   18.00   343.53     0.00     0.00     0.00     0.00
  92 	   18.00   343.53     0.00     0.00     0.00     0.00
   	 1612.00   694.00     0.00    90.00
   	 1612.00   694.00     0.00    90.00
   	  780.00   602.00     0.00    90.00
   	  780.00   602.00     0.00    90.00
   	  780.00    96.00     0.00    90.00
   	  780.00    96.00     0.00    90.00
   	  728.00   513.00     0.00    90.00
   	  728.00   513.00     0.00    90.00
   	  728.00 29603.33   420.00    90.00
   	  728.00 29603.33   420.00    90.00
   	  624.00   587.00     0.00    90.00
   	  624.00   587.00     0.00    90.00
   	  780.00   595.00     0.00    90.00
   	  780.00   595.00     0.00    90.00
   	  754.00    96.00     0.00    90.00
   	  754.00    96.00     0.00    90.00
  93 	  104.00   343.53     0.00     0.00     0.00     0.00
  93 	  104.00   343.53     0.00     0.00     0.00     0.00
   	 1612.00   694.00     0.00    90.00
   	 1612.00   694.00     0.00    90.00
   	  780.00   602.00     0.00    90.00
   	  780.00   602.00     0.00    90.00
   	  780.00    96.00     0.00    90.00
   	  780.00    96.00     0.00    90.00
   	  728.00   513.00     0.00    90.00
   	  728.00   513.00     0.00    90.00
   	  728.00 29603.33   420.00    90.00
   	  728.00 29603.33   420.00    90.00
   	  624.00   587.00     0.00    90.00
   	  624.00   587.00     0.00    90.00
   	  780.00   595.00     0.00    90.00
   	  780.00   595.00     0.00    90.00
   	  754.00    96.00     0.00    90.00
   	  754.00    96.00     0.00    90.00
  94 	  190.00   343.53     0.00     0.00     0.00     0.00
  94 	  190.00   343.53     0.00     0.00     0.00     0.00
   	 1612.00   694.00     0.00    90.00
   	 1612.00   694.00     0.00    90.00
   	  780.00   602.00     0.00    90.00
   	  780.00   602.00     0.00    90.00
   	  780.00    96.00     0.00    90.00
   	  780.00    96.00     0.00    90.00
   	  728.00   513.00     0.00    90.00
   	  728.00   513.00     0.00    90.00
   	  728.00 29603.33   420.00    90.00
   	  728.00 29603.33   420.00    90.00
   	  624.00   587.00     0.00    90.00
   	  624.00   587.00     0.00    90.00
   	  780.00   595.00     0.00    90.00
   	  780.00   595.00     0.00    90.00
   	  754.00    96.00     0.00    90.00
   	  754.00    96.00     0.00    90.00
  95 	  276.00   343.53     0.00     0.00     0.00     0.00
  95 	  276.00   343.53     0.00     0.00     0.00     0.00
   	 1612.00   694.00     0.00    90.00
   	 1612.00   694.00     0.00    90.00
   	  780.00   602.00     0.00    90.00
   	  780.00   602.00     0.00    90.00
   	  780.00    96.00     0.00    90.00
   	  780.00    96.00     0.00    90.00
   	  728.00   513.00     0.00    90.00
   	  728.00   513.00     0.00    90.00
   	  728.00 29603.33   420.00    90.00
   	  728.00 29603.33   420.00    90.00
   	  624.00   587.00     0.00    90.00
   	  624.00   587.00     0.00    90.00
   	  780.00   595.00     0.00    90.00
   	  780.00   595.00     0.00    90.00
   	  754.00    96.00     0.00    90.00
   	  754.00    96.00     0.00    90.00
  96 	  362.00   343.53     0.00     0.00     0.00     0.00
  96 	  362.00   343.53     0.00     0.00     0.00     0.00
   	 1612.00   694.00     0.00    90.00
   	 1612.00   694.00     0.00    90.00
   	  780.00   602.00     0.00    90.00
   	  780.00   602.00     0.00    90.00
   	  780.00    96.00     0.00    90.00
   	  780.00    96.00     0.00    90.00
   	  728.00   513.00     0.00    90.00
   	  728.00   513.00     0.00    90.00
   	  728.00 29603.33   420.00    90.00
   	  728.00 29603.33   420.00    90.00
   	  624.00   587.00     0.00    90.00
   	  624.00   587.00     0.00    90.00
   	  780.00   595.00     0.00    90.00
   	  780.00   595.00     0.00    90.00
   	  754.00    96.00     0.00    90.00
   	  754.00    96.00     0.00    90.00
  97 	 -665.50   429.41     0.00     0.00     0.00     0.00
  97 	 -665.50   429.41     0.00     0.00     0.00     0.00
   	 1612.00   694.00     0.00    90.00
   	 1612.00   694.00     0.00    90.00
   	  780.00   602.00     0.00    90.00
   	  780.00   602.00     0.00    90.00
   	  780.00    96.00     0.00    90.00
   	  780.00    96.00     0.00    90.00
   	  728.00   513.00     0.00    90.00
   	  728.00   513.00     0.00    90.00
   	  728.00 29603.33   420.00    90.00
   	  728.00 29603.33   420.00    90.00
   	  624.00   587.00     0.00    90.00
   	  624.00   587.00     0.00    90.00
   	  780.00   595.00     0.00    90.00
   	  780.00   595.00     0.00    90.00
   	  754.00    96.00     0.00    90.00
   	  754.00    96.00     0.00    90.00
  98 	 -579.50   429.41     0.00     0.00     0.00     0.00
  98 	 -579.50   429.41     0.00     0.00     0.00     0.00
   	 1612.00   694.00     0.00    90.00
   	 1612.00   694.00     0.00    90.00
   	  780.00   602.00     0.00    90.00
   	  780.00   602.00     0.00    90.00
   	  780.00    96.00     0.00    90.00
   	  780.00    96.00     0.00    90.00
   	  728.00   513.00     0.00    90.00
   	  728.00   513.00     0.00    90.00
   	  728.00 29603.33   420.00    90.00
   	  728.00 29603.33   420.00    90.00
   	  624.00   587.00     0.00    90.00
   	  624.00   587.00     0.00    90.00
   	  780.00   595.00     0.00    90.00
   	  780.00   595.00     0.00    90.00
   	  754.00    96.00     0.00    90.00
   	  754.00    96.00     0.00    90.00
  99 	 -493.50   429.41     0.00     0.00     0.00     0.00
  99 	 -493.50   429.41     0.00     0.00     0.00     0.00
   	 1612.00   694.00     0.00    90.00
   	 1612.00   694.00     0.00    90.00
   	  780.00   602.00     0.00    90.00
   	  780.00   602.00     0.00    90.00
   	  780.00    96.00     0.00    90.00
   	  780.00    96.00     0.00    90.00
   	  728.00   513.00     0.00    90.00
   	  728.00   513.00     0.00    90.00
   	  728.00 29603.33   420.00    90.00
   	  728.00 29603.33   420.00    90.00
   	  624.00   587.00     0.00    90.00
   	  624.00   587.00     0.00    90.00
   	  780.00   595.00     0.00    90.00
   	  780.00   595.00     0.00    90.00
   	  754.00    96.00     0.00    90.00
   	  754.00    96.00     0.00    90.00
 100 	 -407.50   429.41     0.00     0.00     0.00     0.00
 100 	 -407.50   429.41     0.00     0.00     0.00     0.00
   	 1612.00   694.00     0.00    90.00
   	 1612.00   694.00     0.00    90.00
   	  780.00   602.00     0.00    90.00
   	  780.00   602.00     0.00    90.00
   	  780.00    96.00     0.00    90.00
   	  780.00    96.00     0.00    90.00
   	  728.00   513.00     0.00    90.00
   	  728.00   513.00     0.00    90.00
   	  728.00 29603.33   420.00    90.00
   	  728.00 29603.33   420.00    90.00
   	  624.00   587.00     0.00    90.00
   	  624.00   587.00     0.00    90.00
   	  780.00   595.00     0.00    90.00
   	  780.00   595.00     0.00    90.00
   	  754.00    96.00     0.00    90.00
   	  754.00    96.00     0.00    90.00
 101 	 -321.50   429.41     0.00     0.00     0.00     0.00
 101 	 -321.50   429.41     0.00     0.00     0.00     0.00
   	 1612.00   694.00     0.00    90.00
   	 1612.00   694.00     0.00    90.00
   	  780.00   602.00     0.00    90.00
   	  780.00   602.00     0.00    90.00
   	  780.00    96.00     0.00    90.00
   	  780.00    96.00     0.00    90.00
   	  728.00   513.00     0.00    90.00
   	  728.00   513.00     0.00    90.00
   	  728.00 29603.33   420.00    90.00
   	  728.00 29603.33   420.00    90.00
   	  624.00   587.00     0.00    90.00
   	  624.00   587.00     0.00    90.00
   	  780.00   595.00     0.00    90.00
   	  780.00   595.00     0.00    90.00
   	  754.00    96.00     0.00    90.00
   	  754.00    96.00     0.00    90.00
 102 	 -235.50   429.41     0.00     0.00     0.00     0.00
 102 	 -235.50   429.41     0.00     0.00     0.00     0.00
   	 1612.00   694.00     0.00    90.00
   	 1612.00   694.00     0.00    90.00
   	  780.00   602.00     0.00    90.00
   	  780.00   602.00     0.00    90.00
   	  780.00    96.00     0.00    90.00
   	  780.00    96.00     0.00    90.00
   	  728.00   513.00     0.00    90.00
   	  728.00   513.00     0.00    90.00
   	  728.00 29603.33   420.00    90.00
   	  728.00 29603.33   420.00    90.00
   	  624.00   587.00     0.00    90.00
   	  624.00   587.00     0.00    90.00
   	  780.00   595.00     0.00    90.00
   	  780.00   595.00     0.00    90.00
   	  754.00    96.00     0.00    90.00
   	  754.00    96.00     0.00    90.00
 103 	 -149.50   429.41     0.00     0.00     0.00     0.00
 103 	 -149.50   429.41     0.00     0.00     0.00     0.00
   	 1612.00   694.00     0.00    90.00
   	 1612.00   694.00     0.00    90.00
   	  780.00   602.00     0.00    90.00
   	  780.00   602.00     0.00    90.00
   	  780.00    96.00     0.00    90.00
   	  780.00    96.00     0.00    90.00
   	  728.00   513.00     0.00    90.00
   	  728.00   513.00     0.00    90.00
   	  728.00 29603.33   420.00    90.00
   	  728.00 29603.33   420.00    90.00
   	  624.00   587.00     0.00    90.00
   	  624.00   587.00     0.00    90.00
   	  780.00   595.00     0.00    90.00
   	  780.00   595.00     0.00    90.00
   	  754.00    96.00     0.00    90.00
   	  754.00    96.00     0.00    90.00
 104 	  -63.50   429.41     0.00     0.00     0.00     0.00
 104 	  -63.50   429.41     0.00     0.00     0.00     0.00
   	 1612.00   694.00     0.00    90.00
   	 1612.00   694.00     0.00    90.00
   	  780.00   602.00     0.00    90.00
   	  780.00   602.00     0.00    90.00
   	  780.00    96.00     0.00    90.00
   	  780.00    96.00     0.00    90.00
   	  728.00   513.00     0.00    90.00
   	  728.00   513.00     0.00    90.00
   	  728.00 29603.33   420.00    90.00
   	  728.00 29603.33   420.00    90.00
   	  624.00   587.00     0.00    90.00
   	  624.00   587.00     0.00    90.00
   	  780.00   595.00     0.00    90.00
   	  780.00   595.00     0.00    90.00
   	  754.00    96.00     0.00    90.00
   	  754.00    96.00     0.00    90.00
 105 	   22.50   429.41     0.00     0.00     0.00     0.00
 105 	   22.50   429.41     0.00     0.00     0.00     0.00
   	 1612.00   694.00     0.00    90.00
   	 1612.00   694.00     0.00    90.00
   	  780.00   602.00     0.00    90.00
   	  780.00   602.00     0.00    90.00
   	  780.00    96.00     0.00    90.00
   	  780.00    96.00     0.00    90.00
   	  728.00   513.00     0.00    90.00
   	  728.00   513.00     0.00    90.00
   	  728.00 29603.33   420.00    90.00
   	  728.00 29603.33   420.00    90.00
   	  624.00   587.00     0.00    90.00
   	  624.00   587.00     0.00    90.00
   	  780.00   595.00     0.00    90.00
   	  780.00   595.00     0.00    90.00
   	  754.00    96.00     0.00    90.00
   	  754.00    96.00     0.00    90.00
 106 	  108.50   429.41     0.00     0.00     0.00     0.00
 106 	  108.50   429.41     0.00     0.00     0.00     0.00
   	 1612.00   694.00     0.00    90.00
   	 1612.00   694.00     0.00    90.00
   	  780.00   602.00     0.00    90.00
   	  780.00   602.00     0.00    90.00
   	  780.00    96.00     0.00    90.00
   	  780.00    96.00     0.00    90.00
   	  728.00   513.00     0.00    90.00
   	  728.00   513.00     0.00    90.00
   	  728.00 29603.33   420.00    90.00
   	  728.00 29603.33   420.00    90.00
   	  624.00   587.00     0.00    90.00
   	  624.00   587.00     0.00    90.00
   	  780.00   595.00     0.00    90.00
   	  780.00   595.00     0.00    90.00
   	  754.00    96.00     0.00    90.00
   	  754.00    96.00     0.00    90.00
 107 	  194.50   429.41     0.00     0.00     0.00     0.00
 107 	  194.50   429.41     0.00     0.00     0.00     0.00
   	 1612.00   694.00     0.00    90.00
   	 1612.00   694.00     0.00    90.00
   	  780.00   602.00     0.00    90.00
   	  780.00   602.00     0.00    90.00
   	  780.00    96.00     0.00    90.00
   	  780.00    96.00     0.00    90.00
   	  728.00   513.00     0.00    90.00
   	  728.00   513.00     0.00    90.00
   	  728.00 29603.33   420.00    90.00
   	  728.00 29603.33   420.00    90.00
   	  624.00   587.00     0.00    90.00
   	  624.00   587.00     0.00    90.00
   	  780.00   595.00     0.00    90.00
   	  780.00   595.00     0.00    90.00
   	  754.00    96.00     0.00    90.00
   	  754.00    96.00     0.00    90.00
 108 	  280.50   429.41     0.00     0.00     0.00     0.00
 108 	  280.50   429.41     0.00     0.00     0.00     0.00
   	 1612.00   694.00     0.00    90.00
   	 1612.00   694.00     0.00    90.00
   	  780.00   602.00     0.00    90.00
   	  780.00   602.00     0.00    90.00
   	  780.00    96.00     0.00    90.00
   	  780.00    96.00     0.00    90.00
   	  728.00   513.00     0.00    90.00
   	  728.00   513.00     0.00    90.00
   	  728.00 29603.33   420.00    90.00
   	  728.00 29603.33   420.00    90.00
   	  624.00   587.00     0.00    90.00
   	  624.00   587.00     0.00    90.00
   	  780.00   595.00     0.00    90.00
   	  780.00   595.00     0.00    90.00
   	  754.00    96.00     0.00    90.00
   	  754.00    96.00     0.00    90.00
 109 	  366.50   429.41     0.00     0.00     0.00     0.00
 109 	  366.50   429.41     0.00     0.00     0.00     0.00
   	 1612.00   694.00     0.00    90.00
   	 1612.00   694.00     0.00    90.00
   	  780.00   602.00     0.00    90.00
   	  780.00   602.00     0.00    90.00
   	  780.00    96.00     0.00    90.00
   	  780.00    96.00     0.00    90.00
   	  728.00   513.00     0.00    90.00
   	  728.00   513.00     0.00    90.00
   	  728.00 29603.33   420.00    90.00
   	  728.00 29603.33   420.00    90.00
   	  624.00   587.00     0.00    90.00
   	  624.00   587.00     0.00    90.00
   	  780.00   595.00     0.00    90.00
   	  780.00   595.00     0.00    90.00
   	  754.00    96.00     0.00    90.00
   	  754.00    96.00     0.00    90.00
 110 	 -660.99   515.29     0.00     0.00     0.00     0.00
 110 	 -660.99   515.29     0.00     0.00     0.00     0.00
   	 1612.00   694.00     0.00    90.00
   	 1612.00   694.00     0.00    90.00
   	  780.00   602.00     0.00    90.00
   	  780.00   602.00     0.00    90.00
   	  780.00    96.00     0.00    90.00
   	  780.00    96.00     0.00    90.00
   	  728.00   513.00     0.00    90.00
   	  728.00   513.00     0.00    90.00
   	  728.00 29603.33   420.00    90.00
   	  728.00 29603.33   420.00    90.00
   	  624.00   587.00     0.00    90.00
   	  624.00   587.00     0.00    90.00
   	  780.00   595.00     0.00    90.00
   	  780.00   595.00     0.00    90.00
   	  754.00    96.00     0.00    90.00
   	  754.00    96.00     0.00    90.00
 111 	 -574.99   515.29     0.00     0.00     0.00     0.00
 111 	 -574.99   515.29     0.00     0.00     0.00     0.00
   	 1612.00   694.00     0.00    90.00
   	 1612.00   694.00     0.00    90.00
   	  780.00   602.00     0.00    90.00
   	  780.00   602.00     0.00    90.00
   	  780.00    96.00     0.00    90.00
   	  780.00    96.00     0.00    90.00
   	  728.00   513.00     0.00    90.00
   	  728.00   513.00     0.00    90.00
   	  728.00 29603.33   420.00    90.00
   	  728.00 29603.33   420.00    90.00
   	  624.00   587.00     0.00    90.00
   	  624.00   587.00     0.00    90.00
   	  780.00   595.00     0.00    90.00
   	  780.00   595.00     0.00    90.00
   	  754.00    96.00     0.00    90.00
   	  754.00    96.00     0.00    90.00
 112 	 -488.99   515.29     0.00     0.00     0.00     0.00
 112 	 -488.99   515.29     0.00     0.00     0.00     0.00
   	 1612.00   694.00     0.00    90.00
   	 1612.00   694.00     0.00    90.00
   	  780.00   602.00     0.00    90.00
   	  780.00   602.00     0.00    90.00
   	  780.00    96.00     0.00    90.00
   	  780.00    96.00     0.00    90.00
   	  728.00   513.00     0.00    90.00
   	  728.00   513.00     0.00    90.00
   	  728.00 29603.33   420.00    90.00
   	  728.00 29603.33   420.00    90.00
   	  624.00   587.00     0.00    90.00
   	  624.00   587.00     0.00    90.00
   	  780.00   595.00     0.00    90.00
   	  780.00   595.00     0.00    90.00
   	  754.00    96.00     0.00    90.00
   	  754.00    96.00     0.00    90.00
 113 	 -402.99   515.29     0.00     0.00     0.00     0.00
 113 	 -402.99   515.29     0.00     0.00     0.00     0.00
   	 1612.00   694.00     0.00    90.00
   	 1612.00   694.00     0.00    90.00
   	  780.00   602.00     0.00    90.00
   	  780.00   602.00     0.00    90.00
   	  780.00    96.00     0.00    90.00
   	  780.00    96.00     0.00    90.00
   	  728.00   513.00     0.00    90.00
   	  728.00   513.00     0.00    90.00
   	  728.00 29603.33   420.00    90.00
   	  728.00 29603.33   420.00    90.00
   	  624.00   587.00     0.00    90.00
   	  624.00   587.00     0.00    90.00
   	  780.00   595.00     0.00    90.00
   	  780.00   595.00     0.00    90.00
   	  754.00    96.00     0.00    90.00
   	  754.00    96.00     0.00    90.00
 114 	 -316.99   515.29     0.00     0.00     0.00     0.00
 114 	 -316.99   515.29     0.00     0.00     0.00     0.00
   	 1612.00   694.00     0.00    90.00
   	 1612.00   694.00     0.00    90.00
   	  780.00   602.00     0.00    90.00
   	  780.00   602.00     0.00    90.00
   	  780.00    96.00     0.00    90.00
   	  780.00    96.00     0.00    90.00
   	  728.00   513.00     0.00    90.00
   	  728.00   513.00     0.00    90.00
   	  728.00 29603.33   420.00    90.00
   	  728.00 29603.33   420.00    90.00
   	  624.00   587.00     0.00    90.00
   	  624.00   587.00     0.00    90.00
   	  780.00   595.00     0.00    90.00
   	  780.00   595.00     0.00    90.00
   	  754.00    96.00     0.00    90.00
   	  754.00    96.00     0.00    90.00
 115 	 -230.99   515.29     0.00     0.00     0.00     0.00
 115 	 -230.99   515.29     0.00     0.00     0.00     0.00
   	 1612.00   694.00     0.00    90.00
   	 1612.00   694.00     0.00    90.00
   	  780.00   602.00     0.00    90.00
   	  780.00   602.00     0.00    90.00
   	  780.00    96.00     0.00    90.00
   	  780.00    96.00     0.00    90.00
   	  728.00   513.00     0.00    90.00
   	  728.00   513.00     0.00    90.00
   	  728.00 29603.33   420.00    90.00
   	  728.00 29603.33   420.00    90.00
   	  624.00   587.00     0.00    90.00
   	  624.00   587.00     0.00    90.00
   	  780.00   595.00     0.00    90.00
   	  780.00   595.00     0.00    90.00
   	  754.00    96.00     0.00    90.00
   	  754.00    96.00     0.00    90.00
 116 	 -144.99   515.29     0.00     0.00     0.00     0.00
 116 	 -144.99   515.29     0.00     0.00     0.00     0.00
   	 1612.00   694.00     0.00    90.00
   	 1612.00   694.00     0.00    90.00
   	  780.00   602.00     0.00    90.00
   	  780.00   602.00     0.00    90.00
   	  780.00    96.00     0.00    90.00
   	  780.00    96.00     0.00    90.00
   	  728.00   513.00     0.00    90.00
   	  728.00   513.00     0.00    90.00
   	  728.00 29603.33   420.00    90.00
   	  728.00 29603.33   420.00    90.00
   	  624.00   587.00     0.00    90.00
   	  624.00   587.00     0.00    90.00
   	  780.00   595.00     0.00    90.00
   	  780.00   595.00     0.00    90.00
   	  754.00    96.00     0.00    90.00
   	  754.00    96.00     0.00    90.00
 117 	  -58.99   515.29     0.00     0.00     0.00     0.00
 117 	  -58.99   515.29     0.00     0.00     0.00     0.00
   	 1612.00   694.00     0.00    90.00
   	 1612.00   694.00     0.00    90.00
   	  780.00   602.00     0.00    90.00
   	  780.00   602.00     0.00    90.00
   	  780.00    96.00     0.00    90.00
   	  780.00    96.00     0.00    90.00
   	  728.00   513.00     0.00    90.00
   	  728.00   513.00     0.00    90.00
   	  728.00 29603.33   420.00    90.00
   	  728.00 29603.33   420.00    90.00
   	  624.00   587.00     0.00    90.00
   	  624.00   587.00     0.00    90.00
   	  780.00   595.00     0.00    90.00
   	  780.00   595.00     0.00    90.00
   	  754.00    96.00     0.00    90.00
   	  754.00    96.00     0.00    90.00
 118 	   27.01   515.29     0.00     0.00     0.00     0.00
 118 	   27.01   515.29     0.00     0.00     0.00     0.00
   	 1612.00   694.00     0.00    90.00
   	 1612.00   694.00     0.00    90.00
   	  780.00   602.00     0.00    90.00
   	  780.00   602.00     0.00    90.00
   	  780.00    96.00     0.00    90.00
   	  780.00    96.00     0.00    90.00
   	  728.00   513.00     0.00    90.00
   	  728.00   513.00     0.00    90.00
   	  728.00 29603.33   420.00    90.00
   	  728.00 29603.33   420.00    90.00
   	  624.00   587.00     0.00    90.00
   	  624.00   587.00     0.00    90.00
   	  780.00   595.00     0.00    90.00
   	  780.00   595.00     0.00    90.00
   	  754.00    96.00     0.00    90.00
   	  754.00    96.00     0.00    90.00
 119 	  113.01   515.29     0.00     0.00     0.00     0.00
 119 	  113.01   515.29     0.00     0.00     0.00     0.00
   	 1612.00   694.00     0.00    90.00
   	 1612.00   694.00     0.00    90.00
   	  780.00   602.00     0.00    90.00
   	  780.00   602.00     0.00    90.00
   	  780.00    96.00     0.00    90.00
   	  780.00    96.00     0.00    90.00
   	  728.00   513.00     0.00    90.00
   	  728.00   513.00     0.00    90.00
   	  728.00 29603.33   420.00    90.00
   	  728.00 29603.33   420.00    90.00
   	  624.00   587.00     0.00    90.00
   	  624.00   587.00     0.00    90.00
   	  780.00   595.00     0.00    90.00
   	  780.00   595.00     0.00    90.00
   	  754.00    96.00     0.00    90.00
   	  754.00    96.00     0.00    90.00
 120 	  199.01   515.29     0.00     0.00     0.00     0.00
 120 	  199.01   515.29     0.00     0.00     0.00     0.00
   	 1612.00   694.00     0.00    90.00
   	 1612.00   694.00     0.00    90.00
   	  780.00   602.00     0.00    90.00
   	  780.00   602.00     0.00    90.00
   	  780.00    96.00     0.00    90.00
   	  780.00    96.00     0.00    90.00
   	  728.00   513.00     0.00    90.00
   	  728.00   513.00     0.00    90.00
   	  728.00 29603.33   420.00    90.00
   	  728.00 29603.33   420.00    90.00
   	  624.00   587.00     0.00    90.00
   	  624.00   587.00     0.00    90.00
   	  780.00   595.00     0.00    90.00
   	  780.00   595.00     0.00    90.00
   	  754.00    96.00     0.00    90.00
   	  754.00    96.00     0.00    90.00
 121 	  285.01   515.29     0.00     0.00     0.00     0.00
 121 	  285.01   515.29     0.00     0.00     0.00     0.00
   	 1612.00   694.00     0.00    90.00
   	 1612.00   694.00     0.00    90.00
   	  780.00   602.00     0.00    90.00
   	  780.00   602.00     0.00    90.00
   	  780.00    96.00     0.00    90.00
   	  780.00    96.00     0.00    90.00
   	  728.00   513.00     0.00    90.00
   	  728.00   513.00     0.00    90.00
   	  728.00 29603.33   420.00    90.00
   	  728.00 29603.33   420.00    90.00
   	  624.00   587.00     0.00    90.00
   	  624.00   587.00     0.00    90.00
   	  780.00   595.00     0.00    90.00
   	  780.00   595.00     0.00    90.00
   	  754.00    96.00     0.00    90.00
   	  754.00    96.00     0.00    90.00
 122 	  371.01   515.29     0.00     0.00     0.00     0.00
 122 	  371.01   515.29     0.00     0.00     0.00     0.00
   	 1612.00   694.00     0.00    90.00
   	 1612.00   694.00     0.00    90.00
   	  780.00   602.00     0.00    90.00
   	  780.00   602.00     0.00    90.00
   	  780.00    96.00     0.00    90.00
   	  780.00    96.00     0.00    90.00
   	  728.00   513.00     0.00    90.00
   	  728.00   513.00     0.00    90.00
   	  728.00 29603.33   420.00    90.00
   	  728.00 29603.33   420.00    90.00
   	  624.00   587.00     0.00    90.00
   	  624.00   587.00     0.00    90.00
   	  780.00   595.00     0.00    90.00
   	  780.00   595.00     0.00    90.00
   	  754.00    96.00     0.00    90.00
   	  754.00    96.00     0.00    90.00

** End writing output file: ../inputs/gr84.dat 
