*******************************************************************************
                         ARRAY PREPROCESSOR ver. 1.0
*******************************************************************************



   1	GROUP testgroup
   3	 GRID HEXAGONAL
   4	 ELEMENT
   5	 GEOMETRY CIRCULAR 40
   7	 PORTS 4
   8	 PORT 1
   9	 AMPLITUDE 47
  10	 PHASE_SCANNING 506
  11	 PORT 2
  12	 AMPLITUDE 30
  13	 PHASE_POL_ARRANG 697
  14	 PORT 3
  15	 POL_ORIENT X AMPLITUDE 19
  16	 PHASE_POL_ARRANG 526
  17	 PORT 4
  18	 AMPLITUDE 27
  19	 PHASE_SCANNING 656 deg
  20	 PHASE_POL_ARRANG 541
  21	 ADD BLOCK 4 9 -4 1
  23	 GROUP_EXCITATION
  24	 AMPLITUDE UNIFORM 25
  25	 PHASE UNIFORM 44
  26	 END

** Generating GROUP: testgroup.
** PSTEP,QSTEP set to:80.000000,80.000000
** Grid ANGLE set to:60.000000 
** Group ROT_ANGLE set to: 0.000000 

** Writing output file: ../inputs/gr840.dat

NEL 
NPORTS
IDUM      REXA     REYA     REZA     THEA     PHEA     PSEA 
          AMP      PSH      PSC      PHEPOL
  81
  81
   4
   4
   1 	 -280.00    69.28     0.00     0.00     0.00     0.00
   1 	 -280.00    69.28     0.00     0.00     0.00     0.00
   	 1175.00    44.00   506.00    90.00
   	 1175.00    44.00   506.00    90.00
   	  750.00   741.00     0.00    90.00
   	  750.00   741.00     0.00    90.00
   	  475.00   570.00     0.00     0.00
   	  475.00   570.00     0.00     0.00
   	  675.00   585.00   656.00    90.00
   	  675.00   585.00   656.00    90.00
   2 	 -200.00    69.28     0.00     0.00     0.00     0.00
   2 	 -200.00    69.28     0.00     0.00     0.00     0.00
   	 1175.00    44.00   506.00    90.00
   	 1175.00    44.00   506.00    90.00
   	  750.00   741.00     0.00    90.00
   	  750.00   741.00     0.00    90.00
   	  475.00   570.00     0.00     0.00
   	  475.00   570.00     0.00     0.00
   	  675.00   585.00   656.00    90.00
   	  675.00   585.00   656.00    90.00
   3 	 -120.00    69.28     0.00     0.00     0.00     0.00
   3 	 -120.00    69.28     0.00     0.00     0.00     0.00
   	 1175.00    44.00   506.00    90.00
   	 1175.00    44.00   506.00    90.00
   	  750.00   741.00     0.00    90.00
   	  750.00   741.00     0.00    90.00
   	  475.00   570.00     0.00     0.00
   	  475.00   570.00     0.00     0.00
   	  675.00   585.00   656.00    90.00
   	  675.00   585.00   656.00    90.00
   4 	  -40.00    69.28     0.00     0.00     0.00     0.00
   4 	  -40.00    69.28     0.00     0.00     0.00     0.00
   	 1175.00    44.00   506.00    90.00
   	 1175.00    44.00   506.00    90.00
   	  750.00   741.00     0.00    90.00
   	  750.00   741.00     0.00    90.00
   	  475.00   570.00     0.00     0.00
   	  475.00   570.00     0.00     0.00
   	  675.00   585.00   656.00    90.00
   	  675.00   585.00   656.00    90.00
   5 	   40.00    69.28     0.00     0.00     0.00     0.00
   5 	   40.00    69.28     0.00     0.00     0.00     0.00
   	 1175.00    44.00   506.00    90.00
   	 1175.00    44.00   506.00    90.00
   	  750.00   741.00     0.00    90.00
   	  750.00   741.00     0.00    90.00
   	  475.00   570.00     0.00     0.00
   	  475.00   570.00     0.00     0.00
   	  675.00   585.00   656.00    90.00
   	  675.00   585.00   656.00    90.00
   6 	  120.00    69.28     0.00     0.00     0.00     0.00
   6 	  120.00    69.28     0.00     0.00     0.00     0.00
   	 1175.00    44.00   506.00    90.00
   	 1175.00    44.00   506.00    90.00
   	  750.00   741.00     0.00    90.00
   	  750.00   741.00     0.00    90.00
   	  475.00   570.00     0.00     0.00
   	  475.00   570.00     0.00     0.00
   	  675.00   585.00   656.00    90.00
   	  675.00   585.00   656.00    90.00
   7 	  200.00    69.28     0.00     0.00     0.00     0.00
   7 	  200.00    69.28     0.00     0.00     0.00     0.00
   	 1175.00    44.00   506.00    90.00
   	 1175.00    44.00   506.00    90.00
   	  750.00   741.00     0.00    90.00
   	  750.00   741.00     0.00    90.00
   	  475.00   570.00     0.00     0.00
   	  475.00   570.00     0.00     0.00
   	  675.00   585.00   656.00    90.00
   	  675.00   585.00   656.00    90.00
   8 	  280.00    69.28     0.00     0.00     0.00     0.00
   8 	  280.00    69.28     0.00     0.00     0.00     0.00
   	 1175.00    44.00   506.00    90.00
   	 1175.00    44.00   506.00    90.00
   	  750.00   741.00     0.00    90.00
   	  750.00   741.00     0.00    90.00
   	  475.00   570.00     0.00     0.00
   	  475.00   570.00     0.00     0.00
   	  675.00   585.00   656.00    90.00
   	  675.00   585.00   656.00    90.00
   9 	  360.00    69.28     0.00     0.00     0.00     0.00
   9 	  360.00    69.28     0.00     0.00     0.00     0.00
   	 1175.00    44.00   506.00    90.00
   	 1175.00    44.00   506.00    90.00
   	  750.00   741.00     0.00    90.00
   	  750.00   741.00     0.00    90.00
   	  475.00   570.00     0.00     0.00
   	  475.00   570.00     0.00     0.00
   	  675.00   585.00   656.00    90.00
   	  675.00   585.00   656.00    90.00
  10 	 -240.00   138.56     0.00     0.00     0.00     0.00
  10 	 -240.00   138.56     0.00     0.00     0.00     0.00
   	 1175.00    44.00   506.00    90.00
   	 1175.00    44.00   506.00    90.00
   	  750.00   741.00     0.00    90.00
   	  750.00   741.00     0.00    90.00
   	  475.00   570.00     0.00     0.00
   	  475.00   570.00     0.00     0.00
   	  675.00   585.00   656.00    90.00
   	  675.00   585.00   656.00    90.00
  11 	 -160.00   138.56     0.00     0.00     0.00     0.00
  11 	 -160.00   138.56     0.00     0.00     0.00     0.00
   	 1175.00    44.00   506.00    90.00
   	 1175.00    44.00   506.00    90.00
   	  750.00   741.00     0.00    90.00
   	  750.00   741.00     0.00    90.00
   	  475.00   570.00     0.00     0.00
   	  475.00   570.00     0.00     0.00
   	  675.00   585.00   656.00    90.00
   	  675.00   585.00   656.00    90.00
  12 	  -80.00   138.56     0.00     0.00     0.00     0.00
  12 	  -80.00   138.56     0.00     0.00     0.00     0.00
   	 1175.00    44.00   506.00    90.00
   	 1175.00    44.00   506.00    90.00
   	  750.00   741.00     0.00    90.00
   	  750.00   741.00     0.00    90.00
   	  475.00   570.00     0.00     0.00
   	  475.00   570.00     0.00     0.00
   	  675.00   585.00   656.00    90.00
   	  675.00   585.00   656.00    90.00
  13 	   -0.00   138.56     0.00     0.00     0.00     0.00
  13 	   -0.00   138.56     0.00     0.00     0.00     0.00
   	 1175.00    44.00   506.00    90.00
   	 1175.00    44.00   506.00    90.00
   	  750.00   741.00     0.00    90.00
   	  750.00   741.00     0.00    90.00
   	  475.00   570.00     0.00     0.00
   	  475.00   570.00     0.00     0.00
   	  675.00   585.00   656.00    90.00
   	  675.00   585.00   656.00    90.00
  14 	   80.00   138.56     0.00     0.00     0.00     0.00
  14 	   80.00   138.56     0.00     0.00     0.00     0.00
   	 1175.00    44.00   506.00    90.00
   	 1175.00    44.00   506.00    90.00
   	  750.00   741.00     0.00    90.00
   	  750.00   741.00     0.00    90.00
   	  475.00   570.00     0.00     0.00
   	  475.00   570.00     0.00     0.00
   	  675.00   585.00   656.00    90.00
   	  675.00   585.00   656.00    90.00
  15 	  160.00   138.56     0.00     0.00     0.00     0.00
  15 	  160.00   138.56     0.00     0.00     0.00     0.00
   	 1175.00    44.00   506.00    90.00
   	 1175.00    44.00   506.00    90.00
   	  750.00   741.00     0.00    90.00
   	  750.00   741.00     0.00    90.00
   	  475.00   570.00     0.00     0.00
   	  475.00   570.00     0.00     0.00
   	  675.00   585.00   656.00    90.00
   	  675.00   585.00   656.00    90.00
  16 	  240.00   138.56     0.00     0.00     0.00     0.00
  16 	  240.00   138.56     0.00     0.00     0.00     0.00
   	 1175.00    44.00   506.00    90.00
   	 1175.00    44.00   506.00    90.00
   	  750.00   741.00     0.00    90.00
   	  750.00   741.00     0.00    90.00
   	  475.00   570.00     0.00     0.00
   	  475.00   570.00     0.00     0.00
   	  675.00   585.00   656.00    90.00
   	  675.00   585.00   656.00    90.00
  17 	  320.00   138.56     0.00     0.00     0.00     0.00
  17 	  320.00   138.56     0.00     0.00     0.00     0.00
   	 1175.00    44.00   506.00    90.00
   	 1175.00    44.00   506.00    90.00
   	  750.00   741.00     0.00    90.00
   	  750.00   741.00     0.00    90.00
   	  475.00   570.00     0.00     0.00
   	  475.00   570.00     0.00     0.00
   	  675.00   585.00   656.00    90.00
   	  675.00   585.00   656.00    90.00
  18 	  400.00   138.56     0.00     0.00     0.00     0.00
  18 	  400.00   138.56     0.00     0.00     0.00     0.00
   	 1175.00    44.00   506.00    90.00
   	 1175.00    44.00   506.00    90.00
   	  750.00   741.00     0.00    90.00
   	  750.00   741.00     0.00    90.00
   	  475.00   570.00     0.00     0.00
   	  475.00   570.00     0.00     0.00
   	  675.00   585.00   656.00    90.00
   	  675.00   585.00   656.00    90.00
  19 	 -200.00   207.85     0.00     0.00     0.00     0.00
  19 	 -200.00   207.85     0.00     0.00     0.00     0.00
   	 1175.00    44.00   506.00    90.00
   	 1175.00    44.00   506.00    90.00
   	  750.00   741.00     0.00    90.00
   	  750.00   741.00     0.00    90.00
   	  475.00   570.00     0.00     0.00
   	  475.00   570.00     0.00     0.00
   	  675.00   585.00   656.00    90.00
   	  675.00   585.00   656.00    90.00
  20 	 -120.00   207.85     0.00     0.00     0.00     0.00
  20 	 -120.00   207.85     0.00     0.00     0.00     0.00
   	 1175.00    44.00   506.00    90.00
   	 1175.00    44.00   506.00    90.00
   	  750.00   741.00     0.00    90.00
   	  750.00   741.00     0.00    90.00
   	  475.00   570.00     0.00     0.00
   	  475.00   570.00     0.00     0.00
   	  675.00   585.00   656.00    90.00
   	  675.00   585.00   656.00    90.00
  21 	  -40.00   207.85     0.00     0.00     0.00     0.00
  21 	  -40.00   207.85     0.00     0.00     0.00     0.00
   	 1175.00    44.00   506.00    90.00
   	 1175.00    44.00   506.00    90.00
   	  750.00   741.00     0.00    90.00
   	  750.00   741.00     0.00    90.00
   	  475.00   570.00     0.00     0.00
   	  475.00   570.00     0.00     0.00
   	  675.00   585.00   656.00    90.00
   	  675.00   585.00   656.00    90.00
  22 	   40.00   207.85     0.00     0.00     0.00     0.00
  22 	   40.00   207.85     0.00     0.00     0.00     0.00
   	 1175.00    44.00   506.00    90.00
   	 1175.00    44.00   506.00    90.00
   	  750.00   741.00     0.00    90.00
   	  750.00   741.00     0.00    90.00
   	  475.00   570.00     0.00     0.00
   	  475.00   570.00     0.00     0.00
   	  675.00   585.00   656.00    90.00
   	  675.00   585.00   656.00    90.00
  23 	  120.00   207.85     0.00     0.00     0.00     0.00
  23 	  120.00   207.85     0.00     0.00     0.00     0.00
   	 1175.00    44.00   506.00    90.00
   	 1175.00    44.00   506.00    90.00
   	  750.00   741.00     0.00    90.00
   	  750.00   741.00     0.00    90.00
   	  475.00   570.00     0.00     0.00
   	  475.00   570.00     0.00     0.00
   	  675.00   585.00   656.00    90.00
   	  675.00   585.00   656.00    90.00
  24 	  200.00   207.85     0.00     0.00     0.00     0.00
  24 	  200.00   207.85     0.00     0.00     0.00     0.00
   	 1175.00    44.00   506.00    90.00
   	 1175.00    44.00   506.00    90.00
   	  750.00   741.00     0.00    90.00
   	  750.00   741.00     0.00    90.00
   	  475.00   570.00     0.00     0.00
   	  475.00   570.00     0.00     0.00
   	  675.00   585.00   656.00    90.00
   	  675.00   585.00   656.00    90.00
  25 	  280.00   207.85     0.00     0.00     0.00     0.00
  25 	  280.00   207.85     0.00     0.00     0.00     0.00
   	 1175.00    44.00   506.00    90.00
   	 1175.00    44.00   506.00    90.00
   	  750.00   741.00     0.00    90.00
   	  750.00   741.00     0.00    90.00
   	  475.00   570.00     0.00     0.00
   	  475.00   570.00     0.00     0.00
   	  675.00   585.00   656.00    90.00
   	  675.00   585.00   656.00    90.00
  26 	  360.00   207.85     0.00     0.00     0.00     0.00
  26 	  360.00   207.85     0.00     0.00     0.00     0.00
   	 1175.00    44.00   506.00    90.00
   	 1175.00    44.00   506.00    90.00
   	  750.00   741.00     0.00    90.00
   	  750.00   741.00     0.00    90.00
   	  475.00   570.00     0.00     0.00
   	  475.00   570.00     0.00     0.00
   	  675.00   585.00   656.00    90.00
   	  675.00   585.00   656.00    90.00
  27 	  440.00   207.85     0.00     0.00     0.00     0.00
  27 	  440.00   207.85     0.00     0.00     0.00     0.00
   	 1175.00    44.00   506.00    90.00
   	 1175.00    44.00   506.00    90.00
   	  750.00   741.00     0.00    90.00
   	  750.00   741.00     0.00    90.00
   	  475.00   570.00     0.00     0.00
   	  475.00   570.00     0.00     0.00
   	  675.00   585.00   656.00    90.00
   	  675.00   585.00   656.00    90.00
  28 	 -160.00   277.13     0.00     0.00     0.00     0.00
  28 	 -160.00   277.13     0.00     0.00     0.00     0.00
   	 1175.00    44.00   506.00    90.00
   	 1175.00    44.00   506.00    90.00
   	  750.00   741.00     0.00    90.00
   	  750.00   741.00     0.00    90.00
   	  475.00   570.00     0.00     0.00
   	  475.00   570.00     0.00     0.00
   	  675.00   585.00   656.00    90.00
   	  675.00   585.00   656.00    90.00
  29 	  -80.00   277.13     0.00     0.00     0.00     0.00
  29 	  -80.00   277.13     0.00     0.00     0.00     0.00
   	 1175.00    44.00   506.00    90.00
   	 1175.00    44.00   506.00    90.00
   	  750.00   741.00     0.00    90.00
   	  750.00   741.00     0.00    90.00
   	  475.00   570.00     0.00     0.00
   	  475.00   570.00     0.00     0.00
   	  675.00   585.00   656.00    90.00
   	  675.00   585.00   656.00    90.00
  30 	   -0.00   277.13     0.00     0.00     0.00     0.00
  30 	   -0.00   277.13     0.00     0.00     0.00     0.00
   	 1175.00    44.00   506.00    90.00
   	 1175.00    44.00   506.00    90.00
   	  750.00   741.00     0.00    90.00
   	  750.00   741.00     0.00    90.00
   	  475.00   570.00     0.00     0.00
   	  475.00   570.00     0.00     0.00
   	  675.00   585.00   656.00    90.00
   	  675.00   585.00   656.00    90.00
  31 	   80.00   277.13     0.00     0.00     0.00     0.00
  31 	   80.00   277.13     0.00     0.00     0.00     0.00
   	 1175.00    44.00   506.00    90.00
   	 1175.00    44.00   506.00    90.00
   	  750.00   741.00     0.00    90.00
   	  750.00   741.00     0.00    90.00
   	  475.00   570.00     0.00     0.00
   	  475.00   570.00     0.00     0.00
   	  675.00   585.00   656.00    90.00
   	  675.00   585.00   656.00    90.00
  32 	  160.00   277.13     0.00     0.00     0.00     0.00
  32 	  160.00   277.13     0.00     0.00     0.00     0.00
   	 1175.00    44.00   506.00    90.00
   	 1175.00    44.00   506.00    90.00
   	  750.00   741.00     0.00    90.00
   	  750.00   741.00     0.00    90.00
   	  475.00   570.00     0.00     0.00
   	  475.00   570.00     0.00     0.00
   	  675.00   585.00   656.00    90.00
   	  675.00   585.00   656.00    90.00
  33 	  240.00   277.13     0.00     0.00     0.00     0.00
  33 	  240.00   277.13     0.00     0.00     0.00     0.00
   	 1175.00    44.00   506.00    90.00
   	 1175.00    44.00   506.00    90.00
   	  750.00   741.00     0.00    90.00
   	  750.00   741.00     0.00    90.00
   	  475.00   570.00     0.00     0.00
   	  475.00   570.00     0.00     0.00
   	  675.00   585.00   656.00    90.00
   	  675.00   585.00   656.00    90.00
  34 	  320.00   277.13     0.00     0.00     0.00     0.00
  34 	  320.00   277.13     0.00     0.00     0.00     0.00
   	 1175.00    44.00   506.00    90.00
   	 1175.00    44.00   506.00    90.00
   	  750.00   741.00     0.00    90.00
   	  750.00   741.00     0.00    90.00
   	  475.00   570.00     0.00     0.00
   	  475.00   570.00     0.00     0.00
   	  675.00   585.00   656.00    90.00
   	  675.00   585.00   656.00    90.00
  35 	  400.00   277.13     0.00     0.00     0.00     0.00
  35 	  400.00   277.13     0.00     0.00     0.00     0.00
   	 1175.00    44.00   506.00    90.00
   	 1175.00    44.00   506.00    90.00
   	  750.00   741.00     0.00    90.00
   	  750.00   741.00     0.00    90.00
   	  475.00   570.00     0.00     0.00
   	  475.00   570.00     0.00     0.00
   	  675.00   585.00   656.00    90.00
   	  675.00   585.00   656.00    90.00
  36 	  480.00   277.13     0.00     0.00     0.00     0.00
  36 	  480.00   277.13     0.00     0.00     0.00     0.00
   	 1175.00    44.00   506.00    90.00
   	 1175.00    44.00   506.00    90.00
   	  750.00   741.00     0.00    90.00
   	  750.00   741.00     0.00    90.00
   	  475.00   570.00     0.00     0.00
   	  475.00   570.00     0.00     0.00
   	  675.00   585.00   656.00    90.00
   	  675.00   585.00   656.00    90.00
  37 	 -120.00   346.41     0.00     0.00     0.00     0.00
  37 	 -120.00   346.41     0.00     0.00     0.00     0.00
   	 1175.00    44.00   506.00    90.00
   	 1175.00    44.00   506.00    90.00
   	  750.00   741.00     0.00    90.00
   	  750.00   741.00     0.00    90.00
   	  475.00   570.00     0.00     0.00
   	  475.00   570.00     0.00     0.00
   	  675.00   585.00   656.00    90.00
   	  675.00   585.00   656.00    90.00
  38 	  -40.00   346.41     0.00     0.00     0.00     0.00
  38 	  -40.00   346.41     0.00     0.00     0.00     0.00
   	 1175.00    44.00   506.00    90.00
   	 1175.00    44.00   506.00    90.00
   	  750.00   741.00     0.00    90.00
   	  750.00   741.00     0.00    90.00
   	  475.00   570.00     0.00     0.00
   	  475.00   570.00     0.00     0.00
   	  675.00   585.00   656.00    90.00
   	  675.00   585.00   656.00    90.00
  39 	   40.00   346.41     0.00     0.00     0.00     0.00
  39 	   40.00   346.41     0.00     0.00     0.00     0.00
   	 1175.00    44.00   506.00    90.00
   	 1175.00    44.00   506.00    90.00
   	  750.00   741.00     0.00    90.00
   	  750.00   741.00     0.00    90.00
   	  475.00   570.00     0.00     0.00
   	  475.00   570.00     0.00     0.00
   	  675.00   585.00   656.00    90.00
   	  675.00   585.00   656.00    90.00
  40 	  120.00   346.41     0.00     0.00     0.00     0.00
  40 	  120.00   346.41     0.00     0.00     0.00     0.00
   	 1175.00    44.00   506.00    90.00
   	 1175.00    44.00   506.00    90.00
   	  750.00   741.00     0.00    90.00
   	  750.00   741.00     0.00    90.00
   	  475.00   570.00     0.00     0.00
   	  475.00   570.00     0.00     0.00
   	  675.00   585.00   656.00    90.00
   	  675.00   585.00   656.00    90.00
  41 	  200.00   346.41     0.00     0.00     0.00     0.00
  41 	  200.00   346.41     0.00     0.00     0.00     0.00
   	 1175.00    44.00   506.00    90.00
   	 1175.00    44.00   506.00    90.00
   	  750.00   741.00     0.00    90.00
   	  750.00   741.00     0.00    90.00
   	  475.00   570.00     0.00     0.00
   	  475.00   570.00     0.00     0.00
   	  675.00   585.00   656.00    90.00
   	  675.00   585.00   656.00    90.00
  42 	  280.00   346.41     0.00     0.00     0.00     0.00
  42 	  280.00   346.41     0.00     0.00     0.00     0.00
   	 1175.00    44.00   506.00    90.00
   	 1175.00    44.00   506.00    90.00
   	  750.00   741.00     0.00    90.00
   	  750.00   741.00     0.00    90.00
   	  475.00   570.00     0.00     0.00
   	  475.00   570.00     0.00     0.00
   	  675.00   585.00   656.00    90.00
   	  675.00   585.00   656.00    90.00
  43 	  360.00   346.41     0.00     0.00     0.00     0.00
  43 	  360.00   346.41     0.00     0.00     0.00     0.00
   	 1175.00    44.00   506.00    90.00
   	 1175.00    44.00   506.00    90.00
   	  750.00   741.00     0.00    90.00
   	  750.00   741.00     0.00    90.00
   	  475.00   570.00     0.00     0.00
   	  475.00   570.00     0.00     0.00
   	  675.00   585.00   656.00    90.00
   	  675.00   585.00   656.00    90.00
  44 	  440.00   346.41     0.00     0.00     0.00     0.00
  44 	  440.00   346.41     0.00     0.00     0.00     0.00
   	 1175.00    44.00   506.00    90.00
   	 1175.00    44.00   506.00    90.00
   	  750.00   741.00     0.00    90.00
   	  750.00   741.00     0.00    90.00
   	  475.00   570.00     0.00     0.00
   	  475.00   570.00     0.00     0.00
   	  675.00   585.00   656.00    90.00
   	  675.00   585.00   656.00    90.00
  45 	  520.00   346.41     0.00     0.00     0.00     0.00
  45 	  520.00   346.41     0.00     0.00     0.00     0.00
   	 1175.00    44.00   506.00    90.00
   	 1175.00    44.00   506.00    90.00
   	  750.00   741.00     0.00    90.00
   	  750.00   741.00     0.00    90.00
   	  475.00   570.00     0.00     0.00
   	  475.00   570.00     0.00     0.00
   	  675.00   585.00   656.00    90.00
   	  675.00   585.00   656.00    90.00
  46 	  -80.00   415.69     0.00     0.00     0.00     0.00
  46 	  -80.00   415.69     0.00     0.00     0.00     0.00
   	 1175.00    44.00   506.00    90.00
   	 1175.00    44.00   506.00    90.00
   	  750.00   741.00     0.00    90.00
   	  750.00   741.00     0.00    90.00
   	  475.00   570.00     0.00     0.00
   	  475.00   570.00     0.00     0.00
   	  675.00   585.00   656.00    90.00
   	  675.00   585.00   656.00    90.00
  47 	   -0.00   415.69     0.00     0.00     0.00     0.00
  47 	   -0.00   415.69     0.00     0.00     0.00     0.00
   	 1175.00    44.00   506.00    90.00
   	 1175.00    44.00   506.00    90.00
   	  750.00   741.00     0.00    90.00
   	  750.00   741.00     0.00    90.00
   	  475.00   570.00     0.00     0.00
   	  475.00   570.00     0.00     0.00
   	  675.00   585.00   656.00    90.00
   	  675.00   585.00   656.00    90.00
  48 	   80.00   415.69     0.00     0.00     0.00     0.00
  48 	   80.00   415.69     0.00     0.00     0.00     0.00
   	 1175.00    44.00   506.00    90.00
   	 1175.00    44.00   506.00    90.00
   	  750.00   741.00     0.00    90.00
   	  750.00   741.00     0.00    90.00
   	  475.00   570.00     0.00     0.00
   	  475.00   570.00     0.00     0.00
   	  675.00   585.00   656.00    90.00
   	  675.00   585.00   656.00    90.00
  49 	  160.00   415.69     0.00     0.00     0.00     0.00
  49 	  160.00   415.69     0.00     0.00     0.00     0.00
   	 1175.00    44.00   506.00    90.00
   	 1175.00    44.00   506.00    90.00
   	  750.00   741.00     0.00    90.00
   	  750.00   741.00     0.00    90.00
   	  475.00   570.00     0.00     0.00
   	  475.00   570.00     0.00     0.00
   	  675.00   585.00   656.00    90.00
   	  675.00   585.00   656.00    90.00
  50 	  240.00   415.69     0.00     0.00     0.00     0.00
  50 	  240.00   415.69     0.00     0.00     0.00     0.00
   	 1175.00    44.00   506.00    90.00
   	 1175.00    44.00   506.00    90.00
   	  750.00   741.00     0.00    90.00
   	  750.00   741.00     0.00    90.00
   	  475.00   570.00     0.00     0.00
   	  475.00   570.00     0.00     0.00
   	  675.00   585.00   656.00    90.00
   	  675.00   585.00   656.00    90.00
  51 	  320.00   415.69     0.00     0.00     0.00     0.00
  51 	  320.00   415.69     0.00     0.00     0.00     0.00
   	 1175.00    44.00   506.00    90.00
   	 1175.00    44.00   506.00    90.00
   	  750.00   741.00     0.00    90.00
   	  750.00   741.00     0.00    90.00
   	  475.00   570.00     0.00     0.00
   	  475.00   570.00     0.00     0.00
   	  675.00   585.00   656.00    90.00
   	  675.00   585.00   656.00    90.00
  52 	  400.00   415.69     0.00     0.00     0.00     0.00
  52 	  400.00   415.69     0.00     0.00     0.00     0.00
   	 1175.00    44.00   506.00    90.00
   	 1175.00    44.00   506.00    90.00
   	  750.00   741.00     0.00    90.00
   	  750.00   741.00     0.00    90.00
   	  475.00   570.00     0.00     0.00
   	  475.00   570.00     0.00     0.00
   	  675.00   585.00   656.00    90.00
   	  675.00   585.00   656.00    90.00
  53 	  480.00   415.69     0.00     0.00     0.00     0.00
  53 	  480.00   415.69     0.00     0.00     0.00     0.00
   	 1175.00    44.00   506.00    90.00
   	 1175.00    44.00   506.00    90.00
   	  750.00   741.00     0.00    90.00
   	  750.00   741.00     0.00    90.00
   	  475.00   570.00     0.00     0.00
   	  475.00   570.00     0.00     0.00
   	  675.00   585.00   656.00    90.00
   	  675.00   585.00   656.00    90.00
  54 	  560.00   415.69     0.00     0.00     0.00     0.00
  54 	  560.00   415.69     0.00     0.00     0.00     0.00
   	 1175.00    44.00   506.00    90.00
   	 1175.00    44.00   506.00    90.00
   	  750.00   741.00     0.00    90.00
   	  750.00   741.00     0.00    90.00
   	  475.00   570.00     0.00     0.00
   	  475.00   570.00     0.00     0.00
   	  675.00   585.00   656.00    90.00
   	  675.00   585.00   656.00    90.00
  55 	  -40.00   484.97     0.00     0.00     0.00     0.00
  55 	  -40.00   484.97     0.00     0.00     0.00     0.00
   	 1175.00    44.00   506.00    90.00
   	 1175.00    44.00   506.00    90.00
   	  750.00   741.00     0.00    90.00
   	  750.00   741.00     0.00    90.00
   	  475.00   570.00     0.00     0.00
   	  475.00   570.00     0.00     0.00
   	  675.00   585.00   656.00    90.00
   	  675.00   585.00   656.00    90.00
  56 	   40.00   484.97     0.00     0.00     0.00     0.00
  56 	   40.00   484.97     0.00     0.00     0.00     0.00
   	 1175.00    44.00   506.00    90.00
   	 1175.00    44.00   506.00    90.00
   	  750.00   741.00     0.00    90.00
   	  750.00   741.00     0.00    90.00
   	  475.00   570.00     0.00     0.00
   	  475.00   570.00     0.00     0.00
   	  675.00   585.00   656.00    90.00
   	  675.00   585.00   656.00    90.00
  57 	  120.00   484.97     0.00     0.00     0.00     0.00
  57 	  120.00   484.97     0.00     0.00     0.00     0.00
   	 1175.00    44.00   506.00    90.00
   	 1175.00    44.00   506.00    90.00
   	  750.00   741.00     0.00    90.00
   	  750.00   741.00     0.00    90.00
   	  475.00   570.00     0.00     0.00
   	  475.00   570.00     0.00     0.00
   	  675.00   585.00   656.00    90.00
   	  675.00   585.00   656.00    90.00
  58 	  200.00   484.97     0.00     0.00     0.00     0.00
  58 	  200.00   484.97     0.00     0.00     0.00     0.00
   	 1175.00    44.00   506.00    90.00
   	 1175.00    44.00   506.00    90.00
   	  750.00   741.00     0.00    90.00
   	  750.00   741.00     0.00    90.00
   	  475.00   570.00     0.00     0.00
   	  475.00   570.00     0.00     0.00
   	  675.00   585.00   656.00    90.00
   	  675.00   585.00   656.00    90.00
  59 	  280.00   484.97     0.00     0.00     0.00     0.00
  59 	  280.00   484.97     0.00     0.00     0.00     0.00
   	 1175.00    44.00   506.00    90.00
   	 1175.00    44.00   506.00    90.00
   	  750.00   741.00     0.00    90.00
   	  750.00   741.00     0.00    90.00
   	  475.00   570.00     0.00     0.00
   	  475.00   570.00     0.00     0.00
   	  675.00   585.00   656.00    90.00
   	  675.00   585.00   656.00    90.00
  60 	  360.00   484.97     0.00     0.00     0.00     0.00
  60 	  360.00   484.97     0.00     0.00     0.00     0.00
   	 1175.00    44.00   506.00    90.00
   	 1175.00    44.00   506.00    90.00
   	  750.00   741.00     0.00    90.00
   	  750.00   741.00     0.00    90.00
   	  475.00   570.00     0.00     0.00
   	  475.00   570.00     0.00     0.00
   	  675.00   585.00   656.00    90.00
   	  675.00   585.00   656.00    90.00
  61 	  440.00   484.97     0.00     0.00     0.00     0.00
  61 	  440.00   484.97     0.00     0.00     0.00     0.00
   	 1175.00    44.00   506.00    90.00
   	 1175.00    44.00   506.00    90.00
   	  750.00   741.00     0.00    90.00
   	  750.00   741.00     0.00    90.00
   	  475.00   570.00     0.00     0.00
   	  475.00   570.00     0.00     0.00
   	  675.00   585.00   656.00    90.00
   	  675.00   585.00   656.00    90.00
  62 	  520.00   484.97     0.00     0.00     0.00     0.00
  62 	  520.00   484.97     0.00     0.00     0.00     0.00
   	 1175.00    44.00   506.00    90.00
   	 1175.00    44.00   506.00    90.00
   	  750.00   741.00     0.00    90.00
   	  750.00   741.00     0.00    90.00
   	  475.00   570.00     0.00     0.00
   	  475.00   570.00     0.00     0.00
   	  675.00   585.00   656.00    90.00
   	  675.00   585.00   656.00    90.00
  63 	  600.00   484.97     0.00     0.00     0.00     0.00
  63 	  600.00   484.97     0.00     0.00     0.00     0.00
   	 1175.00    44.00   506.00    90.00
   	 1175.00    44.00   506.00    90.00
   	  750.00   741.00     0.00    90.00
   	  750.00   741.00     0.00    90.00
   	  475.00   570.00     0.00     0.00
   	  475.00   570.00     0.00     0.00
   	  675.00   585.00   656.00    90.00
   	  675.00   585.00   656.00    90.00
  64 	   -0.00   554.26     0.00     0.00     0.00     0.00
  64 	   -0.00   554.26     0.00     0.00     0.00     0.00
   	 1175.00    44.00   506.00    90.00
   	 1175.00    44.00   506.00    90.00
   	  750.00   741.00     0.00    90.00
   	  750.00   741.00     0.00    90.00
   	  475.00   570.00     0.00     0.00
   	  475.00   570.00     0.00     0.00
   	  675.00   585.00   656.00    90.00
   	  675.00   585.00   656.00    90.00
  65 	   80.00   554.26     0.00     0.00     0.00     0.00
  65 	   80.00   554.26     0.00     0.00     0.00     0.00
   	 1175.00    44.00   506.00    90.00
   	 1175.00    44.00   506.00    90.00
   	  750.00   741.00     0.00    90.00
   	  750.00   741.00     0.00    90.00
   	  475.00   570.00     0.00     0.00
   	  475.00   570.00     0.00     0.00
   	  675.00   585.00   656.00    90.00
   	  675.00   585.00   656.00    90.00
  66 	  160.00   554.26     0.00     0.00     0.00     0.00
  66 	  160.00   554.26     0.00     0.00     0.00     0.00
   	 1175.00    44.00   506.00    90.00
   	 1175.00    44.00   506.00    90.00
   	  750.00   741.00     0.00    90.00
   	  750.00   741.00     0.00    90.00
   	  475.00   570.00     0.00     0.00
   	  475.00   570.00     0.00     0.00
   	  675.00   585.00   656.00    90.00
   	  675.00   585.00   656.00    90.00
  67 	  240.00   554.26     0.00     0.00     0.00     0.00
  67 	  240.00   554.26     0.00     0.00     0.00     0.00
   	 1175.00    44.00   506.00    90.00
   	 1175.00    44.00   506.00    90.00
   	  750.00   741.00     0.00    90.00
   	  750.00   741.00     0.00    90.00
   	  475.00   570.00     0.00     0.00
   	  475.00   570.00     0.00     0.00
   	  675.00   585.00   656.00    90.00
   	  675.00   585.00   656.00    90.00
  68 	  320.00   554.26     0.00     0.00     0.00     0.00
  68 	  320.00   554.26     0.00     0.00     0.00     0.00
   	 1175.00    44.00   506.00    90.00
   	 1175.00    44.00   506.00    90.00
   	  750.00   741.00     0.00    90.00
   	  750.00   741.00     0.00    90.00
   	  475.00   570.00     0.00     0.00
   	  475.00   570.00     0.00     0.00
   	  675.00   585.00   656.00    90.00
   	  675.00   585.00   656.00    90.00
  69 	  400.00   554.26     0.00     0.00     0.00     0.00
  69 	  400.00   554.26     0.00     0.00     0.00     0.00
   	 1175.00    44.00   506.00    90.00
   	 1175.00    44.00   506.00    90.00
   	  750.00   741.00     0.00    90.00
   	  750.00   741.00     0.00    90.00
   	  475.00   570.00     0.00     0.00
   	  475.00   570.00     0.00     0.00
   	  675.00   585.00   656.00    90.00
   	  675.00   585.00   656.00    90.00
  70 	  480.00   554.26     0.00     0.00     0.00     0.00
  70 	  480.00   554.26     0.00     0.00     0.00     0.00
   	 1175.00    44.00   506.00    90.00
   	 1175.00    44.00   506.00    90.00
   	  750.00   741.00     0.00    90.00
   	  750.00   741.00     0.00    90.00
   	  475.00   570.00     0.00     0.00
   	  475.00   570.00     0.00     0.00
   	  675.00   585.00   656.00    90.00
   	  675.00   585.00   656.00    90.00
  71 	  560.00   554.26     0.00     0.00     0.00     0.00
  71 	  560.00   554.26     0.00     0.00     0.00     0.00
   	 1175.00    44.00   506.00    90.00
   	 1175.00    44.00   506.00    90.00
   	  750.00   741.00     0.00    90.00
   	  750.00   741.00     0.00    90.00
   	  475.00   570.00     0.00     0.00
   	  475.00   570.00     0.00     0.00
   	  675.00   585.00   656.00    90.00
   	  675.00   585.00   656.00    90.00
  72 	  640.00   554.26     0.00     0.00     0.00     0.00
  72 	  640.00   554.26     0.00     0.00     0.00     0.00
   	 1175.00    44.00   506.00    90.00
   	 1175.00    44.00   506.00    90.00
   	  750.00   741.00     0.00    90.00
   	  750.00   741.00     0.00    90.00
   	  475.00   570.00     0.00     0.00
   	  475.00   570.00     0.00     0.00
   	  675.00   585.00   656.00    90.00
   	  675.00   585.00   656.00    90.00
  73 	   40.00   623.54     0.00     0.00     0.00     0.00
  73 	   40.00   623.54     0.00     0.00     0.00     0.00
   	 1175.00    44.00   506.00    90.00
   	 1175.00    44.00   506.00    90.00
   	  750.00   741.00     0.00    90.00
   	  750.00   741.00     0.00    90.00
   	  475.00   570.00     0.00     0.00
   	  475.00   570.00     0.00     0.00
   	  675.00   585.00   656.00    90.00
   	  675.00   585.00   656.00    90.00
  74 	  120.00   623.54     0.00     0.00     0.00     0.00
  74 	  120.00   623.54     0.00     0.00     0.00     0.00
   	 1175.00    44.00   506.00    90.00
   	 1175.00    44.00   506.00    90.00
   	  750.00   741.00     0.00    90.00
   	  750.00   741.00     0.00    90.00
   	  475.00   570.00     0.00     0.00
   	  475.00   570.00     0.00     0.00
   	  675.00   585.00   656.00    90.00
   	  675.00   585.00   656.00    90.00
  75 	  200.00   623.54     0.00     0.00     0.00     0.00
  75 	  200.00   623.54     0.00     0.00     0.00     0.00
   	 1175.00    44.00   506.00    90.00
   	 1175.00    44.00   506.00    90.00
   	  750.00   741.00     0.00    90.00
   	  750.00   741.00     0.00    90.00
   	  475.00   570.00     0.00     0.00
   	  475.00   570.00     0.00     0.00
   	  675.00   585.00   656.00    90.00
   	  675.00   585.00   656.00    90.00
  76 	  280.00   623.54     0.00     0.00     0.00     0.00
  76 	  280.00   623.54     0.00     0.00     0.00     0.00
   	 1175.00    44.00   506.00    90.00
   	 1175.00    44.00   506.00    90.00
   	  750.00   741.00     0.00    90.00
   	  750.00   741.00     0.00    90.00
   	  475.00   570.00     0.00     0.00
   	  475.00   570.00     0.00     0.00
   	  675.00   585.00   656.00    90.00
   	  675.00   585.00   656.00    90.00
  77 	  360.00   623.54     0.00     0.00     0.00     0.00
  77 	  360.00   623.54     0.00     0.00     0.00     0.00
   	 1175.00    44.00   506.00    90.00
   	 1175.00    44.00   506.00    90.00
   	  750.00   741.00     0.00    90.00
   	  750.00   741.00     0.00    90.00
   	  475.00   570.00     0.00     0.00
   	  475.00   570.00     0.00     0.00
   	  675.00   585.00   656.00    90.00
   	  675.00   585.00   656.00    90.00
  78 	  440.00   623.54     0.00     0.00     0.00     0.00
  78 	  440.00   623.54     0.00     0.00     0.00     0.00
   	 1175.00    44.00   506.00    90.00
   	 1175.00    44.00   506.00    90.00
   	  750.00   741.00     0.00    90.00
   	  750.00   741.00     0.00    90.00
   	  475.00   570.00     0.00     0.00
   	  475.00   570.00     0.00     0.00
   	  675.00   585.00   656.00    90.00
   	  675.00   585.00   656.00    90.00
  79 	  520.00   623.54     0.00     0.00     0.00     0.00
  79 	  520.00   623.54     0.00     0.00     0.00     0.00
   	 1175.00    44.00   506.00    90.00
   	 1175.00    44.00   506.00    90.00
   	  750.00   741.00     0.00    90.00
   	  750.00   741.00     0.00    90.00
   	  475.00   570.00     0.00     0.00
   	  475.00   570.00     0.00     0.00
   	  675.00   585.00   656.00    90.00
   	  675.00   585.00   656.00    90.00
  80 	  600.00   623.54     0.00     0.00     0.00     0.00
  80 	  600.00   623.54     0.00     0.00     0.00     0.00
   	 1175.00    44.00   506.00    90.00
   	 1175.00    44.00   506.00    90.00
   	  750.00   741.00     0.00    90.00
   	  750.00   741.00     0.00    90.00
   	  475.00   570.00     0.00     0.00
   	  475.00   570.00     0.00     0.00
   	  675.00   585.00   656.00    90.00
   	  675.00   585.00   656.00    90.00
  81 	  680.00   623.54     0.00     0.00     0.00     0.00
  81 	  680.00   623.54     0.00     0.00     0.00     0.00
   	 1175.00    44.00   506.00    90.00
   	 1175.00    44.00   506.00    90.00
   	  750.00   741.00     0.00    90.00
   	  750.00   741.00     0.00    90.00
   	  475.00   570.00     0.00     0.00
   	  475.00   570.00     0.00     0.00
   	  675.00   585.00   656.00    90.00
   	  675.00   585.00   656.00    90.00

** End writing output file: ../inputs/gr840.dat 
