*******************************************************************************
                         ARRAY PREPROCESSOR ver. 1.0
*******************************************************************************



   1	GROUP testgroup
   3	 GRID HEXAGONAL
   4	 ELEMENT
   5	 GEOMETRY CIRCULAR RADIUS 56
   6	 POLARIZATION LINEAR ORIENTATION X
   7	 ADD HEXAGON 1 -5
   9	 GROUP_EXCITATION
  10	 AMPLITUDE UNIFORM 23
  11	 PHASE UNIFORM 122
  12	 END

** Generating GROUP: testgroup.
** PSTEP,QSTEP set to:112.000000,112.000000
** Grid ANGLE set to:60.000000 
** Group ROT_ANGLE set to: 0.000000 

** Writing output file: ../inputs/gr843.dat

NEL 
NPORTS
IDUM      REXA     REYA     REZA     THEA     PHEA     PSEA 
          AMP      PSH      PSC      PHEPOL
   7
   7
   1
   1
   1 	 -224.00  -387.98     0.00     0.00     0.00     0.00
   1 	 -224.00  -387.98     0.00     0.00     0.00     0.00
   	   23.00   122.00     0.00     0.00
   	   23.00   122.00     0.00     0.00
   2 	 -112.00  -387.98     0.00     0.00     0.00     0.00
   2 	 -112.00  -387.98     0.00     0.00     0.00     0.00
   	   23.00   122.00     0.00     0.00
   	   23.00   122.00     0.00     0.00
   3 	  -56.00  -484.97     0.00     0.00     0.00     0.00
   3 	  -56.00  -484.97     0.00     0.00     0.00     0.00
   	   23.00   122.00     0.00     0.00
   	   23.00   122.00     0.00     0.00
   4 	 -112.00  -581.97     0.00     0.00     0.00     0.00
   4 	 -112.00  -581.97     0.00     0.00     0.00     0.00
   	   23.00   122.00     0.00     0.00
   	   23.00   122.00     0.00     0.00
   5 	 -224.00  -581.97     0.00     0.00     0.00     0.00
   5 	 -224.00  -581.97     0.00     0.00     0.00     0.00
   	   23.00   122.00     0.00     0.00
   	   23.00   122.00     0.00     0.00
   6 	 -280.00  -484.97     0.00     0.00     0.00     0.00
   6 	 -280.00  -484.97     0.00     0.00     0.00     0.00
   	   23.00   122.00     0.00     0.00
   	   23.00   122.00     0.00     0.00
   7 	 -168.00  -484.97     0.00     0.00     0.00     0.00
   7 	 -168.00  -484.97     0.00     0.00     0.00     0.00
   	   23.00   122.00     0.00     0.00
   	   23.00   122.00     0.00     0.00

** End writing output file: ../inputs/gr843.dat 
