*******************************************************************************
                         ARRAY PREPROCESSOR ver. 1.0
*******************************************************************************



   1	GROUP testgroup
   3	 GRID TRIANGULAR PSTEP 43 QSTEP 58
   4	 ELEMENT
   5	 GEOMETRY CIRCULAR 53
   6	 POLARIZATION CIRCULAR
   7	 ADD BLOCK 0 -1 2 -4
   9	 GROUP_EXCITATION
  10	 AMPLITUDE UNIFORM 32
  11	 PHASE UNIFORM -238
  12	 END

** WARNING B2: GRID step(s) too small for specified element in GROUP: testgroup
** WARNING B2: GRID step(s) too small for specified element in GROUP: testgroup
** Generating GROUP: testgroup.
** PSTEP,QSTEP set to:43.000000,58.000000
** Grid ANGLE set to:60.000000 
** Group ROT_ANGLE set to: 0.000000 

** Writing output file: ../inputs/gr845.dat

NEL 
NPORTS
IDUM      REXA     REYA     REZA     THEA     PHEA     PSEA 
          AMP      PSH      PSC      PHEPOL
  12
  12
   1
   1
   1 	 -116.00  -200.92     0.00     0.00     0.00     0.00
   1 	 -116.00  -200.92     0.00     0.00     0.00     0.00
   	   32.00  -238.00     0.00    90.00
   	   32.00  -238.00     0.00    90.00
   2 	  -73.00  -200.92     0.00     0.00     0.00     0.00
   2 	  -73.00  -200.92     0.00     0.00     0.00     0.00
   	   32.00  -238.00     0.00    90.00
   	   32.00  -238.00     0.00    90.00
   3 	  -30.00  -200.92     0.00     0.00     0.00     0.00
   3 	  -30.00  -200.92     0.00     0.00     0.00     0.00
   	   32.00  -238.00     0.00    90.00
   	   32.00  -238.00     0.00    90.00
   4 	  -87.00  -150.69     0.00     0.00     0.00     0.00
   4 	  -87.00  -150.69     0.00     0.00     0.00     0.00
   	   32.00  -238.00     0.00    90.00
   	   32.00  -238.00     0.00    90.00
   5 	  -44.00  -150.69     0.00     0.00     0.00     0.00
   5 	  -44.00  -150.69     0.00     0.00     0.00     0.00
   	   32.00  -238.00     0.00    90.00
   	   32.00  -238.00     0.00    90.00
   6 	   -1.00  -150.69     0.00     0.00     0.00     0.00
   6 	   -1.00  -150.69     0.00     0.00     0.00     0.00
   	   32.00  -238.00     0.00    90.00
   	   32.00  -238.00     0.00    90.00
   7 	  -58.00  -100.46     0.00     0.00     0.00     0.00
   7 	  -58.00  -100.46     0.00     0.00     0.00     0.00
   	   32.00  -238.00     0.00    90.00
   	   32.00  -238.00     0.00    90.00
   8 	  -15.00  -100.46     0.00     0.00     0.00     0.00
   8 	  -15.00  -100.46     0.00     0.00     0.00     0.00
   	   32.00  -238.00     0.00    90.00
   	   32.00  -238.00     0.00    90.00
   9 	   28.00  -100.46     0.00     0.00     0.00     0.00
   9 	   28.00  -100.46     0.00     0.00     0.00     0.00
   	   32.00  -238.00     0.00    90.00
   	   32.00  -238.00     0.00    90.00
  10 	  -29.00   -50.23     0.00     0.00     0.00     0.00
  10 	  -29.00   -50.23     0.00     0.00     0.00     0.00
   	   32.00  -238.00     0.00    90.00
   	   32.00  -238.00     0.00    90.00
  11 	   14.00   -50.23     0.00     0.00     0.00     0.00
  11 	   14.00   -50.23     0.00     0.00     0.00     0.00
   	   32.00  -238.00     0.00    90.00
   	   32.00  -238.00     0.00    90.00
  12 	   57.00   -50.23     0.00     0.00     0.00     0.00
  12 	   57.00   -50.23     0.00     0.00     0.00     0.00
   	   32.00  -238.00     0.00    90.00
   	   32.00  -238.00     0.00    90.00

** End writing output file: ../inputs/gr845.dat 
