*******************************************************************************
                         ARRAY PREPROCESSOR ver. 1.0
*******************************************************************************



   1	GROUP testgroup
   3	 GRID SQUARE
   4	 ELEMENT
   5	 GEOMETRY CIRCULAR 3
   7	 ADD BLOCK -5 -2 -3 1
   9	 GROUP_EXCITATION
  10	 AMPLITUDE UNIFORM 24
  11	 PHASE UNIFORM -110
  12	 END

** Generating GROUP: testgroup.
** PSTEP,QSTEP set to:6.000000,6.000000
** Grid ANGLE set to:90.000000 
** Group ROT_ANGLE set to: 0.000000 

** Writing output file: ../inputs/gr846.dat

NEL 
NPORTS
IDUM      REXA     REYA     REZA     THEA     PHEA     PSEA 
          AMP      PSH      PSC      PHEPOL
  12
  12
   1
   1
   1 	  -30.00   -12.00     0.00     0.00     0.00     0.00
   1 	  -30.00   -12.00     0.00     0.00     0.00     0.00
   	   24.00  -110.00     0.00    90.00
   	   24.00  -110.00     0.00    90.00
   2 	  -24.00   -12.00     0.00     0.00     0.00     0.00
   2 	  -24.00   -12.00     0.00     0.00     0.00     0.00
   	   24.00  -110.00     0.00    90.00
   	   24.00  -110.00     0.00    90.00
   3 	  -18.00   -12.00     0.00     0.00     0.00     0.00
   3 	  -18.00   -12.00     0.00     0.00     0.00     0.00
   	   24.00  -110.00     0.00    90.00
   	   24.00  -110.00     0.00    90.00
   4 	  -30.00    -6.00     0.00     0.00     0.00     0.00
   4 	  -30.00    -6.00     0.00     0.00     0.00     0.00
   	   24.00  -110.00     0.00    90.00
   	   24.00  -110.00     0.00    90.00
   5 	  -24.00    -6.00     0.00     0.00     0.00     0.00
   5 	  -24.00    -6.00     0.00     0.00     0.00     0.00
   	   24.00  -110.00     0.00    90.00
   	   24.00  -110.00     0.00    90.00
   6 	  -18.00    -6.00     0.00     0.00     0.00     0.00
   6 	  -18.00    -6.00     0.00     0.00     0.00     0.00
   	   24.00  -110.00     0.00    90.00
   	   24.00  -110.00     0.00    90.00
   7 	  -30.00     0.00     0.00     0.00     0.00     0.00
   7 	  -30.00     0.00     0.00     0.00     0.00     0.00
   	   24.00  -110.00     0.00    90.00
   	   24.00  -110.00     0.00    90.00
   8 	  -24.00     0.00     0.00     0.00     0.00     0.00
   8 	  -24.00     0.00     0.00     0.00     0.00     0.00
   	   24.00  -110.00     0.00    90.00
   	   24.00  -110.00     0.00    90.00
   9 	  -18.00     0.00     0.00     0.00     0.00     0.00
   9 	  -18.00     0.00     0.00     0.00     0.00     0.00
   	   24.00  -110.00     0.00    90.00
   	   24.00  -110.00     0.00    90.00
  10 	  -30.00     6.00     0.00     0.00     0.00     0.00
  10 	  -30.00     6.00     0.00     0.00     0.00     0.00
   	   24.00  -110.00     0.00    90.00
   	   24.00  -110.00     0.00    90.00
  11 	  -24.00     6.00     0.00     0.00     0.00     0.00
  11 	  -24.00     6.00     0.00     0.00     0.00     0.00
   	   24.00  -110.00     0.00    90.00
   	   24.00  -110.00     0.00    90.00
  12 	  -18.00     6.00     0.00     0.00     0.00     0.00
  12 	  -18.00     6.00     0.00     0.00     0.00     0.00
   	   24.00  -110.00     0.00    90.00
   	   24.00  -110.00     0.00    90.00

** End writing output file: ../inputs/gr846.dat 
