*******************************************************************************
                         ARRAY PREPROCESSOR ver. 1.0
*******************************************************************************



   1	GROUP testgroup
   3	 GRID HEXAGONAL
   4	 ELEMENT
   5	 GEOMETRY CIRCULAR 50
   7	 ADD HEXAGON -2 5
   9	 GROUP_EXCITATION
  10	 AMPLITUDE SECOND ORDER 30 17 20 27 31
  11	 PHASE UNIFORM -77
  12	 END

** Generating GROUP: testgroup.
** PSTEP,QSTEP set to:100.000000,100.000000
** Grid ANGLE set to:60.000000 
** Group ROT_ANGLE set to: 0.000000 

** Writing output file: ../inputs/gr85.dat

NEL 
NPORTS
IDUM      REXA     REYA     REZA     THEA     PHEA     PSEA 
          AMP      PSH      PSC      PHEPOL
   7
   7
   1
   1
   1 	   -0.00   519.62     0.00     0.00     0.00     0.00
   1 	   -0.00   519.62     0.00     0.00     0.00     0.00
   	   30.00   -77.00     0.00    90.00
   	   30.00   -77.00     0.00    90.00
   2 	  100.00   519.62     0.00     0.00     0.00     0.00
   2 	  100.00   519.62     0.00     0.00     0.00     0.00
   	   20.00   -77.00     0.00    90.00
   	   20.00   -77.00     0.00    90.00
   3 	  150.00   433.01     0.00     0.00     0.00     0.00
   3 	  150.00   433.01     0.00     0.00     0.00     0.00
   	    7.12   -77.00     0.00    90.00
   	    7.12   -77.00     0.00    90.00
   4 	  100.00   346.41     0.00     0.00     0.00     0.00
   4 	  100.00   346.41     0.00     0.00     0.00     0.00
   	   21.00   -77.00     0.00    90.00
   	   21.00   -77.00     0.00    90.00
   5 	   -0.00   346.41     0.00     0.00     0.00     0.00
   5 	   -0.00   346.41     0.00     0.00     0.00     0.00
   	   31.00   -77.00     0.00    90.00
   	   31.00   -77.00     0.00    90.00
   6 	  -50.00   433.01     0.00     0.00     0.00     0.00
   6 	  -50.00   433.01     0.00     0.00     0.00     0.00
   	   27.13   -77.00     0.00    90.00
   	   27.13   -77.00     0.00    90.00
   7 	   50.00   433.01     0.00     0.00     0.00     0.00
   7 	   50.00   433.01     0.00     0.00     0.00     0.00
   	   28.62   -77.00     0.00    90.00
   	   28.62   -77.00     0.00    90.00

** End writing output file: ../inputs/gr85.dat 
