*******************************************************************************
                         ARRAY PREPROCESSOR ver. 1.0
*******************************************************************************



   1	GROUP testgroup
   3	 GRID RECTANGULAR
   4	 ELEMENT
   5	 GEOMETRY RECTANGULAR 45 60
   8	 PORTS 1
   9	 PORT 1
  10	 POL_ORIENT Y AMPLITUDE 24
  11	 PHASE_SCANNING 554
  12	 ADD BLOCK 5 0 -3 1
  13	 ADD BLOCK 2 -1 6 1
  15	 GROUP_EXCITATION
  16	 AMPLITUDE UNIFORM 22
  17	 PHASE UNIFORM -44
  18	 END

** Generating GROUP: testgroup.
** PSTEP,QSTEP set to:45.000000,60.000000
** Grid ANGLE set to:90.000000 
** Group ROT_ANGLE set to: 0.000000 

** Writing output file: ../inputs/gr854.dat

NEL 
NPORTS
IDUM      REXA     REYA     REZA     THEA     PHEA     PSEA 
          AMP      PSH      PSC      PHEPOL
  33
  33
   1
   1
   1 	 -135.00     0.00     0.00     0.00     0.00     0.00
   1 	 -135.00     0.00     0.00     0.00     0.00     0.00
   	  528.00   -44.00   554.00    90.00
   	  528.00   -44.00   554.00    90.00
   2 	  -90.00     0.00     0.00     0.00     0.00     0.00
   2 	  -90.00     0.00     0.00     0.00     0.00     0.00
   	  528.00   -44.00   554.00    90.00
   	  528.00   -44.00   554.00    90.00
   3 	  -45.00     0.00     0.00     0.00     0.00     0.00
   3 	  -45.00     0.00     0.00     0.00     0.00     0.00
   	  528.00   -44.00   554.00    90.00
   	  528.00   -44.00   554.00    90.00
   4 	    0.00     0.00     0.00     0.00     0.00     0.00
   4 	    0.00     0.00     0.00     0.00     0.00     0.00
   	  528.00   -44.00   554.00    90.00
   	  528.00   -44.00   554.00    90.00
   5 	   45.00     0.00     0.00     0.00     0.00     0.00
   5 	   45.00     0.00     0.00     0.00     0.00     0.00
   	  528.00   -44.00   554.00    90.00
   	  528.00   -44.00   554.00    90.00
   6 	   90.00     0.00     0.00     0.00     0.00     0.00
   6 	   90.00     0.00     0.00     0.00     0.00     0.00
   	  528.00   -44.00   554.00    90.00
   	  528.00   -44.00   554.00    90.00
   7 	  135.00     0.00     0.00     0.00     0.00     0.00
   7 	  135.00     0.00     0.00     0.00     0.00     0.00
   	  528.00   -44.00   554.00    90.00
   	  528.00   -44.00   554.00    90.00
   8 	  180.00     0.00     0.00     0.00     0.00     0.00
   8 	  180.00     0.00     0.00     0.00     0.00     0.00
   	  528.00   -44.00   554.00    90.00
   	  528.00   -44.00   554.00    90.00
   9 	  225.00     0.00     0.00     0.00     0.00     0.00
   9 	  225.00     0.00     0.00     0.00     0.00     0.00
   	  528.00   -44.00   554.00    90.00
   	  528.00   -44.00   554.00    90.00
  10 	 -135.00    60.00     0.00     0.00     0.00     0.00
  10 	 -135.00    60.00     0.00     0.00     0.00     0.00
   	  528.00   -44.00   554.00    90.00
   	  528.00   -44.00   554.00    90.00
  11 	  -90.00    60.00     0.00     0.00     0.00     0.00
  11 	  -90.00    60.00     0.00     0.00     0.00     0.00
   	  528.00   -44.00   554.00    90.00
   	  528.00   -44.00   554.00    90.00
  12 	  -45.00    60.00     0.00     0.00     0.00     0.00
  12 	  -45.00    60.00     0.00     0.00     0.00     0.00
   	  528.00   -44.00   554.00    90.00
   	  528.00   -44.00   554.00    90.00
  13 	   -0.00    60.00     0.00     0.00     0.00     0.00
  13 	   -0.00    60.00     0.00     0.00     0.00     0.00
   	  528.00   -44.00   554.00    90.00
   	  528.00   -44.00   554.00    90.00
  14 	   45.00    60.00     0.00     0.00     0.00     0.00
  14 	   45.00    60.00     0.00     0.00     0.00     0.00
   	  528.00   -44.00   554.00    90.00
   	  528.00   -44.00   554.00    90.00
  15 	   90.00    60.00     0.00     0.00     0.00     0.00
  15 	   90.00    60.00     0.00     0.00     0.00     0.00
   	  528.00   -44.00   554.00    90.00
   	  528.00   -44.00   554.00    90.00
  16 	  135.00    60.00     0.00     0.00     0.00     0.00
  16 	  135.00    60.00     0.00     0.00     0.00     0.00
   	  528.00   -44.00   554.00    90.00
   	  528.00   -44.00   554.00    90.00
  17 	  180.00    60.00     0.00     0.00     0.00     0.00
  17 	  180.00    60.00     0.00     0.00     0.00     0.00
   	  528.00   -44.00   554.00    90.00
   	  528.00   -44.00   554.00    90.00
  18 	  225.00    60.00     0.00     0.00     0.00     0.00
  18 	  225.00    60.00     0.00     0.00     0.00     0.00
   	  528.00   -44.00   554.00    90.00
   	  528.00   -44.00   554.00    90.00
  19 	   90.00   -60.00     0.00     0.00     0.00     0.00
  19 	   90.00   -60.00     0.00     0.00     0.00     0.00
   	  528.00   -44.00   554.00    90.00
   	  528.00   -44.00   554.00    90.00
  20 	  135.00   -60.00     0.00     0.00     0.00     0.00
  20 	  135.00   -60.00     0.00     0.00     0.00     0.00
   	  528.00   -44.00   554.00    90.00
   	  528.00   -44.00   554.00    90.00
  21 	  180.00   -60.00     0.00     0.00     0.00     0.00
  21 	  180.00   -60.00     0.00     0.00     0.00     0.00
   	  528.00   -44.00   554.00    90.00
   	  528.00   -44.00   554.00    90.00
  22 	  225.00   -60.00     0.00     0.00     0.00     0.00
  22 	  225.00   -60.00     0.00     0.00     0.00     0.00
   	  528.00   -44.00   554.00    90.00
   	  528.00   -44.00   554.00    90.00
  23 	  270.00   -60.00     0.00     0.00     0.00     0.00
  23 	  270.00   -60.00     0.00     0.00     0.00     0.00
   	  528.00   -44.00   554.00    90.00
   	  528.00   -44.00   554.00    90.00
  24 	   90.00     0.00     0.00     0.00     0.00     0.00
  24 	   90.00     0.00     0.00     0.00     0.00     0.00
   	  528.00   -44.00   554.00    90.00
   	  528.00   -44.00   554.00    90.00
  25 	  135.00     0.00     0.00     0.00     0.00     0.00
  25 	  135.00     0.00     0.00     0.00     0.00     0.00
   	  528.00   -44.00   554.00    90.00
   	  528.00   -44.00   554.00    90.00
  26 	  180.00     0.00     0.00     0.00     0.00     0.00
  26 	  180.00     0.00     0.00     0.00     0.00     0.00
   	  528.00   -44.00   554.00    90.00
   	  528.00   -44.00   554.00    90.00
  27 	  225.00     0.00     0.00     0.00     0.00     0.00
  27 	  225.00     0.00     0.00     0.00     0.00     0.00
   	  528.00   -44.00   554.00    90.00
   	  528.00   -44.00   554.00    90.00
  28 	  270.00     0.00     0.00     0.00     0.00     0.00
  28 	  270.00     0.00     0.00     0.00     0.00     0.00
   	  528.00   -44.00   554.00    90.00
   	  528.00   -44.00   554.00    90.00
  29 	   90.00    60.00     0.00     0.00     0.00     0.00
  29 	   90.00    60.00     0.00     0.00     0.00     0.00
   	  528.00   -44.00   554.00    90.00
   	  528.00   -44.00   554.00    90.00
  30 	  135.00    60.00     0.00     0.00     0.00     0.00
  30 	  135.00    60.00     0.00     0.00     0.00     0.00
   	  528.00   -44.00   554.00    90.00
   	  528.00   -44.00   554.00    90.00
  31 	  180.00    60.00     0.00     0.00     0.00     0.00
  31 	  180.00    60.00     0.00     0.00     0.00     0.00
   	  528.00   -44.00   554.00    90.00
   	  528.00   -44.00   554.00    90.00
  32 	  225.00    60.00     0.00     0.00     0.00     0.00
  32 	  225.00    60.00     0.00     0.00     0.00     0.00
   	  528.00   -44.00   554.00    90.00
   	  528.00   -44.00   554.00    90.00
  33 	  270.00    60.00     0.00     0.00     0.00     0.00
  33 	  270.00    60.00     0.00     0.00     0.00     0.00
   	  528.00   -44.00   554.00    90.00
   	  528.00   -44.00   554.00    90.00

** End writing output file: ../inputs/gr854.dat 
