*******************************************************************************
                         ARRAY PREPROCESSOR ver. 1.0
*******************************************************************************



   1	GROUP testgroup
   3	 GRID SQUARE
   4	 ELEMENT
   5	 GEOMETRY RECTANGULAR PDIM 62 QDIM 81
   8	 ADD BLOCK -4 -12 -4 4
  10	 GROUP_EXCITATION
  11	 AMPLITUDE SECOND ORDER 24 24 28 28 27
  12	 PHASE ROTATION SEQUENTIAL
  13	 END

** Generating GROUP: testgroup.
** PSTEP,QSTEP set to:102.004902,102.004902
** Grid ANGLE set to:90.000000 
** Group ROT_ANGLE set to: 0.000000 

** Writing output file: ../inputs/gr856.dat

NEL 
NPORTS
IDUM      REXA     REYA     REZA     THEA     PHEA     PSEA 
          AMP      PSH      PSC      PHEPOL
  17
  17
   1
   1
   1 	 -408.02 -1224.06     0.00     0.00  -338.82     0.00
   1 	 -408.02 -1224.06     0.00     0.00  -338.82     0.00
   	   28.00  -338.82     0.00    90.00
   	   28.00  -338.82     0.00    90.00
   2 	 -408.02 -1122.05     0.00     0.00  -317.65     0.00
   2 	 -408.02 -1122.05     0.00     0.00  -317.65     0.00
   	   27.12  -317.65     0.00    90.00
   	   27.12  -317.65     0.00    90.00
   3 	 -408.02 -1020.05     0.00     0.00  -296.47     0.00
   3 	 -408.02 -1020.05     0.00     0.00  -296.47     0.00
   	   26.34  -296.47     0.00    90.00
   	   26.34  -296.47     0.00    90.00
   4 	 -408.02  -918.04     0.00     0.00  -275.29     0.00
   4 	 -408.02  -918.04     0.00     0.00  -275.29     0.00
   	   25.68  -275.29     0.00    90.00
   	   25.68  -275.29     0.00    90.00
   5 	 -408.02  -816.04     0.00     0.00  -254.12     0.00
   5 	 -408.02  -816.04     0.00     0.00  -254.12     0.00
   	   25.12  -254.12     0.00    90.00
   	   25.12  -254.12     0.00    90.00
   6 	 -408.02  -714.03     0.00     0.00  -232.94     0.00
   6 	 -408.02  -714.03     0.00     0.00  -232.94     0.00
   	   24.68  -232.94     0.00    90.00
   	   24.68  -232.94     0.00    90.00
   7 	 -408.02  -612.03     0.00     0.00  -211.76     0.00
   7 	 -408.02  -612.03     0.00     0.00  -211.76     0.00
   	   24.34  -211.76     0.00    90.00
   	   24.34  -211.76     0.00    90.00
   8 	 -408.02  -510.02     0.00     0.00  -190.59     0.00
   8 	 -408.02  -510.02     0.00     0.00  -190.59     0.00
   	   24.12  -190.59     0.00    90.00
   	   24.12  -190.59     0.00    90.00
   9 	 -408.02  -408.02     0.00     0.00  -169.41     0.00
   9 	 -408.02  -408.02     0.00     0.00  -169.41     0.00
   	   24.00  -169.41     0.00    90.00
   	   24.00  -169.41     0.00    90.00
  10 	 -408.02  -306.01     0.00     0.00  -148.24     0.00
  10 	 -408.02  -306.01     0.00     0.00  -148.24     0.00
   	   23.99  -148.24     0.00    90.00
   	   23.99  -148.24     0.00    90.00
  11 	 -408.02  -204.01     0.00     0.00  -127.06     0.00
  11 	 -408.02  -204.01     0.00     0.00  -127.06     0.00
   	   24.09  -127.06     0.00    90.00
   	   24.09  -127.06     0.00    90.00
  12 	 -408.02  -102.00     0.00     0.00  -105.88     0.00
  12 	 -408.02  -102.00     0.00     0.00  -105.88     0.00
   	   24.30  -105.88     0.00    90.00
   	   24.30  -105.88     0.00    90.00
  13 	 -408.02     0.00     0.00     0.00   -84.71     0.00
  13 	 -408.02     0.00     0.00     0.00   -84.71     0.00
   	   24.62   -84.71     0.00    90.00
   	   24.62   -84.71     0.00    90.00
  14 	 -408.02   102.00     0.00     0.00   -63.53     0.00
  14 	 -408.02   102.00     0.00     0.00   -63.53     0.00
   	   25.05   -63.53     0.00    90.00
   	   25.05   -63.53     0.00    90.00
  15 	 -408.02   204.01     0.00     0.00   -42.35     0.00
  15 	 -408.02   204.01     0.00     0.00   -42.35     0.00
   	   25.59   -42.35     0.00    90.00
   	   25.59   -42.35     0.00    90.00
  16 	 -408.02   306.01     0.00     0.00   -21.18     0.00
  16 	 -408.02   306.01     0.00     0.00   -21.18     0.00
   	   26.24   -21.18     0.00    90.00
   	   26.24   -21.18     0.00    90.00
  17 	 -408.02   408.02     0.00     0.00     0.00     0.00
  17 	 -408.02   408.02     0.00     0.00     0.00     0.00
   	   27.00     0.00     0.00    90.00
   	   27.00     0.00     0.00    90.00

** End writing output file: ../inputs/gr856.dat 
