*******************************************************************************
                         ARRAY PREPROCESSOR ver. 1.0
*******************************************************************************



   1	GROUP testgroup
   3	 GRID HEXAGONAL
   4	 ELEMENT
   5	 GEOMETRY CIRCULAR 49
   6	 POLARIZATION LINEAR
   7	 ADD BLOCK 0 4 5 -1
   9	 GROUP_EXCITATION
  10	 AMPLITUDE UNIFORM 24
  11	 PHASE UNIFORM -23
  12	 END

** Generating GROUP: testgroup.
** PSTEP,QSTEP set to:98.000000,98.000000
** Grid ANGLE set to:60.000000 
** Group ROT_ANGLE set to: 0.000000 

** Writing output file: ../inputs/gr857.dat

NEL 
NPORTS
IDUM      REXA     REYA     REZA     THEA     PHEA     PSEA 
          AMP      PSH      PSC      PHEPOL
  36
  36
   1
   1
   1 	  -49.00   -84.87     0.00     0.00     0.00     0.00
   1 	  -49.00   -84.87     0.00     0.00     0.00     0.00
   	   24.00   -23.00     0.00    90.00
   	   24.00   -23.00     0.00    90.00
   2 	   49.00   -84.87     0.00     0.00     0.00     0.00
   2 	   49.00   -84.87     0.00     0.00     0.00     0.00
   	   24.00   -23.00     0.00    90.00
   	   24.00   -23.00     0.00    90.00
   3 	  147.00   -84.87     0.00     0.00     0.00     0.00
   3 	  147.00   -84.87     0.00     0.00     0.00     0.00
   	   24.00   -23.00     0.00    90.00
   	   24.00   -23.00     0.00    90.00
   4 	  245.00   -84.87     0.00     0.00     0.00     0.00
   4 	  245.00   -84.87     0.00     0.00     0.00     0.00
   	   24.00   -23.00     0.00    90.00
   	   24.00   -23.00     0.00    90.00
   5 	  343.00   -84.87     0.00     0.00     0.00     0.00
   5 	  343.00   -84.87     0.00     0.00     0.00     0.00
   	   24.00   -23.00     0.00    90.00
   	   24.00   -23.00     0.00    90.00
   6 	  441.00   -84.87     0.00     0.00     0.00     0.00
   6 	  441.00   -84.87     0.00     0.00     0.00     0.00
   	   24.00   -23.00     0.00    90.00
   	   24.00   -23.00     0.00    90.00
   7 	    0.00     0.00     0.00     0.00     0.00     0.00
   7 	    0.00     0.00     0.00     0.00     0.00     0.00
   	   24.00   -23.00     0.00    90.00
   	   24.00   -23.00     0.00    90.00
   8 	   98.00     0.00     0.00     0.00     0.00     0.00
   8 	   98.00     0.00     0.00     0.00     0.00     0.00
   	   24.00   -23.00     0.00    90.00
   	   24.00   -23.00     0.00    90.00
   9 	  196.00     0.00     0.00     0.00     0.00     0.00
   9 	  196.00     0.00     0.00     0.00     0.00     0.00
   	   24.00   -23.00     0.00    90.00
   	   24.00   -23.00     0.00    90.00
  10 	  294.00     0.00     0.00     0.00     0.00     0.00
  10 	  294.00     0.00     0.00     0.00     0.00     0.00
   	   24.00   -23.00     0.00    90.00
   	   24.00   -23.00     0.00    90.00
  11 	  392.00     0.00     0.00     0.00     0.00     0.00
  11 	  392.00     0.00     0.00     0.00     0.00     0.00
   	   24.00   -23.00     0.00    90.00
   	   24.00   -23.00     0.00    90.00
  12 	  490.00     0.00     0.00     0.00     0.00     0.00
  12 	  490.00     0.00     0.00     0.00     0.00     0.00
   	   24.00   -23.00     0.00    90.00
   	   24.00   -23.00     0.00    90.00
  13 	   49.00    84.87     0.00     0.00     0.00     0.00
  13 	   49.00    84.87     0.00     0.00     0.00     0.00
   	   24.00   -23.00     0.00    90.00
   	   24.00   -23.00     0.00    90.00
  14 	  147.00    84.87     0.00     0.00     0.00     0.00
  14 	  147.00    84.87     0.00     0.00     0.00     0.00
   	   24.00   -23.00     0.00    90.00
   	   24.00   -23.00     0.00    90.00
  15 	  245.00    84.87     0.00     0.00     0.00     0.00
  15 	  245.00    84.87     0.00     0.00     0.00     0.00
   	   24.00   -23.00     0.00    90.00
   	   24.00   -23.00     0.00    90.00
  16 	  343.00    84.87     0.00     0.00     0.00     0.00
  16 	  343.00    84.87     0.00     0.00     0.00     0.00
   	   24.00   -23.00     0.00    90.00
   	   24.00   -23.00     0.00    90.00
  17 	  441.00    84.87     0.00     0.00     0.00     0.00
  17 	  441.00    84.87     0.00     0.00     0.00     0.00
   	   24.00   -23.00     0.00    90.00
   	   24.00   -23.00     0.00    90.00
  18 	  539.00    84.87     0.00     0.00     0.00     0.00
  18 	  539.00    84.87     0.00     0.00     0.00     0.00
   	   24.00   -23.00     0.00    90.00
   	   24.00   -23.00     0.00    90.00
  19 	   98.00   169.74     0.00     0.00     0.00     0.00
  19 	   98.00   169.74     0.00     0.00     0.00     0.00
   	   24.00   -23.00     0.00    90.00
   	   24.00   -23.00     0.00    90.00
  20 	  196.00   169.74     0.00     0.00     0.00     0.00
  20 	  196.00   169.74     0.00     0.00     0.00     0.00
   	   24.00   -23.00     0.00    90.00
   	   24.00   -23.00     0.00    90.00
  21 	  294.00   169.74     0.00     0.00     0.00     0.00
  21 	  294.00   169.74     0.00     0.00     0.00     0.00
   	   24.00   -23.00     0.00    90.00
   	   24.00   -23.00     0.00    90.00
  22 	  392.00   169.74     0.00     0.00     0.00     0.00
  22 	  392.00   169.74     0.00     0.00     0.00     0.00
   	   24.00   -23.00     0.00    90.00
   	   24.00   -23.00     0.00    90.00
  23 	  490.00   169.74     0.00     0.00     0.00     0.00
  23 	  490.00   169.74     0.00     0.00     0.00     0.00
   	   24.00   -23.00     0.00    90.00
   	   24.00   -23.00     0.00    90.00
  24 	  588.00   169.74     0.00     0.00     0.00     0.00
  24 	  588.00   169.74     0.00     0.00     0.00     0.00
   	   24.00   -23.00     0.00    90.00
   	   24.00   -23.00     0.00    90.00
  25 	  147.00   254.61     0.00     0.00     0.00     0.00
  25 	  147.00   254.61     0.00     0.00     0.00     0.00
   	   24.00   -23.00     0.00    90.00
   	   24.00   -23.00     0.00    90.00
  26 	  245.00   254.61     0.00     0.00     0.00     0.00
  26 	  245.00   254.61     0.00     0.00     0.00     0.00
   	   24.00   -23.00     0.00    90.00
   	   24.00   -23.00     0.00    90.00
  27 	  343.00   254.61     0.00     0.00     0.00     0.00
  27 	  343.00   254.61     0.00     0.00     0.00     0.00
   	   24.00   -23.00     0.00    90.00
   	   24.00   -23.00     0.00    90.00
  28 	  441.00   254.61     0.00     0.00     0.00     0.00
  28 	  441.00   254.61     0.00     0.00     0.00     0.00
   	   24.00   -23.00     0.00    90.00
   	   24.00   -23.00     0.00    90.00
  29 	  539.00   254.61     0.00     0.00     0.00     0.00
  29 	  539.00   254.61     0.00     0.00     0.00     0.00
   	   24.00   -23.00     0.00    90.00
   	   24.00   -23.00     0.00    90.00
  30 	  637.00   254.61     0.00     0.00     0.00     0.00
  30 	  637.00   254.61     0.00     0.00     0.00     0.00
   	   24.00   -23.00     0.00    90.00
   	   24.00   -23.00     0.00    90.00
  31 	  196.00   339.48     0.00     0.00     0.00     0.00
  31 	  196.00   339.48     0.00     0.00     0.00     0.00
   	   24.00   -23.00     0.00    90.00
   	   24.00   -23.00     0.00    90.00
  32 	  294.00   339.48     0.00     0.00     0.00     0.00
  32 	  294.00   339.48     0.00     0.00     0.00     0.00
   	   24.00   -23.00     0.00    90.00
   	   24.00   -23.00     0.00    90.00
  33 	  392.00   339.48     0.00     0.00     0.00     0.00
  33 	  392.00   339.48     0.00     0.00     0.00     0.00
   	   24.00   -23.00     0.00    90.00
   	   24.00   -23.00     0.00    90.00
  34 	  490.00   339.48     0.00     0.00     0.00     0.00
  34 	  490.00   339.48     0.00     0.00     0.00     0.00
   	   24.00   -23.00     0.00    90.00
   	   24.00   -23.00     0.00    90.00
  35 	  588.00   339.48     0.00     0.00     0.00     0.00
  35 	  588.00   339.48     0.00     0.00     0.00     0.00
   	   24.00   -23.00     0.00    90.00
   	   24.00   -23.00     0.00    90.00
  36 	  686.00   339.48     0.00     0.00     0.00     0.00
  36 	  686.00   339.48     0.00     0.00     0.00     0.00
   	   24.00   -23.00     0.00    90.00
   	   24.00   -23.00     0.00    90.00

** End writing output file: ../inputs/gr857.dat 
