*******************************************************************************
                         ARRAY PREPROCESSOR ver. 1.0
*******************************************************************************



   1	GROUP testgroup
   3	 GRID RECTANGULAR
   4	 ELEMENT
   5	 GEOMETRY CIRCULAR RADIUS 37 mm
   7	 ADD BLOCK -4 0 0 -7
   8	 ADD BLOCK -5 -1 -7 0
  10	 GROUP_EXCITATION
  11	 AMPLITUDE UNIFORM 31
  12	 PHASE UNIFORM 16
  13	 END

** Generating GROUP: testgroup.
** PSTEP,QSTEP set to:74.000000,74.000000
** Grid ANGLE set to:90.000000 
** Group ROT_ANGLE set to: 0.000000 

** Writing output file: ../inputs/gr858.dat

NEL 
NPORTS
IDUM      REXA     REYA     REZA     THEA     PHEA     PSEA 
          AMP      PSH      PSC      PHEPOL
  46
  46
   1
   1
   1 	 -296.00  -518.00     0.00     0.00     0.00     0.00
   1 	 -296.00  -518.00     0.00     0.00     0.00     0.00
   	   31.00    16.00     0.00    90.00
   	   31.00    16.00     0.00    90.00
   2 	 -222.00  -518.00     0.00     0.00     0.00     0.00
   2 	 -222.00  -518.00     0.00     0.00     0.00     0.00
   	   31.00    16.00     0.00    90.00
   	   31.00    16.00     0.00    90.00
   3 	 -148.00  -518.00     0.00     0.00     0.00     0.00
   3 	 -148.00  -518.00     0.00     0.00     0.00     0.00
   	   31.00    16.00     0.00    90.00
   	   31.00    16.00     0.00    90.00
   4 	  -74.00  -518.00     0.00     0.00     0.00     0.00
   4 	  -74.00  -518.00     0.00     0.00     0.00     0.00
   	   31.00    16.00     0.00    90.00
   	   31.00    16.00     0.00    90.00
   5 	    0.00  -518.00     0.00     0.00     0.00     0.00
   5 	    0.00  -518.00     0.00     0.00     0.00     0.00
   	   31.00    16.00     0.00    90.00
   	   31.00    16.00     0.00    90.00
   6 	 -296.00  -444.00     0.00     0.00     0.00     0.00
   6 	 -296.00  -444.00     0.00     0.00     0.00     0.00
   	   31.00    16.00     0.00    90.00
   	   31.00    16.00     0.00    90.00
   7 	 -222.00  -444.00     0.00     0.00     0.00     0.00
   7 	 -222.00  -444.00     0.00     0.00     0.00     0.00
   	   31.00    16.00     0.00    90.00
   	   31.00    16.00     0.00    90.00
   8 	 -148.00  -444.00     0.00     0.00     0.00     0.00
   8 	 -148.00  -444.00     0.00     0.00     0.00     0.00
   	   31.00    16.00     0.00    90.00
   	   31.00    16.00     0.00    90.00
   9 	  -74.00  -444.00     0.00     0.00     0.00     0.00
   9 	  -74.00  -444.00     0.00     0.00     0.00     0.00
   	   31.00    16.00     0.00    90.00
   	   31.00    16.00     0.00    90.00
  10 	    0.00  -444.00     0.00     0.00     0.00     0.00
  10 	    0.00  -444.00     0.00     0.00     0.00     0.00
   	   31.00    16.00     0.00    90.00
   	   31.00    16.00     0.00    90.00
  11 	 -296.00  -370.00     0.00     0.00     0.00     0.00
  11 	 -296.00  -370.00     0.00     0.00     0.00     0.00
   	   31.00    16.00     0.00    90.00
   	   31.00    16.00     0.00    90.00
  12 	 -222.00  -370.00     0.00     0.00     0.00     0.00
  12 	 -222.00  -370.00     0.00     0.00     0.00     0.00
   	   31.00    16.00     0.00    90.00
   	   31.00    16.00     0.00    90.00
  13 	 -148.00  -370.00     0.00     0.00     0.00     0.00
  13 	 -148.00  -370.00     0.00     0.00     0.00     0.00
   	   31.00    16.00     0.00    90.00
   	   31.00    16.00     0.00    90.00
  14 	  -74.00  -370.00     0.00     0.00     0.00     0.00
  14 	  -74.00  -370.00     0.00     0.00     0.00     0.00
   	   31.00    16.00     0.00    90.00
   	   31.00    16.00     0.00    90.00
  15 	    0.00  -370.00     0.00     0.00     0.00     0.00
  15 	    0.00  -370.00     0.00     0.00     0.00     0.00
   	   31.00    16.00     0.00    90.00
   	   31.00    16.00     0.00    90.00
  16 	 -296.00  -296.00     0.00     0.00     0.00     0.00
  16 	 -296.00  -296.00     0.00     0.00     0.00     0.00
   	   31.00    16.00     0.00    90.00
   	   31.00    16.00     0.00    90.00
  17 	 -222.00  -296.00     0.00     0.00     0.00     0.00
  17 	 -222.00  -296.00     0.00     0.00     0.00     0.00
   	   31.00    16.00     0.00    90.00
   	   31.00    16.00     0.00    90.00
  18 	 -148.00  -296.00     0.00     0.00     0.00     0.00
  18 	 -148.00  -296.00     0.00     0.00     0.00     0.00
   	   31.00    16.00     0.00    90.00
   	   31.00    16.00     0.00    90.00
  19 	  -74.00  -296.00     0.00     0.00     0.00     0.00
  19 	  -74.00  -296.00     0.00     0.00     0.00     0.00
   	   31.00    16.00     0.00    90.00
   	   31.00    16.00     0.00    90.00
  20 	    0.00  -296.00     0.00     0.00     0.00     0.00
  20 	    0.00  -296.00     0.00     0.00     0.00     0.00
   	   31.00    16.00     0.00    90.00
   	   31.00    16.00     0.00    90.00
  21 	 -296.00  -222.00     0.00     0.00     0.00     0.00
  21 	 -296.00  -222.00     0.00     0.00     0.00     0.00
   	   31.00    16.00     0.00    90.00
   	   31.00    16.00     0.00    90.00
  22 	 -222.00  -222.00     0.00     0.00     0.00     0.00
  22 	 -222.00  -222.00     0.00     0.00     0.00     0.00
   	   31.00    16.00     0.00    90.00
   	   31.00    16.00     0.00    90.00
  23 	 -148.00  -222.00     0.00     0.00     0.00     0.00
  23 	 -148.00  -222.00     0.00     0.00     0.00     0.00
   	   31.00    16.00     0.00    90.00
   	   31.00    16.00     0.00    90.00
  24 	  -74.00  -222.00     0.00     0.00     0.00     0.00
  24 	  -74.00  -222.00     0.00     0.00     0.00     0.00
   	   31.00    16.00     0.00    90.00
   	   31.00    16.00     0.00    90.00
  25 	    0.00  -222.00     0.00     0.00     0.00     0.00
  25 	    0.00  -222.00     0.00     0.00     0.00     0.00
   	   31.00    16.00     0.00    90.00
   	   31.00    16.00     0.00    90.00
  26 	 -296.00  -148.00     0.00     0.00     0.00     0.00
  26 	 -296.00  -148.00     0.00     0.00     0.00     0.00
   	   31.00    16.00     0.00    90.00
   	   31.00    16.00     0.00    90.00
  27 	 -222.00  -148.00     0.00     0.00     0.00     0.00
  27 	 -222.00  -148.00     0.00     0.00     0.00     0.00
   	   31.00    16.00     0.00    90.00
   	   31.00    16.00     0.00    90.00
  28 	 -148.00  -148.00     0.00     0.00     0.00     0.00
  28 	 -148.00  -148.00     0.00     0.00     0.00     0.00
   	   31.00    16.00     0.00    90.00
   	   31.00    16.00     0.00    90.00
  29 	  -74.00  -148.00     0.00     0.00     0.00     0.00
  29 	  -74.00  -148.00     0.00     0.00     0.00     0.00
   	   31.00    16.00     0.00    90.00
   	   31.00    16.00     0.00    90.00
  30 	    0.00  -148.00     0.00     0.00     0.00     0.00
  30 	    0.00  -148.00     0.00     0.00     0.00     0.00
   	   31.00    16.00     0.00    90.00
   	   31.00    16.00     0.00    90.00
  31 	 -296.00   -74.00     0.00     0.00     0.00     0.00
  31 	 -296.00   -74.00     0.00     0.00     0.00     0.00
   	   31.00    16.00     0.00    90.00
   	   31.00    16.00     0.00    90.00
  32 	 -222.00   -74.00     0.00     0.00     0.00     0.00
  32 	 -222.00   -74.00     0.00     0.00     0.00     0.00
   	   31.00    16.00     0.00    90.00
   	   31.00    16.00     0.00    90.00
  33 	 -148.00   -74.00     0.00     0.00     0.00     0.00
  33 	 -148.00   -74.00     0.00     0.00     0.00     0.00
   	   31.00    16.00     0.00    90.00
   	   31.00    16.00     0.00    90.00
  34 	  -74.00   -74.00     0.00     0.00     0.00     0.00
  34 	  -74.00   -74.00     0.00     0.00     0.00     0.00
   	   31.00    16.00     0.00    90.00
   	   31.00    16.00     0.00    90.00
  35 	    0.00   -74.00     0.00     0.00     0.00     0.00
  35 	    0.00   -74.00     0.00     0.00     0.00     0.00
   	   31.00    16.00     0.00    90.00
   	   31.00    16.00     0.00    90.00
  36 	 -296.00     0.00     0.00     0.00     0.00     0.00
  36 	 -296.00     0.00     0.00     0.00     0.00     0.00
   	   31.00    16.00     0.00    90.00
   	   31.00    16.00     0.00    90.00
  37 	 -222.00     0.00     0.00     0.00     0.00     0.00
  37 	 -222.00     0.00     0.00     0.00     0.00     0.00
   	   31.00    16.00     0.00    90.00
   	   31.00    16.00     0.00    90.00
  38 	 -148.00     0.00     0.00     0.00     0.00     0.00
  38 	 -148.00     0.00     0.00     0.00     0.00     0.00
   	   31.00    16.00     0.00    90.00
   	   31.00    16.00     0.00    90.00
  39 	  -74.00     0.00     0.00     0.00     0.00     0.00
  39 	  -74.00     0.00     0.00     0.00     0.00     0.00
   	   31.00    16.00     0.00    90.00
   	   31.00    16.00     0.00    90.00
  40 	    0.00     0.00     0.00     0.00     0.00     0.00
  40 	    0.00     0.00     0.00     0.00     0.00     0.00
   	   31.00    16.00     0.00    90.00
   	   31.00    16.00     0.00    90.00
  41 	 -518.00   -74.00     0.00     0.00     0.00     0.00
  41 	 -518.00   -74.00     0.00     0.00     0.00     0.00
   	   31.00    16.00     0.00    90.00
   	   31.00    16.00     0.00    90.00
  42 	 -444.00   -74.00     0.00     0.00     0.00     0.00
  42 	 -444.00   -74.00     0.00     0.00     0.00     0.00
   	   31.00    16.00     0.00    90.00
   	   31.00    16.00     0.00    90.00
  43 	 -370.00   -74.00     0.00     0.00     0.00     0.00
  43 	 -370.00   -74.00     0.00     0.00     0.00     0.00
   	   31.00    16.00     0.00    90.00
   	   31.00    16.00     0.00    90.00
  44 	 -518.00     0.00     0.00     0.00     0.00     0.00
  44 	 -518.00     0.00     0.00     0.00     0.00     0.00
   	   31.00    16.00     0.00    90.00
   	   31.00    16.00     0.00    90.00
  45 	 -444.00     0.00     0.00     0.00     0.00     0.00
  45 	 -444.00     0.00     0.00     0.00     0.00     0.00
   	   31.00    16.00     0.00    90.00
   	   31.00    16.00     0.00    90.00
  46 	 -370.00     0.00     0.00     0.00     0.00     0.00
  46 	 -370.00     0.00     0.00     0.00     0.00     0.00
   	   31.00    16.00     0.00    90.00
   	   31.00    16.00     0.00    90.00

** End writing output file: ../inputs/gr858.dat 
