*******************************************************************************
                         ARRAY PREPROCESSOR ver. 1.0
*******************************************************************************



   1	GROUP testgroup
   3	 GRID HEXAGONAL
   4	 ELEMENT
   5	 GEOMETRY CIRCULAR 59
   7	 ADD BLOCK 5 -2 -1 -2
   9	 GROUP_EXCITATION
  10	 AMPLITUDE UNIFORM 32
  11	 PHASE UNIFORM -4
  12	 END

** Generating GROUP: testgroup.
** PSTEP,QSTEP set to:118.000000,118.000000
** Grid ANGLE set to:60.000000 
** Group ROT_ANGLE set to: 0.000000 

** Writing output file: ../inputs/gr863.dat

NEL 
NPORTS
IDUM      REXA     REYA     REZA     THEA     PHEA     PSEA 
          AMP      PSH      PSC      PHEPOL
   7
   7
   1
   1
   1 	 -236.00  -204.38     0.00     0.00     0.00     0.00
   1 	 -236.00  -204.38     0.00     0.00     0.00     0.00
   	   32.00    -4.00     0.00    90.00
   	   32.00    -4.00     0.00    90.00
   2 	 -118.00  -204.38     0.00     0.00     0.00     0.00
   2 	 -118.00  -204.38     0.00     0.00     0.00     0.00
   	   32.00    -4.00     0.00    90.00
   	   32.00    -4.00     0.00    90.00
   3 	    0.00  -204.38     0.00     0.00     0.00     0.00
   3 	    0.00  -204.38     0.00     0.00     0.00     0.00
   	   32.00    -4.00     0.00    90.00
   	   32.00    -4.00     0.00    90.00
   4 	  118.00  -204.38     0.00     0.00     0.00     0.00
   4 	  118.00  -204.38     0.00     0.00     0.00     0.00
   	   32.00    -4.00     0.00    90.00
   	   32.00    -4.00     0.00    90.00
   5 	  236.00  -204.38     0.00     0.00     0.00     0.00
   5 	  236.00  -204.38     0.00     0.00     0.00     0.00
   	   32.00    -4.00     0.00    90.00
   	   32.00    -4.00     0.00    90.00
   6 	  354.00  -204.38     0.00     0.00     0.00     0.00
   6 	  354.00  -204.38     0.00     0.00     0.00     0.00
   	   32.00    -4.00     0.00    90.00
   	   32.00    -4.00     0.00    90.00
   7 	  472.00  -204.38     0.00     0.00     0.00     0.00
   7 	  472.00  -204.38     0.00     0.00     0.00     0.00
   	   32.00    -4.00     0.00    90.00
   	   32.00    -4.00     0.00    90.00

** End writing output file: ../inputs/gr863.dat 
