*******************************************************************************
                         ARRAY PREPROCESSOR ver. 1.0
*******************************************************************************



   1	GROUP testgroup
   3	 GRID RECTANGULAR
   4	 ELEMENT
   5	 GEOMETRY CIRCULAR 112
   7	 PORTS 1
   8	 PORT 1
   9	 POL_ORIENT Y AMPLITUDE 25
  10	 PHASE_POL_ARRANG 518
  11	 ADD BLOCK -3 -10 8 -9
  12	 ADD BLOCK -8 3 7 4
  14	 GROUP_EXCITATION
  15	 AMPLITUDE UNIFORM 34
  16	 PHASE UNIFORM -14
  17	 END

** Generating GROUP: testgroup.
** PSTEP,QSTEP set to:224.000000,224.000000
** Grid ANGLE set to:90.000000 
** Group ROT_ANGLE set to: 0.000000 

** Writing output file: ../inputs/gr864.dat

NEL 
NPORTS
IDUM      REXA     REYA     REZA     THEA     PHEA     PSEA 
          AMP      PSH      PSC      PHEPOL
  56
  56
   1
   1
   1 	 -672.00 -2240.00     0.00     0.00     0.00     0.00
   1 	 -672.00 -2240.00     0.00     0.00     0.00     0.00
   	  850.00   504.00     0.00    90.00
   	  850.00   504.00     0.00    90.00
   2 	 -448.00 -2240.00     0.00     0.00     0.00     0.00
   2 	 -448.00 -2240.00     0.00     0.00     0.00     0.00
   	  850.00   504.00     0.00    90.00
   	  850.00   504.00     0.00    90.00
   3 	 -224.00 -2240.00     0.00     0.00     0.00     0.00
   3 	 -224.00 -2240.00     0.00     0.00     0.00     0.00
   	  850.00   504.00     0.00    90.00
   	  850.00   504.00     0.00    90.00
   4 	    0.00 -2240.00     0.00     0.00     0.00     0.00
   4 	    0.00 -2240.00     0.00     0.00     0.00     0.00
   	  850.00   504.00     0.00    90.00
   	  850.00   504.00     0.00    90.00
   5 	  224.00 -2240.00     0.00     0.00     0.00     0.00
   5 	  224.00 -2240.00     0.00     0.00     0.00     0.00
   	  850.00   504.00     0.00    90.00
   	  850.00   504.00     0.00    90.00
   6 	  448.00 -2240.00     0.00     0.00     0.00     0.00
   6 	  448.00 -2240.00     0.00     0.00     0.00     0.00
   	  850.00   504.00     0.00    90.00
   	  850.00   504.00     0.00    90.00
   7 	  672.00 -2240.00     0.00     0.00     0.00     0.00
   7 	  672.00 -2240.00     0.00     0.00     0.00     0.00
   	  850.00   504.00     0.00    90.00
   	  850.00   504.00     0.00    90.00
   8 	  896.00 -2240.00     0.00     0.00     0.00     0.00
   8 	  896.00 -2240.00     0.00     0.00     0.00     0.00
   	  850.00   504.00     0.00    90.00
   	  850.00   504.00     0.00    90.00
   9 	 1120.00 -2240.00     0.00     0.00     0.00     0.00
   9 	 1120.00 -2240.00     0.00     0.00     0.00     0.00
   	  850.00   504.00     0.00    90.00
   	  850.00   504.00     0.00    90.00
  10 	 1344.00 -2240.00     0.00     0.00     0.00     0.00
  10 	 1344.00 -2240.00     0.00     0.00     0.00     0.00
   	  850.00   504.00     0.00    90.00
   	  850.00   504.00     0.00    90.00
  11 	 1568.00 -2240.00     0.00     0.00     0.00     0.00
  11 	 1568.00 -2240.00     0.00     0.00     0.00     0.00
   	  850.00   504.00     0.00    90.00
   	  850.00   504.00     0.00    90.00
  12 	 1792.00 -2240.00     0.00     0.00     0.00     0.00
  12 	 1792.00 -2240.00     0.00     0.00     0.00     0.00
   	  850.00   504.00     0.00    90.00
   	  850.00   504.00     0.00    90.00
  13 	 -672.00 -2016.00     0.00     0.00     0.00     0.00
  13 	 -672.00 -2016.00     0.00     0.00     0.00     0.00
   	  850.00   504.00     0.00    90.00
   	  850.00   504.00     0.00    90.00
  14 	 -448.00 -2016.00     0.00     0.00     0.00     0.00
  14 	 -448.00 -2016.00     0.00     0.00     0.00     0.00
   	  850.00   504.00     0.00    90.00
   	  850.00   504.00     0.00    90.00
  15 	 -224.00 -2016.00     0.00     0.00     0.00     0.00
  15 	 -224.00 -2016.00     0.00     0.00     0.00     0.00
   	  850.00   504.00     0.00    90.00
   	  850.00   504.00     0.00    90.00
  16 	    0.00 -2016.00     0.00     0.00     0.00     0.00
  16 	    0.00 -2016.00     0.00     0.00     0.00     0.00
   	  850.00   504.00     0.00    90.00
   	  850.00   504.00     0.00    90.00
  17 	  224.00 -2016.00     0.00     0.00     0.00     0.00
  17 	  224.00 -2016.00     0.00     0.00     0.00     0.00
   	  850.00   504.00     0.00    90.00
   	  850.00   504.00     0.00    90.00
  18 	  448.00 -2016.00     0.00     0.00     0.00     0.00
  18 	  448.00 -2016.00     0.00     0.00     0.00     0.00
   	  850.00   504.00     0.00    90.00
   	  850.00   504.00     0.00    90.00
  19 	  672.00 -2016.00     0.00     0.00     0.00     0.00
  19 	  672.00 -2016.00     0.00     0.00     0.00     0.00
   	  850.00   504.00     0.00    90.00
   	  850.00   504.00     0.00    90.00
  20 	  896.00 -2016.00     0.00     0.00     0.00     0.00
  20 	  896.00 -2016.00     0.00     0.00     0.00     0.00
   	  850.00   504.00     0.00    90.00
   	  850.00   504.00     0.00    90.00
  21 	 1120.00 -2016.00     0.00     0.00     0.00     0.00
  21 	 1120.00 -2016.00     0.00     0.00     0.00     0.00
   	  850.00   504.00     0.00    90.00
   	  850.00   504.00     0.00    90.00
  22 	 1344.00 -2016.00     0.00     0.00     0.00     0.00
  22 	 1344.00 -2016.00     0.00     0.00     0.00     0.00
   	  850.00   504.00     0.00    90.00
   	  850.00   504.00     0.00    90.00
  23 	 1568.00 -2016.00     0.00     0.00     0.00     0.00
  23 	 1568.00 -2016.00     0.00     0.00     0.00     0.00
   	  850.00   504.00     0.00    90.00
   	  850.00   504.00     0.00    90.00
  24 	 1792.00 -2016.00     0.00     0.00     0.00     0.00
  24 	 1792.00 -2016.00     0.00     0.00     0.00     0.00
   	  850.00   504.00     0.00    90.00
   	  850.00   504.00     0.00    90.00
  25 	-1792.00   672.00     0.00     0.00     0.00     0.00
  25 	-1792.00   672.00     0.00     0.00     0.00     0.00
   	  850.00   504.00     0.00    90.00
   	  850.00   504.00     0.00    90.00
  26 	-1568.00   672.00     0.00     0.00     0.00     0.00
  26 	-1568.00   672.00     0.00     0.00     0.00     0.00
   	  850.00   504.00     0.00    90.00
   	  850.00   504.00     0.00    90.00
  27 	-1344.00   672.00     0.00     0.00     0.00     0.00
  27 	-1344.00   672.00     0.00     0.00     0.00     0.00
   	  850.00   504.00     0.00    90.00
   	  850.00   504.00     0.00    90.00
  28 	-1120.00   672.00     0.00     0.00     0.00     0.00
  28 	-1120.00   672.00     0.00     0.00     0.00     0.00
   	  850.00   504.00     0.00    90.00
   	  850.00   504.00     0.00    90.00
  29 	 -896.00   672.00     0.00     0.00     0.00     0.00
  29 	 -896.00   672.00     0.00     0.00     0.00     0.00
   	  850.00   504.00     0.00    90.00
   	  850.00   504.00     0.00    90.00
  30 	 -672.00   672.00     0.00     0.00     0.00     0.00
  30 	 -672.00   672.00     0.00     0.00     0.00     0.00
   	  850.00   504.00     0.00    90.00
   	  850.00   504.00     0.00    90.00
  31 	 -448.00   672.00     0.00     0.00     0.00     0.00
  31 	 -448.00   672.00     0.00     0.00     0.00     0.00
   	  850.00   504.00     0.00    90.00
   	  850.00   504.00     0.00    90.00
  32 	 -224.00   672.00     0.00     0.00     0.00     0.00
  32 	 -224.00   672.00     0.00     0.00     0.00     0.00
   	  850.00   504.00     0.00    90.00
   	  850.00   504.00     0.00    90.00
  33 	   -0.00   672.00     0.00     0.00     0.00     0.00
  33 	   -0.00   672.00     0.00     0.00     0.00     0.00
   	  850.00   504.00     0.00    90.00
   	  850.00   504.00     0.00    90.00
  34 	  224.00   672.00     0.00     0.00     0.00     0.00
  34 	  224.00   672.00     0.00     0.00     0.00     0.00
   	  850.00   504.00     0.00    90.00
   	  850.00   504.00     0.00    90.00
  35 	  448.00   672.00     0.00     0.00     0.00     0.00
  35 	  448.00   672.00     0.00     0.00     0.00     0.00
   	  850.00   504.00     0.00    90.00
   	  850.00   504.00     0.00    90.00
  36 	  672.00   672.00     0.00     0.00     0.00     0.00
  36 	  672.00   672.00     0.00     0.00     0.00     0.00
   	  850.00   504.00     0.00    90.00
   	  850.00   504.00     0.00    90.00
  37 	  896.00   672.00     0.00     0.00     0.00     0.00
  37 	  896.00   672.00     0.00     0.00     0.00     0.00
   	  850.00   504.00     0.00    90.00
   	  850.00   504.00     0.00    90.00
  38 	 1120.00   672.00     0.00     0.00     0.00     0.00
  38 	 1120.00   672.00     0.00     0.00     0.00     0.00
   	  850.00   504.00     0.00    90.00
   	  850.00   504.00     0.00    90.00
  39 	 1344.00   672.00     0.00     0.00     0.00     0.00
  39 	 1344.00   672.00     0.00     0.00     0.00     0.00
   	  850.00   504.00     0.00    90.00
   	  850.00   504.00     0.00    90.00
  40 	 1568.00   672.00     0.00     0.00     0.00     0.00
  40 	 1568.00   672.00     0.00     0.00     0.00     0.00
   	  850.00   504.00     0.00    90.00
   	  850.00   504.00     0.00    90.00
  41 	-1792.00   896.00     0.00     0.00     0.00     0.00
  41 	-1792.00   896.00     0.00     0.00     0.00     0.00
   	  850.00   504.00     0.00    90.00
   	  850.00   504.00     0.00    90.00
  42 	-1568.00   896.00     0.00     0.00     0.00     0.00
  42 	-1568.00   896.00     0.00     0.00     0.00     0.00
   	  850.00   504.00     0.00    90.00
   	  850.00   504.00     0.00    90.00
  43 	-1344.00   896.00     0.00     0.00     0.00     0.00
  43 	-1344.00   896.00     0.00     0.00     0.00     0.00
   	  850.00   504.00     0.00    90.00
   	  850.00   504.00     0.00    90.00
  44 	-1120.00   896.00     0.00     0.00     0.00     0.00
  44 	-1120.00   896.00     0.00     0.00     0.00     0.00
   	  850.00   504.00     0.00    90.00
   	  850.00   504.00     0.00    90.00
  45 	 -896.00   896.00     0.00     0.00     0.00     0.00
  45 	 -896.00   896.00     0.00     0.00     0.00     0.00
   	  850.00   504.00     0.00    90.00
   	  850.00   504.00     0.00    90.00
  46 	 -672.00   896.00     0.00     0.00     0.00     0.00
  46 	 -672.00   896.00     0.00     0.00     0.00     0.00
   	  850.00   504.00     0.00    90.00
   	  850.00   504.00     0.00    90.00
  47 	 -448.00   896.00     0.00     0.00     0.00     0.00
  47 	 -448.00   896.00     0.00     0.00     0.00     0.00
   	  850.00   504.00     0.00    90.00
   	  850.00   504.00     0.00    90.00
  48 	 -224.00   896.00     0.00     0.00     0.00     0.00
  48 	 -224.00   896.00     0.00     0.00     0.00     0.00
   	  850.00   504.00     0.00    90.00
   	  850.00   504.00     0.00    90.00
  49 	   -0.00   896.00     0.00     0.00     0.00     0.00
  49 	   -0.00   896.00     0.00     0.00     0.00     0.00
   	  850.00   504.00     0.00    90.00
   	  850.00   504.00     0.00    90.00
  50 	  224.00   896.00     0.00     0.00     0.00     0.00
  50 	  224.00   896.00     0.00     0.00     0.00     0.00
   	  850.00   504.00     0.00    90.00
   	  850.00   504.00     0.00    90.00
  51 	  448.00   896.00     0.00     0.00     0.00     0.00
  51 	  448.00   896.00     0.00     0.00     0.00     0.00
   	  850.00   504.00     0.00    90.00
   	  850.00   504.00     0.00    90.00
  52 	  672.00   896.00     0.00     0.00     0.00     0.00
  52 	  672.00   896.00     0.00     0.00     0.00     0.00
   	  850.00   504.00     0.00    90.00
   	  850.00   504.00     0.00    90.00
  53 	  896.00   896.00     0.00     0.00     0.00     0.00
  53 	  896.00   896.00     0.00     0.00     0.00     0.00
   	  850.00   504.00     0.00    90.00
   	  850.00   504.00     0.00    90.00
  54 	 1120.00   896.00     0.00     0.00     0.00     0.00
  54 	 1120.00   896.00     0.00     0.00     0.00     0.00
   	  850.00   504.00     0.00    90.00
   	  850.00   504.00     0.00    90.00
  55 	 1344.00   896.00     0.00     0.00     0.00     0.00
  55 	 1344.00   896.00     0.00     0.00     0.00     0.00
   	  850.00   504.00     0.00    90.00
   	  850.00   504.00     0.00    90.00
  56 	 1568.00   896.00     0.00     0.00     0.00     0.00
  56 	 1568.00   896.00     0.00     0.00     0.00     0.00
   	  850.00   504.00     0.00    90.00
   	  850.00   504.00     0.00    90.00

** End writing output file: ../inputs/gr864.dat 
