*******************************************************************************
                         ARRAY PREPROCESSOR ver. 1.0
*******************************************************************************



   1	GROUP testgroup
   3	 GRID HEXAGONAL
   4	 ELEMENT
   5	 GEOMETRY CIRCULAR 73
   6	 POLARIZATION CIRCULAR
   7	 ADD BLOCK -1 -1 -7 -1
   9	 GROUP_EXCITATION
  10	 AMPLITUDE UNIFORM 26
  11	 PHASE UNIFORM 76
  12	 END

** Generating GROUP: testgroup.
** PSTEP,QSTEP set to:146.000000,146.000000
** Grid ANGLE set to:60.000000 
** Group ROT_ANGLE set to: 0.000000 

** Writing output file: ../inputs/gr867.dat

NEL 
NPORTS
IDUM      REXA     REYA     REZA     THEA     PHEA     PSEA 
          AMP      PSH      PSC      PHEPOL
   7
   7
   1
   1
   1 	-1095.00  -126.44     0.00     0.00     0.00     0.00
   1 	-1095.00  -126.44     0.00     0.00     0.00     0.00
   	   26.00    76.00     0.00    90.00
   	   26.00    76.00     0.00    90.00
   2 	 -949.00  -126.44     0.00     0.00     0.00     0.00
   2 	 -949.00  -126.44     0.00     0.00     0.00     0.00
   	   26.00    76.00     0.00    90.00
   	   26.00    76.00     0.00    90.00
   3 	 -803.00  -126.44     0.00     0.00     0.00     0.00
   3 	 -803.00  -126.44     0.00     0.00     0.00     0.00
   	   26.00    76.00     0.00    90.00
   	   26.00    76.00     0.00    90.00
   4 	 -657.00  -126.44     0.00     0.00     0.00     0.00
   4 	 -657.00  -126.44     0.00     0.00     0.00     0.00
   	   26.00    76.00     0.00    90.00
   	   26.00    76.00     0.00    90.00
   5 	 -511.00  -126.44     0.00     0.00     0.00     0.00
   5 	 -511.00  -126.44     0.00     0.00     0.00     0.00
   	   26.00    76.00     0.00    90.00
   	   26.00    76.00     0.00    90.00
   6 	 -365.00  -126.44     0.00     0.00     0.00     0.00
   6 	 -365.00  -126.44     0.00     0.00     0.00     0.00
   	   26.00    76.00     0.00    90.00
   	   26.00    76.00     0.00    90.00
   7 	 -219.00  -126.44     0.00     0.00     0.00     0.00
   7 	 -219.00  -126.44     0.00     0.00     0.00     0.00
   	   26.00    76.00     0.00    90.00
   	   26.00    76.00     0.00    90.00

** End writing output file: ../inputs/gr867.dat 
