*******************************************************************************
                         ARRAY PREPROCESSOR ver. 1.0
*******************************************************************************



   1	GROUP testgroup
   3	 GRID HEXAGONAL STEP 39
   4	 ELEMENT
   5	 GEOMETRY CIRCULAR 78
   6	 POLARIZATION CIRCULAR
   7	 ADD BLOCK 8 5 -9 5
   9	 GROUP_EXCITATION
  10	 AMPLITUDE UNIFORM 30
  11	 PHASE UNIFORM -160
  12	 END

** WARNING B2: GRID step(s) too small for specified element in GROUP: testgroup
** Generating GROUP: testgroup.
** PSTEP,QSTEP set to:39.000000,39.000000
** Grid ANGLE set to:60.000000 
** Group ROT_ANGLE set to: 0.000000 

** Writing output file: ../inputs/gr87.dat

NEL 
NPORTS
IDUM      REXA     REYA     REZA     THEA     PHEA     PSEA 
          AMP      PSH      PSC      PHEPOL
  18
  18
   1
   1
   1 	 -253.50   168.87     0.00     0.00     0.00     0.00
   1 	 -253.50   168.87     0.00     0.00     0.00     0.00
   	   30.00  -160.00     0.00    90.00
   	   30.00  -160.00     0.00    90.00
   2 	 -214.50   168.87     0.00     0.00     0.00     0.00
   2 	 -214.50   168.87     0.00     0.00     0.00     0.00
   	   30.00  -160.00     0.00    90.00
   	   30.00  -160.00     0.00    90.00
   3 	 -175.50   168.87     0.00     0.00     0.00     0.00
   3 	 -175.50   168.87     0.00     0.00     0.00     0.00
   	   30.00  -160.00     0.00    90.00
   	   30.00  -160.00     0.00    90.00
   4 	 -136.50   168.87     0.00     0.00     0.00     0.00
   4 	 -136.50   168.87     0.00     0.00     0.00     0.00
   	   30.00  -160.00     0.00    90.00
   	   30.00  -160.00     0.00    90.00
   5 	  -97.50   168.87     0.00     0.00     0.00     0.00
   5 	  -97.50   168.87     0.00     0.00     0.00     0.00
   	   30.00  -160.00     0.00    90.00
   	   30.00  -160.00     0.00    90.00
   6 	  -58.50   168.87     0.00     0.00     0.00     0.00
   6 	  -58.50   168.87     0.00     0.00     0.00     0.00
   	   30.00  -160.00     0.00    90.00
   	   30.00  -160.00     0.00    90.00
   7 	  -19.50   168.87     0.00     0.00     0.00     0.00
   7 	  -19.50   168.87     0.00     0.00     0.00     0.00
   	   30.00  -160.00     0.00    90.00
   	   30.00  -160.00     0.00    90.00
   8 	   19.50   168.87     0.00     0.00     0.00     0.00
   8 	   19.50   168.87     0.00     0.00     0.00     0.00
   	   30.00  -160.00     0.00    90.00
   	   30.00  -160.00     0.00    90.00
   9 	   58.50   168.87     0.00     0.00     0.00     0.00
   9 	   58.50   168.87     0.00     0.00     0.00     0.00
   	   30.00  -160.00     0.00    90.00
   	   30.00  -160.00     0.00    90.00
  10 	   97.50   168.87     0.00     0.00     0.00     0.00
  10 	   97.50   168.87     0.00     0.00     0.00     0.00
   	   30.00  -160.00     0.00    90.00
   	   30.00  -160.00     0.00    90.00
  11 	  136.50   168.87     0.00     0.00     0.00     0.00
  11 	  136.50   168.87     0.00     0.00     0.00     0.00
   	   30.00  -160.00     0.00    90.00
   	   30.00  -160.00     0.00    90.00
  12 	  175.50   168.87     0.00     0.00     0.00     0.00
  12 	  175.50   168.87     0.00     0.00     0.00     0.00
   	   30.00  -160.00     0.00    90.00
   	   30.00  -160.00     0.00    90.00
  13 	  214.50   168.87     0.00     0.00     0.00     0.00
  13 	  214.50   168.87     0.00     0.00     0.00     0.00
   	   30.00  -160.00     0.00    90.00
   	   30.00  -160.00     0.00    90.00
  14 	  253.50   168.87     0.00     0.00     0.00     0.00
  14 	  253.50   168.87     0.00     0.00     0.00     0.00
   	   30.00  -160.00     0.00    90.00
   	   30.00  -160.00     0.00    90.00
  15 	  292.50   168.87     0.00     0.00     0.00     0.00
  15 	  292.50   168.87     0.00     0.00     0.00     0.00
   	   30.00  -160.00     0.00    90.00
   	   30.00  -160.00     0.00    90.00
  16 	  331.50   168.87     0.00     0.00     0.00     0.00
  16 	  331.50   168.87     0.00     0.00     0.00     0.00
   	   30.00  -160.00     0.00    90.00
   	   30.00  -160.00     0.00    90.00
  17 	  370.50   168.87     0.00     0.00     0.00     0.00
  17 	  370.50   168.87     0.00     0.00     0.00     0.00
   	   30.00  -160.00     0.00    90.00
   	   30.00  -160.00     0.00    90.00
  18 	  409.50   168.87     0.00     0.00     0.00     0.00
  18 	  409.50   168.87     0.00     0.00     0.00     0.00
   	   30.00  -160.00     0.00    90.00
   	   30.00  -160.00     0.00    90.00

** End writing output file: ../inputs/gr87.dat 
