*******************************************************************************
                         ARRAY PREPROCESSOR ver. 1.0
*******************************************************************************



   1	GROUP testgroup
   3	 GRID RECTANGULAR
   4	 ELEMENT
   5	 GEOMETRY RECTANGULAR PDIM 52 QDIM 77
   7	 POLARIZATION LINEAR
   8	 ADD BLOCK 7 1 7 -6
  10	 GROUP_EXCITATION
  11	 AMPLITUDE UNIFORM 20
  12	 PHASE ROTATION SEQUENTIAL
  13	 END

** Generating GROUP: testgroup.
** PSTEP,QSTEP set to:92.913939,92.913939
** Grid ANGLE set to:90.000000 
** Group ROT_ANGLE set to: 0.000000 

** Writing output file: ../inputs/gr871.dat

NEL 
NPORTS
IDUM      REXA     REYA     REZA     THEA     PHEA     PSEA 
          AMP      PSH      PSC      PHEPOL
   8
   8
   1
   1
   1 	  650.40  -557.48     0.00     0.00  -315.00     0.00
   1 	  650.40  -557.48     0.00     0.00  -315.00     0.00
   	   20.00  -315.00     0.00    90.00
   	   20.00  -315.00     0.00    90.00
   2 	  650.40  -464.57     0.00     0.00  -270.00     0.00
   2 	  650.40  -464.57     0.00     0.00  -270.00     0.00
   	   20.00  -270.00     0.00    90.00
   	   20.00  -270.00     0.00    90.00
   3 	  650.40  -371.66     0.00     0.00  -225.00     0.00
   3 	  650.40  -371.66     0.00     0.00  -225.00     0.00
   	   20.00  -225.00     0.00    90.00
   	   20.00  -225.00     0.00    90.00
   4 	  650.40  -278.74     0.00     0.00  -180.00     0.00
   4 	  650.40  -278.74     0.00     0.00  -180.00     0.00
   	   20.00  -180.00     0.00    90.00
   	   20.00  -180.00     0.00    90.00
   5 	  650.40  -185.83     0.00     0.00  -135.00     0.00
   5 	  650.40  -185.83     0.00     0.00  -135.00     0.00
   	   20.00  -135.00     0.00    90.00
   	   20.00  -135.00     0.00    90.00
   6 	  650.40   -92.91     0.00     0.00   -90.00     0.00
   6 	  650.40   -92.91     0.00     0.00   -90.00     0.00
   	   20.00   -90.00     0.00    90.00
   	   20.00   -90.00     0.00    90.00
   7 	  650.40     0.00     0.00     0.00   -45.00     0.00
   7 	  650.40     0.00     0.00     0.00   -45.00     0.00
   	   20.00   -45.00     0.00    90.00
   	   20.00   -45.00     0.00    90.00
   8 	  650.40    92.91     0.00     0.00     0.00     0.00
   8 	  650.40    92.91     0.00     0.00     0.00     0.00
   	   20.00     0.00     0.00    90.00
   	   20.00     0.00     0.00    90.00

** End writing output file: ../inputs/gr871.dat 
