*******************************************************************************
                         ARRAY PREPROCESSOR ver. 1.0
*******************************************************************************



   1	GROUP testgroup
   3	 GRID HEXAGONAL
   4	 ELEMENT
   5	 GEOMETRY CIRCULAR RADIUS 90 mm
   7	 ADD HEXAGON -2 4
   8	 ADD BLOCK 0 2 -5 10
   9	 ADD HEXAGON 0 0
  11	 GROUP_EXCITATION
  12	 AMPLITUDE UNIFORM 23
  13	 PHASE UNIFORM 116
  14	 END

** Generating GROUP: testgroup.
** PSTEP,QSTEP set to:180.000000,180.000000
** Grid ANGLE set to:60.000000 
** Group ROT_ANGLE set to: 0.000000 

** Writing output file: ../inputs/gr872.dat

NEL 
NPORTS
IDUM      REXA     REYA     REZA     THEA     PHEA     PSEA 
          AMP      PSH      PSC      PHEPOL
  68
  68
   1
   1
   1 	  -90.00   779.42     0.00     0.00     0.00     0.00
   1 	  -90.00   779.42     0.00     0.00     0.00     0.00
   	   23.00   116.00     0.00    90.00
   	   23.00   116.00     0.00    90.00
   2 	   90.00   779.42     0.00     0.00     0.00     0.00
   2 	   90.00   779.42     0.00     0.00     0.00     0.00
   	   23.00   116.00     0.00    90.00
   	   23.00   116.00     0.00    90.00
   3 	  180.00   623.54     0.00     0.00     0.00     0.00
   3 	  180.00   623.54     0.00     0.00     0.00     0.00
   	   23.00   116.00     0.00    90.00
   	   23.00   116.00     0.00    90.00
   4 	   90.00   467.65     0.00     0.00     0.00     0.00
   4 	   90.00   467.65     0.00     0.00     0.00     0.00
   	   23.00   116.00     0.00    90.00
   	   23.00   116.00     0.00    90.00
   5 	  -90.00   467.65     0.00     0.00     0.00     0.00
   5 	  -90.00   467.65     0.00     0.00     0.00     0.00
   	   23.00   116.00     0.00    90.00
   	   23.00   116.00     0.00    90.00
   6 	 -180.00   623.54     0.00     0.00     0.00     0.00
   6 	 -180.00   623.54     0.00     0.00     0.00     0.00
   	   23.00   116.00     0.00    90.00
   	   23.00   116.00     0.00    90.00
   7 	   -0.00   623.54     0.00     0.00     0.00     0.00
   7 	   -0.00   623.54     0.00     0.00     0.00     0.00
   	   23.00   116.00     0.00    90.00
   	   23.00   116.00     0.00    90.00
   8 	 -720.00   311.77     0.00     0.00     0.00     0.00
   8 	 -720.00   311.77     0.00     0.00     0.00     0.00
   	   23.00   116.00     0.00    90.00
   	   23.00   116.00     0.00    90.00
   9 	 -540.00   311.77     0.00     0.00     0.00     0.00
   9 	 -540.00   311.77     0.00     0.00     0.00     0.00
   	   23.00   116.00     0.00    90.00
   	   23.00   116.00     0.00    90.00
  10 	 -360.00   311.77     0.00     0.00     0.00     0.00
  10 	 -360.00   311.77     0.00     0.00     0.00     0.00
   	   23.00   116.00     0.00    90.00
   	   23.00   116.00     0.00    90.00
  11 	 -180.00   311.77     0.00     0.00     0.00     0.00
  11 	 -180.00   311.77     0.00     0.00     0.00     0.00
   	   23.00   116.00     0.00    90.00
   	   23.00   116.00     0.00    90.00
  12 	   -0.00   311.77     0.00     0.00     0.00     0.00
  12 	   -0.00   311.77     0.00     0.00     0.00     0.00
   	   23.00   116.00     0.00    90.00
   	   23.00   116.00     0.00    90.00
  13 	  180.00   311.77     0.00     0.00     0.00     0.00
  13 	  180.00   311.77     0.00     0.00     0.00     0.00
   	   23.00   116.00     0.00    90.00
   	   23.00   116.00     0.00    90.00
  14 	 -630.00   467.65     0.00     0.00     0.00     0.00
  14 	 -630.00   467.65     0.00     0.00     0.00     0.00
   	   23.00   116.00     0.00    90.00
   	   23.00   116.00     0.00    90.00
  15 	 -450.00   467.65     0.00     0.00     0.00     0.00
  15 	 -450.00   467.65     0.00     0.00     0.00     0.00
   	   23.00   116.00     0.00    90.00
   	   23.00   116.00     0.00    90.00
  16 	 -270.00   467.65     0.00     0.00     0.00     0.00
  16 	 -270.00   467.65     0.00     0.00     0.00     0.00
   	   23.00   116.00     0.00    90.00
   	   23.00   116.00     0.00    90.00
  17 	  -90.00   467.65     0.00     0.00     0.00     0.00
  17 	  -90.00   467.65     0.00     0.00     0.00     0.00
   	   23.00   116.00     0.00    90.00
   	   23.00   116.00     0.00    90.00
  18 	   90.00   467.65     0.00     0.00     0.00     0.00
  18 	   90.00   467.65     0.00     0.00     0.00     0.00
   	   23.00   116.00     0.00    90.00
   	   23.00   116.00     0.00    90.00
  19 	  270.00   467.65     0.00     0.00     0.00     0.00
  19 	  270.00   467.65     0.00     0.00     0.00     0.00
   	   23.00   116.00     0.00    90.00
   	   23.00   116.00     0.00    90.00
  20 	 -540.00   623.54     0.00     0.00     0.00     0.00
  20 	 -540.00   623.54     0.00     0.00     0.00     0.00
   	   23.00   116.00     0.00    90.00
   	   23.00   116.00     0.00    90.00
  21 	 -360.00   623.54     0.00     0.00     0.00     0.00
  21 	 -360.00   623.54     0.00     0.00     0.00     0.00
   	   23.00   116.00     0.00    90.00
   	   23.00   116.00     0.00    90.00
  22 	 -180.00   623.54     0.00     0.00     0.00     0.00
  22 	 -180.00   623.54     0.00     0.00     0.00     0.00
   	   23.00   116.00     0.00    90.00
   	   23.00   116.00     0.00    90.00
  23 	   -0.00   623.54     0.00     0.00     0.00     0.00
  23 	   -0.00   623.54     0.00     0.00     0.00     0.00
   	   23.00   116.00     0.00    90.00
   	   23.00   116.00     0.00    90.00
  24 	  180.00   623.54     0.00     0.00     0.00     0.00
  24 	  180.00   623.54     0.00     0.00     0.00     0.00
   	   23.00   116.00     0.00    90.00
   	   23.00   116.00     0.00    90.00
  25 	  360.00   623.54     0.00     0.00     0.00     0.00
  25 	  360.00   623.54     0.00     0.00     0.00     0.00
   	   23.00   116.00     0.00    90.00
   	   23.00   116.00     0.00    90.00
  26 	 -450.00   779.42     0.00     0.00     0.00     0.00
  26 	 -450.00   779.42     0.00     0.00     0.00     0.00
   	   23.00   116.00     0.00    90.00
   	   23.00   116.00     0.00    90.00
  27 	 -270.00   779.42     0.00     0.00     0.00     0.00
  27 	 -270.00   779.42     0.00     0.00     0.00     0.00
   	   23.00   116.00     0.00    90.00
   	   23.00   116.00     0.00    90.00
  28 	  -90.00   779.42     0.00     0.00     0.00     0.00
  28 	  -90.00   779.42     0.00     0.00     0.00     0.00
   	   23.00   116.00     0.00    90.00
   	   23.00   116.00     0.00    90.00
  29 	   90.00   779.42     0.00     0.00     0.00     0.00
  29 	   90.00   779.42     0.00     0.00     0.00     0.00
   	   23.00   116.00     0.00    90.00
   	   23.00   116.00     0.00    90.00
  30 	  270.00   779.42     0.00     0.00     0.00     0.00
  30 	  270.00   779.42     0.00     0.00     0.00     0.00
   	   23.00   116.00     0.00    90.00
   	   23.00   116.00     0.00    90.00
  31 	  450.00   779.42     0.00     0.00     0.00     0.00
  31 	  450.00   779.42     0.00     0.00     0.00     0.00
   	   23.00   116.00     0.00    90.00
   	   23.00   116.00     0.00    90.00
  32 	 -360.00   935.31     0.00     0.00     0.00     0.00
  32 	 -360.00   935.31     0.00     0.00     0.00     0.00
   	   23.00   116.00     0.00    90.00
   	   23.00   116.00     0.00    90.00
  33 	 -180.00   935.31     0.00     0.00     0.00     0.00
  33 	 -180.00   935.31     0.00     0.00     0.00     0.00
   	   23.00   116.00     0.00    90.00
   	   23.00   116.00     0.00    90.00
  34 	   -0.00   935.31     0.00     0.00     0.00     0.00
  34 	   -0.00   935.31     0.00     0.00     0.00     0.00
   	   23.00   116.00     0.00    90.00
   	   23.00   116.00     0.00    90.00
  35 	  180.00   935.31     0.00     0.00     0.00     0.00
  35 	  180.00   935.31     0.00     0.00     0.00     0.00
   	   23.00   116.00     0.00    90.00
   	   23.00   116.00     0.00    90.00
  36 	  360.00   935.31     0.00     0.00     0.00     0.00
  36 	  360.00   935.31     0.00     0.00     0.00     0.00
   	   23.00   116.00     0.00    90.00
   	   23.00   116.00     0.00    90.00
  37 	  540.00   935.31     0.00     0.00     0.00     0.00
  37 	  540.00   935.31     0.00     0.00     0.00     0.00
   	   23.00   116.00     0.00    90.00
   	   23.00   116.00     0.00    90.00
  38 	 -270.00  1091.19     0.00     0.00     0.00     0.00
  38 	 -270.00  1091.19     0.00     0.00     0.00     0.00
   	   23.00   116.00     0.00    90.00
   	   23.00   116.00     0.00    90.00
  39 	  -90.00  1091.19     0.00     0.00     0.00     0.00
  39 	  -90.00  1091.19     0.00     0.00     0.00     0.00
   	   23.00   116.00     0.00    90.00
   	   23.00   116.00     0.00    90.00
  40 	   90.00  1091.19     0.00     0.00     0.00     0.00
  40 	   90.00  1091.19     0.00     0.00     0.00     0.00
   	   23.00   116.00     0.00    90.00
   	   23.00   116.00     0.00    90.00
  41 	  270.00  1091.19     0.00     0.00     0.00     0.00
  41 	  270.00  1091.19     0.00     0.00     0.00     0.00
   	   23.00   116.00     0.00    90.00
   	   23.00   116.00     0.00    90.00
  42 	  450.00  1091.19     0.00     0.00     0.00     0.00
  42 	  450.00  1091.19     0.00     0.00     0.00     0.00
   	   23.00   116.00     0.00    90.00
   	   23.00   116.00     0.00    90.00
  43 	  630.00  1091.19     0.00     0.00     0.00     0.00
  43 	  630.00  1091.19     0.00     0.00     0.00     0.00
   	   23.00   116.00     0.00    90.00
   	   23.00   116.00     0.00    90.00
  44 	 -180.00  1247.08     0.00     0.00     0.00     0.00
  44 	 -180.00  1247.08     0.00     0.00     0.00     0.00
   	   23.00   116.00     0.00    90.00
   	   23.00   116.00     0.00    90.00
  45 	   -0.00  1247.08     0.00     0.00     0.00     0.00
  45 	   -0.00  1247.08     0.00     0.00     0.00     0.00
   	   23.00   116.00     0.00    90.00
   	   23.00   116.00     0.00    90.00
  46 	  180.00  1247.08     0.00     0.00     0.00     0.00
  46 	  180.00  1247.08     0.00     0.00     0.00     0.00
   	   23.00   116.00     0.00    90.00
   	   23.00   116.00     0.00    90.00
  47 	  360.00  1247.08     0.00     0.00     0.00     0.00
  47 	  360.00  1247.08     0.00     0.00     0.00     0.00
   	   23.00   116.00     0.00    90.00
   	   23.00   116.00     0.00    90.00
  48 	  540.00  1247.08     0.00     0.00     0.00     0.00
  48 	  540.00  1247.08     0.00     0.00     0.00     0.00
   	   23.00   116.00     0.00    90.00
   	   23.00   116.00     0.00    90.00
  49 	  720.00  1247.08     0.00     0.00     0.00     0.00
  49 	  720.00  1247.08     0.00     0.00     0.00     0.00
   	   23.00   116.00     0.00    90.00
   	   23.00   116.00     0.00    90.00
  50 	  -90.00  1402.96     0.00     0.00     0.00     0.00
  50 	  -90.00  1402.96     0.00     0.00     0.00     0.00
   	   23.00   116.00     0.00    90.00
   	   23.00   116.00     0.00    90.00
  51 	   90.00  1402.96     0.00     0.00     0.00     0.00
  51 	   90.00  1402.96     0.00     0.00     0.00     0.00
   	   23.00   116.00     0.00    90.00
   	   23.00   116.00     0.00    90.00
  52 	  270.00  1402.96     0.00     0.00     0.00     0.00
  52 	  270.00  1402.96     0.00     0.00     0.00     0.00
   	   23.00   116.00     0.00    90.00
   	   23.00   116.00     0.00    90.00
  53 	  450.00  1402.96     0.00     0.00     0.00     0.00
  53 	  450.00  1402.96     0.00     0.00     0.00     0.00
   	   23.00   116.00     0.00    90.00
   	   23.00   116.00     0.00    90.00
  54 	  630.00  1402.96     0.00     0.00     0.00     0.00
  54 	  630.00  1402.96     0.00     0.00     0.00     0.00
   	   23.00   116.00     0.00    90.00
   	   23.00   116.00     0.00    90.00
  55 	  810.00  1402.96     0.00     0.00     0.00     0.00
  55 	  810.00  1402.96     0.00     0.00     0.00     0.00
   	   23.00   116.00     0.00    90.00
   	   23.00   116.00     0.00    90.00
  56 	   -0.00  1558.85     0.00     0.00     0.00     0.00
  56 	   -0.00  1558.85     0.00     0.00     0.00     0.00
   	   23.00   116.00     0.00    90.00
   	   23.00   116.00     0.00    90.00
  57 	  180.00  1558.85     0.00     0.00     0.00     0.00
  57 	  180.00  1558.85     0.00     0.00     0.00     0.00
   	   23.00   116.00     0.00    90.00
   	   23.00   116.00     0.00    90.00
  58 	  360.00  1558.85     0.00     0.00     0.00     0.00
  58 	  360.00  1558.85     0.00     0.00     0.00     0.00
   	   23.00   116.00     0.00    90.00
   	   23.00   116.00     0.00    90.00
  59 	  540.00  1558.85     0.00     0.00     0.00     0.00
  59 	  540.00  1558.85     0.00     0.00     0.00     0.00
   	   23.00   116.00     0.00    90.00
   	   23.00   116.00     0.00    90.00
  60 	  720.00  1558.85     0.00     0.00     0.00     0.00
  60 	  720.00  1558.85     0.00     0.00     0.00     0.00
   	   23.00   116.00     0.00    90.00
   	   23.00   116.00     0.00    90.00
  61 	  900.00  1558.85     0.00     0.00     0.00     0.00
  61 	  900.00  1558.85     0.00     0.00     0.00     0.00
   	   23.00   116.00     0.00    90.00
   	   23.00   116.00     0.00    90.00
  62 	  -90.00   155.88     0.00     0.00     0.00     0.00
  62 	  -90.00   155.88     0.00     0.00     0.00     0.00
   	   23.00   116.00     0.00    90.00
   	   23.00   116.00     0.00    90.00
  63 	   90.00   155.88     0.00     0.00     0.00     0.00
  63 	   90.00   155.88     0.00     0.00     0.00     0.00
   	   23.00   116.00     0.00    90.00
   	   23.00   116.00     0.00    90.00
  64 	  180.00     0.00     0.00     0.00     0.00     0.00
  64 	  180.00     0.00     0.00     0.00     0.00     0.00
   	   23.00   116.00     0.00    90.00
   	   23.00   116.00     0.00    90.00
  65 	   90.00  -155.88     0.00     0.00     0.00     0.00
  65 	   90.00  -155.88     0.00     0.00     0.00     0.00
   	   23.00   116.00     0.00    90.00
   	   23.00   116.00     0.00    90.00
  66 	  -90.00  -155.88     0.00     0.00     0.00     0.00
  66 	  -90.00  -155.88     0.00     0.00     0.00     0.00
   	   23.00   116.00     0.00    90.00
   	   23.00   116.00     0.00    90.00
  67 	 -180.00     0.00     0.00     0.00     0.00     0.00
  67 	 -180.00     0.00     0.00     0.00     0.00     0.00
   	   23.00   116.00     0.00    90.00
   	   23.00   116.00     0.00    90.00
  68 	    0.00     0.00     0.00     0.00     0.00     0.00
  68 	    0.00     0.00     0.00     0.00     0.00     0.00
   	   23.00   116.00     0.00    90.00
   	   23.00   116.00     0.00    90.00

** End writing output file: ../inputs/gr872.dat 
