*******************************************************************************
                         ARRAY PREPROCESSOR ver. 1.0
*******************************************************************************



   1	GROUP testgroup
   3	 GRID SQUARE STEP 56
   4	 ELEMENT
   5	 GEOMETRY CIRCULAR 49
   7	 ADD BLOCK 2 -6 2 -7
   8	 ADD BLOCK -1 7 -1 2
  10	 GROUP_EXCITATION
  11	 AMPLITUDE UNIFORM 24
  12	 PHASE UNIFORM 0
  13	 END

** WARNING B2: GRID step(s) too small for specified element in GROUP: testgroup
** Generating GROUP: testgroup.
** PSTEP,QSTEP set to:56.000000,56.000000
** Grid ANGLE set to:90.000000 
** Group ROT_ANGLE set to: 0.000000 

** Writing output file: ../inputs/gr875.dat

NEL 
NPORTS
IDUM      REXA     REYA     REZA     THEA     PHEA     PSEA 
          AMP      PSH      PSC      PHEPOL
   8
   8
   1
   1
   1 	  112.00  -392.00     0.00     0.00     0.00     0.00
   1 	  112.00  -392.00     0.00     0.00     0.00     0.00
   	   24.00     0.00     0.00    90.00
   	   24.00     0.00     0.00    90.00
   2 	  112.00  -336.00     0.00     0.00     0.00     0.00
   2 	  112.00  -336.00     0.00     0.00     0.00     0.00
   	   24.00     0.00     0.00    90.00
   	   24.00     0.00     0.00    90.00
   3 	  -56.00   112.00     0.00     0.00     0.00     0.00
   3 	  -56.00   112.00     0.00     0.00     0.00     0.00
   	   24.00     0.00     0.00    90.00
   	   24.00     0.00     0.00    90.00
   4 	  -56.00   168.00     0.00     0.00     0.00     0.00
   4 	  -56.00   168.00     0.00     0.00     0.00     0.00
   	   24.00     0.00     0.00    90.00
   	   24.00     0.00     0.00    90.00
   5 	  -56.00   224.00     0.00     0.00     0.00     0.00
   5 	  -56.00   224.00     0.00     0.00     0.00     0.00
   	   24.00     0.00     0.00    90.00
   	   24.00     0.00     0.00    90.00
   6 	  -56.00   280.00     0.00     0.00     0.00     0.00
   6 	  -56.00   280.00     0.00     0.00     0.00     0.00
   	   24.00     0.00     0.00    90.00
   	   24.00     0.00     0.00    90.00
   7 	  -56.00   336.00     0.00     0.00     0.00     0.00
   7 	  -56.00   336.00     0.00     0.00     0.00     0.00
   	   24.00     0.00     0.00    90.00
   	   24.00     0.00     0.00    90.00
   8 	  -56.00   392.00     0.00     0.00     0.00     0.00
   8 	  -56.00   392.00     0.00     0.00     0.00     0.00
   	   24.00     0.00     0.00    90.00
   	   24.00     0.00     0.00    90.00

** End writing output file: ../inputs/gr875.dat 
