*******************************************************************************
                         ARRAY PREPROCESSOR ver. 1.0
*******************************************************************************



   1	GROUP testgroup
   3	 GRID TRIANGULAR PSTEP 57 QSTEP 66
   4	 ELEMENT
   5	 GEOMETRY CIRCULAR 50
   7	 ADD NODE 3 0
   8	 ADD BLOCK -7 -1 -2 -1
   9	 ADD NODE -11 0
  10	 ADD BLOCK 0 3 -2 2
  12	 GROUP_EXCITATION
  13	 AMPLITUDE UNIFORM 19
  14	 PHASE UNIFORM -54
  15	 END

** WARNING B2: GRID step(s) too small for specified element in GROUP: testgroup
** WARNING B2: GRID step(s) too small for specified element in GROUP: testgroup
** Generating GROUP: testgroup.
** PSTEP,QSTEP set to:57.000000,66.000000
** Grid ANGLE set to:60.000000 
** Group ROT_ANGLE set to: 0.000000 

** Writing output file: ../inputs/gr876.dat

NEL 
NPORTS
IDUM      REXA     REYA     REZA     THEA     PHEA     PSEA 
          AMP      PSH      PSC      PHEPOL
  14
  14
   1
   1
   1 	  171.00     0.00     0.00     0.00     0.00     0.00
   1 	  171.00     0.00     0.00     0.00     0.00     0.00
   	   19.00   -54.00     0.00    90.00
   	   19.00   -54.00     0.00    90.00
   2 	 -432.00   -57.16     0.00     0.00     0.00     0.00
   2 	 -432.00   -57.16     0.00     0.00     0.00     0.00
   	   19.00   -54.00     0.00    90.00
   	   19.00   -54.00     0.00    90.00
   3 	 -375.00   -57.16     0.00     0.00     0.00     0.00
   3 	 -375.00   -57.16     0.00     0.00     0.00     0.00
   	   19.00   -54.00     0.00    90.00
   	   19.00   -54.00     0.00    90.00
   4 	 -318.00   -57.16     0.00     0.00     0.00     0.00
   4 	 -318.00   -57.16     0.00     0.00     0.00     0.00
   	   19.00   -54.00     0.00    90.00
   	   19.00   -54.00     0.00    90.00
   5 	 -261.00   -57.16     0.00     0.00     0.00     0.00
   5 	 -261.00   -57.16     0.00     0.00     0.00     0.00
   	   19.00   -54.00     0.00    90.00
   	   19.00   -54.00     0.00    90.00
   6 	 -204.00   -57.16     0.00     0.00     0.00     0.00
   6 	 -204.00   -57.16     0.00     0.00     0.00     0.00
   	   19.00   -54.00     0.00    90.00
   	   19.00   -54.00     0.00    90.00
   7 	 -147.00   -57.16     0.00     0.00     0.00     0.00
   7 	 -147.00   -57.16     0.00     0.00     0.00     0.00
   	   19.00   -54.00     0.00    90.00
   	   19.00   -54.00     0.00    90.00
   8 	 -627.00     0.00     0.00     0.00     0.00     0.00
   8 	 -627.00     0.00     0.00     0.00     0.00     0.00
   	   19.00   -54.00     0.00    90.00
   	   19.00   -54.00     0.00    90.00
   9 	  -48.00   114.32     0.00     0.00     0.00     0.00
   9 	  -48.00   114.32     0.00     0.00     0.00     0.00
   	   19.00   -54.00     0.00    90.00
   	   19.00   -54.00     0.00    90.00
  10 	    9.00   114.32     0.00     0.00     0.00     0.00
  10 	    9.00   114.32     0.00     0.00     0.00     0.00
   	   19.00   -54.00     0.00    90.00
   	   19.00   -54.00     0.00    90.00
  11 	   66.00   114.32     0.00     0.00     0.00     0.00
  11 	   66.00   114.32     0.00     0.00     0.00     0.00
   	   19.00   -54.00     0.00    90.00
   	   19.00   -54.00     0.00    90.00
  12 	  -15.00   171.47     0.00     0.00     0.00     0.00
  12 	  -15.00   171.47     0.00     0.00     0.00     0.00
   	   19.00   -54.00     0.00    90.00
   	   19.00   -54.00     0.00    90.00
  13 	   42.00   171.47     0.00     0.00     0.00     0.00
  13 	   42.00   171.47     0.00     0.00     0.00     0.00
   	   19.00   -54.00     0.00    90.00
   	   19.00   -54.00     0.00    90.00
  14 	   99.00   171.47     0.00     0.00     0.00     0.00
  14 	   99.00   171.47     0.00     0.00     0.00     0.00
   	   19.00   -54.00     0.00    90.00
   	   19.00   -54.00     0.00    90.00

** End writing output file: ../inputs/gr876.dat 
