*******************************************************************************
                         ARRAY PREPROCESSOR ver. 1.0
*******************************************************************************



   1	GROUP testgroup
   3	 GRID RECTANGULAR
   4	 ELEMENT
   5	 GEOMETRY CIRCULAR RADIUS 33
   7	 ADD HEXAGON -4 0
   9	 GROUP_EXCITATION
  10	 AMPLITUDE UNIFORM 12
  11	 PHASE ROTATION SEQUENTIAL ANGLE 64 34
  13	 END

** Generating GROUP: testgroup.
** PSTEP,QSTEP set to:33.000000,33.000000
** Grid ANGLE set to:90.000000 
** Group ROT_ANGLE set to: 0.000000 

** Writing output file: ../inputs/gr877.dat

NEL 
NPORTS
IDUM      REXA     REYA     REZA     THEA     PHEA     PSEA 
          AMP      PSH      PSC      PHEPOL
   7
   7
   1
   1
   1 	 -165.00    33.00     0.00     0.00    64.00     0.00
   1 	 -165.00    33.00     0.00     0.00    64.00     0.00
   	   12.00    64.00     0.00    90.00
   	   12.00    64.00     0.00    90.00
   2 	 -132.00    33.00     0.00     0.00    98.00     0.00
   2 	 -132.00    33.00     0.00     0.00    98.00     0.00
   	   12.00    98.00     0.00    90.00
   	   12.00    98.00     0.00    90.00
   3 	  -99.00     0.00     0.00     0.00   132.00     0.00
   3 	  -99.00     0.00     0.00     0.00   132.00     0.00
   	   12.00   132.00     0.00    90.00
   	   12.00   132.00     0.00    90.00
   4 	  -99.00   -33.00     0.00     0.00   166.00     0.00
   4 	  -99.00   -33.00     0.00     0.00   166.00     0.00
   	   12.00   166.00     0.00    90.00
   	   12.00   166.00     0.00    90.00
   5 	 -132.00   -33.00     0.00     0.00   200.00     0.00
   5 	 -132.00   -33.00     0.00     0.00   200.00     0.00
   	   12.00   200.00     0.00    90.00
   	   12.00   200.00     0.00    90.00
   6 	 -165.00     0.00     0.00     0.00   234.00     0.00
   6 	 -165.00     0.00     0.00     0.00   234.00     0.00
   	   12.00   234.00     0.00    90.00
   	   12.00   234.00     0.00    90.00
   7 	 -132.00     0.00     0.00     0.00   268.00     0.00
   7 	 -132.00     0.00     0.00     0.00   268.00     0.00
   	   12.00   268.00     0.00    90.00
   	   12.00   268.00     0.00    90.00

** End writing output file: ../inputs/gr877.dat 
