*******************************************************************************
                         ARRAY PREPROCESSOR ver. 1.0
*******************************************************************************



   1	GROUP testgroup
   3	 GRID HEXAGONAL
   4	 ELEMENT
   5	 GEOMETRY CIRCULAR 86
   6	 POLARIZATION LINEAR ORIENTATION X
   7	 ADD NODE -3 2
   8	 ADD BLOCK -3 1 -3 2
   9	 ADD HEXAGON -1 3
  10	 ADD BLOCK -1 -4 -1 8
  12	 GROUP_EXCITATION
  13	 AMPLITUDE UNIFORM 19
  14	 PHASE UNIFORM -20
  15	 END

** Generating GROUP: testgroup.
** PSTEP,QSTEP set to:172.000000,172.000000
** Grid ANGLE set to:60.000000 
** Group ROT_ANGLE set to: 0.000000 

** Writing output file: ../inputs/gr887.dat

NEL 
NPORTS
IDUM      REXA     REYA     REZA     THEA     PHEA     PSEA 
          AMP      PSH      PSC      PHEPOL
  23
  23
   1
   1
   1 	 -344.00   297.91     0.00     0.00     0.00     0.00
   1 	 -344.00   297.91     0.00     0.00     0.00     0.00
   	   19.00   -20.00     0.00     0.00
   	   19.00   -20.00     0.00     0.00
   2 	 -430.00   148.96     0.00     0.00     0.00     0.00
   2 	 -430.00   148.96     0.00     0.00     0.00     0.00
   	   19.00   -20.00     0.00     0.00
   	   19.00   -20.00     0.00     0.00
   3 	 -344.00   297.91     0.00     0.00     0.00     0.00
   3 	 -344.00   297.91     0.00     0.00     0.00     0.00
   	   19.00   -20.00     0.00     0.00
   	   19.00   -20.00     0.00     0.00
   4 	   -0.00   595.83     0.00     0.00     0.00     0.00
   4 	   -0.00   595.83     0.00     0.00     0.00     0.00
   	   19.00   -20.00     0.00     0.00
   	   19.00   -20.00     0.00     0.00
   5 	  172.00   595.83     0.00     0.00     0.00     0.00
   5 	  172.00   595.83     0.00     0.00     0.00     0.00
   	   19.00   -20.00     0.00     0.00
   	   19.00   -20.00     0.00     0.00
   6 	  258.00   446.87     0.00     0.00     0.00     0.00
   6 	  258.00   446.87     0.00     0.00     0.00     0.00
   	   19.00   -20.00     0.00     0.00
   	   19.00   -20.00     0.00     0.00
   7 	  172.00   297.91     0.00     0.00     0.00     0.00
   7 	  172.00   297.91     0.00     0.00     0.00     0.00
   	   19.00   -20.00     0.00     0.00
   	   19.00   -20.00     0.00     0.00
   8 	   -0.00   297.91     0.00     0.00     0.00     0.00
   8 	   -0.00   297.91     0.00     0.00     0.00     0.00
   	   19.00   -20.00     0.00     0.00
   	   19.00   -20.00     0.00     0.00
   9 	  -86.00   446.87     0.00     0.00     0.00     0.00
   9 	  -86.00   446.87     0.00     0.00     0.00     0.00
   	   19.00   -20.00     0.00     0.00
   	   19.00   -20.00     0.00     0.00
  10 	   86.00   446.87     0.00     0.00     0.00     0.00
  10 	   86.00   446.87     0.00     0.00     0.00     0.00
   	   19.00   -20.00     0.00     0.00
   	   19.00   -20.00     0.00     0.00
  11 	 -516.00  -595.83     0.00     0.00     0.00     0.00
  11 	 -516.00  -595.83     0.00     0.00     0.00     0.00
   	   19.00   -20.00     0.00     0.00
   	   19.00   -20.00     0.00     0.00
  12 	 -430.00  -446.87     0.00     0.00     0.00     0.00
  12 	 -430.00  -446.87     0.00     0.00     0.00     0.00
   	   19.00   -20.00     0.00     0.00
   	   19.00   -20.00     0.00     0.00
  13 	 -344.00  -297.91     0.00     0.00     0.00     0.00
  13 	 -344.00  -297.91     0.00     0.00     0.00     0.00
   	   19.00   -20.00     0.00     0.00
   	   19.00   -20.00     0.00     0.00
  14 	 -258.00  -148.96     0.00     0.00     0.00     0.00
  14 	 -258.00  -148.96     0.00     0.00     0.00     0.00
   	   19.00   -20.00     0.00     0.00
   	   19.00   -20.00     0.00     0.00
  15 	 -172.00     0.00     0.00     0.00     0.00     0.00
  15 	 -172.00     0.00     0.00     0.00     0.00     0.00
   	   19.00   -20.00     0.00     0.00
   	   19.00   -20.00     0.00     0.00
  16 	  -86.00   148.96     0.00     0.00     0.00     0.00
  16 	  -86.00   148.96     0.00     0.00     0.00     0.00
   	   19.00   -20.00     0.00     0.00
   	   19.00   -20.00     0.00     0.00
  17 	   -0.00   297.91     0.00     0.00     0.00     0.00
  17 	   -0.00   297.91     0.00     0.00     0.00     0.00
   	   19.00   -20.00     0.00     0.00
   	   19.00   -20.00     0.00     0.00
  18 	   86.00   446.87     0.00     0.00     0.00     0.00
  18 	   86.00   446.87     0.00     0.00     0.00     0.00
   	   19.00   -20.00     0.00     0.00
   	   19.00   -20.00     0.00     0.00
  19 	  172.00   595.83     0.00     0.00     0.00     0.00
  19 	  172.00   595.83     0.00     0.00     0.00     0.00
   	   19.00   -20.00     0.00     0.00
   	   19.00   -20.00     0.00     0.00
  20 	  258.00   744.78     0.00     0.00     0.00     0.00
  20 	  258.00   744.78     0.00     0.00     0.00     0.00
   	   19.00   -20.00     0.00     0.00
   	   19.00   -20.00     0.00     0.00
  21 	  344.00   893.74     0.00     0.00     0.00     0.00
  21 	  344.00   893.74     0.00     0.00     0.00     0.00
   	   19.00   -20.00     0.00     0.00
   	   19.00   -20.00     0.00     0.00
  22 	  430.00  1042.69     0.00     0.00     0.00     0.00
  22 	  430.00  1042.69     0.00     0.00     0.00     0.00
   	   19.00   -20.00     0.00     0.00
   	   19.00   -20.00     0.00     0.00
  23 	  516.00  1191.65     0.00     0.00     0.00     0.00
  23 	  516.00  1191.65     0.00     0.00     0.00     0.00
   	   19.00   -20.00     0.00     0.00
   	   19.00   -20.00     0.00     0.00

** End writing output file: ../inputs/gr887.dat 
