*******************************************************************************
                         ARRAY PREPROCESSOR ver. 1.0
*******************************************************************************



   1	GROUP testgroup
   3	 GRID HEXAGONAL STEP 65 cm
   4	 ELEMENT
   5	 GEOMETRY CIRCULAR 67
   7	 PORTS 1
   8	 PORT 1
   9	 AMPLITUDE 53
  10	 PHASE_POL_ARRANG 478
  11	 ADD BLOCK 4 2 -5 2
  13	 GROUP_EXCITATION
  14	 AMPLITUDE UNIFORM 27
  15	 PHASE UNIFORM 31
  16	 END

** Generating GROUP: testgroup.
** PSTEP,QSTEP set to:650.000000,650.000000
** Grid ANGLE set to:60.000000 
** Group ROT_ANGLE set to: 0.000000 

** Writing output file: ../inputs/gr891.dat

NEL 
NPORTS
IDUM      REXA     REYA     REZA     THEA     PHEA     PSEA 
          AMP      PSH      PSC      PHEPOL
  10
  10
   1
   1
   1 	-2600.00  1125.83     0.00     0.00     0.00     0.00
   1 	-2600.00  1125.83     0.00     0.00     0.00     0.00
   	 1431.00   509.00     0.00    90.00
   	 1431.00   509.00     0.00    90.00
   2 	-1950.00  1125.83     0.00     0.00     0.00     0.00
   2 	-1950.00  1125.83     0.00     0.00     0.00     0.00
   	 1431.00   509.00     0.00    90.00
   	 1431.00   509.00     0.00    90.00
   3 	-1300.00  1125.83     0.00     0.00     0.00     0.00
   3 	-1300.00  1125.83     0.00     0.00     0.00     0.00
   	 1431.00   509.00     0.00    90.00
   	 1431.00   509.00     0.00    90.00
   4 	 -650.00  1125.83     0.00     0.00     0.00     0.00
   4 	 -650.00  1125.83     0.00     0.00     0.00     0.00
   	 1431.00   509.00     0.00    90.00
   	 1431.00   509.00     0.00    90.00
   5 	   -0.00  1125.83     0.00     0.00     0.00     0.00
   5 	   -0.00  1125.83     0.00     0.00     0.00     0.00
   	 1431.00   509.00     0.00    90.00
   	 1431.00   509.00     0.00    90.00
   6 	  650.00  1125.83     0.00     0.00     0.00     0.00
   6 	  650.00  1125.83     0.00     0.00     0.00     0.00
   	 1431.00   509.00     0.00    90.00
   	 1431.00   509.00     0.00    90.00
   7 	 1300.00  1125.83     0.00     0.00     0.00     0.00
   7 	 1300.00  1125.83     0.00     0.00     0.00     0.00
   	 1431.00   509.00     0.00    90.00
   	 1431.00   509.00     0.00    90.00
   8 	 1950.00  1125.83     0.00     0.00     0.00     0.00
   8 	 1950.00  1125.83     0.00     0.00     0.00     0.00
   	 1431.00   509.00     0.00    90.00
   	 1431.00   509.00     0.00    90.00
   9 	 2600.00  1125.83     0.00     0.00     0.00     0.00
   9 	 2600.00  1125.83     0.00     0.00     0.00     0.00
   	 1431.00   509.00     0.00    90.00
   	 1431.00   509.00     0.00    90.00
  10 	 3250.00  1125.83     0.00     0.00     0.00     0.00
  10 	 3250.00  1125.83     0.00     0.00     0.00     0.00
   	 1431.00   509.00     0.00    90.00
   	 1431.00   509.00     0.00    90.00

** End writing output file: ../inputs/gr891.dat 
