*******************************************************************************
                         ARRAY PREPROCESSOR ver. 1.0
*******************************************************************************



   1	GROUP testgroup
   3	 GRID HEXAGONAL
   4	 ELEMENT
   5	 GEOMETRY CIRCULAR RADIUS 109
   7	 ADD NODE 0 -5
   8	 ADD BLOCK -5 9 0 7
  10	 GROUP_EXCITATION
  11	 AMPLITUDE UNIFORM 22
  12	 PHASE UNIFORM 3
  13	 END

** Generating GROUP: testgroup.
** PSTEP,QSTEP set to:218.000000,218.000000
** Grid ANGLE set to:60.000000 
** Group ROT_ANGLE set to: 0.000000 

** Writing output file: ../inputs/gr892.dat

NEL 
NPORTS
IDUM      REXA     REYA     REZA     THEA     PHEA     PSEA 
          AMP      PSH      PSC      PHEPOL
  19
  19
   1
   1
   1 	 -545.00  -943.97     0.00     0.00     0.00     0.00
   1 	 -545.00  -943.97     0.00     0.00     0.00     0.00
   	   22.00     3.00     0.00    90.00
   	   22.00     3.00     0.00    90.00
   2 	 -327.00  1321.55     0.00     0.00     0.00     0.00
   2 	 -327.00  1321.55     0.00     0.00     0.00     0.00
   	   22.00     3.00     0.00    90.00
   	   22.00     3.00     0.00    90.00
   3 	 -109.00  1321.55     0.00     0.00     0.00     0.00
   3 	 -109.00  1321.55     0.00     0.00     0.00     0.00
   	   22.00     3.00     0.00    90.00
   	   22.00     3.00     0.00    90.00
   4 	  109.00  1321.55     0.00     0.00     0.00     0.00
   4 	  109.00  1321.55     0.00     0.00     0.00     0.00
   	   22.00     3.00     0.00    90.00
   	   22.00     3.00     0.00    90.00
   5 	  327.00  1321.55     0.00     0.00     0.00     0.00
   5 	  327.00  1321.55     0.00     0.00     0.00     0.00
   	   22.00     3.00     0.00    90.00
   	   22.00     3.00     0.00    90.00
   6 	  545.00  1321.55     0.00     0.00     0.00     0.00
   6 	  545.00  1321.55     0.00     0.00     0.00     0.00
   	   22.00     3.00     0.00    90.00
   	   22.00     3.00     0.00    90.00
   7 	  763.00  1321.55     0.00     0.00     0.00     0.00
   7 	  763.00  1321.55     0.00     0.00     0.00     0.00
   	   22.00     3.00     0.00    90.00
   	   22.00     3.00     0.00    90.00
   8 	 -218.00  1510.35     0.00     0.00     0.00     0.00
   8 	 -218.00  1510.35     0.00     0.00     0.00     0.00
   	   22.00     3.00     0.00    90.00
   	   22.00     3.00     0.00    90.00
   9 	   -0.00  1510.35     0.00     0.00     0.00     0.00
   9 	   -0.00  1510.35     0.00     0.00     0.00     0.00
   	   22.00     3.00     0.00    90.00
   	   22.00     3.00     0.00    90.00
  10 	  218.00  1510.35     0.00     0.00     0.00     0.00
  10 	  218.00  1510.35     0.00     0.00     0.00     0.00
   	   22.00     3.00     0.00    90.00
   	   22.00     3.00     0.00    90.00
  11 	  436.00  1510.35     0.00     0.00     0.00     0.00
  11 	  436.00  1510.35     0.00     0.00     0.00     0.00
   	   22.00     3.00     0.00    90.00
   	   22.00     3.00     0.00    90.00
  12 	  654.00  1510.35     0.00     0.00     0.00     0.00
  12 	  654.00  1510.35     0.00     0.00     0.00     0.00
   	   22.00     3.00     0.00    90.00
   	   22.00     3.00     0.00    90.00
  13 	  872.00  1510.35     0.00     0.00     0.00     0.00
  13 	  872.00  1510.35     0.00     0.00     0.00     0.00
   	   22.00     3.00     0.00    90.00
   	   22.00     3.00     0.00    90.00
  14 	 -109.00  1699.14     0.00     0.00     0.00     0.00
  14 	 -109.00  1699.14     0.00     0.00     0.00     0.00
   	   22.00     3.00     0.00    90.00
   	   22.00     3.00     0.00    90.00
  15 	  109.00  1699.14     0.00     0.00     0.00     0.00
  15 	  109.00  1699.14     0.00     0.00     0.00     0.00
   	   22.00     3.00     0.00    90.00
   	   22.00     3.00     0.00    90.00
  16 	  327.00  1699.14     0.00     0.00     0.00     0.00
  16 	  327.00  1699.14     0.00     0.00     0.00     0.00
   	   22.00     3.00     0.00    90.00
   	   22.00     3.00     0.00    90.00
  17 	  545.00  1699.14     0.00     0.00     0.00     0.00
  17 	  545.00  1699.14     0.00     0.00     0.00     0.00
   	   22.00     3.00     0.00    90.00
   	   22.00     3.00     0.00    90.00
  18 	  763.00  1699.14     0.00     0.00     0.00     0.00
  18 	  763.00  1699.14     0.00     0.00     0.00     0.00
   	   22.00     3.00     0.00    90.00
   	   22.00     3.00     0.00    90.00
  19 	  981.00  1699.14     0.00     0.00     0.00     0.00
  19 	  981.00  1699.14     0.00     0.00     0.00     0.00
   	   22.00     3.00     0.00    90.00
   	   22.00     3.00     0.00    90.00

** End writing output file: ../inputs/gr892.dat 
