*******************************************************************************
                         ARRAY PREPROCESSOR ver. 1.0
*******************************************************************************



   1	GROUP testgroup
   3	 GRID RECTANGULAR
   4	 ELEMENT
   5	 GEOMETRY CIRCULAR 43
   6	 POLARIZATION CIRCULAR
   7	 ADD NODE 2 12 ORIENTATION 14 28 -11
   8	 ADD BLOCK -1 1 -9 0
   9	 ADD NODE -3 3 ORIENTATION -20 14 39
  10	 ADD BLOCK 0 0 -4 4
  12	 GROUP_EXCITATION
  13	 AMPLITUDE UNIFORM 32
  14	 PHASE UNIFORM 84
  15	 END

** Generating GROUP: testgroup.
** PSTEP,QSTEP set to:86.000000,86.000000
** Grid ANGLE set to:90.000000 
** Group ROT_ANGLE set to: 0.000000 

** Writing output file: ../inputs/gr896.dat

NEL 
NPORTS
IDUM      REXA     REYA     REZA     THEA     PHEA     PSEA 
          AMP      PSH      PSC      PHEPOL
  45
  45
   1
   1
   1 	  172.00  1032.00     0.00    14.00    28.00   -11.00
   1 	  172.00  1032.00     0.00    14.00    28.00   -11.00
   	   32.00    84.00     0.00    90.00
   	   32.00    84.00     0.00    90.00
   2 	 -774.00     0.00     0.00     0.00     0.00     0.00
   2 	 -774.00     0.00     0.00     0.00     0.00     0.00
   	   32.00    84.00     0.00    90.00
   	   32.00    84.00     0.00    90.00
   3 	 -688.00     0.00     0.00     0.00     0.00     0.00
   3 	 -688.00     0.00     0.00     0.00     0.00     0.00
   	   32.00    84.00     0.00    90.00
   	   32.00    84.00     0.00    90.00
   4 	 -602.00     0.00     0.00     0.00     0.00     0.00
   4 	 -602.00     0.00     0.00     0.00     0.00     0.00
   	   32.00    84.00     0.00    90.00
   	   32.00    84.00     0.00    90.00
   5 	 -516.00     0.00     0.00     0.00     0.00     0.00
   5 	 -516.00     0.00     0.00     0.00     0.00     0.00
   	   32.00    84.00     0.00    90.00
   	   32.00    84.00     0.00    90.00
   6 	 -430.00     0.00     0.00     0.00     0.00     0.00
   6 	 -430.00     0.00     0.00     0.00     0.00     0.00
   	   32.00    84.00     0.00    90.00
   	   32.00    84.00     0.00    90.00
   7 	 -344.00     0.00     0.00     0.00     0.00     0.00
   7 	 -344.00     0.00     0.00     0.00     0.00     0.00
   	   32.00    84.00     0.00    90.00
   	   32.00    84.00     0.00    90.00
   8 	 -258.00     0.00     0.00     0.00     0.00     0.00
   8 	 -258.00     0.00     0.00     0.00     0.00     0.00
   	   32.00    84.00     0.00    90.00
   	   32.00    84.00     0.00    90.00
   9 	 -172.00     0.00     0.00     0.00     0.00     0.00
   9 	 -172.00     0.00     0.00     0.00     0.00     0.00
   	   32.00    84.00     0.00    90.00
   	   32.00    84.00     0.00    90.00
  10 	  -86.00     0.00     0.00     0.00     0.00     0.00
  10 	  -86.00     0.00     0.00     0.00     0.00     0.00
   	   32.00    84.00     0.00    90.00
   	   32.00    84.00     0.00    90.00
  11 	 -774.00    86.00     0.00     0.00     0.00     0.00
  11 	 -774.00    86.00     0.00     0.00     0.00     0.00
   	   32.00    84.00     0.00    90.00
   	   32.00    84.00     0.00    90.00
  12 	 -688.00    86.00     0.00     0.00     0.00     0.00
  12 	 -688.00    86.00     0.00     0.00     0.00     0.00
   	   32.00    84.00     0.00    90.00
   	   32.00    84.00     0.00    90.00
  13 	 -602.00    86.00     0.00     0.00     0.00     0.00
  13 	 -602.00    86.00     0.00     0.00     0.00     0.00
   	   32.00    84.00     0.00    90.00
   	   32.00    84.00     0.00    90.00
  14 	 -516.00    86.00     0.00     0.00     0.00     0.00
  14 	 -516.00    86.00     0.00     0.00     0.00     0.00
   	   32.00    84.00     0.00    90.00
   	   32.00    84.00     0.00    90.00
  15 	 -430.00    86.00     0.00     0.00     0.00     0.00
  15 	 -430.00    86.00     0.00     0.00     0.00     0.00
   	   32.00    84.00     0.00    90.00
   	   32.00    84.00     0.00    90.00
  16 	 -344.00    86.00     0.00     0.00     0.00     0.00
  16 	 -344.00    86.00     0.00     0.00     0.00     0.00
   	   32.00    84.00     0.00    90.00
   	   32.00    84.00     0.00    90.00
  17 	 -258.00    86.00     0.00     0.00     0.00     0.00
  17 	 -258.00    86.00     0.00     0.00     0.00     0.00
   	   32.00    84.00     0.00    90.00
   	   32.00    84.00     0.00    90.00
  18 	 -172.00    86.00     0.00     0.00     0.00     0.00
  18 	 -172.00    86.00     0.00     0.00     0.00     0.00
   	   32.00    84.00     0.00    90.00
   	   32.00    84.00     0.00    90.00
  19 	  -86.00    86.00     0.00     0.00     0.00     0.00
  19 	  -86.00    86.00     0.00     0.00     0.00     0.00
   	   32.00    84.00     0.00    90.00
   	   32.00    84.00     0.00    90.00
  20 	 -258.00   258.00     0.00   -20.00    14.00    39.00
  20 	 -258.00   258.00     0.00   -20.00    14.00    39.00
   	   32.00    84.00     0.00    90.00
   	   32.00    84.00     0.00    90.00
  21 	 -344.00     0.00     0.00     0.00     0.00     0.00
  21 	 -344.00     0.00     0.00     0.00     0.00     0.00
   	   32.00    84.00     0.00    90.00
   	   32.00    84.00     0.00    90.00
  22 	 -258.00     0.00     0.00     0.00     0.00     0.00
  22 	 -258.00     0.00     0.00     0.00     0.00     0.00
   	   32.00    84.00     0.00    90.00
   	   32.00    84.00     0.00    90.00
  23 	 -172.00     0.00     0.00     0.00     0.00     0.00
  23 	 -172.00     0.00     0.00     0.00     0.00     0.00
   	   32.00    84.00     0.00    90.00
   	   32.00    84.00     0.00    90.00
  24 	  -86.00     0.00     0.00     0.00     0.00     0.00
  24 	  -86.00     0.00     0.00     0.00     0.00     0.00
   	   32.00    84.00     0.00    90.00
   	   32.00    84.00     0.00    90.00
  25 	    0.00     0.00     0.00     0.00     0.00     0.00
  25 	    0.00     0.00     0.00     0.00     0.00     0.00
   	   32.00    84.00     0.00    90.00
   	   32.00    84.00     0.00    90.00
  26 	 -344.00    86.00     0.00     0.00     0.00     0.00
  26 	 -344.00    86.00     0.00     0.00     0.00     0.00
   	   32.00    84.00     0.00    90.00
   	   32.00    84.00     0.00    90.00
  27 	 -258.00    86.00     0.00     0.00     0.00     0.00
  27 	 -258.00    86.00     0.00     0.00     0.00     0.00
   	   32.00    84.00     0.00    90.00
   	   32.00    84.00     0.00    90.00
  28 	 -172.00    86.00     0.00     0.00     0.00     0.00
  28 	 -172.00    86.00     0.00     0.00     0.00     0.00
   	   32.00    84.00     0.00    90.00
   	   32.00    84.00     0.00    90.00
  29 	  -86.00    86.00     0.00     0.00     0.00     0.00
  29 	  -86.00    86.00     0.00     0.00     0.00     0.00
   	   32.00    84.00     0.00    90.00
   	   32.00    84.00     0.00    90.00
  30 	   -0.00    86.00     0.00     0.00     0.00     0.00
  30 	   -0.00    86.00     0.00     0.00     0.00     0.00
   	   32.00    84.00     0.00    90.00
   	   32.00    84.00     0.00    90.00
  31 	 -344.00   172.00     0.00     0.00     0.00     0.00
  31 	 -344.00   172.00     0.00     0.00     0.00     0.00
   	   32.00    84.00     0.00    90.00
   	   32.00    84.00     0.00    90.00
  32 	 -258.00   172.00     0.00     0.00     0.00     0.00
  32 	 -258.00   172.00     0.00     0.00     0.00     0.00
   	   32.00    84.00     0.00    90.00
   	   32.00    84.00     0.00    90.00
  33 	 -172.00   172.00     0.00     0.00     0.00     0.00
  33 	 -172.00   172.00     0.00     0.00     0.00     0.00
   	   32.00    84.00     0.00    90.00
   	   32.00    84.00     0.00    90.00
  34 	  -86.00   172.00     0.00     0.00     0.00     0.00
  34 	  -86.00   172.00     0.00     0.00     0.00     0.00
   	   32.00    84.00     0.00    90.00
   	   32.00    84.00     0.00    90.00
  35 	   -0.00   172.00     0.00     0.00     0.00     0.00
  35 	   -0.00   172.00     0.00     0.00     0.00     0.00
   	   32.00    84.00     0.00    90.00
   	   32.00    84.00     0.00    90.00
  36 	 -344.00   258.00     0.00     0.00     0.00     0.00
  36 	 -344.00   258.00     0.00     0.00     0.00     0.00
   	   32.00    84.00     0.00    90.00
   	   32.00    84.00     0.00    90.00
  37 	 -258.00   258.00     0.00     0.00     0.00     0.00
  37 	 -258.00   258.00     0.00     0.00     0.00     0.00
   	   32.00    84.00     0.00    90.00
   	   32.00    84.00     0.00    90.00
  38 	 -172.00   258.00     0.00     0.00     0.00     0.00
  38 	 -172.00   258.00     0.00     0.00     0.00     0.00
   	   32.00    84.00     0.00    90.00
   	   32.00    84.00     0.00    90.00
  39 	  -86.00   258.00     0.00     0.00     0.00     0.00
  39 	  -86.00   258.00     0.00     0.00     0.00     0.00
   	   32.00    84.00     0.00    90.00
   	   32.00    84.00     0.00    90.00
  40 	   -0.00   258.00     0.00     0.00     0.00     0.00
  40 	   -0.00   258.00     0.00     0.00     0.00     0.00
   	   32.00    84.00     0.00    90.00
   	   32.00    84.00     0.00    90.00
  41 	 -344.00   344.00     0.00     0.00     0.00     0.00
  41 	 -344.00   344.00     0.00     0.00     0.00     0.00
   	   32.00    84.00     0.00    90.00
   	   32.00    84.00     0.00    90.00
  42 	 -258.00   344.00     0.00     0.00     0.00     0.00
  42 	 -258.00   344.00     0.00     0.00     0.00     0.00
   	   32.00    84.00     0.00    90.00
   	   32.00    84.00     0.00    90.00
  43 	 -172.00   344.00     0.00     0.00     0.00     0.00
  43 	 -172.00   344.00     0.00     0.00     0.00     0.00
   	   32.00    84.00     0.00    90.00
   	   32.00    84.00     0.00    90.00
  44 	  -86.00   344.00     0.00     0.00     0.00     0.00
  44 	  -86.00   344.00     0.00     0.00     0.00     0.00
   	   32.00    84.00     0.00    90.00
   	   32.00    84.00     0.00    90.00
  45 	   -0.00   344.00     0.00     0.00     0.00     0.00
  45 	   -0.00   344.00     0.00     0.00     0.00     0.00
   	   32.00    84.00     0.00    90.00
   	   32.00    84.00     0.00    90.00

** End writing output file: ../inputs/gr896.dat 
