*******************************************************************************
                         ARRAY PREPROCESSOR ver. 1.0
*******************************************************************************



   1	GROUP testgroup
   3	 GRID TRIANGULAR PSTEP 73 QSTEP 76
   4	 ELEMENT
   5	 GEOMETRY CIRCULAR 35
   7	 ADD HEXAGON -4 2
   9	 GROUP_EXCITATION
  10	 AMPLITUDE SECOND ORDER 19 16 32 25 32
  11	 PHASE UNIFORM -59
  12	 END

** Generating GROUP: testgroup.
** PSTEP,QSTEP set to:73.000000,76.000000
** Grid ANGLE set to:55.998782 
** Group ROT_ANGLE set to: 0.000000 

** Writing output file: ../inputs/gr899.dat

NEL 
NPORTS
IDUM      REXA     REYA     REZA     THEA     PHEA     PSEA 
          AMP      PSH      PSC      PHEPOL
   7
   7
   1
   1
   1 	 -237.50   189.02     0.00     0.00     0.00     0.00
   1 	 -237.50   189.02     0.00     0.00     0.00     0.00
   	   19.00   -59.00     0.00    90.00
   	   19.00   -59.00     0.00    90.00
   2 	 -164.50   189.02     0.00     0.00     0.00     0.00
   2 	 -164.50   189.02     0.00     0.00     0.00     0.00
   	   32.00   -59.00     0.00    90.00
   	   32.00   -59.00     0.00    90.00
   3 	 -134.00   126.01     0.00     0.00     0.00     0.00
   3 	 -134.00   126.01     0.00     0.00     0.00     0.00
   	   44.52   -59.00     0.00    90.00
   	   44.52   -59.00     0.00    90.00
   4 	 -176.50    63.01     0.00     0.00     0.00     0.00
   4 	 -176.50    63.01     0.00     0.00     0.00     0.00
   	   42.18   -59.00     0.00    90.00
   	   42.18   -59.00     0.00    90.00
   5 	 -249.50    63.01     0.00     0.00     0.00     0.00
   5 	 -249.50    63.01     0.00     0.00     0.00     0.00
   	   30.82   -59.00     0.00    90.00
   	   30.82   -59.00     0.00    90.00
   6 	 -280.00   126.01     0.00     0.00     0.00     0.00
   6 	 -280.00   126.01     0.00     0.00     0.00     0.00
   	   20.16   -59.00     0.00    90.00
   	   20.16   -59.00     0.00    90.00
   7 	 -207.00   126.01     0.00     0.00     0.00     0.00
   7 	 -207.00   126.01     0.00     0.00     0.00     0.00
   	   27.34   -59.00     0.00    90.00
   	   27.34   -59.00     0.00    90.00

** End writing output file: ../inputs/gr899.dat 
