*******************************************************************************
                         ARRAY PREPROCESSOR ver. 1.0
*******************************************************************************



   1	GROUP testgroup
   3	 GRID HEXAGONAL
   4	 ELEMENT
   5	 GEOMETRY CIRCULAR 68
   6	 POLARIZATION CIRCULAR
   7	 ADD NODE 2 1
   8	 ADD NODE -2 0
   9	 ADD BLOCK -2 0 -5 0
  10	 ADD BLOCK 2 3 2 -2
  12	 GROUP_EXCITATION
  13	 AMPLITUDE UNIFORM 18
  14	 PHASE UNIFORM 53
  15	 END

** Generating GROUP: testgroup.
** PSTEP,QSTEP set to:136.000000,136.000000
** Grid ANGLE set to:60.000000 
** Group ROT_ANGLE set to: 0.000000 

** Writing output file: ../inputs/gr902.dat

NEL 
NPORTS
IDUM      REXA     REYA     REZA     THEA     PHEA     PSEA 
          AMP      PSH      PSC      PHEPOL
  12
  12
   1
   1
   1 	  340.00   117.78     0.00     0.00     0.00     0.00
   1 	  340.00   117.78     0.00     0.00     0.00     0.00
   	   18.00    53.00     0.00    90.00
   	   18.00    53.00     0.00    90.00
   2 	 -272.00     0.00     0.00     0.00     0.00     0.00
   2 	 -272.00     0.00     0.00     0.00     0.00     0.00
   	   18.00    53.00     0.00    90.00
   	   18.00    53.00     0.00    90.00
   3 	 -680.00     0.00     0.00     0.00     0.00     0.00
   3 	 -680.00     0.00     0.00     0.00     0.00     0.00
   	   18.00    53.00     0.00    90.00
   	   18.00    53.00     0.00    90.00
   4 	 -544.00     0.00     0.00     0.00     0.00     0.00
   4 	 -544.00     0.00     0.00     0.00     0.00     0.00
   	   18.00    53.00     0.00    90.00
   	   18.00    53.00     0.00    90.00
   5 	 -408.00     0.00     0.00     0.00     0.00     0.00
   5 	 -408.00     0.00     0.00     0.00     0.00     0.00
   	   18.00    53.00     0.00    90.00
   	   18.00    53.00     0.00    90.00
   6 	 -272.00     0.00     0.00     0.00     0.00     0.00
   6 	 -272.00     0.00     0.00     0.00     0.00     0.00
   	   18.00    53.00     0.00    90.00
   	   18.00    53.00     0.00    90.00
   7 	  136.00  -235.56     0.00     0.00     0.00     0.00
   7 	  136.00  -235.56     0.00     0.00     0.00     0.00
   	   18.00    53.00     0.00    90.00
   	   18.00    53.00     0.00    90.00
   8 	  204.00  -117.78     0.00     0.00     0.00     0.00
   8 	  204.00  -117.78     0.00     0.00     0.00     0.00
   	   18.00    53.00     0.00    90.00
   	   18.00    53.00     0.00    90.00
   9 	  272.00     0.00     0.00     0.00     0.00     0.00
   9 	  272.00     0.00     0.00     0.00     0.00     0.00
   	   18.00    53.00     0.00    90.00
   	   18.00    53.00     0.00    90.00
  10 	  340.00   117.78     0.00     0.00     0.00     0.00
  10 	  340.00   117.78     0.00     0.00     0.00     0.00
   	   18.00    53.00     0.00    90.00
   	   18.00    53.00     0.00    90.00
  11 	  408.00   235.56     0.00     0.00     0.00     0.00
  11 	  408.00   235.56     0.00     0.00     0.00     0.00
   	   18.00    53.00     0.00    90.00
   	   18.00    53.00     0.00    90.00
  12 	  476.00   353.34     0.00     0.00     0.00     0.00
  12 	  476.00   353.34     0.00     0.00     0.00     0.00
   	   18.00    53.00     0.00    90.00
   	   18.00    53.00     0.00    90.00

** End writing output file: ../inputs/gr902.dat 
