*******************************************************************************
                         ARRAY PREPROCESSOR ver. 1.0
*******************************************************************************



   1	GROUP testgroup
   3	 GRID RECTANGULAR
   4	 ELEMENT
   5	 GEOMETRY CIRCULAR RADIUS 76
   6	 POLARIZATION CIRCULAR
   7	 ADD BLOCK -2 -2 3 0
   9	 GROUP_EXCITATION
  10	 AMPLITUDE UNIFORM 16
  11	 PHASE UNIFORM -17
  12	 END

** Generating GROUP: testgroup.
** PSTEP,QSTEP set to:152.000000,152.000000
** Grid ANGLE set to:90.000000 
** Group ROT_ANGLE set to: 0.000000 

** Writing output file: ../inputs/gr907.dat

NEL 
NPORTS
IDUM      REXA     REYA     REZA     THEA     PHEA     PSEA 
          AMP      PSH      PSC      PHEPOL
  18
  18
   1
   1
   1 	 -304.00  -304.00     0.00     0.00     0.00     0.00
   1 	 -304.00  -304.00     0.00     0.00     0.00     0.00
   	   16.00   -17.00     0.00    90.00
   	   16.00   -17.00     0.00    90.00
   2 	 -152.00  -304.00     0.00     0.00     0.00     0.00
   2 	 -152.00  -304.00     0.00     0.00     0.00     0.00
   	   16.00   -17.00     0.00    90.00
   	   16.00   -17.00     0.00    90.00
   3 	    0.00  -304.00     0.00     0.00     0.00     0.00
   3 	    0.00  -304.00     0.00     0.00     0.00     0.00
   	   16.00   -17.00     0.00    90.00
   	   16.00   -17.00     0.00    90.00
   4 	  152.00  -304.00     0.00     0.00     0.00     0.00
   4 	  152.00  -304.00     0.00     0.00     0.00     0.00
   	   16.00   -17.00     0.00    90.00
   	   16.00   -17.00     0.00    90.00
   5 	  304.00  -304.00     0.00     0.00     0.00     0.00
   5 	  304.00  -304.00     0.00     0.00     0.00     0.00
   	   16.00   -17.00     0.00    90.00
   	   16.00   -17.00     0.00    90.00
   6 	  456.00  -304.00     0.00     0.00     0.00     0.00
   6 	  456.00  -304.00     0.00     0.00     0.00     0.00
   	   16.00   -17.00     0.00    90.00
   	   16.00   -17.00     0.00    90.00
   7 	 -304.00  -152.00     0.00     0.00     0.00     0.00
   7 	 -304.00  -152.00     0.00     0.00     0.00     0.00
   	   16.00   -17.00     0.00    90.00
   	   16.00   -17.00     0.00    90.00
   8 	 -152.00  -152.00     0.00     0.00     0.00     0.00
   8 	 -152.00  -152.00     0.00     0.00     0.00     0.00
   	   16.00   -17.00     0.00    90.00
   	   16.00   -17.00     0.00    90.00
   9 	    0.00  -152.00     0.00     0.00     0.00     0.00
   9 	    0.00  -152.00     0.00     0.00     0.00     0.00
   	   16.00   -17.00     0.00    90.00
   	   16.00   -17.00     0.00    90.00
  10 	  152.00  -152.00     0.00     0.00     0.00     0.00
  10 	  152.00  -152.00     0.00     0.00     0.00     0.00
   	   16.00   -17.00     0.00    90.00
   	   16.00   -17.00     0.00    90.00
  11 	  304.00  -152.00     0.00     0.00     0.00     0.00
  11 	  304.00  -152.00     0.00     0.00     0.00     0.00
   	   16.00   -17.00     0.00    90.00
   	   16.00   -17.00     0.00    90.00
  12 	  456.00  -152.00     0.00     0.00     0.00     0.00
  12 	  456.00  -152.00     0.00     0.00     0.00     0.00
   	   16.00   -17.00     0.00    90.00
   	   16.00   -17.00     0.00    90.00
  13 	 -304.00     0.00     0.00     0.00     0.00     0.00
  13 	 -304.00     0.00     0.00     0.00     0.00     0.00
   	   16.00   -17.00     0.00    90.00
   	   16.00   -17.00     0.00    90.00
  14 	 -152.00     0.00     0.00     0.00     0.00     0.00
  14 	 -152.00     0.00     0.00     0.00     0.00     0.00
   	   16.00   -17.00     0.00    90.00
   	   16.00   -17.00     0.00    90.00
  15 	    0.00     0.00     0.00     0.00     0.00     0.00
  15 	    0.00     0.00     0.00     0.00     0.00     0.00
   	   16.00   -17.00     0.00    90.00
   	   16.00   -17.00     0.00    90.00
  16 	  152.00     0.00     0.00     0.00     0.00     0.00
  16 	  152.00     0.00     0.00     0.00     0.00     0.00
   	   16.00   -17.00     0.00    90.00
   	   16.00   -17.00     0.00    90.00
  17 	  304.00     0.00     0.00     0.00     0.00     0.00
  17 	  304.00     0.00     0.00     0.00     0.00     0.00
   	   16.00   -17.00     0.00    90.00
   	   16.00   -17.00     0.00    90.00
  18 	  456.00     0.00     0.00     0.00     0.00     0.00
  18 	  456.00     0.00     0.00     0.00     0.00     0.00
   	   16.00   -17.00     0.00    90.00
   	   16.00   -17.00     0.00    90.00

** End writing output file: ../inputs/gr907.dat 
