*******************************************************************************
                         ARRAY PREPROCESSOR ver. 1.0
*******************************************************************************



   1	GROUP testgroup
   3	 GRID HEXAGONAL STEP 56
   4	 ELEMENT
   5	 GEOMETRY CIRCULAR RADIUS 73
   7	 ADD HEXAGON 2 3
   8	 ADD BLOCK 4 -6 -7 -2
   9	 ADD NODE 4 0
  10	 ADD BLOCK -1 -6 2 2
  12	 GROUP_EXCITATION
  13	 AMPLITUDE UNIFORM 21
  14	 PHASE UNIFORM -85
  15	 END

** WARNING B2: GRID step(s) too small for specified element in GROUP: testgroup
** Generating GROUP: testgroup.
** PSTEP,QSTEP set to:56.000000,56.000000
** Grid ANGLE set to:60.000000 
** Group ROT_ANGLE set to: 0.000000 

** Writing output file: ../inputs/gr908.dat

NEL 
NPORTS
IDUM      REXA     REYA     REZA     THEA     PHEA     PSEA 
          AMP      PSH      PSC      PHEPOL
 104
 104
   1
   1
   1 	  168.00   193.99     0.00     0.00     0.00     0.00
   1 	  168.00   193.99     0.00     0.00     0.00     0.00
   	   21.00   -85.00     0.00    90.00
   	   21.00   -85.00     0.00    90.00
   2 	  224.00   193.99     0.00     0.00     0.00     0.00
   2 	  224.00   193.99     0.00     0.00     0.00     0.00
   	   21.00   -85.00     0.00    90.00
   	   21.00   -85.00     0.00    90.00
   3 	  252.00   145.49     0.00     0.00     0.00     0.00
   3 	  252.00   145.49     0.00     0.00     0.00     0.00
   	   21.00   -85.00     0.00    90.00
   	   21.00   -85.00     0.00    90.00
   4 	  224.00    96.99     0.00     0.00     0.00     0.00
   4 	  224.00    96.99     0.00     0.00     0.00     0.00
   	   21.00   -85.00     0.00    90.00
   	   21.00   -85.00     0.00    90.00
   5 	  168.00    96.99     0.00     0.00     0.00     0.00
   5 	  168.00    96.99     0.00     0.00     0.00     0.00
   	   21.00   -85.00     0.00    90.00
   	   21.00   -85.00     0.00    90.00
   6 	  140.00   145.49     0.00     0.00     0.00     0.00
   6 	  140.00   145.49     0.00     0.00     0.00     0.00
   	   21.00   -85.00     0.00    90.00
   	   21.00   -85.00     0.00    90.00
   7 	  196.00   145.49     0.00     0.00     0.00     0.00
   7 	  196.00   145.49     0.00     0.00     0.00     0.00
   	   21.00   -85.00     0.00    90.00
   	   21.00   -85.00     0.00    90.00
   8 	 -560.00  -290.98     0.00     0.00     0.00     0.00
   8 	 -560.00  -290.98     0.00     0.00     0.00     0.00
   	   21.00   -85.00     0.00    90.00
   	   21.00   -85.00     0.00    90.00
   9 	 -504.00  -290.98     0.00     0.00     0.00     0.00
   9 	 -504.00  -290.98     0.00     0.00     0.00     0.00
   	   21.00   -85.00     0.00    90.00
   	   21.00   -85.00     0.00    90.00
  10 	 -448.00  -290.98     0.00     0.00     0.00     0.00
  10 	 -448.00  -290.98     0.00     0.00     0.00     0.00
   	   21.00   -85.00     0.00    90.00
   	   21.00   -85.00     0.00    90.00
  11 	 -392.00  -290.98     0.00     0.00     0.00     0.00
  11 	 -392.00  -290.98     0.00     0.00     0.00     0.00
   	   21.00   -85.00     0.00    90.00
   	   21.00   -85.00     0.00    90.00
  12 	 -336.00  -290.98     0.00     0.00     0.00     0.00
  12 	 -336.00  -290.98     0.00     0.00     0.00     0.00
   	   21.00   -85.00     0.00    90.00
   	   21.00   -85.00     0.00    90.00
  13 	 -280.00  -290.98     0.00     0.00     0.00     0.00
  13 	 -280.00  -290.98     0.00     0.00     0.00     0.00
   	   21.00   -85.00     0.00    90.00
   	   21.00   -85.00     0.00    90.00
  14 	 -224.00  -290.98     0.00     0.00     0.00     0.00
  14 	 -224.00  -290.98     0.00     0.00     0.00     0.00
   	   21.00   -85.00     0.00    90.00
   	   21.00   -85.00     0.00    90.00
  15 	 -168.00  -290.98     0.00     0.00     0.00     0.00
  15 	 -168.00  -290.98     0.00     0.00     0.00     0.00
   	   21.00   -85.00     0.00    90.00
   	   21.00   -85.00     0.00    90.00
  16 	 -112.00  -290.98     0.00     0.00     0.00     0.00
  16 	 -112.00  -290.98     0.00     0.00     0.00     0.00
   	   21.00   -85.00     0.00    90.00
   	   21.00   -85.00     0.00    90.00
  17 	  -56.00  -290.98     0.00     0.00     0.00     0.00
  17 	  -56.00  -290.98     0.00     0.00     0.00     0.00
   	   21.00   -85.00     0.00    90.00
   	   21.00   -85.00     0.00    90.00
  18 	    0.00  -290.98     0.00     0.00     0.00     0.00
  18 	    0.00  -290.98     0.00     0.00     0.00     0.00
   	   21.00   -85.00     0.00    90.00
   	   21.00   -85.00     0.00    90.00
  19 	   56.00  -290.98     0.00     0.00     0.00     0.00
  19 	   56.00  -290.98     0.00     0.00     0.00     0.00
   	   21.00   -85.00     0.00    90.00
   	   21.00   -85.00     0.00    90.00
  20 	 -532.00  -242.49     0.00     0.00     0.00     0.00
  20 	 -532.00  -242.49     0.00     0.00     0.00     0.00
   	   21.00   -85.00     0.00    90.00
   	   21.00   -85.00     0.00    90.00
  21 	 -476.00  -242.49     0.00     0.00     0.00     0.00
  21 	 -476.00  -242.49     0.00     0.00     0.00     0.00
   	   21.00   -85.00     0.00    90.00
   	   21.00   -85.00     0.00    90.00
  22 	 -420.00  -242.49     0.00     0.00     0.00     0.00
  22 	 -420.00  -242.49     0.00     0.00     0.00     0.00
   	   21.00   -85.00     0.00    90.00
   	   21.00   -85.00     0.00    90.00
  23 	 -364.00  -242.49     0.00     0.00     0.00     0.00
  23 	 -364.00  -242.49     0.00     0.00     0.00     0.00
   	   21.00   -85.00     0.00    90.00
   	   21.00   -85.00     0.00    90.00
  24 	 -308.00  -242.49     0.00     0.00     0.00     0.00
  24 	 -308.00  -242.49     0.00     0.00     0.00     0.00
   	   21.00   -85.00     0.00    90.00
   	   21.00   -85.00     0.00    90.00
  25 	 -252.00  -242.49     0.00     0.00     0.00     0.00
  25 	 -252.00  -242.49     0.00     0.00     0.00     0.00
   	   21.00   -85.00     0.00    90.00
   	   21.00   -85.00     0.00    90.00
  26 	 -196.00  -242.49     0.00     0.00     0.00     0.00
  26 	 -196.00  -242.49     0.00     0.00     0.00     0.00
   	   21.00   -85.00     0.00    90.00
   	   21.00   -85.00     0.00    90.00
  27 	 -140.00  -242.49     0.00     0.00     0.00     0.00
  27 	 -140.00  -242.49     0.00     0.00     0.00     0.00
   	   21.00   -85.00     0.00    90.00
   	   21.00   -85.00     0.00    90.00
  28 	  -84.00  -242.49     0.00     0.00     0.00     0.00
  28 	  -84.00  -242.49     0.00     0.00     0.00     0.00
   	   21.00   -85.00     0.00    90.00
   	   21.00   -85.00     0.00    90.00
  29 	  -28.00  -242.49     0.00     0.00     0.00     0.00
  29 	  -28.00  -242.49     0.00     0.00     0.00     0.00
   	   21.00   -85.00     0.00    90.00
   	   21.00   -85.00     0.00    90.00
  30 	   28.00  -242.49     0.00     0.00     0.00     0.00
  30 	   28.00  -242.49     0.00     0.00     0.00     0.00
   	   21.00   -85.00     0.00    90.00
   	   21.00   -85.00     0.00    90.00
  31 	   84.00  -242.49     0.00     0.00     0.00     0.00
  31 	   84.00  -242.49     0.00     0.00     0.00     0.00
   	   21.00   -85.00     0.00    90.00
   	   21.00   -85.00     0.00    90.00
  32 	 -504.00  -193.99     0.00     0.00     0.00     0.00
  32 	 -504.00  -193.99     0.00     0.00     0.00     0.00
   	   21.00   -85.00     0.00    90.00
   	   21.00   -85.00     0.00    90.00
  33 	 -448.00  -193.99     0.00     0.00     0.00     0.00
  33 	 -448.00  -193.99     0.00     0.00     0.00     0.00
   	   21.00   -85.00     0.00    90.00
   	   21.00   -85.00     0.00    90.00
  34 	 -392.00  -193.99     0.00     0.00     0.00     0.00
  34 	 -392.00  -193.99     0.00     0.00     0.00     0.00
   	   21.00   -85.00     0.00    90.00
   	   21.00   -85.00     0.00    90.00
  35 	 -336.00  -193.99     0.00     0.00     0.00     0.00
  35 	 -336.00  -193.99     0.00     0.00     0.00     0.00
   	   21.00   -85.00     0.00    90.00
   	   21.00   -85.00     0.00    90.00
  36 	 -280.00  -193.99     0.00     0.00     0.00     0.00
  36 	 -280.00  -193.99     0.00     0.00     0.00     0.00
   	   21.00   -85.00     0.00    90.00
   	   21.00   -85.00     0.00    90.00
  37 	 -224.00  -193.99     0.00     0.00     0.00     0.00
  37 	 -224.00  -193.99     0.00     0.00     0.00     0.00
   	   21.00   -85.00     0.00    90.00
   	   21.00   -85.00     0.00    90.00
  38 	 -168.00  -193.99     0.00     0.00     0.00     0.00
  38 	 -168.00  -193.99     0.00     0.00     0.00     0.00
   	   21.00   -85.00     0.00    90.00
   	   21.00   -85.00     0.00    90.00
  39 	 -112.00  -193.99     0.00     0.00     0.00     0.00
  39 	 -112.00  -193.99     0.00     0.00     0.00     0.00
   	   21.00   -85.00     0.00    90.00
   	   21.00   -85.00     0.00    90.00
  40 	  -56.00  -193.99     0.00     0.00     0.00     0.00
  40 	  -56.00  -193.99     0.00     0.00     0.00     0.00
   	   21.00   -85.00     0.00    90.00
   	   21.00   -85.00     0.00    90.00
  41 	    0.00  -193.99     0.00     0.00     0.00     0.00
  41 	    0.00  -193.99     0.00     0.00     0.00     0.00
   	   21.00   -85.00     0.00    90.00
   	   21.00   -85.00     0.00    90.00
  42 	   56.00  -193.99     0.00     0.00     0.00     0.00
  42 	   56.00  -193.99     0.00     0.00     0.00     0.00
   	   21.00   -85.00     0.00    90.00
   	   21.00   -85.00     0.00    90.00
  43 	  112.00  -193.99     0.00     0.00     0.00     0.00
  43 	  112.00  -193.99     0.00     0.00     0.00     0.00
   	   21.00   -85.00     0.00    90.00
   	   21.00   -85.00     0.00    90.00
  44 	 -476.00  -145.49     0.00     0.00     0.00     0.00
  44 	 -476.00  -145.49     0.00     0.00     0.00     0.00
   	   21.00   -85.00     0.00    90.00
   	   21.00   -85.00     0.00    90.00
  45 	 -420.00  -145.49     0.00     0.00     0.00     0.00
  45 	 -420.00  -145.49     0.00     0.00     0.00     0.00
   	   21.00   -85.00     0.00    90.00
   	   21.00   -85.00     0.00    90.00
  46 	 -364.00  -145.49     0.00     0.00     0.00     0.00
  46 	 -364.00  -145.49     0.00     0.00     0.00     0.00
   	   21.00   -85.00     0.00    90.00
   	   21.00   -85.00     0.00    90.00
  47 	 -308.00  -145.49     0.00     0.00     0.00     0.00
  47 	 -308.00  -145.49     0.00     0.00     0.00     0.00
   	   21.00   -85.00     0.00    90.00
   	   21.00   -85.00     0.00    90.00
  48 	 -252.00  -145.49     0.00     0.00     0.00     0.00
  48 	 -252.00  -145.49     0.00     0.00     0.00     0.00
   	   21.00   -85.00     0.00    90.00
   	   21.00   -85.00     0.00    90.00
  49 	 -196.00  -145.49     0.00     0.00     0.00     0.00
  49 	 -196.00  -145.49     0.00     0.00     0.00     0.00
   	   21.00   -85.00     0.00    90.00
   	   21.00   -85.00     0.00    90.00
  50 	 -140.00  -145.49     0.00     0.00     0.00     0.00
  50 	 -140.00  -145.49     0.00     0.00     0.00     0.00
   	   21.00   -85.00     0.00    90.00
   	   21.00   -85.00     0.00    90.00
  51 	  -84.00  -145.49     0.00     0.00     0.00     0.00
  51 	  -84.00  -145.49     0.00     0.00     0.00     0.00
   	   21.00   -85.00     0.00    90.00
   	   21.00   -85.00     0.00    90.00
  52 	  -28.00  -145.49     0.00     0.00     0.00     0.00
  52 	  -28.00  -145.49     0.00     0.00     0.00     0.00
   	   21.00   -85.00     0.00    90.00
   	   21.00   -85.00     0.00    90.00
  53 	   28.00  -145.49     0.00     0.00     0.00     0.00
  53 	   28.00  -145.49     0.00     0.00     0.00     0.00
   	   21.00   -85.00     0.00    90.00
   	   21.00   -85.00     0.00    90.00
  54 	   84.00  -145.49     0.00     0.00     0.00     0.00
  54 	   84.00  -145.49     0.00     0.00     0.00     0.00
   	   21.00   -85.00     0.00    90.00
   	   21.00   -85.00     0.00    90.00
  55 	  140.00  -145.49     0.00     0.00     0.00     0.00
  55 	  140.00  -145.49     0.00     0.00     0.00     0.00
   	   21.00   -85.00     0.00    90.00
   	   21.00   -85.00     0.00    90.00
  56 	 -448.00   -96.99     0.00     0.00     0.00     0.00
  56 	 -448.00   -96.99     0.00     0.00     0.00     0.00
   	   21.00   -85.00     0.00    90.00
   	   21.00   -85.00     0.00    90.00
  57 	 -392.00   -96.99     0.00     0.00     0.00     0.00
  57 	 -392.00   -96.99     0.00     0.00     0.00     0.00
   	   21.00   -85.00     0.00    90.00
   	   21.00   -85.00     0.00    90.00
  58 	 -336.00   -96.99     0.00     0.00     0.00     0.00
  58 	 -336.00   -96.99     0.00     0.00     0.00     0.00
   	   21.00   -85.00     0.00    90.00
   	   21.00   -85.00     0.00    90.00
  59 	 -280.00   -96.99     0.00     0.00     0.00     0.00
  59 	 -280.00   -96.99     0.00     0.00     0.00     0.00
   	   21.00   -85.00     0.00    90.00
   	   21.00   -85.00     0.00    90.00
  60 	 -224.00   -96.99     0.00     0.00     0.00     0.00
  60 	 -224.00   -96.99     0.00     0.00     0.00     0.00
   	   21.00   -85.00     0.00    90.00
   	   21.00   -85.00     0.00    90.00
  61 	 -168.00   -96.99     0.00     0.00     0.00     0.00
  61 	 -168.00   -96.99     0.00     0.00     0.00     0.00
   	   21.00   -85.00     0.00    90.00
   	   21.00   -85.00     0.00    90.00
  62 	 -112.00   -96.99     0.00     0.00     0.00     0.00
  62 	 -112.00   -96.99     0.00     0.00     0.00     0.00
   	   21.00   -85.00     0.00    90.00
   	   21.00   -85.00     0.00    90.00
  63 	  -56.00   -96.99     0.00     0.00     0.00     0.00
  63 	  -56.00   -96.99     0.00     0.00     0.00     0.00
   	   21.00   -85.00     0.00    90.00
   	   21.00   -85.00     0.00    90.00
  64 	    0.00   -96.99     0.00     0.00     0.00     0.00
  64 	    0.00   -96.99     0.00     0.00     0.00     0.00
   	   21.00   -85.00     0.00    90.00
   	   21.00   -85.00     0.00    90.00
  65 	   56.00   -96.99     0.00     0.00     0.00     0.00
  65 	   56.00   -96.99     0.00     0.00     0.00     0.00
   	   21.00   -85.00     0.00    90.00
   	   21.00   -85.00     0.00    90.00
  66 	  112.00   -96.99     0.00     0.00     0.00     0.00
  66 	  112.00   -96.99     0.00     0.00     0.00     0.00
   	   21.00   -85.00     0.00    90.00
   	   21.00   -85.00     0.00    90.00
  67 	  168.00   -96.99     0.00     0.00     0.00     0.00
  67 	  168.00   -96.99     0.00     0.00     0.00     0.00
   	   21.00   -85.00     0.00    90.00
   	   21.00   -85.00     0.00    90.00
  68 	  224.00     0.00     0.00     0.00     0.00     0.00
  68 	  224.00     0.00     0.00     0.00     0.00     0.00
   	   21.00   -85.00     0.00    90.00
   	   21.00   -85.00     0.00    90.00
  69 	 -224.00  -290.98     0.00     0.00     0.00     0.00
  69 	 -224.00  -290.98     0.00     0.00     0.00     0.00
   	   21.00   -85.00     0.00    90.00
   	   21.00   -85.00     0.00    90.00
  70 	 -168.00  -290.98     0.00     0.00     0.00     0.00
  70 	 -168.00  -290.98     0.00     0.00     0.00     0.00
   	   21.00   -85.00     0.00    90.00
   	   21.00   -85.00     0.00    90.00
  71 	 -112.00  -290.98     0.00     0.00     0.00     0.00
  71 	 -112.00  -290.98     0.00     0.00     0.00     0.00
   	   21.00   -85.00     0.00    90.00
   	   21.00   -85.00     0.00    90.00
  72 	  -56.00  -290.98     0.00     0.00     0.00     0.00
  72 	  -56.00  -290.98     0.00     0.00     0.00     0.00
   	   21.00   -85.00     0.00    90.00
   	   21.00   -85.00     0.00    90.00
  73 	 -196.00  -242.49     0.00     0.00     0.00     0.00
  73 	 -196.00  -242.49     0.00     0.00     0.00     0.00
   	   21.00   -85.00     0.00    90.00
   	   21.00   -85.00     0.00    90.00
  74 	 -140.00  -242.49     0.00     0.00     0.00     0.00
  74 	 -140.00  -242.49     0.00     0.00     0.00     0.00
   	   21.00   -85.00     0.00    90.00
   	   21.00   -85.00     0.00    90.00
  75 	  -84.00  -242.49     0.00     0.00     0.00     0.00
  75 	  -84.00  -242.49     0.00     0.00     0.00     0.00
   	   21.00   -85.00     0.00    90.00
   	   21.00   -85.00     0.00    90.00
  76 	  -28.00  -242.49     0.00     0.00     0.00     0.00
  76 	  -28.00  -242.49     0.00     0.00     0.00     0.00
   	   21.00   -85.00     0.00    90.00
   	   21.00   -85.00     0.00    90.00
  77 	 -168.00  -193.99     0.00     0.00     0.00     0.00
  77 	 -168.00  -193.99     0.00     0.00     0.00     0.00
   	   21.00   -85.00     0.00    90.00
   	   21.00   -85.00     0.00    90.00
  78 	 -112.00  -193.99     0.00     0.00     0.00     0.00
  78 	 -112.00  -193.99     0.00     0.00     0.00     0.00
   	   21.00   -85.00     0.00    90.00
   	   21.00   -85.00     0.00    90.00
  79 	  -56.00  -193.99     0.00     0.00     0.00     0.00
  79 	  -56.00  -193.99     0.00     0.00     0.00     0.00
   	   21.00   -85.00     0.00    90.00
   	   21.00   -85.00     0.00    90.00
  80 	    0.00  -193.99     0.00     0.00     0.00     0.00
  80 	    0.00  -193.99     0.00     0.00     0.00     0.00
   	   21.00   -85.00     0.00    90.00
   	   21.00   -85.00     0.00    90.00
  81 	 -140.00  -145.49     0.00     0.00     0.00     0.00
  81 	 -140.00  -145.49     0.00     0.00     0.00     0.00
   	   21.00   -85.00     0.00    90.00
   	   21.00   -85.00     0.00    90.00
  82 	  -84.00  -145.49     0.00     0.00     0.00     0.00
  82 	  -84.00  -145.49     0.00     0.00     0.00     0.00
   	   21.00   -85.00     0.00    90.00
   	   21.00   -85.00     0.00    90.00
  83 	  -28.00  -145.49     0.00     0.00     0.00     0.00
  83 	  -28.00  -145.49     0.00     0.00     0.00     0.00
   	   21.00   -85.00     0.00    90.00
   	   21.00   -85.00     0.00    90.00
  84 	   28.00  -145.49     0.00     0.00     0.00     0.00
  84 	   28.00  -145.49     0.00     0.00     0.00     0.00
   	   21.00   -85.00     0.00    90.00
   	   21.00   -85.00     0.00    90.00
  85 	 -112.00   -96.99     0.00     0.00     0.00     0.00
  85 	 -112.00   -96.99     0.00     0.00     0.00     0.00
   	   21.00   -85.00     0.00    90.00
   	   21.00   -85.00     0.00    90.00
  86 	  -56.00   -96.99     0.00     0.00     0.00     0.00
  86 	  -56.00   -96.99     0.00     0.00     0.00     0.00
   	   21.00   -85.00     0.00    90.00
   	   21.00   -85.00     0.00    90.00
  87 	    0.00   -96.99     0.00     0.00     0.00     0.00
  87 	    0.00   -96.99     0.00     0.00     0.00     0.00
   	   21.00   -85.00     0.00    90.00
   	   21.00   -85.00     0.00    90.00
  88 	   56.00   -96.99     0.00     0.00     0.00     0.00
  88 	   56.00   -96.99     0.00     0.00     0.00     0.00
   	   21.00   -85.00     0.00    90.00
   	   21.00   -85.00     0.00    90.00
  89 	  -84.00   -48.50     0.00     0.00     0.00     0.00
  89 	  -84.00   -48.50     0.00     0.00     0.00     0.00
   	   21.00   -85.00     0.00    90.00
   	   21.00   -85.00     0.00    90.00
  90 	  -28.00   -48.50     0.00     0.00     0.00     0.00
  90 	  -28.00   -48.50     0.00     0.00     0.00     0.00
   	   21.00   -85.00     0.00    90.00
   	   21.00   -85.00     0.00    90.00
  91 	   28.00   -48.50     0.00     0.00     0.00     0.00
  91 	   28.00   -48.50     0.00     0.00     0.00     0.00
   	   21.00   -85.00     0.00    90.00
   	   21.00   -85.00     0.00    90.00
  92 	   84.00   -48.50     0.00     0.00     0.00     0.00
  92 	   84.00   -48.50     0.00     0.00     0.00     0.00
   	   21.00   -85.00     0.00    90.00
   	   21.00   -85.00     0.00    90.00
  93 	  -56.00     0.00     0.00     0.00     0.00     0.00
  93 	  -56.00     0.00     0.00     0.00     0.00     0.00
   	   21.00   -85.00     0.00    90.00
   	   21.00   -85.00     0.00    90.00
  94 	    0.00     0.00     0.00     0.00     0.00     0.00
  94 	    0.00     0.00     0.00     0.00     0.00     0.00
   	   21.00   -85.00     0.00    90.00
   	   21.00   -85.00     0.00    90.00
  95 	   56.00     0.00     0.00     0.00     0.00     0.00
  95 	   56.00     0.00     0.00     0.00     0.00     0.00
   	   21.00   -85.00     0.00    90.00
   	   21.00   -85.00     0.00    90.00
  96 	  112.00     0.00     0.00     0.00     0.00     0.00
  96 	  112.00     0.00     0.00     0.00     0.00     0.00
   	   21.00   -85.00     0.00    90.00
   	   21.00   -85.00     0.00    90.00
  97 	  -28.00    48.50     0.00     0.00     0.00     0.00
  97 	  -28.00    48.50     0.00     0.00     0.00     0.00
   	   21.00   -85.00     0.00    90.00
   	   21.00   -85.00     0.00    90.00
  98 	   28.00    48.50     0.00     0.00     0.00     0.00
  98 	   28.00    48.50     0.00     0.00     0.00     0.00
   	   21.00   -85.00     0.00    90.00
   	   21.00   -85.00     0.00    90.00
  99 	   84.00    48.50     0.00     0.00     0.00     0.00
  99 	   84.00    48.50     0.00     0.00     0.00     0.00
   	   21.00   -85.00     0.00    90.00
   	   21.00   -85.00     0.00    90.00
 100 	  140.00    48.50     0.00     0.00     0.00     0.00
 100 	  140.00    48.50     0.00     0.00     0.00     0.00
   	   21.00   -85.00     0.00    90.00
   	   21.00   -85.00     0.00    90.00
 101 	   -0.00    96.99     0.00     0.00     0.00     0.00
 101 	   -0.00    96.99     0.00     0.00     0.00     0.00
   	   21.00   -85.00     0.00    90.00
   	   21.00   -85.00     0.00    90.00
 102 	   56.00    96.99     0.00     0.00     0.00     0.00
 102 	   56.00    96.99     0.00     0.00     0.00     0.00
   	   21.00   -85.00     0.00    90.00
   	   21.00   -85.00     0.00    90.00
 103 	  112.00    96.99     0.00     0.00     0.00     0.00
 103 	  112.00    96.99     0.00     0.00     0.00     0.00
   	   21.00   -85.00     0.00    90.00
   	   21.00   -85.00     0.00    90.00
 104 	  168.00    96.99     0.00     0.00     0.00     0.00
 104 	  168.00    96.99     0.00     0.00     0.00     0.00
   	   21.00   -85.00     0.00    90.00
   	   21.00   -85.00     0.00    90.00

** End writing output file: ../inputs/gr908.dat 
