*******************************************************************************
                         ARRAY PREPROCESSOR ver. 1.0
*******************************************************************************



   1	GROUP testgroup
   3	 GRID RECTANGULAR
   4	 ELEMENT
   5	 GEOMETRY CIRCULAR 76
   7	 ADD BLOCK -6 -3 -2 1
   8	 ADD BLOCK -6 6 -9 -11
   9	 ADD BLOCK 1 1 7 -2
  11	 GROUP_EXCITATION
  12	 AMPLITUDE UNIFORM 38
  13	 PHASE UNIFORM -36
  14	 END

** Generating GROUP: testgroup.
** PSTEP,QSTEP set to:152.000000,152.000000
** Grid ANGLE set to:90.000000 
** Group ROT_ANGLE set to: 0.000000 

** Writing output file: ../inputs/gr911.dat

NEL 
NPORTS
IDUM      REXA     REYA     REZA     THEA     PHEA     PSEA 
          AMP      PSH      PSC      PHEPOL
 125
 125
   1
   1
   1 	 -912.00  -456.00     0.00     0.00     0.00     0.00
   1 	 -912.00  -456.00     0.00     0.00     0.00     0.00
   	   38.00   -36.00     0.00    90.00
   	   38.00   -36.00     0.00    90.00
   2 	 -760.00  -456.00     0.00     0.00     0.00     0.00
   2 	 -760.00  -456.00     0.00     0.00     0.00     0.00
   	   38.00   -36.00     0.00    90.00
   	   38.00   -36.00     0.00    90.00
   3 	 -608.00  -456.00     0.00     0.00     0.00     0.00
   3 	 -608.00  -456.00     0.00     0.00     0.00     0.00
   	   38.00   -36.00     0.00    90.00
   	   38.00   -36.00     0.00    90.00
   4 	 -456.00  -456.00     0.00     0.00     0.00     0.00
   4 	 -456.00  -456.00     0.00     0.00     0.00     0.00
   	   38.00   -36.00     0.00    90.00
   	   38.00   -36.00     0.00    90.00
   5 	 -304.00  -456.00     0.00     0.00     0.00     0.00
   5 	 -304.00  -456.00     0.00     0.00     0.00     0.00
   	   38.00   -36.00     0.00    90.00
   	   38.00   -36.00     0.00    90.00
   6 	 -912.00  -304.00     0.00     0.00     0.00     0.00
   6 	 -912.00  -304.00     0.00     0.00     0.00     0.00
   	   38.00   -36.00     0.00    90.00
   	   38.00   -36.00     0.00    90.00
   7 	 -760.00  -304.00     0.00     0.00     0.00     0.00
   7 	 -760.00  -304.00     0.00     0.00     0.00     0.00
   	   38.00   -36.00     0.00    90.00
   	   38.00   -36.00     0.00    90.00
   8 	 -608.00  -304.00     0.00     0.00     0.00     0.00
   8 	 -608.00  -304.00     0.00     0.00     0.00     0.00
   	   38.00   -36.00     0.00    90.00
   	   38.00   -36.00     0.00    90.00
   9 	 -456.00  -304.00     0.00     0.00     0.00     0.00
   9 	 -456.00  -304.00     0.00     0.00     0.00     0.00
   	   38.00   -36.00     0.00    90.00
   	   38.00   -36.00     0.00    90.00
  10 	 -304.00  -304.00     0.00     0.00     0.00     0.00
  10 	 -304.00  -304.00     0.00     0.00     0.00     0.00
   	   38.00   -36.00     0.00    90.00
   	   38.00   -36.00     0.00    90.00
  11 	 -912.00  -152.00     0.00     0.00     0.00     0.00
  11 	 -912.00  -152.00     0.00     0.00     0.00     0.00
   	   38.00   -36.00     0.00    90.00
   	   38.00   -36.00     0.00    90.00
  12 	 -760.00  -152.00     0.00     0.00     0.00     0.00
  12 	 -760.00  -152.00     0.00     0.00     0.00     0.00
   	   38.00   -36.00     0.00    90.00
   	   38.00   -36.00     0.00    90.00
  13 	 -608.00  -152.00     0.00     0.00     0.00     0.00
  13 	 -608.00  -152.00     0.00     0.00     0.00     0.00
   	   38.00   -36.00     0.00    90.00
   	   38.00   -36.00     0.00    90.00
  14 	 -456.00  -152.00     0.00     0.00     0.00     0.00
  14 	 -456.00  -152.00     0.00     0.00     0.00     0.00
   	   38.00   -36.00     0.00    90.00
   	   38.00   -36.00     0.00    90.00
  15 	 -304.00  -152.00     0.00     0.00     0.00     0.00
  15 	 -304.00  -152.00     0.00     0.00     0.00     0.00
   	   38.00   -36.00     0.00    90.00
   	   38.00   -36.00     0.00    90.00
  16 	 -912.00     0.00     0.00     0.00     0.00     0.00
  16 	 -912.00     0.00     0.00     0.00     0.00     0.00
   	   38.00   -36.00     0.00    90.00
   	   38.00   -36.00     0.00    90.00
  17 	 -760.00     0.00     0.00     0.00     0.00     0.00
  17 	 -760.00     0.00     0.00     0.00     0.00     0.00
   	   38.00   -36.00     0.00    90.00
   	   38.00   -36.00     0.00    90.00
  18 	 -608.00     0.00     0.00     0.00     0.00     0.00
  18 	 -608.00     0.00     0.00     0.00     0.00     0.00
   	   38.00   -36.00     0.00    90.00
   	   38.00   -36.00     0.00    90.00
  19 	 -456.00     0.00     0.00     0.00     0.00     0.00
  19 	 -456.00     0.00     0.00     0.00     0.00     0.00
   	   38.00   -36.00     0.00    90.00
   	   38.00   -36.00     0.00    90.00
  20 	 -304.00     0.00     0.00     0.00     0.00     0.00
  20 	 -304.00     0.00     0.00     0.00     0.00     0.00
   	   38.00   -36.00     0.00    90.00
   	   38.00   -36.00     0.00    90.00
  21 	 -912.00   152.00     0.00     0.00     0.00     0.00
  21 	 -912.00   152.00     0.00     0.00     0.00     0.00
   	   38.00   -36.00     0.00    90.00
   	   38.00   -36.00     0.00    90.00
  22 	 -760.00   152.00     0.00     0.00     0.00     0.00
  22 	 -760.00   152.00     0.00     0.00     0.00     0.00
   	   38.00   -36.00     0.00    90.00
   	   38.00   -36.00     0.00    90.00
  23 	 -608.00   152.00     0.00     0.00     0.00     0.00
  23 	 -608.00   152.00     0.00     0.00     0.00     0.00
   	   38.00   -36.00     0.00    90.00
   	   38.00   -36.00     0.00    90.00
  24 	 -456.00   152.00     0.00     0.00     0.00     0.00
  24 	 -456.00   152.00     0.00     0.00     0.00     0.00
   	   38.00   -36.00     0.00    90.00
   	   38.00   -36.00     0.00    90.00
  25 	 -304.00   152.00     0.00     0.00     0.00     0.00
  25 	 -304.00   152.00     0.00     0.00     0.00     0.00
   	   38.00   -36.00     0.00    90.00
   	   38.00   -36.00     0.00    90.00
  26 	-1368.00 -1672.00     0.00     0.00     0.00     0.00
  26 	-1368.00 -1672.00     0.00     0.00     0.00     0.00
   	   38.00   -36.00     0.00    90.00
   	   38.00   -36.00     0.00    90.00
  27 	-1216.00 -1672.00     0.00     0.00     0.00     0.00
  27 	-1216.00 -1672.00     0.00     0.00     0.00     0.00
   	   38.00   -36.00     0.00    90.00
   	   38.00   -36.00     0.00    90.00
  28 	-1064.00 -1672.00     0.00     0.00     0.00     0.00
  28 	-1064.00 -1672.00     0.00     0.00     0.00     0.00
   	   38.00   -36.00     0.00    90.00
   	   38.00   -36.00     0.00    90.00
  29 	 -912.00 -1672.00     0.00     0.00     0.00     0.00
  29 	 -912.00 -1672.00     0.00     0.00     0.00     0.00
   	   38.00   -36.00     0.00    90.00
   	   38.00   -36.00     0.00    90.00
  30 	-1368.00 -1520.00     0.00     0.00     0.00     0.00
  30 	-1368.00 -1520.00     0.00     0.00     0.00     0.00
   	   38.00   -36.00     0.00    90.00
   	   38.00   -36.00     0.00    90.00
  31 	-1216.00 -1520.00     0.00     0.00     0.00     0.00
  31 	-1216.00 -1520.00     0.00     0.00     0.00     0.00
   	   38.00   -36.00     0.00    90.00
   	   38.00   -36.00     0.00    90.00
  32 	-1064.00 -1520.00     0.00     0.00     0.00     0.00
  32 	-1064.00 -1520.00     0.00     0.00     0.00     0.00
   	   38.00   -36.00     0.00    90.00
   	   38.00   -36.00     0.00    90.00
  33 	 -912.00 -1520.00     0.00     0.00     0.00     0.00
  33 	 -912.00 -1520.00     0.00     0.00     0.00     0.00
   	   38.00   -36.00     0.00    90.00
   	   38.00   -36.00     0.00    90.00
  34 	-1368.00 -1368.00     0.00     0.00     0.00     0.00
  34 	-1368.00 -1368.00     0.00     0.00     0.00     0.00
   	   38.00   -36.00     0.00    90.00
   	   38.00   -36.00     0.00    90.00
  35 	-1216.00 -1368.00     0.00     0.00     0.00     0.00
  35 	-1216.00 -1368.00     0.00     0.00     0.00     0.00
   	   38.00   -36.00     0.00    90.00
   	   38.00   -36.00     0.00    90.00
  36 	-1064.00 -1368.00     0.00     0.00     0.00     0.00
  36 	-1064.00 -1368.00     0.00     0.00     0.00     0.00
   	   38.00   -36.00     0.00    90.00
   	   38.00   -36.00     0.00    90.00
  37 	 -912.00 -1368.00     0.00     0.00     0.00     0.00
  37 	 -912.00 -1368.00     0.00     0.00     0.00     0.00
   	   38.00   -36.00     0.00    90.00
   	   38.00   -36.00     0.00    90.00
  38 	-1368.00 -1216.00     0.00     0.00     0.00     0.00
  38 	-1368.00 -1216.00     0.00     0.00     0.00     0.00
   	   38.00   -36.00     0.00    90.00
   	   38.00   -36.00     0.00    90.00
  39 	-1216.00 -1216.00     0.00     0.00     0.00     0.00
  39 	-1216.00 -1216.00     0.00     0.00     0.00     0.00
   	   38.00   -36.00     0.00    90.00
   	   38.00   -36.00     0.00    90.00
  40 	-1064.00 -1216.00     0.00     0.00     0.00     0.00
  40 	-1064.00 -1216.00     0.00     0.00     0.00     0.00
   	   38.00   -36.00     0.00    90.00
   	   38.00   -36.00     0.00    90.00
  41 	 -912.00 -1216.00     0.00     0.00     0.00     0.00
  41 	 -912.00 -1216.00     0.00     0.00     0.00     0.00
   	   38.00   -36.00     0.00    90.00
   	   38.00   -36.00     0.00    90.00
  42 	-1368.00 -1064.00     0.00     0.00     0.00     0.00
  42 	-1368.00 -1064.00     0.00     0.00     0.00     0.00
   	   38.00   -36.00     0.00    90.00
   	   38.00   -36.00     0.00    90.00
  43 	-1216.00 -1064.00     0.00     0.00     0.00     0.00
  43 	-1216.00 -1064.00     0.00     0.00     0.00     0.00
   	   38.00   -36.00     0.00    90.00
   	   38.00   -36.00     0.00    90.00
  44 	-1064.00 -1064.00     0.00     0.00     0.00     0.00
  44 	-1064.00 -1064.00     0.00     0.00     0.00     0.00
   	   38.00   -36.00     0.00    90.00
   	   38.00   -36.00     0.00    90.00
  45 	 -912.00 -1064.00     0.00     0.00     0.00     0.00
  45 	 -912.00 -1064.00     0.00     0.00     0.00     0.00
   	   38.00   -36.00     0.00    90.00
   	   38.00   -36.00     0.00    90.00
  46 	-1368.00  -912.00     0.00     0.00     0.00     0.00
  46 	-1368.00  -912.00     0.00     0.00     0.00     0.00
   	   38.00   -36.00     0.00    90.00
   	   38.00   -36.00     0.00    90.00
  47 	-1216.00  -912.00     0.00     0.00     0.00     0.00
  47 	-1216.00  -912.00     0.00     0.00     0.00     0.00
   	   38.00   -36.00     0.00    90.00
   	   38.00   -36.00     0.00    90.00
  48 	-1064.00  -912.00     0.00     0.00     0.00     0.00
  48 	-1064.00  -912.00     0.00     0.00     0.00     0.00
   	   38.00   -36.00     0.00    90.00
   	   38.00   -36.00     0.00    90.00
  49 	 -912.00  -912.00     0.00     0.00     0.00     0.00
  49 	 -912.00  -912.00     0.00     0.00     0.00     0.00
   	   38.00   -36.00     0.00    90.00
   	   38.00   -36.00     0.00    90.00
  50 	-1368.00  -760.00     0.00     0.00     0.00     0.00
  50 	-1368.00  -760.00     0.00     0.00     0.00     0.00
   	   38.00   -36.00     0.00    90.00
   	   38.00   -36.00     0.00    90.00
  51 	-1216.00  -760.00     0.00     0.00     0.00     0.00
  51 	-1216.00  -760.00     0.00     0.00     0.00     0.00
   	   38.00   -36.00     0.00    90.00
   	   38.00   -36.00     0.00    90.00
  52 	-1064.00  -760.00     0.00     0.00     0.00     0.00
  52 	-1064.00  -760.00     0.00     0.00     0.00     0.00
   	   38.00   -36.00     0.00    90.00
   	   38.00   -36.00     0.00    90.00
  53 	 -912.00  -760.00     0.00     0.00     0.00     0.00
  53 	 -912.00  -760.00     0.00     0.00     0.00     0.00
   	   38.00   -36.00     0.00    90.00
   	   38.00   -36.00     0.00    90.00
  54 	-1368.00  -608.00     0.00     0.00     0.00     0.00
  54 	-1368.00  -608.00     0.00     0.00     0.00     0.00
   	   38.00   -36.00     0.00    90.00
   	   38.00   -36.00     0.00    90.00
  55 	-1216.00  -608.00     0.00     0.00     0.00     0.00
  55 	-1216.00  -608.00     0.00     0.00     0.00     0.00
   	   38.00   -36.00     0.00    90.00
   	   38.00   -36.00     0.00    90.00
  56 	-1064.00  -608.00     0.00     0.00     0.00     0.00
  56 	-1064.00  -608.00     0.00     0.00     0.00     0.00
   	   38.00   -36.00     0.00    90.00
   	   38.00   -36.00     0.00    90.00
  57 	 -912.00  -608.00     0.00     0.00     0.00     0.00
  57 	 -912.00  -608.00     0.00     0.00     0.00     0.00
   	   38.00   -36.00     0.00    90.00
   	   38.00   -36.00     0.00    90.00
  58 	-1368.00  -456.00     0.00     0.00     0.00     0.00
  58 	-1368.00  -456.00     0.00     0.00     0.00     0.00
   	   38.00   -36.00     0.00    90.00
   	   38.00   -36.00     0.00    90.00
  59 	-1216.00  -456.00     0.00     0.00     0.00     0.00
  59 	-1216.00  -456.00     0.00     0.00     0.00     0.00
   	   38.00   -36.00     0.00    90.00
   	   38.00   -36.00     0.00    90.00
  60 	-1064.00  -456.00     0.00     0.00     0.00     0.00
  60 	-1064.00  -456.00     0.00     0.00     0.00     0.00
   	   38.00   -36.00     0.00    90.00
   	   38.00   -36.00     0.00    90.00
  61 	 -912.00  -456.00     0.00     0.00     0.00     0.00
  61 	 -912.00  -456.00     0.00     0.00     0.00     0.00
   	   38.00   -36.00     0.00    90.00
   	   38.00   -36.00     0.00    90.00
  62 	-1368.00  -304.00     0.00     0.00     0.00     0.00
  62 	-1368.00  -304.00     0.00     0.00     0.00     0.00
   	   38.00   -36.00     0.00    90.00
   	   38.00   -36.00     0.00    90.00
  63 	-1216.00  -304.00     0.00     0.00     0.00     0.00
  63 	-1216.00  -304.00     0.00     0.00     0.00     0.00
   	   38.00   -36.00     0.00    90.00
   	   38.00   -36.00     0.00    90.00
  64 	-1064.00  -304.00     0.00     0.00     0.00     0.00
  64 	-1064.00  -304.00     0.00     0.00     0.00     0.00
   	   38.00   -36.00     0.00    90.00
   	   38.00   -36.00     0.00    90.00
  65 	 -912.00  -304.00     0.00     0.00     0.00     0.00
  65 	 -912.00  -304.00     0.00     0.00     0.00     0.00
   	   38.00   -36.00     0.00    90.00
   	   38.00   -36.00     0.00    90.00
  66 	-1368.00  -152.00     0.00     0.00     0.00     0.00
  66 	-1368.00  -152.00     0.00     0.00     0.00     0.00
   	   38.00   -36.00     0.00    90.00
   	   38.00   -36.00     0.00    90.00
  67 	-1216.00  -152.00     0.00     0.00     0.00     0.00
  67 	-1216.00  -152.00     0.00     0.00     0.00     0.00
   	   38.00   -36.00     0.00    90.00
   	   38.00   -36.00     0.00    90.00
  68 	-1064.00  -152.00     0.00     0.00     0.00     0.00
  68 	-1064.00  -152.00     0.00     0.00     0.00     0.00
   	   38.00   -36.00     0.00    90.00
   	   38.00   -36.00     0.00    90.00
  69 	 -912.00  -152.00     0.00     0.00     0.00     0.00
  69 	 -912.00  -152.00     0.00     0.00     0.00     0.00
   	   38.00   -36.00     0.00    90.00
   	   38.00   -36.00     0.00    90.00
  70 	-1368.00     0.00     0.00     0.00     0.00     0.00
  70 	-1368.00     0.00     0.00     0.00     0.00     0.00
   	   38.00   -36.00     0.00    90.00
   	   38.00   -36.00     0.00    90.00
  71 	-1216.00     0.00     0.00     0.00     0.00     0.00
  71 	-1216.00     0.00     0.00     0.00     0.00     0.00
   	   38.00   -36.00     0.00    90.00
   	   38.00   -36.00     0.00    90.00
  72 	-1064.00     0.00     0.00     0.00     0.00     0.00
  72 	-1064.00     0.00     0.00     0.00     0.00     0.00
   	   38.00   -36.00     0.00    90.00
   	   38.00   -36.00     0.00    90.00
  73 	 -912.00     0.00     0.00     0.00     0.00     0.00
  73 	 -912.00     0.00     0.00     0.00     0.00     0.00
   	   38.00   -36.00     0.00    90.00
   	   38.00   -36.00     0.00    90.00
  74 	-1368.00   152.00     0.00     0.00     0.00     0.00
  74 	-1368.00   152.00     0.00     0.00     0.00     0.00
   	   38.00   -36.00     0.00    90.00
   	   38.00   -36.00     0.00    90.00
  75 	-1216.00   152.00     0.00     0.00     0.00     0.00
  75 	-1216.00   152.00     0.00     0.00     0.00     0.00
   	   38.00   -36.00     0.00    90.00
   	   38.00   -36.00     0.00    90.00
  76 	-1064.00   152.00     0.00     0.00     0.00     0.00
  76 	-1064.00   152.00     0.00     0.00     0.00     0.00
   	   38.00   -36.00     0.00    90.00
   	   38.00   -36.00     0.00    90.00
  77 	 -912.00   152.00     0.00     0.00     0.00     0.00
  77 	 -912.00   152.00     0.00     0.00     0.00     0.00
   	   38.00   -36.00     0.00    90.00
   	   38.00   -36.00     0.00    90.00
  78 	-1368.00   304.00     0.00     0.00     0.00     0.00
  78 	-1368.00   304.00     0.00     0.00     0.00     0.00
   	   38.00   -36.00     0.00    90.00
   	   38.00   -36.00     0.00    90.00
  79 	-1216.00   304.00     0.00     0.00     0.00     0.00
  79 	-1216.00   304.00     0.00     0.00     0.00     0.00
   	   38.00   -36.00     0.00    90.00
   	   38.00   -36.00     0.00    90.00
  80 	-1064.00   304.00     0.00     0.00     0.00     0.00
  80 	-1064.00   304.00     0.00     0.00     0.00     0.00
   	   38.00   -36.00     0.00    90.00
   	   38.00   -36.00     0.00    90.00
  81 	 -912.00   304.00     0.00     0.00     0.00     0.00
  81 	 -912.00   304.00     0.00     0.00     0.00     0.00
   	   38.00   -36.00     0.00    90.00
   	   38.00   -36.00     0.00    90.00
  82 	-1368.00   456.00     0.00     0.00     0.00     0.00
  82 	-1368.00   456.00     0.00     0.00     0.00     0.00
   	   38.00   -36.00     0.00    90.00
   	   38.00   -36.00     0.00    90.00
  83 	-1216.00   456.00     0.00     0.00     0.00     0.00
  83 	-1216.00   456.00     0.00     0.00     0.00     0.00
   	   38.00   -36.00     0.00    90.00
   	   38.00   -36.00     0.00    90.00
  84 	-1064.00   456.00     0.00     0.00     0.00     0.00
  84 	-1064.00   456.00     0.00     0.00     0.00     0.00
   	   38.00   -36.00     0.00    90.00
   	   38.00   -36.00     0.00    90.00
  85 	 -912.00   456.00     0.00     0.00     0.00     0.00
  85 	 -912.00   456.00     0.00     0.00     0.00     0.00
   	   38.00   -36.00     0.00    90.00
   	   38.00   -36.00     0.00    90.00
  86 	-1368.00   608.00     0.00     0.00     0.00     0.00
  86 	-1368.00   608.00     0.00     0.00     0.00     0.00
   	   38.00   -36.00     0.00    90.00
   	   38.00   -36.00     0.00    90.00
  87 	-1216.00   608.00     0.00     0.00     0.00     0.00
  87 	-1216.00   608.00     0.00     0.00     0.00     0.00
   	   38.00   -36.00     0.00    90.00
   	   38.00   -36.00     0.00    90.00
  88 	-1064.00   608.00     0.00     0.00     0.00     0.00
  88 	-1064.00   608.00     0.00     0.00     0.00     0.00
   	   38.00   -36.00     0.00    90.00
   	   38.00   -36.00     0.00    90.00
  89 	 -912.00   608.00     0.00     0.00     0.00     0.00
  89 	 -912.00   608.00     0.00     0.00     0.00     0.00
   	   38.00   -36.00     0.00    90.00
   	   38.00   -36.00     0.00    90.00
  90 	-1368.00   760.00     0.00     0.00     0.00     0.00
  90 	-1368.00   760.00     0.00     0.00     0.00     0.00
   	   38.00   -36.00     0.00    90.00
   	   38.00   -36.00     0.00    90.00
  91 	-1216.00   760.00     0.00     0.00     0.00     0.00
  91 	-1216.00   760.00     0.00     0.00     0.00     0.00
   	   38.00   -36.00     0.00    90.00
   	   38.00   -36.00     0.00    90.00
  92 	-1064.00   760.00     0.00     0.00     0.00     0.00
  92 	-1064.00   760.00     0.00     0.00     0.00     0.00
   	   38.00   -36.00     0.00    90.00
   	   38.00   -36.00     0.00    90.00
  93 	 -912.00   760.00     0.00     0.00     0.00     0.00
  93 	 -912.00   760.00     0.00     0.00     0.00     0.00
   	   38.00   -36.00     0.00    90.00
   	   38.00   -36.00     0.00    90.00
  94 	-1368.00   912.00     0.00     0.00     0.00     0.00
  94 	-1368.00   912.00     0.00     0.00     0.00     0.00
   	   38.00   -36.00     0.00    90.00
   	   38.00   -36.00     0.00    90.00
  95 	-1216.00   912.00     0.00     0.00     0.00     0.00
  95 	-1216.00   912.00     0.00     0.00     0.00     0.00
   	   38.00   -36.00     0.00    90.00
   	   38.00   -36.00     0.00    90.00
  96 	-1064.00   912.00     0.00     0.00     0.00     0.00
  96 	-1064.00   912.00     0.00     0.00     0.00     0.00
   	   38.00   -36.00     0.00    90.00
   	   38.00   -36.00     0.00    90.00
  97 	 -912.00   912.00     0.00     0.00     0.00     0.00
  97 	 -912.00   912.00     0.00     0.00     0.00     0.00
   	   38.00   -36.00     0.00    90.00
   	   38.00   -36.00     0.00    90.00
  98 	  152.00  -304.00     0.00     0.00     0.00     0.00
  98 	  152.00  -304.00     0.00     0.00     0.00     0.00
   	   38.00   -36.00     0.00    90.00
   	   38.00   -36.00     0.00    90.00
  99 	  304.00  -304.00     0.00     0.00     0.00     0.00
  99 	  304.00  -304.00     0.00     0.00     0.00     0.00
   	   38.00   -36.00     0.00    90.00
   	   38.00   -36.00     0.00    90.00
 100 	  456.00  -304.00     0.00     0.00     0.00     0.00
 100 	  456.00  -304.00     0.00     0.00     0.00     0.00
   	   38.00   -36.00     0.00    90.00
   	   38.00   -36.00     0.00    90.00
 101 	  608.00  -304.00     0.00     0.00     0.00     0.00
 101 	  608.00  -304.00     0.00     0.00     0.00     0.00
   	   38.00   -36.00     0.00    90.00
   	   38.00   -36.00     0.00    90.00
 102 	  760.00  -304.00     0.00     0.00     0.00     0.00
 102 	  760.00  -304.00     0.00     0.00     0.00     0.00
   	   38.00   -36.00     0.00    90.00
   	   38.00   -36.00     0.00    90.00
 103 	  912.00  -304.00     0.00     0.00     0.00     0.00
 103 	  912.00  -304.00     0.00     0.00     0.00     0.00
   	   38.00   -36.00     0.00    90.00
   	   38.00   -36.00     0.00    90.00
 104 	 1064.00  -304.00     0.00     0.00     0.00     0.00
 104 	 1064.00  -304.00     0.00     0.00     0.00     0.00
   	   38.00   -36.00     0.00    90.00
   	   38.00   -36.00     0.00    90.00
 105 	  152.00  -152.00     0.00     0.00     0.00     0.00
 105 	  152.00  -152.00     0.00     0.00     0.00     0.00
   	   38.00   -36.00     0.00    90.00
   	   38.00   -36.00     0.00    90.00
 106 	  304.00  -152.00     0.00     0.00     0.00     0.00
 106 	  304.00  -152.00     0.00     0.00     0.00     0.00
   	   38.00   -36.00     0.00    90.00
   	   38.00   -36.00     0.00    90.00
 107 	  456.00  -152.00     0.00     0.00     0.00     0.00
 107 	  456.00  -152.00     0.00     0.00     0.00     0.00
   	   38.00   -36.00     0.00    90.00
   	   38.00   -36.00     0.00    90.00
 108 	  608.00  -152.00     0.00     0.00     0.00     0.00
 108 	  608.00  -152.00     0.00     0.00     0.00     0.00
   	   38.00   -36.00     0.00    90.00
   	   38.00   -36.00     0.00    90.00
 109 	  760.00  -152.00     0.00     0.00     0.00     0.00
 109 	  760.00  -152.00     0.00     0.00     0.00     0.00
   	   38.00   -36.00     0.00    90.00
   	   38.00   -36.00     0.00    90.00
 110 	  912.00  -152.00     0.00     0.00     0.00     0.00
 110 	  912.00  -152.00     0.00     0.00     0.00     0.00
   	   38.00   -36.00     0.00    90.00
   	   38.00   -36.00     0.00    90.00
 111 	 1064.00  -152.00     0.00     0.00     0.00     0.00
 111 	 1064.00  -152.00     0.00     0.00     0.00     0.00
   	   38.00   -36.00     0.00    90.00
   	   38.00   -36.00     0.00    90.00
 112 	  152.00     0.00     0.00     0.00     0.00     0.00
 112 	  152.00     0.00     0.00     0.00     0.00     0.00
   	   38.00   -36.00     0.00    90.00
   	   38.00   -36.00     0.00    90.00
 113 	  304.00     0.00     0.00     0.00     0.00     0.00
 113 	  304.00     0.00     0.00     0.00     0.00     0.00
   	   38.00   -36.00     0.00    90.00
   	   38.00   -36.00     0.00    90.00
 114 	  456.00     0.00     0.00     0.00     0.00     0.00
 114 	  456.00     0.00     0.00     0.00     0.00     0.00
   	   38.00   -36.00     0.00    90.00
   	   38.00   -36.00     0.00    90.00
 115 	  608.00     0.00     0.00     0.00     0.00     0.00
 115 	  608.00     0.00     0.00     0.00     0.00     0.00
   	   38.00   -36.00     0.00    90.00
   	   38.00   -36.00     0.00    90.00
 116 	  760.00     0.00     0.00     0.00     0.00     0.00
 116 	  760.00     0.00     0.00     0.00     0.00     0.00
   	   38.00   -36.00     0.00    90.00
   	   38.00   -36.00     0.00    90.00
 117 	  912.00     0.00     0.00     0.00     0.00     0.00
 117 	  912.00     0.00     0.00     0.00     0.00     0.00
   	   38.00   -36.00     0.00    90.00
   	   38.00   -36.00     0.00    90.00
 118 	 1064.00     0.00     0.00     0.00     0.00     0.00
 118 	 1064.00     0.00     0.00     0.00     0.00     0.00
   	   38.00   -36.00     0.00    90.00
   	   38.00   -36.00     0.00    90.00
 119 	  152.00   152.00     0.00     0.00     0.00     0.00
 119 	  152.00   152.00     0.00     0.00     0.00     0.00
   	   38.00   -36.00     0.00    90.00
   	   38.00   -36.00     0.00    90.00
 120 	  304.00   152.00     0.00     0.00     0.00     0.00
 120 	  304.00   152.00     0.00     0.00     0.00     0.00
   	   38.00   -36.00     0.00    90.00
   	   38.00   -36.00     0.00    90.00
 121 	  456.00   152.00     0.00     0.00     0.00     0.00
 121 	  456.00   152.00     0.00     0.00     0.00     0.00
   	   38.00   -36.00     0.00    90.00
   	   38.00   -36.00     0.00    90.00
 122 	  608.00   152.00     0.00     0.00     0.00     0.00
 122 	  608.00   152.00     0.00     0.00     0.00     0.00
   	   38.00   -36.00     0.00    90.00
   	   38.00   -36.00     0.00    90.00
 123 	  760.00   152.00     0.00     0.00     0.00     0.00
 123 	  760.00   152.00     0.00     0.00     0.00     0.00
   	   38.00   -36.00     0.00    90.00
   	   38.00   -36.00     0.00    90.00
 124 	  912.00   152.00     0.00     0.00     0.00     0.00
 124 	  912.00   152.00     0.00     0.00     0.00     0.00
   	   38.00   -36.00     0.00    90.00
   	   38.00   -36.00     0.00    90.00
 125 	 1064.00   152.00     0.00     0.00     0.00     0.00
 125 	 1064.00   152.00     0.00     0.00     0.00     0.00
   	   38.00   -36.00     0.00    90.00
   	   38.00   -36.00     0.00    90.00

** End writing output file: ../inputs/gr911.dat 
