*******************************************************************************
                         ARRAY PREPROCESSOR ver. 1.0
*******************************************************************************



   1	GROUP testgroup
   3	 GRID HEXAGONAL
   4	 ELEMENT
   5	 GEOMETRY CIRCULAR 112
   7	 ADD HEXAGON 1 5
   8	 ADD BLOCK 1 -3 5 0
   9	 ADD BLOCK 0 -2 11 1
  10	 ADD HEXAGON 7 2
  12	 GROUP_EXCITATION
  13	 AMPLITUDE UNIFORM 22
  14	 PHASE UNIFORM 43
  15	 END

** Generating GROUP: testgroup.
** PSTEP,QSTEP set to:224.000000,224.000000
** Grid ANGLE set to:60.000000 
** Group ROT_ANGLE set to: 0.000000 

** Writing output file: ../inputs/gr916.dat

NEL 
NPORTS
IDUM      REXA     REYA     REZA     THEA     PHEA     PSEA 
          AMP      PSH      PSC      PHEPOL
  82
  82
   1
   1
   1 	  672.00  1163.94     0.00     0.00     0.00     0.00
   1 	  672.00  1163.94     0.00     0.00     0.00     0.00
   	   22.00    43.00     0.00    90.00
   	   22.00    43.00     0.00    90.00
   2 	  896.00  1163.94     0.00     0.00     0.00     0.00
   2 	  896.00  1163.94     0.00     0.00     0.00     0.00
   	   22.00    43.00     0.00    90.00
   	   22.00    43.00     0.00    90.00
   3 	 1008.00   969.95     0.00     0.00     0.00     0.00
   3 	 1008.00   969.95     0.00     0.00     0.00     0.00
   	   22.00    43.00     0.00    90.00
   	   22.00    43.00     0.00    90.00
   4 	  896.00   775.96     0.00     0.00     0.00     0.00
   4 	  896.00   775.96     0.00     0.00     0.00     0.00
   	   22.00    43.00     0.00    90.00
   	   22.00    43.00     0.00    90.00
   5 	  672.00   775.96     0.00     0.00     0.00     0.00
   5 	  672.00   775.96     0.00     0.00     0.00     0.00
   	   22.00    43.00     0.00    90.00
   	   22.00    43.00     0.00    90.00
   6 	  560.00   969.95     0.00     0.00     0.00     0.00
   6 	  560.00   969.95     0.00     0.00     0.00     0.00
   	   22.00    43.00     0.00    90.00
   	   22.00    43.00     0.00    90.00
   7 	  784.00   969.95     0.00     0.00     0.00     0.00
   7 	  784.00   969.95     0.00     0.00     0.00     0.00
   	   22.00    43.00     0.00    90.00
   	   22.00    43.00     0.00    90.00
   8 	 -112.00  -581.97     0.00     0.00     0.00     0.00
   8 	 -112.00  -581.97     0.00     0.00     0.00     0.00
   	   22.00    43.00     0.00    90.00
   	   22.00    43.00     0.00    90.00
   9 	  112.00  -581.97     0.00     0.00     0.00     0.00
   9 	  112.00  -581.97     0.00     0.00     0.00     0.00
   	   22.00    43.00     0.00    90.00
   	   22.00    43.00     0.00    90.00
  10 	  336.00  -581.97     0.00     0.00     0.00     0.00
  10 	  336.00  -581.97     0.00     0.00     0.00     0.00
   	   22.00    43.00     0.00    90.00
   	   22.00    43.00     0.00    90.00
  11 	  560.00  -581.97     0.00     0.00     0.00     0.00
  11 	  560.00  -581.97     0.00     0.00     0.00     0.00
   	   22.00    43.00     0.00    90.00
   	   22.00    43.00     0.00    90.00
  12 	  784.00  -581.97     0.00     0.00     0.00     0.00
  12 	  784.00  -581.97     0.00     0.00     0.00     0.00
   	   22.00    43.00     0.00    90.00
   	   22.00    43.00     0.00    90.00
  13 	    0.00  -387.98     0.00     0.00     0.00     0.00
  13 	    0.00  -387.98     0.00     0.00     0.00     0.00
   	   22.00    43.00     0.00    90.00
   	   22.00    43.00     0.00    90.00
  14 	  224.00  -387.98     0.00     0.00     0.00     0.00
  14 	  224.00  -387.98     0.00     0.00     0.00     0.00
   	   22.00    43.00     0.00    90.00
   	   22.00    43.00     0.00    90.00
  15 	  448.00  -387.98     0.00     0.00     0.00     0.00
  15 	  448.00  -387.98     0.00     0.00     0.00     0.00
   	   22.00    43.00     0.00    90.00
   	   22.00    43.00     0.00    90.00
  16 	  672.00  -387.98     0.00     0.00     0.00     0.00
  16 	  672.00  -387.98     0.00     0.00     0.00     0.00
   	   22.00    43.00     0.00    90.00
   	   22.00    43.00     0.00    90.00
  17 	  896.00  -387.98     0.00     0.00     0.00     0.00
  17 	  896.00  -387.98     0.00     0.00     0.00     0.00
   	   22.00    43.00     0.00    90.00
   	   22.00    43.00     0.00    90.00
  18 	  112.00  -193.99     0.00     0.00     0.00     0.00
  18 	  112.00  -193.99     0.00     0.00     0.00     0.00
   	   22.00    43.00     0.00    90.00
   	   22.00    43.00     0.00    90.00
  19 	  336.00  -193.99     0.00     0.00     0.00     0.00
  19 	  336.00  -193.99     0.00     0.00     0.00     0.00
   	   22.00    43.00     0.00    90.00
   	   22.00    43.00     0.00    90.00
  20 	  560.00  -193.99     0.00     0.00     0.00     0.00
  20 	  560.00  -193.99     0.00     0.00     0.00     0.00
   	   22.00    43.00     0.00    90.00
   	   22.00    43.00     0.00    90.00
  21 	  784.00  -193.99     0.00     0.00     0.00     0.00
  21 	  784.00  -193.99     0.00     0.00     0.00     0.00
   	   22.00    43.00     0.00    90.00
   	   22.00    43.00     0.00    90.00
  22 	 1008.00  -193.99     0.00     0.00     0.00     0.00
  22 	 1008.00  -193.99     0.00     0.00     0.00     0.00
   	   22.00    43.00     0.00    90.00
   	   22.00    43.00     0.00    90.00
  23 	  224.00     0.00     0.00     0.00     0.00     0.00
  23 	  224.00     0.00     0.00     0.00     0.00     0.00
   	   22.00    43.00     0.00    90.00
   	   22.00    43.00     0.00    90.00
  24 	  448.00     0.00     0.00     0.00     0.00     0.00
  24 	  448.00     0.00     0.00     0.00     0.00     0.00
   	   22.00    43.00     0.00    90.00
   	   22.00    43.00     0.00    90.00
  25 	  672.00     0.00     0.00     0.00     0.00     0.00
  25 	  672.00     0.00     0.00     0.00     0.00     0.00
   	   22.00    43.00     0.00    90.00
   	   22.00    43.00     0.00    90.00
  26 	  896.00     0.00     0.00     0.00     0.00     0.00
  26 	  896.00     0.00     0.00     0.00     0.00     0.00
   	   22.00    43.00     0.00    90.00
   	   22.00    43.00     0.00    90.00
  27 	 1120.00     0.00     0.00     0.00     0.00     0.00
  27 	 1120.00     0.00     0.00     0.00     0.00     0.00
   	   22.00    43.00     0.00    90.00
   	   22.00    43.00     0.00    90.00
  28 	 -224.00  -387.98     0.00     0.00     0.00     0.00
  28 	 -224.00  -387.98     0.00     0.00     0.00     0.00
   	   22.00    43.00     0.00    90.00
   	   22.00    43.00     0.00    90.00
  29 	    0.00  -387.98     0.00     0.00     0.00     0.00
  29 	    0.00  -387.98     0.00     0.00     0.00     0.00
   	   22.00    43.00     0.00    90.00
   	   22.00    43.00     0.00    90.00
  30 	  224.00  -387.98     0.00     0.00     0.00     0.00
  30 	  224.00  -387.98     0.00     0.00     0.00     0.00
   	   22.00    43.00     0.00    90.00
   	   22.00    43.00     0.00    90.00
  31 	  448.00  -387.98     0.00     0.00     0.00     0.00
  31 	  448.00  -387.98     0.00     0.00     0.00     0.00
   	   22.00    43.00     0.00    90.00
   	   22.00    43.00     0.00    90.00
  32 	  672.00  -387.98     0.00     0.00     0.00     0.00
  32 	  672.00  -387.98     0.00     0.00     0.00     0.00
   	   22.00    43.00     0.00    90.00
   	   22.00    43.00     0.00    90.00
  33 	  896.00  -387.98     0.00     0.00     0.00     0.00
  33 	  896.00  -387.98     0.00     0.00     0.00     0.00
   	   22.00    43.00     0.00    90.00
   	   22.00    43.00     0.00    90.00
  34 	 1120.00  -387.98     0.00     0.00     0.00     0.00
  34 	 1120.00  -387.98     0.00     0.00     0.00     0.00
   	   22.00    43.00     0.00    90.00
   	   22.00    43.00     0.00    90.00
  35 	 1344.00  -387.98     0.00     0.00     0.00     0.00
  35 	 1344.00  -387.98     0.00     0.00     0.00     0.00
   	   22.00    43.00     0.00    90.00
   	   22.00    43.00     0.00    90.00
  36 	 1568.00  -387.98     0.00     0.00     0.00     0.00
  36 	 1568.00  -387.98     0.00     0.00     0.00     0.00
   	   22.00    43.00     0.00    90.00
   	   22.00    43.00     0.00    90.00
  37 	 1792.00  -387.98     0.00     0.00     0.00     0.00
  37 	 1792.00  -387.98     0.00     0.00     0.00     0.00
   	   22.00    43.00     0.00    90.00
   	   22.00    43.00     0.00    90.00
  38 	 2016.00  -387.98     0.00     0.00     0.00     0.00
  38 	 2016.00  -387.98     0.00     0.00     0.00     0.00
   	   22.00    43.00     0.00    90.00
   	   22.00    43.00     0.00    90.00
  39 	 2240.00  -387.98     0.00     0.00     0.00     0.00
  39 	 2240.00  -387.98     0.00     0.00     0.00     0.00
   	   22.00    43.00     0.00    90.00
   	   22.00    43.00     0.00    90.00
  40 	 -112.00  -193.99     0.00     0.00     0.00     0.00
  40 	 -112.00  -193.99     0.00     0.00     0.00     0.00
   	   22.00    43.00     0.00    90.00
   	   22.00    43.00     0.00    90.00
  41 	  112.00  -193.99     0.00     0.00     0.00     0.00
  41 	  112.00  -193.99     0.00     0.00     0.00     0.00
   	   22.00    43.00     0.00    90.00
   	   22.00    43.00     0.00    90.00
  42 	  336.00  -193.99     0.00     0.00     0.00     0.00
  42 	  336.00  -193.99     0.00     0.00     0.00     0.00
   	   22.00    43.00     0.00    90.00
   	   22.00    43.00     0.00    90.00
  43 	  560.00  -193.99     0.00     0.00     0.00     0.00
  43 	  560.00  -193.99     0.00     0.00     0.00     0.00
   	   22.00    43.00     0.00    90.00
   	   22.00    43.00     0.00    90.00
  44 	  784.00  -193.99     0.00     0.00     0.00     0.00
  44 	  784.00  -193.99     0.00     0.00     0.00     0.00
   	   22.00    43.00     0.00    90.00
   	   22.00    43.00     0.00    90.00
  45 	 1008.00  -193.99     0.00     0.00     0.00     0.00
  45 	 1008.00  -193.99     0.00     0.00     0.00     0.00
   	   22.00    43.00     0.00    90.00
   	   22.00    43.00     0.00    90.00
  46 	 1232.00  -193.99     0.00     0.00     0.00     0.00
  46 	 1232.00  -193.99     0.00     0.00     0.00     0.00
   	   22.00    43.00     0.00    90.00
   	   22.00    43.00     0.00    90.00
  47 	 1456.00  -193.99     0.00     0.00     0.00     0.00
  47 	 1456.00  -193.99     0.00     0.00     0.00     0.00
   	   22.00    43.00     0.00    90.00
   	   22.00    43.00     0.00    90.00
  48 	 1680.00  -193.99     0.00     0.00     0.00     0.00
  48 	 1680.00  -193.99     0.00     0.00     0.00     0.00
   	   22.00    43.00     0.00    90.00
   	   22.00    43.00     0.00    90.00
  49 	 1904.00  -193.99     0.00     0.00     0.00     0.00
  49 	 1904.00  -193.99     0.00     0.00     0.00     0.00
   	   22.00    43.00     0.00    90.00
   	   22.00    43.00     0.00    90.00
  50 	 2128.00  -193.99     0.00     0.00     0.00     0.00
  50 	 2128.00  -193.99     0.00     0.00     0.00     0.00
   	   22.00    43.00     0.00    90.00
   	   22.00    43.00     0.00    90.00
  51 	 2352.00  -193.99     0.00     0.00     0.00     0.00
  51 	 2352.00  -193.99     0.00     0.00     0.00     0.00
   	   22.00    43.00     0.00    90.00
   	   22.00    43.00     0.00    90.00
  52 	    0.00     0.00     0.00     0.00     0.00     0.00
  52 	    0.00     0.00     0.00     0.00     0.00     0.00
   	   22.00    43.00     0.00    90.00
   	   22.00    43.00     0.00    90.00
  53 	  224.00     0.00     0.00     0.00     0.00     0.00
  53 	  224.00     0.00     0.00     0.00     0.00     0.00
   	   22.00    43.00     0.00    90.00
   	   22.00    43.00     0.00    90.00
  54 	  448.00     0.00     0.00     0.00     0.00     0.00
  54 	  448.00     0.00     0.00     0.00     0.00     0.00
   	   22.00    43.00     0.00    90.00
   	   22.00    43.00     0.00    90.00
  55 	  672.00     0.00     0.00     0.00     0.00     0.00
  55 	  672.00     0.00     0.00     0.00     0.00     0.00
   	   22.00    43.00     0.00    90.00
   	   22.00    43.00     0.00    90.00
  56 	  896.00     0.00     0.00     0.00     0.00     0.00
  56 	  896.00     0.00     0.00     0.00     0.00     0.00
   	   22.00    43.00     0.00    90.00
   	   22.00    43.00     0.00    90.00
  57 	 1120.00     0.00     0.00     0.00     0.00     0.00
  57 	 1120.00     0.00     0.00     0.00     0.00     0.00
   	   22.00    43.00     0.00    90.00
   	   22.00    43.00     0.00    90.00
  58 	 1344.00     0.00     0.00     0.00     0.00     0.00
  58 	 1344.00     0.00     0.00     0.00     0.00     0.00
   	   22.00    43.00     0.00    90.00
   	   22.00    43.00     0.00    90.00
  59 	 1568.00     0.00     0.00     0.00     0.00     0.00
  59 	 1568.00     0.00     0.00     0.00     0.00     0.00
   	   22.00    43.00     0.00    90.00
   	   22.00    43.00     0.00    90.00
  60 	 1792.00     0.00     0.00     0.00     0.00     0.00
  60 	 1792.00     0.00     0.00     0.00     0.00     0.00
   	   22.00    43.00     0.00    90.00
   	   22.00    43.00     0.00    90.00
  61 	 2016.00     0.00     0.00     0.00     0.00     0.00
  61 	 2016.00     0.00     0.00     0.00     0.00     0.00
   	   22.00    43.00     0.00    90.00
   	   22.00    43.00     0.00    90.00
  62 	 2240.00     0.00     0.00     0.00     0.00     0.00
  62 	 2240.00     0.00     0.00     0.00     0.00     0.00
   	   22.00    43.00     0.00    90.00
   	   22.00    43.00     0.00    90.00
  63 	 2464.00     0.00     0.00     0.00     0.00     0.00
  63 	 2464.00     0.00     0.00     0.00     0.00     0.00
   	   22.00    43.00     0.00    90.00
   	   22.00    43.00     0.00    90.00
  64 	  112.00   193.99     0.00     0.00     0.00     0.00
  64 	  112.00   193.99     0.00     0.00     0.00     0.00
   	   22.00    43.00     0.00    90.00
   	   22.00    43.00     0.00    90.00
  65 	  336.00   193.99     0.00     0.00     0.00     0.00
  65 	  336.00   193.99     0.00     0.00     0.00     0.00
   	   22.00    43.00     0.00    90.00
   	   22.00    43.00     0.00    90.00
  66 	  560.00   193.99     0.00     0.00     0.00     0.00
  66 	  560.00   193.99     0.00     0.00     0.00     0.00
   	   22.00    43.00     0.00    90.00
   	   22.00    43.00     0.00    90.00
  67 	  784.00   193.99     0.00     0.00     0.00     0.00
  67 	  784.00   193.99     0.00     0.00     0.00     0.00
   	   22.00    43.00     0.00    90.00
   	   22.00    43.00     0.00    90.00
  68 	 1008.00   193.99     0.00     0.00     0.00     0.00
  68 	 1008.00   193.99     0.00     0.00     0.00     0.00
   	   22.00    43.00     0.00    90.00
   	   22.00    43.00     0.00    90.00
  69 	 1232.00   193.99     0.00     0.00     0.00     0.00
  69 	 1232.00   193.99     0.00     0.00     0.00     0.00
   	   22.00    43.00     0.00    90.00
   	   22.00    43.00     0.00    90.00
  70 	 1456.00   193.99     0.00     0.00     0.00     0.00
  70 	 1456.00   193.99     0.00     0.00     0.00     0.00
   	   22.00    43.00     0.00    90.00
   	   22.00    43.00     0.00    90.00
  71 	 1680.00   193.99     0.00     0.00     0.00     0.00
  71 	 1680.00   193.99     0.00     0.00     0.00     0.00
   	   22.00    43.00     0.00    90.00
   	   22.00    43.00     0.00    90.00
  72 	 1904.00   193.99     0.00     0.00     0.00     0.00
  72 	 1904.00   193.99     0.00     0.00     0.00     0.00
   	   22.00    43.00     0.00    90.00
   	   22.00    43.00     0.00    90.00
  73 	 2128.00   193.99     0.00     0.00     0.00     0.00
  73 	 2128.00   193.99     0.00     0.00     0.00     0.00
   	   22.00    43.00     0.00    90.00
   	   22.00    43.00     0.00    90.00
  74 	 2352.00   193.99     0.00     0.00     0.00     0.00
  74 	 2352.00   193.99     0.00     0.00     0.00     0.00
   	   22.00    43.00     0.00    90.00
   	   22.00    43.00     0.00    90.00
  75 	 2576.00   193.99     0.00     0.00     0.00     0.00
  75 	 2576.00   193.99     0.00     0.00     0.00     0.00
   	   22.00    43.00     0.00    90.00
   	   22.00    43.00     0.00    90.00
  76 	 1680.00   581.97     0.00     0.00     0.00     0.00
  76 	 1680.00   581.97     0.00     0.00     0.00     0.00
   	   22.00    43.00     0.00    90.00
   	   22.00    43.00     0.00    90.00
  77 	 1904.00   581.97     0.00     0.00     0.00     0.00
  77 	 1904.00   581.97     0.00     0.00     0.00     0.00
   	   22.00    43.00     0.00    90.00
   	   22.00    43.00     0.00    90.00
  78 	 2016.00   387.98     0.00     0.00     0.00     0.00
  78 	 2016.00   387.98     0.00     0.00     0.00     0.00
   	   22.00    43.00     0.00    90.00
   	   22.00    43.00     0.00    90.00
  79 	 1904.00   193.99     0.00     0.00     0.00     0.00
  79 	 1904.00   193.99     0.00     0.00     0.00     0.00
   	   22.00    43.00     0.00    90.00
   	   22.00    43.00     0.00    90.00
  80 	 1680.00   193.99     0.00     0.00     0.00     0.00
  80 	 1680.00   193.99     0.00     0.00     0.00     0.00
   	   22.00    43.00     0.00    90.00
   	   22.00    43.00     0.00    90.00
  81 	 1568.00   387.98     0.00     0.00     0.00     0.00
  81 	 1568.00   387.98     0.00     0.00     0.00     0.00
   	   22.00    43.00     0.00    90.00
   	   22.00    43.00     0.00    90.00
  82 	 1792.00   387.98     0.00     0.00     0.00     0.00
  82 	 1792.00   387.98     0.00     0.00     0.00     0.00
   	   22.00    43.00     0.00    90.00
   	   22.00    43.00     0.00    90.00

** End writing output file: ../inputs/gr916.dat 
