*******************************************************************************
                         ARRAY PREPROCESSOR ver. 1.0
*******************************************************************************



   1	GROUP testgroup
   3	 GRID RECTANGULAR
   4	 ELEMENT
   5	 GEOMETRY CIRCULAR 47
   6	 POLARIZATION LINEAR
   7	 ADD BLOCK -5 0 -6 3
   9	 GROUP_EXCITATION
  10	 AMPLITUDE UNIFORM 27
  11	 PHASE UNIFORM 136
  12	 END

** Generating GROUP: testgroup.
** PSTEP,QSTEP set to:94.000000,94.000000
** Grid ANGLE set to:90.000000 
** Group ROT_ANGLE set to: 0.000000 

** Writing output file: ../inputs/gr917.dat

NEL 
NPORTS
IDUM      REXA     REYA     REZA     THEA     PHEA     PSEA 
          AMP      PSH      PSC      PHEPOL
   8
   8
   1
   1
   1 	 -564.00     0.00     0.00     0.00     0.00     0.00
   1 	 -564.00     0.00     0.00     0.00     0.00     0.00
   	   27.00   136.00     0.00    90.00
   	   27.00   136.00     0.00    90.00
   2 	 -470.00     0.00     0.00     0.00     0.00     0.00
   2 	 -470.00     0.00     0.00     0.00     0.00     0.00
   	   27.00   136.00     0.00    90.00
   	   27.00   136.00     0.00    90.00
   3 	 -564.00    94.00     0.00     0.00     0.00     0.00
   3 	 -564.00    94.00     0.00     0.00     0.00     0.00
   	   27.00   136.00     0.00    90.00
   	   27.00   136.00     0.00    90.00
   4 	 -470.00    94.00     0.00     0.00     0.00     0.00
   4 	 -470.00    94.00     0.00     0.00     0.00     0.00
   	   27.00   136.00     0.00    90.00
   	   27.00   136.00     0.00    90.00
   5 	 -564.00   188.00     0.00     0.00     0.00     0.00
   5 	 -564.00   188.00     0.00     0.00     0.00     0.00
   	   27.00   136.00     0.00    90.00
   	   27.00   136.00     0.00    90.00
   6 	 -470.00   188.00     0.00     0.00     0.00     0.00
   6 	 -470.00   188.00     0.00     0.00     0.00     0.00
   	   27.00   136.00     0.00    90.00
   	   27.00   136.00     0.00    90.00
   7 	 -564.00   282.00     0.00     0.00     0.00     0.00
   7 	 -564.00   282.00     0.00     0.00     0.00     0.00
   	   27.00   136.00     0.00    90.00
   	   27.00   136.00     0.00    90.00
   8 	 -470.00   282.00     0.00     0.00     0.00     0.00
   8 	 -470.00   282.00     0.00     0.00     0.00     0.00
   	   27.00   136.00     0.00    90.00
   	   27.00   136.00     0.00    90.00

** End writing output file: ../inputs/gr917.dat 
