*******************************************************************************
                         ARRAY PREPROCESSOR ver. 1.0
*******************************************************************************



   1	GROUP testgroup
   3	 GRID RECTANGULAR
   4	 ELEMENT
   5	 GEOMETRY RECTANGULAR 61 88
   8	 ADD BLOCK 12 -2 -3 0
   9	 ADD BLOCK 0 2 3 -1
  10	 ADD BLOCK 0 0 -1 2
  12	 GROUP_EXCITATION
  13	 AMPLITUDE UNIFORM 23
  14	 PHASE UNIFORM 250
  15	 END

** Generating GROUP: testgroup.
** PSTEP,QSTEP set to:61.000000,88.000000
** Grid ANGLE set to:90.000000 
** Group ROT_ANGLE set to: 0.000000 

** Writing output file: ../inputs/gr92.dat

NEL 
NPORTS
IDUM      REXA     REYA     REZA     THEA     PHEA     PSEA 
          AMP      PSH      PSC      PHEPOL
  70
  70
   1
   1
   1 	 -183.00  -176.00     0.00     0.00     0.00     0.00
   1 	 -183.00  -176.00     0.00     0.00     0.00     0.00
   	   23.00   250.00     0.00    90.00
   	   23.00   250.00     0.00    90.00
   2 	 -122.00  -176.00     0.00     0.00     0.00     0.00
   2 	 -122.00  -176.00     0.00     0.00     0.00     0.00
   	   23.00   250.00     0.00    90.00
   	   23.00   250.00     0.00    90.00
   3 	  -61.00  -176.00     0.00     0.00     0.00     0.00
   3 	  -61.00  -176.00     0.00     0.00     0.00     0.00
   	   23.00   250.00     0.00    90.00
   	   23.00   250.00     0.00    90.00
   4 	    0.00  -176.00     0.00     0.00     0.00     0.00
   4 	    0.00  -176.00     0.00     0.00     0.00     0.00
   	   23.00   250.00     0.00    90.00
   	   23.00   250.00     0.00    90.00
   5 	   61.00  -176.00     0.00     0.00     0.00     0.00
   5 	   61.00  -176.00     0.00     0.00     0.00     0.00
   	   23.00   250.00     0.00    90.00
   	   23.00   250.00     0.00    90.00
   6 	  122.00  -176.00     0.00     0.00     0.00     0.00
   6 	  122.00  -176.00     0.00     0.00     0.00     0.00
   	   23.00   250.00     0.00    90.00
   	   23.00   250.00     0.00    90.00
   7 	  183.00  -176.00     0.00     0.00     0.00     0.00
   7 	  183.00  -176.00     0.00     0.00     0.00     0.00
   	   23.00   250.00     0.00    90.00
   	   23.00   250.00     0.00    90.00
   8 	  244.00  -176.00     0.00     0.00     0.00     0.00
   8 	  244.00  -176.00     0.00     0.00     0.00     0.00
   	   23.00   250.00     0.00    90.00
   	   23.00   250.00     0.00    90.00
   9 	  305.00  -176.00     0.00     0.00     0.00     0.00
   9 	  305.00  -176.00     0.00     0.00     0.00     0.00
   	   23.00   250.00     0.00    90.00
   	   23.00   250.00     0.00    90.00
  10 	  366.00  -176.00     0.00     0.00     0.00     0.00
  10 	  366.00  -176.00     0.00     0.00     0.00     0.00
   	   23.00   250.00     0.00    90.00
   	   23.00   250.00     0.00    90.00
  11 	  427.00  -176.00     0.00     0.00     0.00     0.00
  11 	  427.00  -176.00     0.00     0.00     0.00     0.00
   	   23.00   250.00     0.00    90.00
   	   23.00   250.00     0.00    90.00
  12 	  488.00  -176.00     0.00     0.00     0.00     0.00
  12 	  488.00  -176.00     0.00     0.00     0.00     0.00
   	   23.00   250.00     0.00    90.00
   	   23.00   250.00     0.00    90.00
  13 	  549.00  -176.00     0.00     0.00     0.00     0.00
  13 	  549.00  -176.00     0.00     0.00     0.00     0.00
   	   23.00   250.00     0.00    90.00
   	   23.00   250.00     0.00    90.00
  14 	  610.00  -176.00     0.00     0.00     0.00     0.00
  14 	  610.00  -176.00     0.00     0.00     0.00     0.00
   	   23.00   250.00     0.00    90.00
   	   23.00   250.00     0.00    90.00
  15 	  671.00  -176.00     0.00     0.00     0.00     0.00
  15 	  671.00  -176.00     0.00     0.00     0.00     0.00
   	   23.00   250.00     0.00    90.00
   	   23.00   250.00     0.00    90.00
  16 	  732.00  -176.00     0.00     0.00     0.00     0.00
  16 	  732.00  -176.00     0.00     0.00     0.00     0.00
   	   23.00   250.00     0.00    90.00
   	   23.00   250.00     0.00    90.00
  17 	 -183.00   -88.00     0.00     0.00     0.00     0.00
  17 	 -183.00   -88.00     0.00     0.00     0.00     0.00
   	   23.00   250.00     0.00    90.00
   	   23.00   250.00     0.00    90.00
  18 	 -122.00   -88.00     0.00     0.00     0.00     0.00
  18 	 -122.00   -88.00     0.00     0.00     0.00     0.00
   	   23.00   250.00     0.00    90.00
   	   23.00   250.00     0.00    90.00
  19 	  -61.00   -88.00     0.00     0.00     0.00     0.00
  19 	  -61.00   -88.00     0.00     0.00     0.00     0.00
   	   23.00   250.00     0.00    90.00
   	   23.00   250.00     0.00    90.00
  20 	    0.00   -88.00     0.00     0.00     0.00     0.00
  20 	    0.00   -88.00     0.00     0.00     0.00     0.00
   	   23.00   250.00     0.00    90.00
   	   23.00   250.00     0.00    90.00
  21 	   61.00   -88.00     0.00     0.00     0.00     0.00
  21 	   61.00   -88.00     0.00     0.00     0.00     0.00
   	   23.00   250.00     0.00    90.00
   	   23.00   250.00     0.00    90.00
  22 	  122.00   -88.00     0.00     0.00     0.00     0.00
  22 	  122.00   -88.00     0.00     0.00     0.00     0.00
   	   23.00   250.00     0.00    90.00
   	   23.00   250.00     0.00    90.00
  23 	  183.00   -88.00     0.00     0.00     0.00     0.00
  23 	  183.00   -88.00     0.00     0.00     0.00     0.00
   	   23.00   250.00     0.00    90.00
   	   23.00   250.00     0.00    90.00
  24 	  244.00   -88.00     0.00     0.00     0.00     0.00
  24 	  244.00   -88.00     0.00     0.00     0.00     0.00
   	   23.00   250.00     0.00    90.00
   	   23.00   250.00     0.00    90.00
  25 	  305.00   -88.00     0.00     0.00     0.00     0.00
  25 	  305.00   -88.00     0.00     0.00     0.00     0.00
   	   23.00   250.00     0.00    90.00
   	   23.00   250.00     0.00    90.00
  26 	  366.00   -88.00     0.00     0.00     0.00     0.00
  26 	  366.00   -88.00     0.00     0.00     0.00     0.00
   	   23.00   250.00     0.00    90.00
   	   23.00   250.00     0.00    90.00
  27 	  427.00   -88.00     0.00     0.00     0.00     0.00
  27 	  427.00   -88.00     0.00     0.00     0.00     0.00
   	   23.00   250.00     0.00    90.00
   	   23.00   250.00     0.00    90.00
  28 	  488.00   -88.00     0.00     0.00     0.00     0.00
  28 	  488.00   -88.00     0.00     0.00     0.00     0.00
   	   23.00   250.00     0.00    90.00
   	   23.00   250.00     0.00    90.00
  29 	  549.00   -88.00     0.00     0.00     0.00     0.00
  29 	  549.00   -88.00     0.00     0.00     0.00     0.00
   	   23.00   250.00     0.00    90.00
   	   23.00   250.00     0.00    90.00
  30 	  610.00   -88.00     0.00     0.00     0.00     0.00
  30 	  610.00   -88.00     0.00     0.00     0.00     0.00
   	   23.00   250.00     0.00    90.00
   	   23.00   250.00     0.00    90.00
  31 	  671.00   -88.00     0.00     0.00     0.00     0.00
  31 	  671.00   -88.00     0.00     0.00     0.00     0.00
   	   23.00   250.00     0.00    90.00
   	   23.00   250.00     0.00    90.00
  32 	  732.00   -88.00     0.00     0.00     0.00     0.00
  32 	  732.00   -88.00     0.00     0.00     0.00     0.00
   	   23.00   250.00     0.00    90.00
   	   23.00   250.00     0.00    90.00
  33 	 -183.00     0.00     0.00     0.00     0.00     0.00
  33 	 -183.00     0.00     0.00     0.00     0.00     0.00
   	   23.00   250.00     0.00    90.00
   	   23.00   250.00     0.00    90.00
  34 	 -122.00     0.00     0.00     0.00     0.00     0.00
  34 	 -122.00     0.00     0.00     0.00     0.00     0.00
   	   23.00   250.00     0.00    90.00
   	   23.00   250.00     0.00    90.00
  35 	  -61.00     0.00     0.00     0.00     0.00     0.00
  35 	  -61.00     0.00     0.00     0.00     0.00     0.00
   	   23.00   250.00     0.00    90.00
   	   23.00   250.00     0.00    90.00
  36 	    0.00     0.00     0.00     0.00     0.00     0.00
  36 	    0.00     0.00     0.00     0.00     0.00     0.00
   	   23.00   250.00     0.00    90.00
   	   23.00   250.00     0.00    90.00
  37 	   61.00     0.00     0.00     0.00     0.00     0.00
  37 	   61.00     0.00     0.00     0.00     0.00     0.00
   	   23.00   250.00     0.00    90.00
   	   23.00   250.00     0.00    90.00
  38 	  122.00     0.00     0.00     0.00     0.00     0.00
  38 	  122.00     0.00     0.00     0.00     0.00     0.00
   	   23.00   250.00     0.00    90.00
   	   23.00   250.00     0.00    90.00
  39 	  183.00     0.00     0.00     0.00     0.00     0.00
  39 	  183.00     0.00     0.00     0.00     0.00     0.00
   	   23.00   250.00     0.00    90.00
   	   23.00   250.00     0.00    90.00
  40 	  244.00     0.00     0.00     0.00     0.00     0.00
  40 	  244.00     0.00     0.00     0.00     0.00     0.00
   	   23.00   250.00     0.00    90.00
   	   23.00   250.00     0.00    90.00
  41 	  305.00     0.00     0.00     0.00     0.00     0.00
  41 	  305.00     0.00     0.00     0.00     0.00     0.00
   	   23.00   250.00     0.00    90.00
   	   23.00   250.00     0.00    90.00
  42 	  366.00     0.00     0.00     0.00     0.00     0.00
  42 	  366.00     0.00     0.00     0.00     0.00     0.00
   	   23.00   250.00     0.00    90.00
   	   23.00   250.00     0.00    90.00
  43 	  427.00     0.00     0.00     0.00     0.00     0.00
  43 	  427.00     0.00     0.00     0.00     0.00     0.00
   	   23.00   250.00     0.00    90.00
   	   23.00   250.00     0.00    90.00
  44 	  488.00     0.00     0.00     0.00     0.00     0.00
  44 	  488.00     0.00     0.00     0.00     0.00     0.00
   	   23.00   250.00     0.00    90.00
   	   23.00   250.00     0.00    90.00
  45 	  549.00     0.00     0.00     0.00     0.00     0.00
  45 	  549.00     0.00     0.00     0.00     0.00     0.00
   	   23.00   250.00     0.00    90.00
   	   23.00   250.00     0.00    90.00
  46 	  610.00     0.00     0.00     0.00     0.00     0.00
  46 	  610.00     0.00     0.00     0.00     0.00     0.00
   	   23.00   250.00     0.00    90.00
   	   23.00   250.00     0.00    90.00
  47 	  671.00     0.00     0.00     0.00     0.00     0.00
  47 	  671.00     0.00     0.00     0.00     0.00     0.00
   	   23.00   250.00     0.00    90.00
   	   23.00   250.00     0.00    90.00
  48 	  732.00     0.00     0.00     0.00     0.00     0.00
  48 	  732.00     0.00     0.00     0.00     0.00     0.00
   	   23.00   250.00     0.00    90.00
   	   23.00   250.00     0.00    90.00
  49 	    0.00   -88.00     0.00     0.00     0.00     0.00
  49 	    0.00   -88.00     0.00     0.00     0.00     0.00
   	   23.00   250.00     0.00    90.00
   	   23.00   250.00     0.00    90.00
  50 	   61.00   -88.00     0.00     0.00     0.00     0.00
  50 	   61.00   -88.00     0.00     0.00     0.00     0.00
   	   23.00   250.00     0.00    90.00
   	   23.00   250.00     0.00    90.00
  51 	  122.00   -88.00     0.00     0.00     0.00     0.00
  51 	  122.00   -88.00     0.00     0.00     0.00     0.00
   	   23.00   250.00     0.00    90.00
   	   23.00   250.00     0.00    90.00
  52 	  183.00   -88.00     0.00     0.00     0.00     0.00
  52 	  183.00   -88.00     0.00     0.00     0.00     0.00
   	   23.00   250.00     0.00    90.00
   	   23.00   250.00     0.00    90.00
  53 	    0.00     0.00     0.00     0.00     0.00     0.00
  53 	    0.00     0.00     0.00     0.00     0.00     0.00
   	   23.00   250.00     0.00    90.00
   	   23.00   250.00     0.00    90.00
  54 	   61.00     0.00     0.00     0.00     0.00     0.00
  54 	   61.00     0.00     0.00     0.00     0.00     0.00
   	   23.00   250.00     0.00    90.00
   	   23.00   250.00     0.00    90.00
  55 	  122.00     0.00     0.00     0.00     0.00     0.00
  55 	  122.00     0.00     0.00     0.00     0.00     0.00
   	   23.00   250.00     0.00    90.00
   	   23.00   250.00     0.00    90.00
  56 	  183.00     0.00     0.00     0.00     0.00     0.00
  56 	  183.00     0.00     0.00     0.00     0.00     0.00
   	   23.00   250.00     0.00    90.00
   	   23.00   250.00     0.00    90.00
  57 	   -0.00    88.00     0.00     0.00     0.00     0.00
  57 	   -0.00    88.00     0.00     0.00     0.00     0.00
   	   23.00   250.00     0.00    90.00
   	   23.00   250.00     0.00    90.00
  58 	   61.00    88.00     0.00     0.00     0.00     0.00
  58 	   61.00    88.00     0.00     0.00     0.00     0.00
   	   23.00   250.00     0.00    90.00
   	   23.00   250.00     0.00    90.00
  59 	  122.00    88.00     0.00     0.00     0.00     0.00
  59 	  122.00    88.00     0.00     0.00     0.00     0.00
   	   23.00   250.00     0.00    90.00
   	   23.00   250.00     0.00    90.00
  60 	  183.00    88.00     0.00     0.00     0.00     0.00
  60 	  183.00    88.00     0.00     0.00     0.00     0.00
   	   23.00   250.00     0.00    90.00
   	   23.00   250.00     0.00    90.00
  61 	   -0.00   176.00     0.00     0.00     0.00     0.00
  61 	   -0.00   176.00     0.00     0.00     0.00     0.00
   	   23.00   250.00     0.00    90.00
   	   23.00   250.00     0.00    90.00
  62 	   61.00   176.00     0.00     0.00     0.00     0.00
  62 	   61.00   176.00     0.00     0.00     0.00     0.00
   	   23.00   250.00     0.00    90.00
   	   23.00   250.00     0.00    90.00
  63 	  122.00   176.00     0.00     0.00     0.00     0.00
  63 	  122.00   176.00     0.00     0.00     0.00     0.00
   	   23.00   250.00     0.00    90.00
   	   23.00   250.00     0.00    90.00
  64 	  183.00   176.00     0.00     0.00     0.00     0.00
  64 	  183.00   176.00     0.00     0.00     0.00     0.00
   	   23.00   250.00     0.00    90.00
   	   23.00   250.00     0.00    90.00
  65 	  -61.00     0.00     0.00     0.00     0.00     0.00
  65 	  -61.00     0.00     0.00     0.00     0.00     0.00
   	   23.00   250.00     0.00    90.00
   	   23.00   250.00     0.00    90.00
  66 	    0.00     0.00     0.00     0.00     0.00     0.00
  66 	    0.00     0.00     0.00     0.00     0.00     0.00
   	   23.00   250.00     0.00    90.00
   	   23.00   250.00     0.00    90.00
  67 	  -61.00    88.00     0.00     0.00     0.00     0.00
  67 	  -61.00    88.00     0.00     0.00     0.00     0.00
   	   23.00   250.00     0.00    90.00
   	   23.00   250.00     0.00    90.00
  68 	   -0.00    88.00     0.00     0.00     0.00     0.00
  68 	   -0.00    88.00     0.00     0.00     0.00     0.00
   	   23.00   250.00     0.00    90.00
   	   23.00   250.00     0.00    90.00
  69 	  -61.00   176.00     0.00     0.00     0.00     0.00
  69 	  -61.00   176.00     0.00     0.00     0.00     0.00
   	   23.00   250.00     0.00    90.00
   	   23.00   250.00     0.00    90.00
  70 	   -0.00   176.00     0.00     0.00     0.00     0.00
  70 	   -0.00   176.00     0.00     0.00     0.00     0.00
   	   23.00   250.00     0.00    90.00
   	   23.00   250.00     0.00    90.00

** End writing output file: ../inputs/gr92.dat 
