*******************************************************************************
                         ARRAY PREPROCESSOR ver. 1.0
*******************************************************************************



   1	GROUP testgroup
   3	 GRID HEXAGONAL
   4	 ELEMENT
   5	 GEOMETRY CIRCULAR RADIUS 91
   7	 ADD HEXAGON -5 -7
   8	 ADD BLOCK -17 4 -12 4
   9	 ADD HEXAGON 2 -6
  10	 ADD HEXAGON 0 12
  12	 GROUP_EXCITATION
  13	 AMPLITUDE UNIFORM 32
  14	 PHASE UNIFORM -66
  15	 END

** Generating GROUP: testgroup.
** PSTEP,QSTEP set to:182.000000,182.000000
** Grid ANGLE set to:60.000000 
** Group ROT_ANGLE set to: 0.000000 

** Writing output file: ../inputs/gr921.dat

NEL 
NPORTS
IDUM      REXA     REYA     REZA     THEA     PHEA     PSEA 
          AMP      PSH      PSC      PHEPOL
  27
  27
   1
   1
   1 	-1638.00  -945.70     0.00     0.00     0.00     0.00
   1 	-1638.00  -945.70     0.00     0.00     0.00     0.00
   	   32.00   -66.00     0.00    90.00
   	   32.00   -66.00     0.00    90.00
   2 	-1456.00  -945.70     0.00     0.00     0.00     0.00
   2 	-1456.00  -945.70     0.00     0.00     0.00     0.00
   	   32.00   -66.00     0.00    90.00
   	   32.00   -66.00     0.00    90.00
   3 	-1365.00 -1103.32     0.00     0.00     0.00     0.00
   3 	-1365.00 -1103.32     0.00     0.00     0.00     0.00
   	   32.00   -66.00     0.00    90.00
   	   32.00   -66.00     0.00    90.00
   4 	-1456.00 -1260.93     0.00     0.00     0.00     0.00
   4 	-1456.00 -1260.93     0.00     0.00     0.00     0.00
   	   32.00   -66.00     0.00    90.00
   	   32.00   -66.00     0.00    90.00
   5 	-1638.00 -1260.93     0.00     0.00     0.00     0.00
   5 	-1638.00 -1260.93     0.00     0.00     0.00     0.00
   	   32.00   -66.00     0.00    90.00
   	   32.00   -66.00     0.00    90.00
   6 	-1729.00 -1103.32     0.00     0.00     0.00     0.00
   6 	-1729.00 -1103.32     0.00     0.00     0.00     0.00
   	   32.00   -66.00     0.00    90.00
   	   32.00   -66.00     0.00    90.00
   7 	-1547.00 -1103.32     0.00     0.00     0.00     0.00
   7 	-1547.00 -1103.32     0.00     0.00     0.00     0.00
   	   32.00   -66.00     0.00    90.00
   	   32.00   -66.00     0.00    90.00
   8 	-2730.00   630.47     0.00     0.00     0.00     0.00
   8 	-2730.00   630.47     0.00     0.00     0.00     0.00
   	   32.00   -66.00     0.00    90.00
   	   32.00   -66.00     0.00    90.00
   9 	-2548.00   630.47     0.00     0.00     0.00     0.00
   9 	-2548.00   630.47     0.00     0.00     0.00     0.00
   	   32.00   -66.00     0.00    90.00
   	   32.00   -66.00     0.00    90.00
  10 	-2366.00   630.47     0.00     0.00     0.00     0.00
  10 	-2366.00   630.47     0.00     0.00     0.00     0.00
   	   32.00   -66.00     0.00    90.00
   	   32.00   -66.00     0.00    90.00
  11 	-2184.00   630.47     0.00     0.00     0.00     0.00
  11 	-2184.00   630.47     0.00     0.00     0.00     0.00
   	   32.00   -66.00     0.00    90.00
   	   32.00   -66.00     0.00    90.00
  12 	-2002.00   630.47     0.00     0.00     0.00     0.00
  12 	-2002.00   630.47     0.00     0.00     0.00     0.00
   	   32.00   -66.00     0.00    90.00
   	   32.00   -66.00     0.00    90.00
  13 	-1820.00   630.47     0.00     0.00     0.00     0.00
  13 	-1820.00   630.47     0.00     0.00     0.00     0.00
   	   32.00   -66.00     0.00    90.00
   	   32.00   -66.00     0.00    90.00
  14 	 -273.00  -788.08     0.00     0.00     0.00     0.00
  14 	 -273.00  -788.08     0.00     0.00     0.00     0.00
   	   32.00   -66.00     0.00    90.00
   	   32.00   -66.00     0.00    90.00
  15 	  -91.00  -788.08     0.00     0.00     0.00     0.00
  15 	  -91.00  -788.08     0.00     0.00     0.00     0.00
   	   32.00   -66.00     0.00    90.00
   	   32.00   -66.00     0.00    90.00
  16 	    0.00  -945.70     0.00     0.00     0.00     0.00
  16 	    0.00  -945.70     0.00     0.00     0.00     0.00
   	   32.00   -66.00     0.00    90.00
   	   32.00   -66.00     0.00    90.00
  17 	  -91.00 -1103.32     0.00     0.00     0.00     0.00
  17 	  -91.00 -1103.32     0.00     0.00     0.00     0.00
   	   32.00   -66.00     0.00    90.00
   	   32.00   -66.00     0.00    90.00
  18 	 -273.00 -1103.32     0.00     0.00     0.00     0.00
  18 	 -273.00 -1103.32     0.00     0.00     0.00     0.00
   	   32.00   -66.00     0.00    90.00
   	   32.00   -66.00     0.00    90.00
  19 	 -364.00  -945.70     0.00     0.00     0.00     0.00
  19 	 -364.00  -945.70     0.00     0.00     0.00     0.00
   	   32.00   -66.00     0.00    90.00
   	   32.00   -66.00     0.00    90.00
  20 	 -182.00  -945.70     0.00     0.00     0.00     0.00
  20 	 -182.00  -945.70     0.00     0.00     0.00     0.00
   	   32.00   -66.00     0.00    90.00
   	   32.00   -66.00     0.00    90.00
  21 	 1001.00  2049.02     0.00     0.00     0.00     0.00
  21 	 1001.00  2049.02     0.00     0.00     0.00     0.00
   	   32.00   -66.00     0.00    90.00
   	   32.00   -66.00     0.00    90.00
  22 	 1183.00  2049.02     0.00     0.00     0.00     0.00
  22 	 1183.00  2049.02     0.00     0.00     0.00     0.00
   	   32.00   -66.00     0.00    90.00
   	   32.00   -66.00     0.00    90.00
  23 	 1274.00  1891.40     0.00     0.00     0.00     0.00
  23 	 1274.00  1891.40     0.00     0.00     0.00     0.00
   	   32.00   -66.00     0.00    90.00
   	   32.00   -66.00     0.00    90.00
  24 	 1183.00  1733.78     0.00     0.00     0.00     0.00
  24 	 1183.00  1733.78     0.00     0.00     0.00     0.00
   	   32.00   -66.00     0.00    90.00
   	   32.00   -66.00     0.00    90.00
  25 	 1001.00  1733.78     0.00     0.00     0.00     0.00
  25 	 1001.00  1733.78     0.00     0.00     0.00     0.00
   	   32.00   -66.00     0.00    90.00
   	   32.00   -66.00     0.00    90.00
  26 	  910.00  1891.40     0.00     0.00     0.00     0.00
  26 	  910.00  1891.40     0.00     0.00     0.00     0.00
   	   32.00   -66.00     0.00    90.00
   	   32.00   -66.00     0.00    90.00
  27 	 1092.00  1891.40     0.00     0.00     0.00     0.00
  27 	 1092.00  1891.40     0.00     0.00     0.00     0.00
   	   32.00   -66.00     0.00    90.00
   	   32.00   -66.00     0.00    90.00

** End writing output file: ../inputs/gr921.dat 
