*******************************************************************************
                         ARRAY PREPROCESSOR ver. 1.0
*******************************************************************************



   1	GROUP testgroup
   3	 GRID SQUARE STEP 45
   4	 ELEMENT
   5	 GEOMETRY CIRCULAR 72
   7	 ADD BLOCK -5 0 2 -7
   8	 ADD NODE 6 -6
   9	 ADD HEXAGON -3 9
  10	 ADD NODE 2 -2
  12	 GROUP_EXCITATION
  13	 AMPLITUDE UNIFORM 18
  14	 PHASE UNIFORM -14
  15	 END

** WARNING B2: GRID step(s) too small for specified element in GROUP: testgroup
** Generating GROUP: testgroup.
** PSTEP,QSTEP set to:45.000000,45.000000
** Grid ANGLE set to:90.000000 
** Group ROT_ANGLE set to: 0.000000 

** Writing output file: ../inputs/gr93.dat

NEL 
NPORTS
IDUM      REXA     REYA     REZA     THEA     PHEA     PSEA 
          AMP      PSH      PSC      PHEPOL
  73
  73
   1
   1
   1 	 -225.00  -315.00     0.00     0.00     0.00     0.00
   1 	 -225.00  -315.00     0.00     0.00     0.00     0.00
   	   18.00   -14.00     0.00    90.00
   	   18.00   -14.00     0.00    90.00
   2 	 -180.00  -315.00     0.00     0.00     0.00     0.00
   2 	 -180.00  -315.00     0.00     0.00     0.00     0.00
   	   18.00   -14.00     0.00    90.00
   	   18.00   -14.00     0.00    90.00
   3 	 -135.00  -315.00     0.00     0.00     0.00     0.00
   3 	 -135.00  -315.00     0.00     0.00     0.00     0.00
   	   18.00   -14.00     0.00    90.00
   	   18.00   -14.00     0.00    90.00
   4 	  -90.00  -315.00     0.00     0.00     0.00     0.00
   4 	  -90.00  -315.00     0.00     0.00     0.00     0.00
   	   18.00   -14.00     0.00    90.00
   	   18.00   -14.00     0.00    90.00
   5 	  -45.00  -315.00     0.00     0.00     0.00     0.00
   5 	  -45.00  -315.00     0.00     0.00     0.00     0.00
   	   18.00   -14.00     0.00    90.00
   	   18.00   -14.00     0.00    90.00
   6 	    0.00  -315.00     0.00     0.00     0.00     0.00
   6 	    0.00  -315.00     0.00     0.00     0.00     0.00
   	   18.00   -14.00     0.00    90.00
   	   18.00   -14.00     0.00    90.00
   7 	   45.00  -315.00     0.00     0.00     0.00     0.00
   7 	   45.00  -315.00     0.00     0.00     0.00     0.00
   	   18.00   -14.00     0.00    90.00
   	   18.00   -14.00     0.00    90.00
   8 	   90.00  -315.00     0.00     0.00     0.00     0.00
   8 	   90.00  -315.00     0.00     0.00     0.00     0.00
   	   18.00   -14.00     0.00    90.00
   	   18.00   -14.00     0.00    90.00
   9 	 -225.00  -270.00     0.00     0.00     0.00     0.00
   9 	 -225.00  -270.00     0.00     0.00     0.00     0.00
   	   18.00   -14.00     0.00    90.00
   	   18.00   -14.00     0.00    90.00
  10 	 -180.00  -270.00     0.00     0.00     0.00     0.00
  10 	 -180.00  -270.00     0.00     0.00     0.00     0.00
   	   18.00   -14.00     0.00    90.00
   	   18.00   -14.00     0.00    90.00
  11 	 -135.00  -270.00     0.00     0.00     0.00     0.00
  11 	 -135.00  -270.00     0.00     0.00     0.00     0.00
   	   18.00   -14.00     0.00    90.00
   	   18.00   -14.00     0.00    90.00
  12 	  -90.00  -270.00     0.00     0.00     0.00     0.00
  12 	  -90.00  -270.00     0.00     0.00     0.00     0.00
   	   18.00   -14.00     0.00    90.00
   	   18.00   -14.00     0.00    90.00
  13 	  -45.00  -270.00     0.00     0.00     0.00     0.00
  13 	  -45.00  -270.00     0.00     0.00     0.00     0.00
   	   18.00   -14.00     0.00    90.00
   	   18.00   -14.00     0.00    90.00
  14 	    0.00  -270.00     0.00     0.00     0.00     0.00
  14 	    0.00  -270.00     0.00     0.00     0.00     0.00
   	   18.00   -14.00     0.00    90.00
   	   18.00   -14.00     0.00    90.00
  15 	   45.00  -270.00     0.00     0.00     0.00     0.00
  15 	   45.00  -270.00     0.00     0.00     0.00     0.00
   	   18.00   -14.00     0.00    90.00
   	   18.00   -14.00     0.00    90.00
  16 	   90.00  -270.00     0.00     0.00     0.00     0.00
  16 	   90.00  -270.00     0.00     0.00     0.00     0.00
   	   18.00   -14.00     0.00    90.00
   	   18.00   -14.00     0.00    90.00
  17 	 -225.00  -225.00     0.00     0.00     0.00     0.00
  17 	 -225.00  -225.00     0.00     0.00     0.00     0.00
   	   18.00   -14.00     0.00    90.00
   	   18.00   -14.00     0.00    90.00
  18 	 -180.00  -225.00     0.00     0.00     0.00     0.00
  18 	 -180.00  -225.00     0.00     0.00     0.00     0.00
   	   18.00   -14.00     0.00    90.00
   	   18.00   -14.00     0.00    90.00
  19 	 -135.00  -225.00     0.00     0.00     0.00     0.00
  19 	 -135.00  -225.00     0.00     0.00     0.00     0.00
   	   18.00   -14.00     0.00    90.00
   	   18.00   -14.00     0.00    90.00
  20 	  -90.00  -225.00     0.00     0.00     0.00     0.00
  20 	  -90.00  -225.00     0.00     0.00     0.00     0.00
   	   18.00   -14.00     0.00    90.00
   	   18.00   -14.00     0.00    90.00
  21 	  -45.00  -225.00     0.00     0.00     0.00     0.00
  21 	  -45.00  -225.00     0.00     0.00     0.00     0.00
   	   18.00   -14.00     0.00    90.00
   	   18.00   -14.00     0.00    90.00
  22 	    0.00  -225.00     0.00     0.00     0.00     0.00
  22 	    0.00  -225.00     0.00     0.00     0.00     0.00
   	   18.00   -14.00     0.00    90.00
   	   18.00   -14.00     0.00    90.00
  23 	   45.00  -225.00     0.00     0.00     0.00     0.00
  23 	   45.00  -225.00     0.00     0.00     0.00     0.00
   	   18.00   -14.00     0.00    90.00
   	   18.00   -14.00     0.00    90.00
  24 	   90.00  -225.00     0.00     0.00     0.00     0.00
  24 	   90.00  -225.00     0.00     0.00     0.00     0.00
   	   18.00   -14.00     0.00    90.00
   	   18.00   -14.00     0.00    90.00
  25 	 -225.00  -180.00     0.00     0.00     0.00     0.00
  25 	 -225.00  -180.00     0.00     0.00     0.00     0.00
   	   18.00   -14.00     0.00    90.00
   	   18.00   -14.00     0.00    90.00
  26 	 -180.00  -180.00     0.00     0.00     0.00     0.00
  26 	 -180.00  -180.00     0.00     0.00     0.00     0.00
   	   18.00   -14.00     0.00    90.00
   	   18.00   -14.00     0.00    90.00
  27 	 -135.00  -180.00     0.00     0.00     0.00     0.00
  27 	 -135.00  -180.00     0.00     0.00     0.00     0.00
   	   18.00   -14.00     0.00    90.00
   	   18.00   -14.00     0.00    90.00
  28 	  -90.00  -180.00     0.00     0.00     0.00     0.00
  28 	  -90.00  -180.00     0.00     0.00     0.00     0.00
   	   18.00   -14.00     0.00    90.00
   	   18.00   -14.00     0.00    90.00
  29 	  -45.00  -180.00     0.00     0.00     0.00     0.00
  29 	  -45.00  -180.00     0.00     0.00     0.00     0.00
   	   18.00   -14.00     0.00    90.00
   	   18.00   -14.00     0.00    90.00
  30 	    0.00  -180.00     0.00     0.00     0.00     0.00
  30 	    0.00  -180.00     0.00     0.00     0.00     0.00
   	   18.00   -14.00     0.00    90.00
   	   18.00   -14.00     0.00    90.00
  31 	   45.00  -180.00     0.00     0.00     0.00     0.00
  31 	   45.00  -180.00     0.00     0.00     0.00     0.00
   	   18.00   -14.00     0.00    90.00
   	   18.00   -14.00     0.00    90.00
  32 	   90.00  -180.00     0.00     0.00     0.00     0.00
  32 	   90.00  -180.00     0.00     0.00     0.00     0.00
   	   18.00   -14.00     0.00    90.00
   	   18.00   -14.00     0.00    90.00
  33 	 -225.00  -135.00     0.00     0.00     0.00     0.00
  33 	 -225.00  -135.00     0.00     0.00     0.00     0.00
   	   18.00   -14.00     0.00    90.00
   	   18.00   -14.00     0.00    90.00
  34 	 -180.00  -135.00     0.00     0.00     0.00     0.00
  34 	 -180.00  -135.00     0.00     0.00     0.00     0.00
   	   18.00   -14.00     0.00    90.00
   	   18.00   -14.00     0.00    90.00
  35 	 -135.00  -135.00     0.00     0.00     0.00     0.00
  35 	 -135.00  -135.00     0.00     0.00     0.00     0.00
   	   18.00   -14.00     0.00    90.00
   	   18.00   -14.00     0.00    90.00
  36 	  -90.00  -135.00     0.00     0.00     0.00     0.00
  36 	  -90.00  -135.00     0.00     0.00     0.00     0.00
   	   18.00   -14.00     0.00    90.00
   	   18.00   -14.00     0.00    90.00
  37 	  -45.00  -135.00     0.00     0.00     0.00     0.00
  37 	  -45.00  -135.00     0.00     0.00     0.00     0.00
   	   18.00   -14.00     0.00    90.00
   	   18.00   -14.00     0.00    90.00
  38 	    0.00  -135.00     0.00     0.00     0.00     0.00
  38 	    0.00  -135.00     0.00     0.00     0.00     0.00
   	   18.00   -14.00     0.00    90.00
   	   18.00   -14.00     0.00    90.00
  39 	   45.00  -135.00     0.00     0.00     0.00     0.00
  39 	   45.00  -135.00     0.00     0.00     0.00     0.00
   	   18.00   -14.00     0.00    90.00
   	   18.00   -14.00     0.00    90.00
  40 	   90.00  -135.00     0.00     0.00     0.00     0.00
  40 	   90.00  -135.00     0.00     0.00     0.00     0.00
   	   18.00   -14.00     0.00    90.00
   	   18.00   -14.00     0.00    90.00
  41 	 -225.00   -90.00     0.00     0.00     0.00     0.00
  41 	 -225.00   -90.00     0.00     0.00     0.00     0.00
   	   18.00   -14.00     0.00    90.00
   	   18.00   -14.00     0.00    90.00
  42 	 -180.00   -90.00     0.00     0.00     0.00     0.00
  42 	 -180.00   -90.00     0.00     0.00     0.00     0.00
   	   18.00   -14.00     0.00    90.00
   	   18.00   -14.00     0.00    90.00
  43 	 -135.00   -90.00     0.00     0.00     0.00     0.00
  43 	 -135.00   -90.00     0.00     0.00     0.00     0.00
   	   18.00   -14.00     0.00    90.00
   	   18.00   -14.00     0.00    90.00
  44 	  -90.00   -90.00     0.00     0.00     0.00     0.00
  44 	  -90.00   -90.00     0.00     0.00     0.00     0.00
   	   18.00   -14.00     0.00    90.00
   	   18.00   -14.00     0.00    90.00
  45 	  -45.00   -90.00     0.00     0.00     0.00     0.00
  45 	  -45.00   -90.00     0.00     0.00     0.00     0.00
   	   18.00   -14.00     0.00    90.00
   	   18.00   -14.00     0.00    90.00
  46 	    0.00   -90.00     0.00     0.00     0.00     0.00
  46 	    0.00   -90.00     0.00     0.00     0.00     0.00
   	   18.00   -14.00     0.00    90.00
   	   18.00   -14.00     0.00    90.00
  47 	   45.00   -90.00     0.00     0.00     0.00     0.00
  47 	   45.00   -90.00     0.00     0.00     0.00     0.00
   	   18.00   -14.00     0.00    90.00
   	   18.00   -14.00     0.00    90.00
  48 	   90.00   -90.00     0.00     0.00     0.00     0.00
  48 	   90.00   -90.00     0.00     0.00     0.00     0.00
   	   18.00   -14.00     0.00    90.00
   	   18.00   -14.00     0.00    90.00
  49 	 -225.00   -45.00     0.00     0.00     0.00     0.00
  49 	 -225.00   -45.00     0.00     0.00     0.00     0.00
   	   18.00   -14.00     0.00    90.00
   	   18.00   -14.00     0.00    90.00
  50 	 -180.00   -45.00     0.00     0.00     0.00     0.00
  50 	 -180.00   -45.00     0.00     0.00     0.00     0.00
   	   18.00   -14.00     0.00    90.00
   	   18.00   -14.00     0.00    90.00
  51 	 -135.00   -45.00     0.00     0.00     0.00     0.00
  51 	 -135.00   -45.00     0.00     0.00     0.00     0.00
   	   18.00   -14.00     0.00    90.00
   	   18.00   -14.00     0.00    90.00
  52 	  -90.00   -45.00     0.00     0.00     0.00     0.00
  52 	  -90.00   -45.00     0.00     0.00     0.00     0.00
   	   18.00   -14.00     0.00    90.00
   	   18.00   -14.00     0.00    90.00
  53 	  -45.00   -45.00     0.00     0.00     0.00     0.00
  53 	  -45.00   -45.00     0.00     0.00     0.00     0.00
   	   18.00   -14.00     0.00    90.00
   	   18.00   -14.00     0.00    90.00
  54 	    0.00   -45.00     0.00     0.00     0.00     0.00
  54 	    0.00   -45.00     0.00     0.00     0.00     0.00
   	   18.00   -14.00     0.00    90.00
   	   18.00   -14.00     0.00    90.00
  55 	   45.00   -45.00     0.00     0.00     0.00     0.00
  55 	   45.00   -45.00     0.00     0.00     0.00     0.00
   	   18.00   -14.00     0.00    90.00
   	   18.00   -14.00     0.00    90.00
  56 	   90.00   -45.00     0.00     0.00     0.00     0.00
  56 	   90.00   -45.00     0.00     0.00     0.00     0.00
   	   18.00   -14.00     0.00    90.00
   	   18.00   -14.00     0.00    90.00
  57 	 -225.00     0.00     0.00     0.00     0.00     0.00
  57 	 -225.00     0.00     0.00     0.00     0.00     0.00
   	   18.00   -14.00     0.00    90.00
   	   18.00   -14.00     0.00    90.00
  58 	 -180.00     0.00     0.00     0.00     0.00     0.00
  58 	 -180.00     0.00     0.00     0.00     0.00     0.00
   	   18.00   -14.00     0.00    90.00
   	   18.00   -14.00     0.00    90.00
  59 	 -135.00     0.00     0.00     0.00     0.00     0.00
  59 	 -135.00     0.00     0.00     0.00     0.00     0.00
   	   18.00   -14.00     0.00    90.00
   	   18.00   -14.00     0.00    90.00
  60 	  -90.00     0.00     0.00     0.00     0.00     0.00
  60 	  -90.00     0.00     0.00     0.00     0.00     0.00
   	   18.00   -14.00     0.00    90.00
   	   18.00   -14.00     0.00    90.00
  61 	  -45.00     0.00     0.00     0.00     0.00     0.00
  61 	  -45.00     0.00     0.00     0.00     0.00     0.00
   	   18.00   -14.00     0.00    90.00
   	   18.00   -14.00     0.00    90.00
  62 	    0.00     0.00     0.00     0.00     0.00     0.00
  62 	    0.00     0.00     0.00     0.00     0.00     0.00
   	   18.00   -14.00     0.00    90.00
   	   18.00   -14.00     0.00    90.00
  63 	   45.00     0.00     0.00     0.00     0.00     0.00
  63 	   45.00     0.00     0.00     0.00     0.00     0.00
   	   18.00   -14.00     0.00    90.00
   	   18.00   -14.00     0.00    90.00
  64 	   90.00     0.00     0.00     0.00     0.00     0.00
  64 	   90.00     0.00     0.00     0.00     0.00     0.00
   	   18.00   -14.00     0.00    90.00
   	   18.00   -14.00     0.00    90.00
  65 	  270.00  -270.00     0.00     0.00     0.00     0.00
  65 	  270.00  -270.00     0.00     0.00     0.00     0.00
   	   18.00   -14.00     0.00    90.00
   	   18.00   -14.00     0.00    90.00
  66 	 -180.00   450.00     0.00     0.00     0.00     0.00
  66 	 -180.00   450.00     0.00     0.00     0.00     0.00
   	   18.00   -14.00     0.00    90.00
   	   18.00   -14.00     0.00    90.00
  67 	 -135.00   450.00     0.00     0.00     0.00     0.00
  67 	 -135.00   450.00     0.00     0.00     0.00     0.00
   	   18.00   -14.00     0.00    90.00
   	   18.00   -14.00     0.00    90.00
  68 	  -90.00   405.00     0.00     0.00     0.00     0.00
  68 	  -90.00   405.00     0.00     0.00     0.00     0.00
   	   18.00   -14.00     0.00    90.00
   	   18.00   -14.00     0.00    90.00
  69 	  -90.00   360.00     0.00     0.00     0.00     0.00
  69 	  -90.00   360.00     0.00     0.00     0.00     0.00
   	   18.00   -14.00     0.00    90.00
   	   18.00   -14.00     0.00    90.00
  70 	 -135.00   360.00     0.00     0.00     0.00     0.00
  70 	 -135.00   360.00     0.00     0.00     0.00     0.00
   	   18.00   -14.00     0.00    90.00
   	   18.00   -14.00     0.00    90.00
  71 	 -180.00   405.00     0.00     0.00     0.00     0.00
  71 	 -180.00   405.00     0.00     0.00     0.00     0.00
   	   18.00   -14.00     0.00    90.00
   	   18.00   -14.00     0.00    90.00
  72 	 -135.00   405.00     0.00     0.00     0.00     0.00
  72 	 -135.00   405.00     0.00     0.00     0.00     0.00
   	   18.00   -14.00     0.00    90.00
   	   18.00   -14.00     0.00    90.00
  73 	   90.00   -90.00     0.00     0.00     0.00     0.00
  73 	   90.00   -90.00     0.00     0.00     0.00     0.00
   	   18.00   -14.00     0.00    90.00
   	   18.00   -14.00     0.00    90.00

** End writing output file: ../inputs/gr93.dat 
