*******************************************************************************
                         ARRAY PREPROCESSOR ver. 1.0
*******************************************************************************



   1	GROUP testgroup
   3	 GRID RECTANGULAR
   4	 ELEMENT
   5	 GEOMETRY CIRCULAR 22 m
   6	 POLARIZATION LINEAR
   7	 ADD BLOCK 0 -5 -7 8
   8	 ADD HEXAGON 2 -3
  10	 GROUP_EXCITATION
  11	 AMPLITUDE UNIFORM 23
  12	 PHASE UNIFORM -82
  13	 END

** Generating GROUP: testgroup.
** PSTEP,QSTEP set to:44000.000000,44000.000000
** Grid ANGLE set to:90.000000 
** Group ROT_ANGLE set to: 0.000000 

** Writing output file: ../inputs/gr930.dat

NEL 
NPORTS
IDUM      REXA     REYA     REZA     THEA     PHEA     PSEA 
          AMP      PSH      PSC      PHEPOL
 119
 119
   1
   1
   1 	-308000.00 -220000.00     0.00     0.00     0.00     0.00
   1 	-308000.00 -220000.00     0.00     0.00     0.00     0.00
   	   23.00   -82.00     0.00    90.00
   	   23.00   -82.00     0.00    90.00
   2 	-264000.00 -220000.00     0.00     0.00     0.00     0.00
   2 	-264000.00 -220000.00     0.00     0.00     0.00     0.00
   	   23.00   -82.00     0.00    90.00
   	   23.00   -82.00     0.00    90.00
   3 	-220000.00 -220000.00     0.00     0.00     0.00     0.00
   3 	-220000.00 -220000.00     0.00     0.00     0.00     0.00
   	   23.00   -82.00     0.00    90.00
   	   23.00   -82.00     0.00    90.00
   4 	-176000.00 -220000.00     0.00     0.00     0.00     0.00
   4 	-176000.00 -220000.00     0.00     0.00     0.00     0.00
   	   23.00   -82.00     0.00    90.00
   	   23.00   -82.00     0.00    90.00
   5 	-132000.00 -220000.00     0.00     0.00     0.00     0.00
   5 	-132000.00 -220000.00     0.00     0.00     0.00     0.00
   	   23.00   -82.00     0.00    90.00
   	   23.00   -82.00     0.00    90.00
   6 	-88000.00 -220000.00     0.00     0.00     0.00     0.00
   6 	-88000.00 -220000.00     0.00     0.00     0.00     0.00
   	   23.00   -82.00     0.00    90.00
   	   23.00   -82.00     0.00    90.00
   7 	-44000.00 -220000.00     0.00     0.00     0.00     0.00
   7 	-44000.00 -220000.00     0.00     0.00     0.00     0.00
   	   23.00   -82.00     0.00    90.00
   	   23.00   -82.00     0.00    90.00
   8 	    0.00 -220000.00     0.00     0.00     0.00     0.00
   8 	    0.00 -220000.00     0.00     0.00     0.00     0.00
   	   23.00   -82.00     0.00    90.00
   	   23.00   -82.00     0.00    90.00
   9 	-308000.00 -176000.00     0.00     0.00     0.00     0.00
   9 	-308000.00 -176000.00     0.00     0.00     0.00     0.00
   	   23.00   -82.00     0.00    90.00
   	   23.00   -82.00     0.00    90.00
  10 	-264000.00 -176000.00     0.00     0.00     0.00     0.00
  10 	-264000.00 -176000.00     0.00     0.00     0.00     0.00
   	   23.00   -82.00     0.00    90.00
   	   23.00   -82.00     0.00    90.00
  11 	-220000.00 -176000.00     0.00     0.00     0.00     0.00
  11 	-220000.00 -176000.00     0.00     0.00     0.00     0.00
   	   23.00   -82.00     0.00    90.00
   	   23.00   -82.00     0.00    90.00
  12 	-176000.00 -176000.00     0.00     0.00     0.00     0.00
  12 	-176000.00 -176000.00     0.00     0.00     0.00     0.00
   	   23.00   -82.00     0.00    90.00
   	   23.00   -82.00     0.00    90.00
  13 	-132000.00 -176000.00     0.00     0.00     0.00     0.00
  13 	-132000.00 -176000.00     0.00     0.00     0.00     0.00
   	   23.00   -82.00     0.00    90.00
   	   23.00   -82.00     0.00    90.00
  14 	-88000.00 -176000.00     0.00     0.00     0.00     0.00
  14 	-88000.00 -176000.00     0.00     0.00     0.00     0.00
   	   23.00   -82.00     0.00    90.00
   	   23.00   -82.00     0.00    90.00
  15 	-44000.00 -176000.00     0.00     0.00     0.00     0.00
  15 	-44000.00 -176000.00     0.00     0.00     0.00     0.00
   	   23.00   -82.00     0.00    90.00
   	   23.00   -82.00     0.00    90.00
  16 	    0.00 -176000.00     0.00     0.00     0.00     0.00
  16 	    0.00 -176000.00     0.00     0.00     0.00     0.00
   	   23.00   -82.00     0.00    90.00
   	   23.00   -82.00     0.00    90.00
  17 	-308000.00 -132000.00     0.00     0.00     0.00     0.00
  17 	-308000.00 -132000.00     0.00     0.00     0.00     0.00
   	   23.00   -82.00     0.00    90.00
   	   23.00   -82.00     0.00    90.00
  18 	-264000.00 -132000.00     0.00     0.00     0.00     0.00
  18 	-264000.00 -132000.00     0.00     0.00     0.00     0.00
   	   23.00   -82.00     0.00    90.00
   	   23.00   -82.00     0.00    90.00
  19 	-220000.00 -132000.00     0.00     0.00     0.00     0.00
  19 	-220000.00 -132000.00     0.00     0.00     0.00     0.00
   	   23.00   -82.00     0.00    90.00
   	   23.00   -82.00     0.00    90.00
  20 	-176000.00 -132000.00     0.00     0.00     0.00     0.00
  20 	-176000.00 -132000.00     0.00     0.00     0.00     0.00
   	   23.00   -82.00     0.00    90.00
   	   23.00   -82.00     0.00    90.00
  21 	-132000.00 -132000.00     0.00     0.00     0.00     0.00
  21 	-132000.00 -132000.00     0.00     0.00     0.00     0.00
   	   23.00   -82.00     0.00    90.00
   	   23.00   -82.00     0.00    90.00
  22 	-88000.00 -132000.00     0.00     0.00     0.00     0.00
  22 	-88000.00 -132000.00     0.00     0.00     0.00     0.00
   	   23.00   -82.00     0.00    90.00
   	   23.00   -82.00     0.00    90.00
  23 	-44000.00 -132000.00     0.00     0.00     0.00     0.00
  23 	-44000.00 -132000.00     0.00     0.00     0.00     0.00
   	   23.00   -82.00     0.00    90.00
   	   23.00   -82.00     0.00    90.00
  24 	    0.00 -132000.00     0.00     0.00     0.00     0.00
  24 	    0.00 -132000.00     0.00     0.00     0.00     0.00
   	   23.00   -82.00     0.00    90.00
   	   23.00   -82.00     0.00    90.00
  25 	-308000.00 -88000.00     0.00     0.00     0.00     0.00
  25 	-308000.00 -88000.00     0.00     0.00     0.00     0.00
   	   23.00   -82.00     0.00    90.00
   	   23.00   -82.00     0.00    90.00
  26 	-264000.00 -88000.00     0.00     0.00     0.00     0.00
  26 	-264000.00 -88000.00     0.00     0.00     0.00     0.00
   	   23.00   -82.00     0.00    90.00
   	   23.00   -82.00     0.00    90.00
  27 	-220000.00 -88000.00     0.00     0.00     0.00     0.00
  27 	-220000.00 -88000.00     0.00     0.00     0.00     0.00
   	   23.00   -82.00     0.00    90.00
   	   23.00   -82.00     0.00    90.00
  28 	-176000.00 -88000.00     0.00     0.00     0.00     0.00
  28 	-176000.00 -88000.00     0.00     0.00     0.00     0.00
   	   23.00   -82.00     0.00    90.00
   	   23.00   -82.00     0.00    90.00
  29 	-132000.00 -88000.00     0.00     0.00     0.00     0.00
  29 	-132000.00 -88000.00     0.00     0.00     0.00     0.00
   	   23.00   -82.00     0.00    90.00
   	   23.00   -82.00     0.00    90.00
  30 	-88000.00 -88000.00     0.00     0.00     0.00     0.00
  30 	-88000.00 -88000.00     0.00     0.00     0.00     0.00
   	   23.00   -82.00     0.00    90.00
   	   23.00   -82.00     0.00    90.00
  31 	-44000.00 -88000.00     0.00     0.00     0.00     0.00
  31 	-44000.00 -88000.00     0.00     0.00     0.00     0.00
   	   23.00   -82.00     0.00    90.00
   	   23.00   -82.00     0.00    90.00
  32 	    0.00 -88000.00     0.00     0.00     0.00     0.00
  32 	    0.00 -88000.00     0.00     0.00     0.00     0.00
   	   23.00   -82.00     0.00    90.00
   	   23.00   -82.00     0.00    90.00
  33 	-308000.00 -44000.00     0.00     0.00     0.00     0.00
  33 	-308000.00 -44000.00     0.00     0.00     0.00     0.00
   	   23.00   -82.00     0.00    90.00
   	   23.00   -82.00     0.00    90.00
  34 	-264000.00 -44000.00     0.00     0.00     0.00     0.00
  34 	-264000.00 -44000.00     0.00     0.00     0.00     0.00
   	   23.00   -82.00     0.00    90.00
   	   23.00   -82.00     0.00    90.00
  35 	-220000.00 -44000.00     0.00     0.00     0.00     0.00
  35 	-220000.00 -44000.00     0.00     0.00     0.00     0.00
   	   23.00   -82.00     0.00    90.00
   	   23.00   -82.00     0.00    90.00
  36 	-176000.00 -44000.00     0.00     0.00     0.00     0.00
  36 	-176000.00 -44000.00     0.00     0.00     0.00     0.00
   	   23.00   -82.00     0.00    90.00
   	   23.00   -82.00     0.00    90.00
  37 	-132000.00 -44000.00     0.00     0.00     0.00     0.00
  37 	-132000.00 -44000.00     0.00     0.00     0.00     0.00
   	   23.00   -82.00     0.00    90.00
   	   23.00   -82.00     0.00    90.00
  38 	-88000.00 -44000.00     0.00     0.00     0.00     0.00
  38 	-88000.00 -44000.00     0.00     0.00     0.00     0.00
   	   23.00   -82.00     0.00    90.00
   	   23.00   -82.00     0.00    90.00
  39 	-44000.00 -44000.00     0.00     0.00     0.00     0.00
  39 	-44000.00 -44000.00     0.00     0.00     0.00     0.00
   	   23.00   -82.00     0.00    90.00
   	   23.00   -82.00     0.00    90.00
  40 	    0.00 -44000.00     0.00     0.00     0.00     0.00
  40 	    0.00 -44000.00     0.00     0.00     0.00     0.00
   	   23.00   -82.00     0.00    90.00
   	   23.00   -82.00     0.00    90.00
  41 	-308000.00     0.00     0.00     0.00     0.00     0.00
  41 	-308000.00     0.00     0.00     0.00     0.00     0.00
   	   23.00   -82.00     0.00    90.00
   	   23.00   -82.00     0.00    90.00
  42 	-264000.00     0.00     0.00     0.00     0.00     0.00
  42 	-264000.00     0.00     0.00     0.00     0.00     0.00
   	   23.00   -82.00     0.00    90.00
   	   23.00   -82.00     0.00    90.00
  43 	-220000.00     0.00     0.00     0.00     0.00     0.00
  43 	-220000.00     0.00     0.00     0.00     0.00     0.00
   	   23.00   -82.00     0.00    90.00
   	   23.00   -82.00     0.00    90.00
  44 	-176000.00     0.00     0.00     0.00     0.00     0.00
  44 	-176000.00     0.00     0.00     0.00     0.00     0.00
   	   23.00   -82.00     0.00    90.00
   	   23.00   -82.00     0.00    90.00
  45 	-132000.00     0.00     0.00     0.00     0.00     0.00
  45 	-132000.00     0.00     0.00     0.00     0.00     0.00
   	   23.00   -82.00     0.00    90.00
   	   23.00   -82.00     0.00    90.00
  46 	-88000.00     0.00     0.00     0.00     0.00     0.00
  46 	-88000.00     0.00     0.00     0.00     0.00     0.00
   	   23.00   -82.00     0.00    90.00
   	   23.00   -82.00     0.00    90.00
  47 	-44000.00     0.00     0.00     0.00     0.00     0.00
  47 	-44000.00     0.00     0.00     0.00     0.00     0.00
   	   23.00   -82.00     0.00    90.00
   	   23.00   -82.00     0.00    90.00
  48 	    0.00     0.00     0.00     0.00     0.00     0.00
  48 	    0.00     0.00     0.00     0.00     0.00     0.00
   	   23.00   -82.00     0.00    90.00
   	   23.00   -82.00     0.00    90.00
  49 	-308000.00 44000.00     0.00     0.00     0.00     0.00
  49 	-308000.00 44000.00     0.00     0.00     0.00     0.00
   	   23.00   -82.00     0.00    90.00
   	   23.00   -82.00     0.00    90.00
  50 	-264000.00 44000.00     0.00     0.00     0.00     0.00
  50 	-264000.00 44000.00     0.00     0.00     0.00     0.00
   	   23.00   -82.00     0.00    90.00
   	   23.00   -82.00     0.00    90.00
  51 	-220000.00 44000.00     0.00     0.00     0.00     0.00
  51 	-220000.00 44000.00     0.00     0.00     0.00     0.00
   	   23.00   -82.00     0.00    90.00
   	   23.00   -82.00     0.00    90.00
  52 	-176000.00 44000.00     0.00     0.00     0.00     0.00
  52 	-176000.00 44000.00     0.00     0.00     0.00     0.00
   	   23.00   -82.00     0.00    90.00
   	   23.00   -82.00     0.00    90.00
  53 	-132000.00 44000.00     0.00     0.00     0.00     0.00
  53 	-132000.00 44000.00     0.00     0.00     0.00     0.00
   	   23.00   -82.00     0.00    90.00
   	   23.00   -82.00     0.00    90.00
  54 	-88000.00 44000.00     0.00     0.00     0.00     0.00
  54 	-88000.00 44000.00     0.00     0.00     0.00     0.00
   	   23.00   -82.00     0.00    90.00
   	   23.00   -82.00     0.00    90.00
  55 	-44000.00 44000.00     0.00     0.00     0.00     0.00
  55 	-44000.00 44000.00     0.00     0.00     0.00     0.00
   	   23.00   -82.00     0.00    90.00
   	   23.00   -82.00     0.00    90.00
  56 	   -0.00 44000.00     0.00     0.00     0.00     0.00
  56 	   -0.00 44000.00     0.00     0.00     0.00     0.00
   	   23.00   -82.00     0.00    90.00
   	   23.00   -82.00     0.00    90.00
  57 	-308000.00 88000.00     0.00     0.00     0.00     0.00
  57 	-308000.00 88000.00     0.00     0.00     0.00     0.00
   	   23.00   -82.00     0.00    90.00
   	   23.00   -82.00     0.00    90.00
  58 	-264000.00 88000.00     0.00     0.00     0.00     0.00
  58 	-264000.00 88000.00     0.00     0.00     0.00     0.00
   	   23.00   -82.00     0.00    90.00
   	   23.00   -82.00     0.00    90.00
  59 	-220000.00 88000.00     0.00     0.00     0.00     0.00
  59 	-220000.00 88000.00     0.00     0.00     0.00     0.00
   	   23.00   -82.00     0.00    90.00
   	   23.00   -82.00     0.00    90.00
  60 	-176000.00 88000.00     0.00     0.00     0.00     0.00
  60 	-176000.00 88000.00     0.00     0.00     0.00     0.00
   	   23.00   -82.00     0.00    90.00
   	   23.00   -82.00     0.00    90.00
  61 	-132000.00 88000.00     0.00     0.00     0.00     0.00
  61 	-132000.00 88000.00     0.00     0.00     0.00     0.00
   	   23.00   -82.00     0.00    90.00
   	   23.00   -82.00     0.00    90.00
  62 	-88000.00 88000.00     0.00     0.00     0.00     0.00
  62 	-88000.00 88000.00     0.00     0.00     0.00     0.00
   	   23.00   -82.00     0.00    90.00
   	   23.00   -82.00     0.00    90.00
  63 	-44000.00 88000.00     0.00     0.00     0.00     0.00
  63 	-44000.00 88000.00     0.00     0.00     0.00     0.00
   	   23.00   -82.00     0.00    90.00
   	   23.00   -82.00     0.00    90.00
  64 	   -0.00 88000.00     0.00     0.00     0.00     0.00
  64 	   -0.00 88000.00     0.00     0.00     0.00     0.00
   	   23.00   -82.00     0.00    90.00
   	   23.00   -82.00     0.00    90.00
  65 	-308000.00 132000.00     0.00     0.00     0.00     0.00
  65 	-308000.00 132000.00     0.00     0.00     0.00     0.00
   	   23.00   -82.00     0.00    90.00
   	   23.00   -82.00     0.00    90.00
  66 	-264000.00 132000.00     0.00     0.00     0.00     0.00
  66 	-264000.00 132000.00     0.00     0.00     0.00     0.00
   	   23.00   -82.00     0.00    90.00
   	   23.00   -82.00     0.00    90.00
  67 	-220000.00 132000.00     0.00     0.00     0.00     0.00
  67 	-220000.00 132000.00     0.00     0.00     0.00     0.00
   	   23.00   -82.00     0.00    90.00
   	   23.00   -82.00     0.00    90.00
  68 	-176000.00 132000.00     0.00     0.00     0.00     0.00
  68 	-176000.00 132000.00     0.00     0.00     0.00     0.00
   	   23.00   -82.00     0.00    90.00
   	   23.00   -82.00     0.00    90.00
  69 	-132000.00 132000.00     0.00     0.00     0.00     0.00
  69 	-132000.00 132000.00     0.00     0.00     0.00     0.00
   	   23.00   -82.00     0.00    90.00
   	   23.00   -82.00     0.00    90.00
  70 	-88000.00 132000.00     0.00     0.00     0.00     0.00
  70 	-88000.00 132000.00     0.00     0.00     0.00     0.00
   	   23.00   -82.00     0.00    90.00
   	   23.00   -82.00     0.00    90.00
  71 	-44000.00 132000.00     0.00     0.00     0.00     0.00
  71 	-44000.00 132000.00     0.00     0.00     0.00     0.00
   	   23.00   -82.00     0.00    90.00
   	   23.00   -82.00     0.00    90.00
  72 	   -0.00 132000.00     0.00     0.00     0.00     0.00
  72 	   -0.00 132000.00     0.00     0.00     0.00     0.00
   	   23.00   -82.00     0.00    90.00
   	   23.00   -82.00     0.00    90.00
  73 	-308000.00 176000.00     0.00     0.00     0.00     0.00
  73 	-308000.00 176000.00     0.00     0.00     0.00     0.00
   	   23.00   -82.00     0.00    90.00
   	   23.00   -82.00     0.00    90.00
  74 	-264000.00 176000.00     0.00     0.00     0.00     0.00
  74 	-264000.00 176000.00     0.00     0.00     0.00     0.00
   	   23.00   -82.00     0.00    90.00
   	   23.00   -82.00     0.00    90.00
  75 	-220000.00 176000.00     0.00     0.00     0.00     0.00
  75 	-220000.00 176000.00     0.00     0.00     0.00     0.00
   	   23.00   -82.00     0.00    90.00
   	   23.00   -82.00     0.00    90.00
  76 	-176000.00 176000.00     0.00     0.00     0.00     0.00
  76 	-176000.00 176000.00     0.00     0.00     0.00     0.00
   	   23.00   -82.00     0.00    90.00
   	   23.00   -82.00     0.00    90.00
  77 	-132000.00 176000.00     0.00     0.00     0.00     0.00
  77 	-132000.00 176000.00     0.00     0.00     0.00     0.00
   	   23.00   -82.00     0.00    90.00
   	   23.00   -82.00     0.00    90.00
  78 	-88000.00 176000.00     0.00     0.00     0.00     0.00
  78 	-88000.00 176000.00     0.00     0.00     0.00     0.00
   	   23.00   -82.00     0.00    90.00
   	   23.00   -82.00     0.00    90.00
  79 	-44000.00 176000.00     0.00     0.00     0.00     0.00
  79 	-44000.00 176000.00     0.00     0.00     0.00     0.00
   	   23.00   -82.00     0.00    90.00
   	   23.00   -82.00     0.00    90.00
  80 	   -0.00 176000.00     0.00     0.00     0.00     0.00
  80 	   -0.00 176000.00     0.00     0.00     0.00     0.00
   	   23.00   -82.00     0.00    90.00
   	   23.00   -82.00     0.00    90.00
  81 	-308000.00 220000.00     0.00     0.00     0.00     0.00
  81 	-308000.00 220000.00     0.00     0.00     0.00     0.00
   	   23.00   -82.00     0.00    90.00
   	   23.00   -82.00     0.00    90.00
  82 	-264000.00 220000.00     0.00     0.00     0.00     0.00
  82 	-264000.00 220000.00     0.00     0.00     0.00     0.00
   	   23.00   -82.00     0.00    90.00
   	   23.00   -82.00     0.00    90.00
  83 	-220000.00 220000.00     0.00     0.00     0.00     0.00
  83 	-220000.00 220000.00     0.00     0.00     0.00     0.00
   	   23.00   -82.00     0.00    90.00
   	   23.00   -82.00     0.00    90.00
  84 	-176000.00 220000.00     0.00     0.00     0.00     0.00
  84 	-176000.00 220000.00     0.00     0.00     0.00     0.00
   	   23.00   -82.00     0.00    90.00
   	   23.00   -82.00     0.00    90.00
  85 	-132000.00 220000.00     0.00     0.00     0.00     0.00
  85 	-132000.00 220000.00     0.00     0.00     0.00     0.00
   	   23.00   -82.00     0.00    90.00
   	   23.00   -82.00     0.00    90.00
  86 	-88000.00 220000.00     0.00     0.00     0.00     0.00
  86 	-88000.00 220000.00     0.00     0.00     0.00     0.00
   	   23.00   -82.00     0.00    90.00
   	   23.00   -82.00     0.00    90.00
  87 	-44000.00 220000.00     0.00     0.00     0.00     0.00
  87 	-44000.00 220000.00     0.00     0.00     0.00     0.00
   	   23.00   -82.00     0.00    90.00
   	   23.00   -82.00     0.00    90.00
  88 	   -0.00 220000.00     0.00     0.00     0.00     0.00
  88 	   -0.00 220000.00     0.00     0.00     0.00     0.00
   	   23.00   -82.00     0.00    90.00
   	   23.00   -82.00     0.00    90.00
  89 	-308000.00 264000.00     0.00     0.00     0.00     0.00
  89 	-308000.00 264000.00     0.00     0.00     0.00     0.00
   	   23.00   -82.00     0.00    90.00
   	   23.00   -82.00     0.00    90.00
  90 	-264000.00 264000.00     0.00     0.00     0.00     0.00
  90 	-264000.00 264000.00     0.00     0.00     0.00     0.00
   	   23.00   -82.00     0.00    90.00
   	   23.00   -82.00     0.00    90.00
  91 	-220000.00 264000.00     0.00     0.00     0.00     0.00
  91 	-220000.00 264000.00     0.00     0.00     0.00     0.00
   	   23.00   -82.00     0.00    90.00
   	   23.00   -82.00     0.00    90.00
  92 	-176000.00 264000.00     0.00     0.00     0.00     0.00
  92 	-176000.00 264000.00     0.00     0.00     0.00     0.00
   	   23.00   -82.00     0.00    90.00
   	   23.00   -82.00     0.00    90.00
  93 	-132000.00 264000.00     0.00     0.00     0.00     0.00
  93 	-132000.00 264000.00     0.00     0.00     0.00     0.00
   	   23.00   -82.00     0.00    90.00
   	   23.00   -82.00     0.00    90.00
  94 	-88000.00 264000.00     0.00     0.00     0.00     0.00
  94 	-88000.00 264000.00     0.00     0.00     0.00     0.00
   	   23.00   -82.00     0.00    90.00
   	   23.00   -82.00     0.00    90.00
  95 	-44000.00 264000.00     0.00     0.00     0.00     0.00
  95 	-44000.00 264000.00     0.00     0.00     0.00     0.00
   	   23.00   -82.00     0.00    90.00
   	   23.00   -82.00     0.00    90.00
  96 	   -0.00 264000.00     0.00     0.00     0.00     0.00
  96 	   -0.00 264000.00     0.00     0.00     0.00     0.00
   	   23.00   -82.00     0.00    90.00
   	   23.00   -82.00     0.00    90.00
  97 	-308000.00 308000.00     0.00     0.00     0.00     0.00
  97 	-308000.00 308000.00     0.00     0.00     0.00     0.00
   	   23.00   -82.00     0.00    90.00
   	   23.00   -82.00     0.00    90.00
  98 	-264000.00 308000.00     0.00     0.00     0.00     0.00
  98 	-264000.00 308000.00     0.00     0.00     0.00     0.00
   	   23.00   -82.00     0.00    90.00
   	   23.00   -82.00     0.00    90.00
  99 	-220000.00 308000.00     0.00     0.00     0.00     0.00
  99 	-220000.00 308000.00     0.00     0.00     0.00     0.00
   	   23.00   -82.00     0.00    90.00
   	   23.00   -82.00     0.00    90.00
 100 	-176000.00 308000.00     0.00     0.00     0.00     0.00
 100 	-176000.00 308000.00     0.00     0.00     0.00     0.00
   	   23.00   -82.00     0.00    90.00
   	   23.00   -82.00     0.00    90.00
 101 	-132000.00 308000.00     0.00     0.00     0.00     0.00
 101 	-132000.00 308000.00     0.00     0.00     0.00     0.00
   	   23.00   -82.00     0.00    90.00
   	   23.00   -82.00     0.00    90.00
 102 	-88000.00 308000.00     0.00     0.00     0.00     0.00
 102 	-88000.00 308000.00     0.00     0.00     0.00     0.00
   	   23.00   -82.00     0.00    90.00
   	   23.00   -82.00     0.00    90.00
 103 	-44000.00 308000.00     0.00     0.00     0.00     0.00
 103 	-44000.00 308000.00     0.00     0.00     0.00     0.00
   	   23.00   -82.00     0.00    90.00
   	   23.00   -82.00     0.00    90.00
 104 	   -0.00 308000.00     0.00     0.00     0.00     0.00
 104 	   -0.00 308000.00     0.00     0.00     0.00     0.00
   	   23.00   -82.00     0.00    90.00
   	   23.00   -82.00     0.00    90.00
 105 	-308000.00 352000.00     0.00     0.00     0.00     0.00
 105 	-308000.00 352000.00     0.00     0.00     0.00     0.00
   	   23.00   -82.00     0.00    90.00
   	   23.00   -82.00     0.00    90.00
 106 	-264000.00 352000.00     0.00     0.00     0.00     0.00
 106 	-264000.00 352000.00     0.00     0.00     0.00     0.00
   	   23.00   -82.00     0.00    90.00
   	   23.00   -82.00     0.00    90.00
 107 	-220000.00 352000.00     0.00     0.00     0.00     0.00
 107 	-220000.00 352000.00     0.00     0.00     0.00     0.00
   	   23.00   -82.00     0.00    90.00
   	   23.00   -82.00     0.00    90.00
 108 	-176000.00 352000.00     0.00     0.00     0.00     0.00
 108 	-176000.00 352000.00     0.00     0.00     0.00     0.00
   	   23.00   -82.00     0.00    90.00
   	   23.00   -82.00     0.00    90.00
 109 	-132000.00 352000.00     0.00     0.00     0.00     0.00
 109 	-132000.00 352000.00     0.00     0.00     0.00     0.00
   	   23.00   -82.00     0.00    90.00
   	   23.00   -82.00     0.00    90.00
 110 	-88000.00 352000.00     0.00     0.00     0.00     0.00
 110 	-88000.00 352000.00     0.00     0.00     0.00     0.00
   	   23.00   -82.00     0.00    90.00
   	   23.00   -82.00     0.00    90.00
 111 	-44000.00 352000.00     0.00     0.00     0.00     0.00
 111 	-44000.00 352000.00     0.00     0.00     0.00     0.00
   	   23.00   -82.00     0.00    90.00
   	   23.00   -82.00     0.00    90.00
 112 	   -0.00 352000.00     0.00     0.00     0.00     0.00
 112 	   -0.00 352000.00     0.00     0.00     0.00     0.00
   	   23.00   -82.00     0.00    90.00
   	   23.00   -82.00     0.00    90.00
 113 	44000.00 -88000.00     0.00     0.00     0.00     0.00
 113 	44000.00 -88000.00     0.00     0.00     0.00     0.00
   	   23.00   -82.00     0.00    90.00
   	   23.00   -82.00     0.00    90.00
 114 	88000.00 -88000.00     0.00     0.00     0.00     0.00
 114 	88000.00 -88000.00     0.00     0.00     0.00     0.00
   	   23.00   -82.00     0.00    90.00
   	   23.00   -82.00     0.00    90.00
 115 	132000.00 -132000.00     0.00     0.00     0.00     0.00
 115 	132000.00 -132000.00     0.00     0.00     0.00     0.00
   	   23.00   -82.00     0.00    90.00
   	   23.00   -82.00     0.00    90.00
 116 	132000.00 -176000.00     0.00     0.00     0.00     0.00
 116 	132000.00 -176000.00     0.00     0.00     0.00     0.00
   	   23.00   -82.00     0.00    90.00
   	   23.00   -82.00     0.00    90.00
 117 	88000.00 -176000.00     0.00     0.00     0.00     0.00
 117 	88000.00 -176000.00     0.00     0.00     0.00     0.00
   	   23.00   -82.00     0.00    90.00
   	   23.00   -82.00     0.00    90.00
 118 	44000.00 -132000.00     0.00     0.00     0.00     0.00
 118 	44000.00 -132000.00     0.00     0.00     0.00     0.00
   	   23.00   -82.00     0.00    90.00
   	   23.00   -82.00     0.00    90.00
 119 	88000.00 -132000.00     0.00     0.00     0.00     0.00
 119 	88000.00 -132000.00     0.00     0.00     0.00     0.00
   	   23.00   -82.00     0.00    90.00
   	   23.00   -82.00     0.00    90.00

** End writing output file: ../inputs/gr930.dat 
