*******************************************************************************
                         ARRAY PREPROCESSOR ver. 1.0
*******************************************************************************



   1	GROUP testgroup
   3	 GRID SQUARE
   4	 ELEMENT
   5	 GEOMETRY RECTANGULAR 55 42 mm
   8	 ADD BLOCK 0 -3 2 4
   9	 ADD BLOCK 8 -6 11 -6
  10	 ADD BLOCK 0 -5 -10 -6
  12	 GROUP_EXCITATION
  13	 AMPLITUDE UNIFORM 20
  14	 PHASE UNIFORM -19
  15	 END

** Generating GROUP: testgroup.
** PSTEP,QSTEP set to:55.000000,55.000000
** Grid ANGLE set to:90.000000 
** Group ROT_ANGLE set to: 0.000000 

** Writing output file: ../inputs/gr933.dat

NEL 
NPORTS
IDUM      REXA     REYA     REZA     THEA     PHEA     PSEA 
          AMP      PSH      PSC      PHEPOL
  50
  50
   1
   1
   1 	    0.00  -165.00     0.00     0.00     0.00     0.00
   1 	    0.00  -165.00     0.00     0.00     0.00     0.00
   	   20.00   -19.00     0.00    90.00
   	   20.00   -19.00     0.00    90.00
   2 	   55.00  -165.00     0.00     0.00     0.00     0.00
   2 	   55.00  -165.00     0.00     0.00     0.00     0.00
   	   20.00   -19.00     0.00    90.00
   	   20.00   -19.00     0.00    90.00
   3 	  110.00  -165.00     0.00     0.00     0.00     0.00
   3 	  110.00  -165.00     0.00     0.00     0.00     0.00
   	   20.00   -19.00     0.00    90.00
   	   20.00   -19.00     0.00    90.00
   4 	    0.00  -110.00     0.00     0.00     0.00     0.00
   4 	    0.00  -110.00     0.00     0.00     0.00     0.00
   	   20.00   -19.00     0.00    90.00
   	   20.00   -19.00     0.00    90.00
   5 	   55.00  -110.00     0.00     0.00     0.00     0.00
   5 	   55.00  -110.00     0.00     0.00     0.00     0.00
   	   20.00   -19.00     0.00    90.00
   	   20.00   -19.00     0.00    90.00
   6 	  110.00  -110.00     0.00     0.00     0.00     0.00
   6 	  110.00  -110.00     0.00     0.00     0.00     0.00
   	   20.00   -19.00     0.00    90.00
   	   20.00   -19.00     0.00    90.00
   7 	    0.00   -55.00     0.00     0.00     0.00     0.00
   7 	    0.00   -55.00     0.00     0.00     0.00     0.00
   	   20.00   -19.00     0.00    90.00
   	   20.00   -19.00     0.00    90.00
   8 	   55.00   -55.00     0.00     0.00     0.00     0.00
   8 	   55.00   -55.00     0.00     0.00     0.00     0.00
   	   20.00   -19.00     0.00    90.00
   	   20.00   -19.00     0.00    90.00
   9 	  110.00   -55.00     0.00     0.00     0.00     0.00
   9 	  110.00   -55.00     0.00     0.00     0.00     0.00
   	   20.00   -19.00     0.00    90.00
   	   20.00   -19.00     0.00    90.00
  10 	    0.00     0.00     0.00     0.00     0.00     0.00
  10 	    0.00     0.00     0.00     0.00     0.00     0.00
   	   20.00   -19.00     0.00    90.00
   	   20.00   -19.00     0.00    90.00
  11 	   55.00     0.00     0.00     0.00     0.00     0.00
  11 	   55.00     0.00     0.00     0.00     0.00     0.00
   	   20.00   -19.00     0.00    90.00
   	   20.00   -19.00     0.00    90.00
  12 	  110.00     0.00     0.00     0.00     0.00     0.00
  12 	  110.00     0.00     0.00     0.00     0.00     0.00
   	   20.00   -19.00     0.00    90.00
   	   20.00   -19.00     0.00    90.00
  13 	   -0.00    55.00     0.00     0.00     0.00     0.00
  13 	   -0.00    55.00     0.00     0.00     0.00     0.00
   	   20.00   -19.00     0.00    90.00
   	   20.00   -19.00     0.00    90.00
  14 	   55.00    55.00     0.00     0.00     0.00     0.00
  14 	   55.00    55.00     0.00     0.00     0.00     0.00
   	   20.00   -19.00     0.00    90.00
   	   20.00   -19.00     0.00    90.00
  15 	  110.00    55.00     0.00     0.00     0.00     0.00
  15 	  110.00    55.00     0.00     0.00     0.00     0.00
   	   20.00   -19.00     0.00    90.00
   	   20.00   -19.00     0.00    90.00
  16 	   -0.00   110.00     0.00     0.00     0.00     0.00
  16 	   -0.00   110.00     0.00     0.00     0.00     0.00
   	   20.00   -19.00     0.00    90.00
   	   20.00   -19.00     0.00    90.00
  17 	   55.00   110.00     0.00     0.00     0.00     0.00
  17 	   55.00   110.00     0.00     0.00     0.00     0.00
   	   20.00   -19.00     0.00    90.00
   	   20.00   -19.00     0.00    90.00
  18 	  110.00   110.00     0.00     0.00     0.00     0.00
  18 	  110.00   110.00     0.00     0.00     0.00     0.00
   	   20.00   -19.00     0.00    90.00
   	   20.00   -19.00     0.00    90.00
  19 	   -0.00   165.00     0.00     0.00     0.00     0.00
  19 	   -0.00   165.00     0.00     0.00     0.00     0.00
   	   20.00   -19.00     0.00    90.00
   	   20.00   -19.00     0.00    90.00
  20 	   55.00   165.00     0.00     0.00     0.00     0.00
  20 	   55.00   165.00     0.00     0.00     0.00     0.00
   	   20.00   -19.00     0.00    90.00
   	   20.00   -19.00     0.00    90.00
  21 	  110.00   165.00     0.00     0.00     0.00     0.00
  21 	  110.00   165.00     0.00     0.00     0.00     0.00
   	   20.00   -19.00     0.00    90.00
   	   20.00   -19.00     0.00    90.00
  22 	   -0.00   220.00     0.00     0.00     0.00     0.00
  22 	   -0.00   220.00     0.00     0.00     0.00     0.00
   	   20.00   -19.00     0.00    90.00
   	   20.00   -19.00     0.00    90.00
  23 	   55.00   220.00     0.00     0.00     0.00     0.00
  23 	   55.00   220.00     0.00     0.00     0.00     0.00
   	   20.00   -19.00     0.00    90.00
   	   20.00   -19.00     0.00    90.00
  24 	  110.00   220.00     0.00     0.00     0.00     0.00
  24 	  110.00   220.00     0.00     0.00     0.00     0.00
   	   20.00   -19.00     0.00    90.00
   	   20.00   -19.00     0.00    90.00
  25 	  440.00  -330.00     0.00     0.00     0.00     0.00
  25 	  440.00  -330.00     0.00     0.00     0.00     0.00
   	   20.00   -19.00     0.00    90.00
   	   20.00   -19.00     0.00    90.00
  26 	  495.00  -330.00     0.00     0.00     0.00     0.00
  26 	  495.00  -330.00     0.00     0.00     0.00     0.00
   	   20.00   -19.00     0.00    90.00
   	   20.00   -19.00     0.00    90.00
  27 	  550.00  -330.00     0.00     0.00     0.00     0.00
  27 	  550.00  -330.00     0.00     0.00     0.00     0.00
   	   20.00   -19.00     0.00    90.00
   	   20.00   -19.00     0.00    90.00
  28 	  605.00  -330.00     0.00     0.00     0.00     0.00
  28 	  605.00  -330.00     0.00     0.00     0.00     0.00
   	   20.00   -19.00     0.00    90.00
   	   20.00   -19.00     0.00    90.00
  29 	 -550.00  -330.00     0.00     0.00     0.00     0.00
  29 	 -550.00  -330.00     0.00     0.00     0.00     0.00
   	   20.00   -19.00     0.00    90.00
   	   20.00   -19.00     0.00    90.00
  30 	 -495.00  -330.00     0.00     0.00     0.00     0.00
  30 	 -495.00  -330.00     0.00     0.00     0.00     0.00
   	   20.00   -19.00     0.00    90.00
   	   20.00   -19.00     0.00    90.00
  31 	 -440.00  -330.00     0.00     0.00     0.00     0.00
  31 	 -440.00  -330.00     0.00     0.00     0.00     0.00
   	   20.00   -19.00     0.00    90.00
   	   20.00   -19.00     0.00    90.00
  32 	 -385.00  -330.00     0.00     0.00     0.00     0.00
  32 	 -385.00  -330.00     0.00     0.00     0.00     0.00
   	   20.00   -19.00     0.00    90.00
   	   20.00   -19.00     0.00    90.00
  33 	 -330.00  -330.00     0.00     0.00     0.00     0.00
  33 	 -330.00  -330.00     0.00     0.00     0.00     0.00
   	   20.00   -19.00     0.00    90.00
   	   20.00   -19.00     0.00    90.00
  34 	 -275.00  -330.00     0.00     0.00     0.00     0.00
  34 	 -275.00  -330.00     0.00     0.00     0.00     0.00
   	   20.00   -19.00     0.00    90.00
   	   20.00   -19.00     0.00    90.00
  35 	 -220.00  -330.00     0.00     0.00     0.00     0.00
  35 	 -220.00  -330.00     0.00     0.00     0.00     0.00
   	   20.00   -19.00     0.00    90.00
   	   20.00   -19.00     0.00    90.00
  36 	 -165.00  -330.00     0.00     0.00     0.00     0.00
  36 	 -165.00  -330.00     0.00     0.00     0.00     0.00
   	   20.00   -19.00     0.00    90.00
   	   20.00   -19.00     0.00    90.00
  37 	 -110.00  -330.00     0.00     0.00     0.00     0.00
  37 	 -110.00  -330.00     0.00     0.00     0.00     0.00
   	   20.00   -19.00     0.00    90.00
   	   20.00   -19.00     0.00    90.00
  38 	  -55.00  -330.00     0.00     0.00     0.00     0.00
  38 	  -55.00  -330.00     0.00     0.00     0.00     0.00
   	   20.00   -19.00     0.00    90.00
   	   20.00   -19.00     0.00    90.00
  39 	    0.00  -330.00     0.00     0.00     0.00     0.00
  39 	    0.00  -330.00     0.00     0.00     0.00     0.00
   	   20.00   -19.00     0.00    90.00
   	   20.00   -19.00     0.00    90.00
  40 	 -550.00  -275.00     0.00     0.00     0.00     0.00
  40 	 -550.00  -275.00     0.00     0.00     0.00     0.00
   	   20.00   -19.00     0.00    90.00
   	   20.00   -19.00     0.00    90.00
  41 	 -495.00  -275.00     0.00     0.00     0.00     0.00
  41 	 -495.00  -275.00     0.00     0.00     0.00     0.00
   	   20.00   -19.00     0.00    90.00
   	   20.00   -19.00     0.00    90.00
  42 	 -440.00  -275.00     0.00     0.00     0.00     0.00
  42 	 -440.00  -275.00     0.00     0.00     0.00     0.00
   	   20.00   -19.00     0.00    90.00
   	   20.00   -19.00     0.00    90.00
  43 	 -385.00  -275.00     0.00     0.00     0.00     0.00
  43 	 -385.00  -275.00     0.00     0.00     0.00     0.00
   	   20.00   -19.00     0.00    90.00
   	   20.00   -19.00     0.00    90.00
  44 	 -330.00  -275.00     0.00     0.00     0.00     0.00
  44 	 -330.00  -275.00     0.00     0.00     0.00     0.00
   	   20.00   -19.00     0.00    90.00
   	   20.00   -19.00     0.00    90.00
  45 	 -275.00  -275.00     0.00     0.00     0.00     0.00
  45 	 -275.00  -275.00     0.00     0.00     0.00     0.00
   	   20.00   -19.00     0.00    90.00
   	   20.00   -19.00     0.00    90.00
  46 	 -220.00  -275.00     0.00     0.00     0.00     0.00
  46 	 -220.00  -275.00     0.00     0.00     0.00     0.00
   	   20.00   -19.00     0.00    90.00
   	   20.00   -19.00     0.00    90.00
  47 	 -165.00  -275.00     0.00     0.00     0.00     0.00
  47 	 -165.00  -275.00     0.00     0.00     0.00     0.00
   	   20.00   -19.00     0.00    90.00
   	   20.00   -19.00     0.00    90.00
  48 	 -110.00  -275.00     0.00     0.00     0.00     0.00
  48 	 -110.00  -275.00     0.00     0.00     0.00     0.00
   	   20.00   -19.00     0.00    90.00
   	   20.00   -19.00     0.00    90.00
  49 	  -55.00  -275.00     0.00     0.00     0.00     0.00
  49 	  -55.00  -275.00     0.00     0.00     0.00     0.00
   	   20.00   -19.00     0.00    90.00
   	   20.00   -19.00     0.00    90.00
  50 	    0.00  -275.00     0.00     0.00     0.00     0.00
  50 	    0.00  -275.00     0.00     0.00     0.00     0.00
   	   20.00   -19.00     0.00    90.00
   	   20.00   -19.00     0.00    90.00

** End writing output file: ../inputs/gr933.dat 
