*******************************************************************************
                         ARRAY PREPROCESSOR ver. 1.0
*******************************************************************************



   1	GROUP testgroup
   3	 GRID RECTANGULAR
   4	 ELEMENT
   5	 GEOMETRY RECTANGULAR 52 70
   7	 POLARIZATION LINEAR
   8	 ADD BLOCK -1 3 6 3
  10	 GROUP_EXCITATION
  11	 AMPLITUDE UNIFORM 34
  12	 PHASE UNIFORM -64
  13	 END

** Generating GROUP: testgroup.
** PSTEP,QSTEP set to:52.000000,70.000000
** Grid ANGLE set to:90.000000 
** Group ROT_ANGLE set to: 0.000000 

** Writing output file: ../inputs/gr935.dat

NEL 
NPORTS
IDUM      REXA     REYA     REZA     THEA     PHEA     PSEA 
          AMP      PSH      PSC      PHEPOL
   8
   8
   1
   1
   1 	  -52.00   210.00     0.00     0.00     0.00     0.00
   1 	  -52.00   210.00     0.00     0.00     0.00     0.00
   	   34.00   -64.00     0.00    90.00
   	   34.00   -64.00     0.00    90.00
   2 	   -0.00   210.00     0.00     0.00     0.00     0.00
   2 	   -0.00   210.00     0.00     0.00     0.00     0.00
   	   34.00   -64.00     0.00    90.00
   	   34.00   -64.00     0.00    90.00
   3 	   52.00   210.00     0.00     0.00     0.00     0.00
   3 	   52.00   210.00     0.00     0.00     0.00     0.00
   	   34.00   -64.00     0.00    90.00
   	   34.00   -64.00     0.00    90.00
   4 	  104.00   210.00     0.00     0.00     0.00     0.00
   4 	  104.00   210.00     0.00     0.00     0.00     0.00
   	   34.00   -64.00     0.00    90.00
   	   34.00   -64.00     0.00    90.00
   5 	  156.00   210.00     0.00     0.00     0.00     0.00
   5 	  156.00   210.00     0.00     0.00     0.00     0.00
   	   34.00   -64.00     0.00    90.00
   	   34.00   -64.00     0.00    90.00
   6 	  208.00   210.00     0.00     0.00     0.00     0.00
   6 	  208.00   210.00     0.00     0.00     0.00     0.00
   	   34.00   -64.00     0.00    90.00
   	   34.00   -64.00     0.00    90.00
   7 	  260.00   210.00     0.00     0.00     0.00     0.00
   7 	  260.00   210.00     0.00     0.00     0.00     0.00
   	   34.00   -64.00     0.00    90.00
   	   34.00   -64.00     0.00    90.00
   8 	  312.00   210.00     0.00     0.00     0.00     0.00
   8 	  312.00   210.00     0.00     0.00     0.00     0.00
   	   34.00   -64.00     0.00    90.00
   	   34.00   -64.00     0.00    90.00

** End writing output file: ../inputs/gr935.dat 
