*******************************************************************************
                         ARRAY PREPROCESSOR ver. 1.0
*******************************************************************************



   1	GROUP testgroup
   3	 GRID HEXAGONAL
   4	 ELEMENT
   5	 GEOMETRY CIRCULAR RADIUS 23
   7	 ADD BLOCK 4 5 -4 5
   9	 GROUP_EXCITATION
  10	 AMPLITUDE UNIFORM 15
  11	 PHASE UNIFORM 82
  12	 END

** Generating GROUP: testgroup.
** PSTEP,QSTEP set to:46.000000,46.000000
** Grid ANGLE set to:60.000000 
** Group ROT_ANGLE set to: 0.000000 

** Writing output file: ../inputs/gr936.dat

NEL 
NPORTS
IDUM      REXA     REYA     REZA     THEA     PHEA     PSEA 
          AMP      PSH      PSC      PHEPOL
   9
   9
   1
   1
   1 	  -69.00   199.19     0.00     0.00     0.00     0.00
   1 	  -69.00   199.19     0.00     0.00     0.00     0.00
   	   15.00    82.00     0.00    90.00
   	   15.00    82.00     0.00    90.00
   2 	  -23.00   199.19     0.00     0.00     0.00     0.00
   2 	  -23.00   199.19     0.00     0.00     0.00     0.00
   	   15.00    82.00     0.00    90.00
   	   15.00    82.00     0.00    90.00
   3 	   23.00   199.19     0.00     0.00     0.00     0.00
   3 	   23.00   199.19     0.00     0.00     0.00     0.00
   	   15.00    82.00     0.00    90.00
   	   15.00    82.00     0.00    90.00
   4 	   69.00   199.19     0.00     0.00     0.00     0.00
   4 	   69.00   199.19     0.00     0.00     0.00     0.00
   	   15.00    82.00     0.00    90.00
   	   15.00    82.00     0.00    90.00
   5 	  115.00   199.19     0.00     0.00     0.00     0.00
   5 	  115.00   199.19     0.00     0.00     0.00     0.00
   	   15.00    82.00     0.00    90.00
   	   15.00    82.00     0.00    90.00
   6 	  161.00   199.19     0.00     0.00     0.00     0.00
   6 	  161.00   199.19     0.00     0.00     0.00     0.00
   	   15.00    82.00     0.00    90.00
   	   15.00    82.00     0.00    90.00
   7 	  207.00   199.19     0.00     0.00     0.00     0.00
   7 	  207.00   199.19     0.00     0.00     0.00     0.00
   	   15.00    82.00     0.00    90.00
   	   15.00    82.00     0.00    90.00
   8 	  253.00   199.19     0.00     0.00     0.00     0.00
   8 	  253.00   199.19     0.00     0.00     0.00     0.00
   	   15.00    82.00     0.00    90.00
   	   15.00    82.00     0.00    90.00
   9 	  299.00   199.19     0.00     0.00     0.00     0.00
   9 	  299.00   199.19     0.00     0.00     0.00     0.00
   	   15.00    82.00     0.00    90.00
   	   15.00    82.00     0.00    90.00

** End writing output file: ../inputs/gr936.dat 
