*******************************************************************************
                         ARRAY PREPROCESSOR ver. 1.0
*******************************************************************************



   1	GROUP testgroup
   3	 GRID RECTANGULAR
   4	 ELEMENT
   5	 GEOMETRY CIRCULAR 66
   6	 POLARIZATION CIRCULAR
   7	 PORTS 7
   8	 PORT 1
   9	 AMPLITUDE 27
  10	 PHASE_POL_ARRANG 549
  11	 PORT 2
  12	 AMPLITUDE 24
  13	 PHASE_SHAPING 629
  14	 PHASE_POL_ARRANG 422
  15	 PORT 3
  16	 AMPLITUDE 25
  17	 PORT 4
  18	 AMPLITUDE 23
  19	 PHASE_POL_ARRANG 569
  20	 PORT 5
  21	 AMPLITUDE 24
  22	 PORT 6
  23	 AMPLITUDE 26
  24	 PHASE_SHAPING 614
  25	 PORT 7
  26	 AMPLITUDE 23
  27	 PHASE_SHAPING 600
  28	 PHASE_POL_ARRANG 298
  29	 ADD BLOCK 0 6 4 6
  31	 GROUP_EXCITATION
  32	 AMPLITUDE UNIFORM 19
  33	 PHASE UNIFORM -50
  34	 END

** Generating GROUP: testgroup.
** PSTEP,QSTEP set to:132.000000,132.000000
** Grid ANGLE set to:90.000000 
** Group ROT_ANGLE set to: 0.000000 

** Writing output file: ../inputs/gr939.dat

NEL 
NPORTS
IDUM      REXA     REYA     REZA     THEA     PHEA     PSEA 
          AMP      PSH      PSC      PHEPOL
   5
   5
   7
   7
   1 	   -0.00   792.00     0.00     0.00     0.00     0.00
   1 	   -0.00   792.00     0.00     0.00     0.00     0.00
   	  513.00   499.00     0.00    90.00
   	  513.00   499.00     0.00    90.00
   	  456.00  1001.00     0.00    90.00
   	  456.00  1001.00     0.00    90.00
   	  475.00   -50.00     0.00    90.00
   	  475.00   -50.00     0.00    90.00
   	  437.00   519.00     0.00    90.00
   	  437.00   519.00     0.00    90.00
   	  456.00   -50.00     0.00    90.00
   	  456.00   -50.00     0.00    90.00
   	  494.00   564.00     0.00    90.00
   	  494.00   564.00     0.00    90.00
   	  437.00   848.00     0.00    90.00
   	  437.00   848.00     0.00    90.00
   2 	  132.00   792.00     0.00     0.00     0.00     0.00
   2 	  132.00   792.00     0.00     0.00     0.00     0.00
   	  513.00   499.00     0.00    90.00
   	  513.00   499.00     0.00    90.00
   	  456.00  1001.00     0.00    90.00
   	  456.00  1001.00     0.00    90.00
   	  475.00   -50.00     0.00    90.00
   	  475.00   -50.00     0.00    90.00
   	  437.00   519.00     0.00    90.00
   	  437.00   519.00     0.00    90.00
   	  456.00   -50.00     0.00    90.00
   	  456.00   -50.00     0.00    90.00
   	  494.00   564.00     0.00    90.00
   	  494.00   564.00     0.00    90.00
   	  437.00   848.00     0.00    90.00
   	  437.00   848.00     0.00    90.00
   3 	  264.00   792.00     0.00     0.00     0.00     0.00
   3 	  264.00   792.00     0.00     0.00     0.00     0.00
   	  513.00   499.00     0.00    90.00
   	  513.00   499.00     0.00    90.00
   	  456.00  1001.00     0.00    90.00
   	  456.00  1001.00     0.00    90.00
   	  475.00   -50.00     0.00    90.00
   	  475.00   -50.00     0.00    90.00
   	  437.00   519.00     0.00    90.00
   	  437.00   519.00     0.00    90.00
   	  456.00   -50.00     0.00    90.00
   	  456.00   -50.00     0.00    90.00
   	  494.00   564.00     0.00    90.00
   	  494.00   564.00     0.00    90.00
   	  437.00   848.00     0.00    90.00
   	  437.00   848.00     0.00    90.00
   4 	  396.00   792.00     0.00     0.00     0.00     0.00
   4 	  396.00   792.00     0.00     0.00     0.00     0.00
   	  513.00   499.00     0.00    90.00
   	  513.00   499.00     0.00    90.00
   	  456.00  1001.00     0.00    90.00
   	  456.00  1001.00     0.00    90.00
   	  475.00   -50.00     0.00    90.00
   	  475.00   -50.00     0.00    90.00
   	  437.00   519.00     0.00    90.00
   	  437.00   519.00     0.00    90.00
   	  456.00   -50.00     0.00    90.00
   	  456.00   -50.00     0.00    90.00
   	  494.00   564.00     0.00    90.00
   	  494.00   564.00     0.00    90.00
   	  437.00   848.00     0.00    90.00
   	  437.00   848.00     0.00    90.00
   5 	  528.00   792.00     0.00     0.00     0.00     0.00
   5 	  528.00   792.00     0.00     0.00     0.00     0.00
   	  513.00   499.00     0.00    90.00
   	  513.00   499.00     0.00    90.00
   	  456.00  1001.00     0.00    90.00
   	  456.00  1001.00     0.00    90.00
   	  475.00   -50.00     0.00    90.00
   	  475.00   -50.00     0.00    90.00
   	  437.00   519.00     0.00    90.00
   	  437.00   519.00     0.00    90.00
   	  456.00   -50.00     0.00    90.00
   	  456.00   -50.00     0.00    90.00
   	  494.00   564.00     0.00    90.00
   	  494.00   564.00     0.00    90.00
   	  437.00   848.00     0.00    90.00
   	  437.00   848.00     0.00    90.00

** End writing output file: ../inputs/gr939.dat 
