*******************************************************************************
                         ARRAY PREPROCESSOR ver. 1.0
*******************************************************************************



   1	GROUP testgroup
   3	 GRID SQUARE STEP 70
   4	 ELEMENT
   5	 GEOMETRY RECTANGULAR 52 87
   8	 ADD BLOCK -5 -7 -5 4
  10	 GROUP_EXCITATION
  11	 AMPLITUDE SECOND ORDER CENTRE 29 P1_VAL 40 P2_VAL 27 Q1_VAL 25 Q2_VAL 21
  12	 PHASE UNIFORM 189
  13	 END

** WARNING B2: GRID step(s) too small for specified element in GROUP: testgroup
** Generating GROUP: testgroup.
** PSTEP,QSTEP set to:70.000000,70.000000
** Grid ANGLE set to:90.000000 
** Group ROT_ANGLE set to: 0.000000 

** Writing output file: ../inputs/gr942.dat

NEL 
NPORTS
IDUM      REXA     REYA     REZA     THEA     PHEA     PSEA 
          AMP      PSH      PSC      PHEPOL
  12
  12
   1
   1
   1 	 -350.00  -490.00     0.00     0.00     0.00     0.00
   1 	 -350.00  -490.00     0.00     0.00     0.00     0.00
   	   25.00   189.00     0.00    90.00
   	   25.00   189.00     0.00    90.00
   2 	 -350.00  -420.00     0.00     0.00     0.00     0.00
   2 	 -350.00  -420.00     0.00     0.00     0.00     0.00
   	   26.62   189.00     0.00    90.00
   	   26.62   189.00     0.00    90.00
   3 	 -350.00  -350.00     0.00     0.00     0.00     0.00
   3 	 -350.00  -350.00     0.00     0.00     0.00     0.00
   	   27.84   189.00     0.00    90.00
   	   27.84   189.00     0.00    90.00
   4 	 -350.00  -280.00     0.00     0.00     0.00     0.00
   4 	 -350.00  -280.00     0.00     0.00     0.00     0.00
   	   28.67   189.00     0.00    90.00
   	   28.67   189.00     0.00    90.00
   5 	 -350.00  -210.00     0.00     0.00     0.00     0.00
   5 	 -350.00  -210.00     0.00     0.00     0.00     0.00
   	   29.10   189.00     0.00    90.00
   	   29.10   189.00     0.00    90.00
   6 	 -350.00  -140.00     0.00     0.00     0.00     0.00
   6 	 -350.00  -140.00     0.00     0.00     0.00     0.00
   	   29.13   189.00     0.00    90.00
   	   29.13   189.00     0.00    90.00
   7 	 -350.00   -70.00     0.00     0.00     0.00     0.00
   7 	 -350.00   -70.00     0.00     0.00     0.00     0.00
   	   28.77   189.00     0.00    90.00
   	   28.77   189.00     0.00    90.00
   8 	 -350.00     0.00     0.00     0.00     0.00     0.00
   8 	 -350.00     0.00     0.00     0.00     0.00     0.00
   	   28.01   189.00     0.00    90.00
   	   28.01   189.00     0.00    90.00
   9 	 -350.00    70.00     0.00     0.00     0.00     0.00
   9 	 -350.00    70.00     0.00     0.00     0.00     0.00
   	   26.85   189.00     0.00    90.00
   	   26.85   189.00     0.00    90.00
  10 	 -350.00   140.00     0.00     0.00     0.00     0.00
  10 	 -350.00   140.00     0.00     0.00     0.00     0.00
   	   25.30   189.00     0.00    90.00
   	   25.30   189.00     0.00    90.00
  11 	 -350.00   210.00     0.00     0.00     0.00     0.00
  11 	 -350.00   210.00     0.00     0.00     0.00     0.00
   	   23.35   189.00     0.00    90.00
   	   23.35   189.00     0.00    90.00
  12 	 -350.00   280.00     0.00     0.00     0.00     0.00
  12 	 -350.00   280.00     0.00     0.00     0.00     0.00
   	   21.00   189.00     0.00    90.00
   	   21.00   189.00     0.00    90.00

** End writing output file: ../inputs/gr942.dat 
