*******************************************************************************
                         ARRAY PREPROCESSOR ver. 1.0
*******************************************************************************



   1	GROUP testgroup
   3	 GRID RECTANGULAR PSTEP 45 QSTEP 58
   4	 ELEMENT
   5	 GEOMETRY CIRCULAR 63
   7	 ADD BLOCK 2 6 -4 -3
   8	 ADD BLOCK 2 3 3 -9
   9	 ADD BLOCK 4 7 6 -11
  11	 GROUP_EXCITATION
  12	 AMPLITUDE UNIFORM 17
  13	 PHASE UNIFORM -18
  14	 END

** WARNING B2: GRID step(s) too small for specified element in GROUP: testgroup
** Generating GROUP: testgroup.
** PSTEP,QSTEP set to:45.000000,58.000000
** Grid ANGLE set to:90.000000 
** Group ROT_ANGLE set to: 0.000000 

** Writing output file: ../inputs/gr946.dat

NEL 
NPORTS
IDUM      REXA     REYA     REZA     THEA     PHEA     PSEA 
          AMP      PSH      PSC      PHEPOL
 153
 153
   1
   1
   1 	 -180.00  -174.00     0.00     0.00     0.00     0.00
   1 	 -180.00  -174.00     0.00     0.00     0.00     0.00
   	   17.00   -18.00     0.00    90.00
   	   17.00   -18.00     0.00    90.00
   2 	 -135.00  -174.00     0.00     0.00     0.00     0.00
   2 	 -135.00  -174.00     0.00     0.00     0.00     0.00
   	   17.00   -18.00     0.00    90.00
   	   17.00   -18.00     0.00    90.00
   3 	  -90.00  -174.00     0.00     0.00     0.00     0.00
   3 	  -90.00  -174.00     0.00     0.00     0.00     0.00
   	   17.00   -18.00     0.00    90.00
   	   17.00   -18.00     0.00    90.00
   4 	  -45.00  -174.00     0.00     0.00     0.00     0.00
   4 	  -45.00  -174.00     0.00     0.00     0.00     0.00
   	   17.00   -18.00     0.00    90.00
   	   17.00   -18.00     0.00    90.00
   5 	    0.00  -174.00     0.00     0.00     0.00     0.00
   5 	    0.00  -174.00     0.00     0.00     0.00     0.00
   	   17.00   -18.00     0.00    90.00
   	   17.00   -18.00     0.00    90.00
   6 	   45.00  -174.00     0.00     0.00     0.00     0.00
   6 	   45.00  -174.00     0.00     0.00     0.00     0.00
   	   17.00   -18.00     0.00    90.00
   	   17.00   -18.00     0.00    90.00
   7 	   90.00  -174.00     0.00     0.00     0.00     0.00
   7 	   90.00  -174.00     0.00     0.00     0.00     0.00
   	   17.00   -18.00     0.00    90.00
   	   17.00   -18.00     0.00    90.00
   8 	 -180.00  -116.00     0.00     0.00     0.00     0.00
   8 	 -180.00  -116.00     0.00     0.00     0.00     0.00
   	   17.00   -18.00     0.00    90.00
   	   17.00   -18.00     0.00    90.00
   9 	 -135.00  -116.00     0.00     0.00     0.00     0.00
   9 	 -135.00  -116.00     0.00     0.00     0.00     0.00
   	   17.00   -18.00     0.00    90.00
   	   17.00   -18.00     0.00    90.00
  10 	  -90.00  -116.00     0.00     0.00     0.00     0.00
  10 	  -90.00  -116.00     0.00     0.00     0.00     0.00
   	   17.00   -18.00     0.00    90.00
   	   17.00   -18.00     0.00    90.00
  11 	  -45.00  -116.00     0.00     0.00     0.00     0.00
  11 	  -45.00  -116.00     0.00     0.00     0.00     0.00
   	   17.00   -18.00     0.00    90.00
   	   17.00   -18.00     0.00    90.00
  12 	    0.00  -116.00     0.00     0.00     0.00     0.00
  12 	    0.00  -116.00     0.00     0.00     0.00     0.00
   	   17.00   -18.00     0.00    90.00
   	   17.00   -18.00     0.00    90.00
  13 	   45.00  -116.00     0.00     0.00     0.00     0.00
  13 	   45.00  -116.00     0.00     0.00     0.00     0.00
   	   17.00   -18.00     0.00    90.00
   	   17.00   -18.00     0.00    90.00
  14 	   90.00  -116.00     0.00     0.00     0.00     0.00
  14 	   90.00  -116.00     0.00     0.00     0.00     0.00
   	   17.00   -18.00     0.00    90.00
   	   17.00   -18.00     0.00    90.00
  15 	 -180.00   -58.00     0.00     0.00     0.00     0.00
  15 	 -180.00   -58.00     0.00     0.00     0.00     0.00
   	   17.00   -18.00     0.00    90.00
   	   17.00   -18.00     0.00    90.00
  16 	 -135.00   -58.00     0.00     0.00     0.00     0.00
  16 	 -135.00   -58.00     0.00     0.00     0.00     0.00
   	   17.00   -18.00     0.00    90.00
   	   17.00   -18.00     0.00    90.00
  17 	  -90.00   -58.00     0.00     0.00     0.00     0.00
  17 	  -90.00   -58.00     0.00     0.00     0.00     0.00
   	   17.00   -18.00     0.00    90.00
   	   17.00   -18.00     0.00    90.00
  18 	  -45.00   -58.00     0.00     0.00     0.00     0.00
  18 	  -45.00   -58.00     0.00     0.00     0.00     0.00
   	   17.00   -18.00     0.00    90.00
   	   17.00   -18.00     0.00    90.00
  19 	    0.00   -58.00     0.00     0.00     0.00     0.00
  19 	    0.00   -58.00     0.00     0.00     0.00     0.00
   	   17.00   -18.00     0.00    90.00
   	   17.00   -18.00     0.00    90.00
  20 	   45.00   -58.00     0.00     0.00     0.00     0.00
  20 	   45.00   -58.00     0.00     0.00     0.00     0.00
   	   17.00   -18.00     0.00    90.00
   	   17.00   -18.00     0.00    90.00
  21 	   90.00   -58.00     0.00     0.00     0.00     0.00
  21 	   90.00   -58.00     0.00     0.00     0.00     0.00
   	   17.00   -18.00     0.00    90.00
   	   17.00   -18.00     0.00    90.00
  22 	 -180.00     0.00     0.00     0.00     0.00     0.00
  22 	 -180.00     0.00     0.00     0.00     0.00     0.00
   	   17.00   -18.00     0.00    90.00
   	   17.00   -18.00     0.00    90.00
  23 	 -135.00     0.00     0.00     0.00     0.00     0.00
  23 	 -135.00     0.00     0.00     0.00     0.00     0.00
   	   17.00   -18.00     0.00    90.00
   	   17.00   -18.00     0.00    90.00
  24 	  -90.00     0.00     0.00     0.00     0.00     0.00
  24 	  -90.00     0.00     0.00     0.00     0.00     0.00
   	   17.00   -18.00     0.00    90.00
   	   17.00   -18.00     0.00    90.00
  25 	  -45.00     0.00     0.00     0.00     0.00     0.00
  25 	  -45.00     0.00     0.00     0.00     0.00     0.00
   	   17.00   -18.00     0.00    90.00
   	   17.00   -18.00     0.00    90.00
  26 	    0.00     0.00     0.00     0.00     0.00     0.00
  26 	    0.00     0.00     0.00     0.00     0.00     0.00
   	   17.00   -18.00     0.00    90.00
   	   17.00   -18.00     0.00    90.00
  27 	   45.00     0.00     0.00     0.00     0.00     0.00
  27 	   45.00     0.00     0.00     0.00     0.00     0.00
   	   17.00   -18.00     0.00    90.00
   	   17.00   -18.00     0.00    90.00
  28 	   90.00     0.00     0.00     0.00     0.00     0.00
  28 	   90.00     0.00     0.00     0.00     0.00     0.00
   	   17.00   -18.00     0.00    90.00
   	   17.00   -18.00     0.00    90.00
  29 	 -180.00    58.00     0.00     0.00     0.00     0.00
  29 	 -180.00    58.00     0.00     0.00     0.00     0.00
   	   17.00   -18.00     0.00    90.00
   	   17.00   -18.00     0.00    90.00
  30 	 -135.00    58.00     0.00     0.00     0.00     0.00
  30 	 -135.00    58.00     0.00     0.00     0.00     0.00
   	   17.00   -18.00     0.00    90.00
   	   17.00   -18.00     0.00    90.00
  31 	  -90.00    58.00     0.00     0.00     0.00     0.00
  31 	  -90.00    58.00     0.00     0.00     0.00     0.00
   	   17.00   -18.00     0.00    90.00
   	   17.00   -18.00     0.00    90.00
  32 	  -45.00    58.00     0.00     0.00     0.00     0.00
  32 	  -45.00    58.00     0.00     0.00     0.00     0.00
   	   17.00   -18.00     0.00    90.00
   	   17.00   -18.00     0.00    90.00
  33 	   -0.00    58.00     0.00     0.00     0.00     0.00
  33 	   -0.00    58.00     0.00     0.00     0.00     0.00
   	   17.00   -18.00     0.00    90.00
   	   17.00   -18.00     0.00    90.00
  34 	   45.00    58.00     0.00     0.00     0.00     0.00
  34 	   45.00    58.00     0.00     0.00     0.00     0.00
   	   17.00   -18.00     0.00    90.00
   	   17.00   -18.00     0.00    90.00
  35 	   90.00    58.00     0.00     0.00     0.00     0.00
  35 	   90.00    58.00     0.00     0.00     0.00     0.00
   	   17.00   -18.00     0.00    90.00
   	   17.00   -18.00     0.00    90.00
  36 	 -180.00   116.00     0.00     0.00     0.00     0.00
  36 	 -180.00   116.00     0.00     0.00     0.00     0.00
   	   17.00   -18.00     0.00    90.00
   	   17.00   -18.00     0.00    90.00
  37 	 -135.00   116.00     0.00     0.00     0.00     0.00
  37 	 -135.00   116.00     0.00     0.00     0.00     0.00
   	   17.00   -18.00     0.00    90.00
   	   17.00   -18.00     0.00    90.00
  38 	  -90.00   116.00     0.00     0.00     0.00     0.00
  38 	  -90.00   116.00     0.00     0.00     0.00     0.00
   	   17.00   -18.00     0.00    90.00
   	   17.00   -18.00     0.00    90.00
  39 	  -45.00   116.00     0.00     0.00     0.00     0.00
  39 	  -45.00   116.00     0.00     0.00     0.00     0.00
   	   17.00   -18.00     0.00    90.00
   	   17.00   -18.00     0.00    90.00
  40 	   -0.00   116.00     0.00     0.00     0.00     0.00
  40 	   -0.00   116.00     0.00     0.00     0.00     0.00
   	   17.00   -18.00     0.00    90.00
   	   17.00   -18.00     0.00    90.00
  41 	   45.00   116.00     0.00     0.00     0.00     0.00
  41 	   45.00   116.00     0.00     0.00     0.00     0.00
   	   17.00   -18.00     0.00    90.00
   	   17.00   -18.00     0.00    90.00
  42 	   90.00   116.00     0.00     0.00     0.00     0.00
  42 	   90.00   116.00     0.00     0.00     0.00     0.00
   	   17.00   -18.00     0.00    90.00
   	   17.00   -18.00     0.00    90.00
  43 	 -180.00   174.00     0.00     0.00     0.00     0.00
  43 	 -180.00   174.00     0.00     0.00     0.00     0.00
   	   17.00   -18.00     0.00    90.00
   	   17.00   -18.00     0.00    90.00
  44 	 -135.00   174.00     0.00     0.00     0.00     0.00
  44 	 -135.00   174.00     0.00     0.00     0.00     0.00
   	   17.00   -18.00     0.00    90.00
   	   17.00   -18.00     0.00    90.00
  45 	  -90.00   174.00     0.00     0.00     0.00     0.00
  45 	  -90.00   174.00     0.00     0.00     0.00     0.00
   	   17.00   -18.00     0.00    90.00
   	   17.00   -18.00     0.00    90.00
  46 	  -45.00   174.00     0.00     0.00     0.00     0.00
  46 	  -45.00   174.00     0.00     0.00     0.00     0.00
   	   17.00   -18.00     0.00    90.00
   	   17.00   -18.00     0.00    90.00
  47 	   -0.00   174.00     0.00     0.00     0.00     0.00
  47 	   -0.00   174.00     0.00     0.00     0.00     0.00
   	   17.00   -18.00     0.00    90.00
   	   17.00   -18.00     0.00    90.00
  48 	   45.00   174.00     0.00     0.00     0.00     0.00
  48 	   45.00   174.00     0.00     0.00     0.00     0.00
   	   17.00   -18.00     0.00    90.00
   	   17.00   -18.00     0.00    90.00
  49 	   90.00   174.00     0.00     0.00     0.00     0.00
  49 	   90.00   174.00     0.00     0.00     0.00     0.00
   	   17.00   -18.00     0.00    90.00
   	   17.00   -18.00     0.00    90.00
  50 	 -180.00   232.00     0.00     0.00     0.00     0.00
  50 	 -180.00   232.00     0.00     0.00     0.00     0.00
   	   17.00   -18.00     0.00    90.00
   	   17.00   -18.00     0.00    90.00
  51 	 -135.00   232.00     0.00     0.00     0.00     0.00
  51 	 -135.00   232.00     0.00     0.00     0.00     0.00
   	   17.00   -18.00     0.00    90.00
   	   17.00   -18.00     0.00    90.00
  52 	  -90.00   232.00     0.00     0.00     0.00     0.00
  52 	  -90.00   232.00     0.00     0.00     0.00     0.00
   	   17.00   -18.00     0.00    90.00
   	   17.00   -18.00     0.00    90.00
  53 	  -45.00   232.00     0.00     0.00     0.00     0.00
  53 	  -45.00   232.00     0.00     0.00     0.00     0.00
   	   17.00   -18.00     0.00    90.00
   	   17.00   -18.00     0.00    90.00
  54 	   -0.00   232.00     0.00     0.00     0.00     0.00
  54 	   -0.00   232.00     0.00     0.00     0.00     0.00
   	   17.00   -18.00     0.00    90.00
   	   17.00   -18.00     0.00    90.00
  55 	   45.00   232.00     0.00     0.00     0.00     0.00
  55 	   45.00   232.00     0.00     0.00     0.00     0.00
   	   17.00   -18.00     0.00    90.00
   	   17.00   -18.00     0.00    90.00
  56 	   90.00   232.00     0.00     0.00     0.00     0.00
  56 	   90.00   232.00     0.00     0.00     0.00     0.00
   	   17.00   -18.00     0.00    90.00
   	   17.00   -18.00     0.00    90.00
  57 	 -180.00   290.00     0.00     0.00     0.00     0.00
  57 	 -180.00   290.00     0.00     0.00     0.00     0.00
   	   17.00   -18.00     0.00    90.00
   	   17.00   -18.00     0.00    90.00
  58 	 -135.00   290.00     0.00     0.00     0.00     0.00
  58 	 -135.00   290.00     0.00     0.00     0.00     0.00
   	   17.00   -18.00     0.00    90.00
   	   17.00   -18.00     0.00    90.00
  59 	  -90.00   290.00     0.00     0.00     0.00     0.00
  59 	  -90.00   290.00     0.00     0.00     0.00     0.00
   	   17.00   -18.00     0.00    90.00
   	   17.00   -18.00     0.00    90.00
  60 	  -45.00   290.00     0.00     0.00     0.00     0.00
  60 	  -45.00   290.00     0.00     0.00     0.00     0.00
   	   17.00   -18.00     0.00    90.00
   	   17.00   -18.00     0.00    90.00
  61 	   -0.00   290.00     0.00     0.00     0.00     0.00
  61 	   -0.00   290.00     0.00     0.00     0.00     0.00
   	   17.00   -18.00     0.00    90.00
   	   17.00   -18.00     0.00    90.00
  62 	   45.00   290.00     0.00     0.00     0.00     0.00
  62 	   45.00   290.00     0.00     0.00     0.00     0.00
   	   17.00   -18.00     0.00    90.00
   	   17.00   -18.00     0.00    90.00
  63 	   90.00   290.00     0.00     0.00     0.00     0.00
  63 	   90.00   290.00     0.00     0.00     0.00     0.00
   	   17.00   -18.00     0.00    90.00
   	   17.00   -18.00     0.00    90.00
  64 	 -180.00   348.00     0.00     0.00     0.00     0.00
  64 	 -180.00   348.00     0.00     0.00     0.00     0.00
   	   17.00   -18.00     0.00    90.00
   	   17.00   -18.00     0.00    90.00
  65 	 -135.00   348.00     0.00     0.00     0.00     0.00
  65 	 -135.00   348.00     0.00     0.00     0.00     0.00
   	   17.00   -18.00     0.00    90.00
   	   17.00   -18.00     0.00    90.00
  66 	  -90.00   348.00     0.00     0.00     0.00     0.00
  66 	  -90.00   348.00     0.00     0.00     0.00     0.00
   	   17.00   -18.00     0.00    90.00
   	   17.00   -18.00     0.00    90.00
  67 	  -45.00   348.00     0.00     0.00     0.00     0.00
  67 	  -45.00   348.00     0.00     0.00     0.00     0.00
   	   17.00   -18.00     0.00    90.00
   	   17.00   -18.00     0.00    90.00
  68 	   -0.00   348.00     0.00     0.00     0.00     0.00
  68 	   -0.00   348.00     0.00     0.00     0.00     0.00
   	   17.00   -18.00     0.00    90.00
   	   17.00   -18.00     0.00    90.00
  69 	   45.00   348.00     0.00     0.00     0.00     0.00
  69 	   45.00   348.00     0.00     0.00     0.00     0.00
   	   17.00   -18.00     0.00    90.00
   	   17.00   -18.00     0.00    90.00
  70 	   90.00   348.00     0.00     0.00     0.00     0.00
  70 	   90.00   348.00     0.00     0.00     0.00     0.00
   	   17.00   -18.00     0.00    90.00
   	   17.00   -18.00     0.00    90.00
  71 	   90.00  -522.00     0.00     0.00     0.00     0.00
  71 	   90.00  -522.00     0.00     0.00     0.00     0.00
   	   17.00   -18.00     0.00    90.00
   	   17.00   -18.00     0.00    90.00
  72 	  135.00  -522.00     0.00     0.00     0.00     0.00
  72 	  135.00  -522.00     0.00     0.00     0.00     0.00
   	   17.00   -18.00     0.00    90.00
   	   17.00   -18.00     0.00    90.00
  73 	   90.00  -464.00     0.00     0.00     0.00     0.00
  73 	   90.00  -464.00     0.00     0.00     0.00     0.00
   	   17.00   -18.00     0.00    90.00
   	   17.00   -18.00     0.00    90.00
  74 	  135.00  -464.00     0.00     0.00     0.00     0.00
  74 	  135.00  -464.00     0.00     0.00     0.00     0.00
   	   17.00   -18.00     0.00    90.00
   	   17.00   -18.00     0.00    90.00
  75 	   90.00  -406.00     0.00     0.00     0.00     0.00
  75 	   90.00  -406.00     0.00     0.00     0.00     0.00
   	   17.00   -18.00     0.00    90.00
   	   17.00   -18.00     0.00    90.00
  76 	  135.00  -406.00     0.00     0.00     0.00     0.00
  76 	  135.00  -406.00     0.00     0.00     0.00     0.00
   	   17.00   -18.00     0.00    90.00
   	   17.00   -18.00     0.00    90.00
  77 	   90.00  -348.00     0.00     0.00     0.00     0.00
  77 	   90.00  -348.00     0.00     0.00     0.00     0.00
   	   17.00   -18.00     0.00    90.00
   	   17.00   -18.00     0.00    90.00
  78 	  135.00  -348.00     0.00     0.00     0.00     0.00
  78 	  135.00  -348.00     0.00     0.00     0.00     0.00
   	   17.00   -18.00     0.00    90.00
   	   17.00   -18.00     0.00    90.00
  79 	   90.00  -290.00     0.00     0.00     0.00     0.00
  79 	   90.00  -290.00     0.00     0.00     0.00     0.00
   	   17.00   -18.00     0.00    90.00
   	   17.00   -18.00     0.00    90.00
  80 	  135.00  -290.00     0.00     0.00     0.00     0.00
  80 	  135.00  -290.00     0.00     0.00     0.00     0.00
   	   17.00   -18.00     0.00    90.00
   	   17.00   -18.00     0.00    90.00
  81 	   90.00  -232.00     0.00     0.00     0.00     0.00
  81 	   90.00  -232.00     0.00     0.00     0.00     0.00
   	   17.00   -18.00     0.00    90.00
   	   17.00   -18.00     0.00    90.00
  82 	  135.00  -232.00     0.00     0.00     0.00     0.00
  82 	  135.00  -232.00     0.00     0.00     0.00     0.00
   	   17.00   -18.00     0.00    90.00
   	   17.00   -18.00     0.00    90.00
  83 	   90.00  -174.00     0.00     0.00     0.00     0.00
  83 	   90.00  -174.00     0.00     0.00     0.00     0.00
   	   17.00   -18.00     0.00    90.00
   	   17.00   -18.00     0.00    90.00
  84 	  135.00  -174.00     0.00     0.00     0.00     0.00
  84 	  135.00  -174.00     0.00     0.00     0.00     0.00
   	   17.00   -18.00     0.00    90.00
   	   17.00   -18.00     0.00    90.00
  85 	   90.00  -116.00     0.00     0.00     0.00     0.00
  85 	   90.00  -116.00     0.00     0.00     0.00     0.00
   	   17.00   -18.00     0.00    90.00
   	   17.00   -18.00     0.00    90.00
  86 	  135.00  -116.00     0.00     0.00     0.00     0.00
  86 	  135.00  -116.00     0.00     0.00     0.00     0.00
   	   17.00   -18.00     0.00    90.00
   	   17.00   -18.00     0.00    90.00
  87 	   90.00   -58.00     0.00     0.00     0.00     0.00
  87 	   90.00   -58.00     0.00     0.00     0.00     0.00
   	   17.00   -18.00     0.00    90.00
   	   17.00   -18.00     0.00    90.00
  88 	  135.00   -58.00     0.00     0.00     0.00     0.00
  88 	  135.00   -58.00     0.00     0.00     0.00     0.00
   	   17.00   -18.00     0.00    90.00
   	   17.00   -18.00     0.00    90.00
  89 	   90.00     0.00     0.00     0.00     0.00     0.00
  89 	   90.00     0.00     0.00     0.00     0.00     0.00
   	   17.00   -18.00     0.00    90.00
   	   17.00   -18.00     0.00    90.00
  90 	  135.00     0.00     0.00     0.00     0.00     0.00
  90 	  135.00     0.00     0.00     0.00     0.00     0.00
   	   17.00   -18.00     0.00    90.00
   	   17.00   -18.00     0.00    90.00
  91 	   90.00    58.00     0.00     0.00     0.00     0.00
  91 	   90.00    58.00     0.00     0.00     0.00     0.00
   	   17.00   -18.00     0.00    90.00
   	   17.00   -18.00     0.00    90.00
  92 	  135.00    58.00     0.00     0.00     0.00     0.00
  92 	  135.00    58.00     0.00     0.00     0.00     0.00
   	   17.00   -18.00     0.00    90.00
   	   17.00   -18.00     0.00    90.00
  93 	   90.00   116.00     0.00     0.00     0.00     0.00
  93 	   90.00   116.00     0.00     0.00     0.00     0.00
   	   17.00   -18.00     0.00    90.00
   	   17.00   -18.00     0.00    90.00
  94 	  135.00   116.00     0.00     0.00     0.00     0.00
  94 	  135.00   116.00     0.00     0.00     0.00     0.00
   	   17.00   -18.00     0.00    90.00
   	   17.00   -18.00     0.00    90.00
  95 	   90.00   174.00     0.00     0.00     0.00     0.00
  95 	   90.00   174.00     0.00     0.00     0.00     0.00
   	   17.00   -18.00     0.00    90.00
   	   17.00   -18.00     0.00    90.00
  96 	  135.00   174.00     0.00     0.00     0.00     0.00
  96 	  135.00   174.00     0.00     0.00     0.00     0.00
   	   17.00   -18.00     0.00    90.00
   	   17.00   -18.00     0.00    90.00
  97 	  180.00  -638.00     0.00     0.00     0.00     0.00
  97 	  180.00  -638.00     0.00     0.00     0.00     0.00
   	   17.00   -18.00     0.00    90.00
   	   17.00   -18.00     0.00    90.00
  98 	  225.00  -638.00     0.00     0.00     0.00     0.00
  98 	  225.00  -638.00     0.00     0.00     0.00     0.00
   	   17.00   -18.00     0.00    90.00
   	   17.00   -18.00     0.00    90.00
  99 	  270.00  -638.00     0.00     0.00     0.00     0.00
  99 	  270.00  -638.00     0.00     0.00     0.00     0.00
   	   17.00   -18.00     0.00    90.00
   	   17.00   -18.00     0.00    90.00
 100 	  180.00  -580.00     0.00     0.00     0.00     0.00
 100 	  180.00  -580.00     0.00     0.00     0.00     0.00
   	   17.00   -18.00     0.00    90.00
   	   17.00   -18.00     0.00    90.00
 101 	  225.00  -580.00     0.00     0.00     0.00     0.00
 101 	  225.00  -580.00     0.00     0.00     0.00     0.00
   	   17.00   -18.00     0.00    90.00
   	   17.00   -18.00     0.00    90.00
 102 	  270.00  -580.00     0.00     0.00     0.00     0.00
 102 	  270.00  -580.00     0.00     0.00     0.00     0.00
   	   17.00   -18.00     0.00    90.00
   	   17.00   -18.00     0.00    90.00
 103 	  180.00  -522.00     0.00     0.00     0.00     0.00
 103 	  180.00  -522.00     0.00     0.00     0.00     0.00
   	   17.00   -18.00     0.00    90.00
   	   17.00   -18.00     0.00    90.00
 104 	  225.00  -522.00     0.00     0.00     0.00     0.00
 104 	  225.00  -522.00     0.00     0.00     0.00     0.00
   	   17.00   -18.00     0.00    90.00
   	   17.00   -18.00     0.00    90.00
 105 	  270.00  -522.00     0.00     0.00     0.00     0.00
 105 	  270.00  -522.00     0.00     0.00     0.00     0.00
   	   17.00   -18.00     0.00    90.00
   	   17.00   -18.00     0.00    90.00
 106 	  180.00  -464.00     0.00     0.00     0.00     0.00
 106 	  180.00  -464.00     0.00     0.00     0.00     0.00
   	   17.00   -18.00     0.00    90.00
   	   17.00   -18.00     0.00    90.00
 107 	  225.00  -464.00     0.00     0.00     0.00     0.00
 107 	  225.00  -464.00     0.00     0.00     0.00     0.00
   	   17.00   -18.00     0.00    90.00
   	   17.00   -18.00     0.00    90.00
 108 	  270.00  -464.00     0.00     0.00     0.00     0.00
 108 	  270.00  -464.00     0.00     0.00     0.00     0.00
   	   17.00   -18.00     0.00    90.00
   	   17.00   -18.00     0.00    90.00
 109 	  180.00  -406.00     0.00     0.00     0.00     0.00
 109 	  180.00  -406.00     0.00     0.00     0.00     0.00
   	   17.00   -18.00     0.00    90.00
   	   17.00   -18.00     0.00    90.00
 110 	  225.00  -406.00     0.00     0.00     0.00     0.00
 110 	  225.00  -406.00     0.00     0.00     0.00     0.00
   	   17.00   -18.00     0.00    90.00
   	   17.00   -18.00     0.00    90.00
 111 	  270.00  -406.00     0.00     0.00     0.00     0.00
 111 	  270.00  -406.00     0.00     0.00     0.00     0.00
   	   17.00   -18.00     0.00    90.00
   	   17.00   -18.00     0.00    90.00
 112 	  180.00  -348.00     0.00     0.00     0.00     0.00
 112 	  180.00  -348.00     0.00     0.00     0.00     0.00
   	   17.00   -18.00     0.00    90.00
   	   17.00   -18.00     0.00    90.00
 113 	  225.00  -348.00     0.00     0.00     0.00     0.00
 113 	  225.00  -348.00     0.00     0.00     0.00     0.00
   	   17.00   -18.00     0.00    90.00
   	   17.00   -18.00     0.00    90.00
 114 	  270.00  -348.00     0.00     0.00     0.00     0.00
 114 	  270.00  -348.00     0.00     0.00     0.00     0.00
   	   17.00   -18.00     0.00    90.00
   	   17.00   -18.00     0.00    90.00
 115 	  180.00  -290.00     0.00     0.00     0.00     0.00
 115 	  180.00  -290.00     0.00     0.00     0.00     0.00
   	   17.00   -18.00     0.00    90.00
   	   17.00   -18.00     0.00    90.00
 116 	  225.00  -290.00     0.00     0.00     0.00     0.00
 116 	  225.00  -290.00     0.00     0.00     0.00     0.00
   	   17.00   -18.00     0.00    90.00
   	   17.00   -18.00     0.00    90.00
 117 	  270.00  -290.00     0.00     0.00     0.00     0.00
 117 	  270.00  -290.00     0.00     0.00     0.00     0.00
   	   17.00   -18.00     0.00    90.00
   	   17.00   -18.00     0.00    90.00
 118 	  180.00  -232.00     0.00     0.00     0.00     0.00
 118 	  180.00  -232.00     0.00     0.00     0.00     0.00
   	   17.00   -18.00     0.00    90.00
   	   17.00   -18.00     0.00    90.00
 119 	  225.00  -232.00     0.00     0.00     0.00     0.00
 119 	  225.00  -232.00     0.00     0.00     0.00     0.00
   	   17.00   -18.00     0.00    90.00
   	   17.00   -18.00     0.00    90.00
 120 	  270.00  -232.00     0.00     0.00     0.00     0.00
 120 	  270.00  -232.00     0.00     0.00     0.00     0.00
   	   17.00   -18.00     0.00    90.00
   	   17.00   -18.00     0.00    90.00
 121 	  180.00  -174.00     0.00     0.00     0.00     0.00
 121 	  180.00  -174.00     0.00     0.00     0.00     0.00
   	   17.00   -18.00     0.00    90.00
   	   17.00   -18.00     0.00    90.00
 122 	  225.00  -174.00     0.00     0.00     0.00     0.00
 122 	  225.00  -174.00     0.00     0.00     0.00     0.00
   	   17.00   -18.00     0.00    90.00
   	   17.00   -18.00     0.00    90.00
 123 	  270.00  -174.00     0.00     0.00     0.00     0.00
 123 	  270.00  -174.00     0.00     0.00     0.00     0.00
   	   17.00   -18.00     0.00    90.00
   	   17.00   -18.00     0.00    90.00
 124 	  180.00  -116.00     0.00     0.00     0.00     0.00
 124 	  180.00  -116.00     0.00     0.00     0.00     0.00
   	   17.00   -18.00     0.00    90.00
   	   17.00   -18.00     0.00    90.00
 125 	  225.00  -116.00     0.00     0.00     0.00     0.00
 125 	  225.00  -116.00     0.00     0.00     0.00     0.00
   	   17.00   -18.00     0.00    90.00
   	   17.00   -18.00     0.00    90.00
 126 	  270.00  -116.00     0.00     0.00     0.00     0.00
 126 	  270.00  -116.00     0.00     0.00     0.00     0.00
   	   17.00   -18.00     0.00    90.00
   	   17.00   -18.00     0.00    90.00
 127 	  180.00   -58.00     0.00     0.00     0.00     0.00
 127 	  180.00   -58.00     0.00     0.00     0.00     0.00
   	   17.00   -18.00     0.00    90.00
   	   17.00   -18.00     0.00    90.00
 128 	  225.00   -58.00     0.00     0.00     0.00     0.00
 128 	  225.00   -58.00     0.00     0.00     0.00     0.00
   	   17.00   -18.00     0.00    90.00
   	   17.00   -18.00     0.00    90.00
 129 	  270.00   -58.00     0.00     0.00     0.00     0.00
 129 	  270.00   -58.00     0.00     0.00     0.00     0.00
   	   17.00   -18.00     0.00    90.00
   	   17.00   -18.00     0.00    90.00
 130 	  180.00     0.00     0.00     0.00     0.00     0.00
 130 	  180.00     0.00     0.00     0.00     0.00     0.00
   	   17.00   -18.00     0.00    90.00
   	   17.00   -18.00     0.00    90.00
 131 	  225.00     0.00     0.00     0.00     0.00     0.00
 131 	  225.00     0.00     0.00     0.00     0.00     0.00
   	   17.00   -18.00     0.00    90.00
   	   17.00   -18.00     0.00    90.00
 132 	  270.00     0.00     0.00     0.00     0.00     0.00
 132 	  270.00     0.00     0.00     0.00     0.00     0.00
   	   17.00   -18.00     0.00    90.00
   	   17.00   -18.00     0.00    90.00
 133 	  180.00    58.00     0.00     0.00     0.00     0.00
 133 	  180.00    58.00     0.00     0.00     0.00     0.00
   	   17.00   -18.00     0.00    90.00
   	   17.00   -18.00     0.00    90.00
 134 	  225.00    58.00     0.00     0.00     0.00     0.00
 134 	  225.00    58.00     0.00     0.00     0.00     0.00
   	   17.00   -18.00     0.00    90.00
   	   17.00   -18.00     0.00    90.00
 135 	  270.00    58.00     0.00     0.00     0.00     0.00
 135 	  270.00    58.00     0.00     0.00     0.00     0.00
   	   17.00   -18.00     0.00    90.00
   	   17.00   -18.00     0.00    90.00
 136 	  180.00   116.00     0.00     0.00     0.00     0.00
 136 	  180.00   116.00     0.00     0.00     0.00     0.00
   	   17.00   -18.00     0.00    90.00
   	   17.00   -18.00     0.00    90.00
 137 	  225.00   116.00     0.00     0.00     0.00     0.00
 137 	  225.00   116.00     0.00     0.00     0.00     0.00
   	   17.00   -18.00     0.00    90.00
   	   17.00   -18.00     0.00    90.00
 138 	  270.00   116.00     0.00     0.00     0.00     0.00
 138 	  270.00   116.00     0.00     0.00     0.00     0.00
   	   17.00   -18.00     0.00    90.00
   	   17.00   -18.00     0.00    90.00
 139 	  180.00   174.00     0.00     0.00     0.00     0.00
 139 	  180.00   174.00     0.00     0.00     0.00     0.00
   	   17.00   -18.00     0.00    90.00
   	   17.00   -18.00     0.00    90.00
 140 	  225.00   174.00     0.00     0.00     0.00     0.00
 140 	  225.00   174.00     0.00     0.00     0.00     0.00
   	   17.00   -18.00     0.00    90.00
   	   17.00   -18.00     0.00    90.00
 141 	  270.00   174.00     0.00     0.00     0.00     0.00
 141 	  270.00   174.00     0.00     0.00     0.00     0.00
   	   17.00   -18.00     0.00    90.00
   	   17.00   -18.00     0.00    90.00
 142 	  180.00   232.00     0.00     0.00     0.00     0.00
 142 	  180.00   232.00     0.00     0.00     0.00     0.00
   	   17.00   -18.00     0.00    90.00
   	   17.00   -18.00     0.00    90.00
 143 	  225.00   232.00     0.00     0.00     0.00     0.00
 143 	  225.00   232.00     0.00     0.00     0.00     0.00
   	   17.00   -18.00     0.00    90.00
   	   17.00   -18.00     0.00    90.00
 144 	  270.00   232.00     0.00     0.00     0.00     0.00
 144 	  270.00   232.00     0.00     0.00     0.00     0.00
   	   17.00   -18.00     0.00    90.00
   	   17.00   -18.00     0.00    90.00
 145 	  180.00   290.00     0.00     0.00     0.00     0.00
 145 	  180.00   290.00     0.00     0.00     0.00     0.00
   	   17.00   -18.00     0.00    90.00
   	   17.00   -18.00     0.00    90.00
 146 	  225.00   290.00     0.00     0.00     0.00     0.00
 146 	  225.00   290.00     0.00     0.00     0.00     0.00
   	   17.00   -18.00     0.00    90.00
   	   17.00   -18.00     0.00    90.00
 147 	  270.00   290.00     0.00     0.00     0.00     0.00
 147 	  270.00   290.00     0.00     0.00     0.00     0.00
   	   17.00   -18.00     0.00    90.00
   	   17.00   -18.00     0.00    90.00
 148 	  180.00   348.00     0.00     0.00     0.00     0.00
 148 	  180.00   348.00     0.00     0.00     0.00     0.00
   	   17.00   -18.00     0.00    90.00
   	   17.00   -18.00     0.00    90.00
 149 	  225.00   348.00     0.00     0.00     0.00     0.00
 149 	  225.00   348.00     0.00     0.00     0.00     0.00
   	   17.00   -18.00     0.00    90.00
   	   17.00   -18.00     0.00    90.00
 150 	  270.00   348.00     0.00     0.00     0.00     0.00
 150 	  270.00   348.00     0.00     0.00     0.00     0.00
   	   17.00   -18.00     0.00    90.00
   	   17.00   -18.00     0.00    90.00
 151 	  180.00   406.00     0.00     0.00     0.00     0.00
 151 	  180.00   406.00     0.00     0.00     0.00     0.00
   	   17.00   -18.00     0.00    90.00
   	   17.00   -18.00     0.00    90.00
 152 	  225.00   406.00     0.00     0.00     0.00     0.00
 152 	  225.00   406.00     0.00     0.00     0.00     0.00
   	   17.00   -18.00     0.00    90.00
   	   17.00   -18.00     0.00    90.00
 153 	  270.00   406.00     0.00     0.00     0.00     0.00
 153 	  270.00   406.00     0.00     0.00     0.00     0.00
   	   17.00   -18.00     0.00    90.00
   	   17.00   -18.00     0.00    90.00

** End writing output file: ../inputs/gr946.dat 
