*******************************************************************************
                         ARRAY PREPROCESSOR ver. 1.0
*******************************************************************************



   1	GROUP testgroup
   3	 GRID RECTANGULAR
   4	 ELEMENT
   5	 GEOMETRY CIRCULAR 92
   7	 ADD BLOCK -5 9 -2 0
   9	 GROUP_EXCITATION
  10	 AMPLITUDE UNIFORM 18
  11	 PHASE UNIFORM -35
  12	 END

** Generating GROUP: testgroup.
** PSTEP,QSTEP set to:184.000000,184.000000
** Grid ANGLE set to:90.000000 
** Group ROT_ANGLE set to: 0.000000 

** Writing output file: ../inputs/gr949.dat

NEL 
NPORTS
IDUM      REXA     REYA     REZA     THEA     PHEA     PSEA 
          AMP      PSH      PSC      PHEPOL
  40
  40
   1
   1
   1 	 -920.00     0.00     0.00     0.00     0.00     0.00
   1 	 -920.00     0.00     0.00     0.00     0.00     0.00
   	   18.00   -35.00     0.00    90.00
   	   18.00   -35.00     0.00    90.00
   2 	 -736.00     0.00     0.00     0.00     0.00     0.00
   2 	 -736.00     0.00     0.00     0.00     0.00     0.00
   	   18.00   -35.00     0.00    90.00
   	   18.00   -35.00     0.00    90.00
   3 	 -552.00     0.00     0.00     0.00     0.00     0.00
   3 	 -552.00     0.00     0.00     0.00     0.00     0.00
   	   18.00   -35.00     0.00    90.00
   	   18.00   -35.00     0.00    90.00
   4 	 -368.00     0.00     0.00     0.00     0.00     0.00
   4 	 -368.00     0.00     0.00     0.00     0.00     0.00
   	   18.00   -35.00     0.00    90.00
   	   18.00   -35.00     0.00    90.00
   5 	 -920.00   184.00     0.00     0.00     0.00     0.00
   5 	 -920.00   184.00     0.00     0.00     0.00     0.00
   	   18.00   -35.00     0.00    90.00
   	   18.00   -35.00     0.00    90.00
   6 	 -736.00   184.00     0.00     0.00     0.00     0.00
   6 	 -736.00   184.00     0.00     0.00     0.00     0.00
   	   18.00   -35.00     0.00    90.00
   	   18.00   -35.00     0.00    90.00
   7 	 -552.00   184.00     0.00     0.00     0.00     0.00
   7 	 -552.00   184.00     0.00     0.00     0.00     0.00
   	   18.00   -35.00     0.00    90.00
   	   18.00   -35.00     0.00    90.00
   8 	 -368.00   184.00     0.00     0.00     0.00     0.00
   8 	 -368.00   184.00     0.00     0.00     0.00     0.00
   	   18.00   -35.00     0.00    90.00
   	   18.00   -35.00     0.00    90.00
   9 	 -920.00   368.00     0.00     0.00     0.00     0.00
   9 	 -920.00   368.00     0.00     0.00     0.00     0.00
   	   18.00   -35.00     0.00    90.00
   	   18.00   -35.00     0.00    90.00
  10 	 -736.00   368.00     0.00     0.00     0.00     0.00
  10 	 -736.00   368.00     0.00     0.00     0.00     0.00
   	   18.00   -35.00     0.00    90.00
   	   18.00   -35.00     0.00    90.00
  11 	 -552.00   368.00     0.00     0.00     0.00     0.00
  11 	 -552.00   368.00     0.00     0.00     0.00     0.00
   	   18.00   -35.00     0.00    90.00
   	   18.00   -35.00     0.00    90.00
  12 	 -368.00   368.00     0.00     0.00     0.00     0.00
  12 	 -368.00   368.00     0.00     0.00     0.00     0.00
   	   18.00   -35.00     0.00    90.00
   	   18.00   -35.00     0.00    90.00
  13 	 -920.00   552.00     0.00     0.00     0.00     0.00
  13 	 -920.00   552.00     0.00     0.00     0.00     0.00
   	   18.00   -35.00     0.00    90.00
   	   18.00   -35.00     0.00    90.00
  14 	 -736.00   552.00     0.00     0.00     0.00     0.00
  14 	 -736.00   552.00     0.00     0.00     0.00     0.00
   	   18.00   -35.00     0.00    90.00
   	   18.00   -35.00     0.00    90.00
  15 	 -552.00   552.00     0.00     0.00     0.00     0.00
  15 	 -552.00   552.00     0.00     0.00     0.00     0.00
   	   18.00   -35.00     0.00    90.00
   	   18.00   -35.00     0.00    90.00
  16 	 -368.00   552.00     0.00     0.00     0.00     0.00
  16 	 -368.00   552.00     0.00     0.00     0.00     0.00
   	   18.00   -35.00     0.00    90.00
   	   18.00   -35.00     0.00    90.00
  17 	 -920.00   736.00     0.00     0.00     0.00     0.00
  17 	 -920.00   736.00     0.00     0.00     0.00     0.00
   	   18.00   -35.00     0.00    90.00
   	   18.00   -35.00     0.00    90.00
  18 	 -736.00   736.00     0.00     0.00     0.00     0.00
  18 	 -736.00   736.00     0.00     0.00     0.00     0.00
   	   18.00   -35.00     0.00    90.00
   	   18.00   -35.00     0.00    90.00
  19 	 -552.00   736.00     0.00     0.00     0.00     0.00
  19 	 -552.00   736.00     0.00     0.00     0.00     0.00
   	   18.00   -35.00     0.00    90.00
   	   18.00   -35.00     0.00    90.00
  20 	 -368.00   736.00     0.00     0.00     0.00     0.00
  20 	 -368.00   736.00     0.00     0.00     0.00     0.00
   	   18.00   -35.00     0.00    90.00
   	   18.00   -35.00     0.00    90.00
  21 	 -920.00   920.00     0.00     0.00     0.00     0.00
  21 	 -920.00   920.00     0.00     0.00     0.00     0.00
   	   18.00   -35.00     0.00    90.00
   	   18.00   -35.00     0.00    90.00
  22 	 -736.00   920.00     0.00     0.00     0.00     0.00
  22 	 -736.00   920.00     0.00     0.00     0.00     0.00
   	   18.00   -35.00     0.00    90.00
   	   18.00   -35.00     0.00    90.00
  23 	 -552.00   920.00     0.00     0.00     0.00     0.00
  23 	 -552.00   920.00     0.00     0.00     0.00     0.00
   	   18.00   -35.00     0.00    90.00
   	   18.00   -35.00     0.00    90.00
  24 	 -368.00   920.00     0.00     0.00     0.00     0.00
  24 	 -368.00   920.00     0.00     0.00     0.00     0.00
   	   18.00   -35.00     0.00    90.00
   	   18.00   -35.00     0.00    90.00
  25 	 -920.00  1104.00     0.00     0.00     0.00     0.00
  25 	 -920.00  1104.00     0.00     0.00     0.00     0.00
   	   18.00   -35.00     0.00    90.00
   	   18.00   -35.00     0.00    90.00
  26 	 -736.00  1104.00     0.00     0.00     0.00     0.00
  26 	 -736.00  1104.00     0.00     0.00     0.00     0.00
   	   18.00   -35.00     0.00    90.00
   	   18.00   -35.00     0.00    90.00
  27 	 -552.00  1104.00     0.00     0.00     0.00     0.00
  27 	 -552.00  1104.00     0.00     0.00     0.00     0.00
   	   18.00   -35.00     0.00    90.00
   	   18.00   -35.00     0.00    90.00
  28 	 -368.00  1104.00     0.00     0.00     0.00     0.00
  28 	 -368.00  1104.00     0.00     0.00     0.00     0.00
   	   18.00   -35.00     0.00    90.00
   	   18.00   -35.00     0.00    90.00
  29 	 -920.00  1288.00     0.00     0.00     0.00     0.00
  29 	 -920.00  1288.00     0.00     0.00     0.00     0.00
   	   18.00   -35.00     0.00    90.00
   	   18.00   -35.00     0.00    90.00
  30 	 -736.00  1288.00     0.00     0.00     0.00     0.00
  30 	 -736.00  1288.00     0.00     0.00     0.00     0.00
   	   18.00   -35.00     0.00    90.00
   	   18.00   -35.00     0.00    90.00
  31 	 -552.00  1288.00     0.00     0.00     0.00     0.00
  31 	 -552.00  1288.00     0.00     0.00     0.00     0.00
   	   18.00   -35.00     0.00    90.00
   	   18.00   -35.00     0.00    90.00
  32 	 -368.00  1288.00     0.00     0.00     0.00     0.00
  32 	 -368.00  1288.00     0.00     0.00     0.00     0.00
   	   18.00   -35.00     0.00    90.00
   	   18.00   -35.00     0.00    90.00
  33 	 -920.00  1472.00     0.00     0.00     0.00     0.00
  33 	 -920.00  1472.00     0.00     0.00     0.00     0.00
   	   18.00   -35.00     0.00    90.00
   	   18.00   -35.00     0.00    90.00
  34 	 -736.00  1472.00     0.00     0.00     0.00     0.00
  34 	 -736.00  1472.00     0.00     0.00     0.00     0.00
   	   18.00   -35.00     0.00    90.00
   	   18.00   -35.00     0.00    90.00
  35 	 -552.00  1472.00     0.00     0.00     0.00     0.00
  35 	 -552.00  1472.00     0.00     0.00     0.00     0.00
   	   18.00   -35.00     0.00    90.00
   	   18.00   -35.00     0.00    90.00
  36 	 -368.00  1472.00     0.00     0.00     0.00     0.00
  36 	 -368.00  1472.00     0.00     0.00     0.00     0.00
   	   18.00   -35.00     0.00    90.00
   	   18.00   -35.00     0.00    90.00
  37 	 -920.00  1656.00     0.00     0.00     0.00     0.00
  37 	 -920.00  1656.00     0.00     0.00     0.00     0.00
   	   18.00   -35.00     0.00    90.00
   	   18.00   -35.00     0.00    90.00
  38 	 -736.00  1656.00     0.00     0.00     0.00     0.00
  38 	 -736.00  1656.00     0.00     0.00     0.00     0.00
   	   18.00   -35.00     0.00    90.00
   	   18.00   -35.00     0.00    90.00
  39 	 -552.00  1656.00     0.00     0.00     0.00     0.00
  39 	 -552.00  1656.00     0.00     0.00     0.00     0.00
   	   18.00   -35.00     0.00    90.00
   	   18.00   -35.00     0.00    90.00
  40 	 -368.00  1656.00     0.00     0.00     0.00     0.00
  40 	 -368.00  1656.00     0.00     0.00     0.00     0.00
   	   18.00   -35.00     0.00    90.00
   	   18.00   -35.00     0.00    90.00

** End writing output file: ../inputs/gr949.dat 
