*******************************************************************************
                         ARRAY PREPROCESSOR ver. 1.0
*******************************************************************************



   1	GROUP testgroup
   3	 GRID HEXAGONAL
   4	 ELEMENT
   5	 GEOMETRY CIRCULAR 59
   7	 ADD NODE 9 6
   8	 ADD BLOCK 0 -3 0 1
   9	 ADD NODE -3 0
  10	 ADD BLOCK -5 2 -6 1
  12	 GROUP_EXCITATION
  13	 AMPLITUDE UNIFORM 26
  14	 PHASE UNIFORM 58
  15	 END

** Generating GROUP: testgroup.
** PSTEP,QSTEP set to:118.000000,118.000000
** Grid ANGLE set to:60.000000 
** Group ROT_ANGLE set to: 0.000000 

** Writing output file: ../inputs/gr95.dat

NEL 
NPORTS
IDUM      REXA     REYA     REZA     THEA     PHEA     PSEA 
          AMP      PSH      PSC      PHEPOL
  11
  11
   1
   1
   1 	 1416.00   613.15     0.00     0.00     0.00     0.00
   1 	 1416.00   613.15     0.00     0.00     0.00     0.00
   	   26.00    58.00     0.00    90.00
   	   26.00    58.00     0.00    90.00
   2 	 -177.00  -306.57     0.00     0.00     0.00     0.00
   2 	 -177.00  -306.57     0.00     0.00     0.00     0.00
   	   26.00    58.00     0.00    90.00
   	   26.00    58.00     0.00    90.00
   3 	 -118.00  -204.38     0.00     0.00     0.00     0.00
   3 	 -118.00  -204.38     0.00     0.00     0.00     0.00
   	   26.00    58.00     0.00    90.00
   	   26.00    58.00     0.00    90.00
   4 	  -59.00  -102.19     0.00     0.00     0.00     0.00
   4 	  -59.00  -102.19     0.00     0.00     0.00     0.00
   	   26.00    58.00     0.00    90.00
   	   26.00    58.00     0.00    90.00
   5 	    0.00     0.00     0.00     0.00     0.00     0.00
   5 	    0.00     0.00     0.00     0.00     0.00     0.00
   	   26.00    58.00     0.00    90.00
   	   26.00    58.00     0.00    90.00
   6 	   59.00   102.19     0.00     0.00     0.00     0.00
   6 	   59.00   102.19     0.00     0.00     0.00     0.00
   	   26.00    58.00     0.00    90.00
   	   26.00    58.00     0.00    90.00
   7 	 -354.00     0.00     0.00     0.00     0.00     0.00
   7 	 -354.00     0.00     0.00     0.00     0.00     0.00
   	   26.00    58.00     0.00    90.00
   	   26.00    58.00     0.00    90.00
   8 	 -649.00   102.19     0.00     0.00     0.00     0.00
   8 	 -649.00   102.19     0.00     0.00     0.00     0.00
   	   26.00    58.00     0.00    90.00
   	   26.00    58.00     0.00    90.00
   9 	 -531.00   102.19     0.00     0.00     0.00     0.00
   9 	 -531.00   102.19     0.00     0.00     0.00     0.00
   	   26.00    58.00     0.00    90.00
   	   26.00    58.00     0.00    90.00
  10 	 -590.00   204.38     0.00     0.00     0.00     0.00
  10 	 -590.00   204.38     0.00     0.00     0.00     0.00
   	   26.00    58.00     0.00    90.00
   	   26.00    58.00     0.00    90.00
  11 	 -472.00   204.38     0.00     0.00     0.00     0.00
  11 	 -472.00   204.38     0.00     0.00     0.00     0.00
   	   26.00    58.00     0.00    90.00
   	   26.00    58.00     0.00    90.00

** End writing output file: ../inputs/gr95.dat 
