*******************************************************************************
                         ARRAY PREPROCESSOR ver. 1.0
*******************************************************************************



   1	GROUP testgroup
   3	 GRID HEXAGONAL
   4	 ELEMENT
   5	 GEOMETRY CIRCULAR 62
   7	 ADD HEXAGON 4 7
   8	 ADD HEXAGON -3 -2
   9	 ADD BLOCK 4 9 0 0
  10	 ADD BLOCK 10 -4 3 0
  12	 GROUP_EXCITATION
  13	 AMPLITUDE UNIFORM 25
  14	 PHASE UNIFORM 0
  15	 END

** Generating GROUP: testgroup.
** PSTEP,QSTEP set to:124.000000,124.000000
** Grid ANGLE set to:60.000000 
** Group ROT_ANGLE set to: 0.000000 

** Writing output file: ../inputs/gr954.dat

NEL 
NPORTS
IDUM      REXA     REYA     REZA     THEA     PHEA     PSEA 
          AMP      PSH      PSC      PHEPOL
 104
 104
   1
   1
   1 	  868.00   859.10     0.00     0.00     0.00     0.00
   1 	  868.00   859.10     0.00     0.00     0.00     0.00
   	   25.00     0.00     0.00    90.00
   	   25.00     0.00     0.00    90.00
   2 	  992.00   859.10     0.00     0.00     0.00     0.00
   2 	  992.00   859.10     0.00     0.00     0.00     0.00
   	   25.00     0.00     0.00    90.00
   	   25.00     0.00     0.00    90.00
   3 	 1054.00   751.71     0.00     0.00     0.00     0.00
   3 	 1054.00   751.71     0.00     0.00     0.00     0.00
   	   25.00     0.00     0.00    90.00
   	   25.00     0.00     0.00    90.00
   4 	  992.00   644.32     0.00     0.00     0.00     0.00
   4 	  992.00   644.32     0.00     0.00     0.00     0.00
   	   25.00     0.00     0.00    90.00
   	   25.00     0.00     0.00    90.00
   5 	  868.00   644.32     0.00     0.00     0.00     0.00
   5 	  868.00   644.32     0.00     0.00     0.00     0.00
   	   25.00     0.00     0.00    90.00
   	   25.00     0.00     0.00    90.00
   6 	  806.00   751.71     0.00     0.00     0.00     0.00
   6 	  806.00   751.71     0.00     0.00     0.00     0.00
   	   25.00     0.00     0.00    90.00
   	   25.00     0.00     0.00    90.00
   7 	  930.00   751.71     0.00     0.00     0.00     0.00
   7 	  930.00   751.71     0.00     0.00     0.00     0.00
   	   25.00     0.00     0.00    90.00
   	   25.00     0.00     0.00    90.00
   8 	 -558.00  -107.39     0.00     0.00     0.00     0.00
   8 	 -558.00  -107.39     0.00     0.00     0.00     0.00
   	   25.00     0.00     0.00    90.00
   	   25.00     0.00     0.00    90.00
   9 	 -434.00  -107.39     0.00     0.00     0.00     0.00
   9 	 -434.00  -107.39     0.00     0.00     0.00     0.00
   	   25.00     0.00     0.00    90.00
   	   25.00     0.00     0.00    90.00
  10 	 -372.00  -214.77     0.00     0.00     0.00     0.00
  10 	 -372.00  -214.77     0.00     0.00     0.00     0.00
   	   25.00     0.00     0.00    90.00
   	   25.00     0.00     0.00    90.00
  11 	 -434.00  -322.16     0.00     0.00     0.00     0.00
  11 	 -434.00  -322.16     0.00     0.00     0.00     0.00
   	   25.00     0.00     0.00    90.00
   	   25.00     0.00     0.00    90.00
  12 	 -558.00  -322.16     0.00     0.00     0.00     0.00
  12 	 -558.00  -322.16     0.00     0.00     0.00     0.00
   	   25.00     0.00     0.00    90.00
   	   25.00     0.00     0.00    90.00
  13 	 -620.00  -214.77     0.00     0.00     0.00     0.00
  13 	 -620.00  -214.77     0.00     0.00     0.00     0.00
   	   25.00     0.00     0.00    90.00
   	   25.00     0.00     0.00    90.00
  14 	 -496.00  -214.77     0.00     0.00     0.00     0.00
  14 	 -496.00  -214.77     0.00     0.00     0.00     0.00
   	   25.00     0.00     0.00    90.00
   	   25.00     0.00     0.00    90.00
  15 	    0.00     0.00     0.00     0.00     0.00     0.00
  15 	    0.00     0.00     0.00     0.00     0.00     0.00
   	   25.00     0.00     0.00    90.00
   	   25.00     0.00     0.00    90.00
  16 	  124.00     0.00     0.00     0.00     0.00     0.00
  16 	  124.00     0.00     0.00     0.00     0.00     0.00
   	   25.00     0.00     0.00    90.00
   	   25.00     0.00     0.00    90.00
  17 	  248.00     0.00     0.00     0.00     0.00     0.00
  17 	  248.00     0.00     0.00     0.00     0.00     0.00
   	   25.00     0.00     0.00    90.00
   	   25.00     0.00     0.00    90.00
  18 	  372.00     0.00     0.00     0.00     0.00     0.00
  18 	  372.00     0.00     0.00     0.00     0.00     0.00
   	   25.00     0.00     0.00    90.00
   	   25.00     0.00     0.00    90.00
  19 	  496.00     0.00     0.00     0.00     0.00     0.00
  19 	  496.00     0.00     0.00     0.00     0.00     0.00
   	   25.00     0.00     0.00    90.00
   	   25.00     0.00     0.00    90.00
  20 	   62.00   107.39     0.00     0.00     0.00     0.00
  20 	   62.00   107.39     0.00     0.00     0.00     0.00
   	   25.00     0.00     0.00    90.00
   	   25.00     0.00     0.00    90.00
  21 	  186.00   107.39     0.00     0.00     0.00     0.00
  21 	  186.00   107.39     0.00     0.00     0.00     0.00
   	   25.00     0.00     0.00    90.00
   	   25.00     0.00     0.00    90.00
  22 	  310.00   107.39     0.00     0.00     0.00     0.00
  22 	  310.00   107.39     0.00     0.00     0.00     0.00
   	   25.00     0.00     0.00    90.00
   	   25.00     0.00     0.00    90.00
  23 	  434.00   107.39     0.00     0.00     0.00     0.00
  23 	  434.00   107.39     0.00     0.00     0.00     0.00
   	   25.00     0.00     0.00    90.00
   	   25.00     0.00     0.00    90.00
  24 	  558.00   107.39     0.00     0.00     0.00     0.00
  24 	  558.00   107.39     0.00     0.00     0.00     0.00
   	   25.00     0.00     0.00    90.00
   	   25.00     0.00     0.00    90.00
  25 	  124.00   214.77     0.00     0.00     0.00     0.00
  25 	  124.00   214.77     0.00     0.00     0.00     0.00
   	   25.00     0.00     0.00    90.00
   	   25.00     0.00     0.00    90.00
  26 	  248.00   214.77     0.00     0.00     0.00     0.00
  26 	  248.00   214.77     0.00     0.00     0.00     0.00
   	   25.00     0.00     0.00    90.00
   	   25.00     0.00     0.00    90.00
  27 	  372.00   214.77     0.00     0.00     0.00     0.00
  27 	  372.00   214.77     0.00     0.00     0.00     0.00
   	   25.00     0.00     0.00    90.00
   	   25.00     0.00     0.00    90.00
  28 	  496.00   214.77     0.00     0.00     0.00     0.00
  28 	  496.00   214.77     0.00     0.00     0.00     0.00
   	   25.00     0.00     0.00    90.00
   	   25.00     0.00     0.00    90.00
  29 	  620.00   214.77     0.00     0.00     0.00     0.00
  29 	  620.00   214.77     0.00     0.00     0.00     0.00
   	   25.00     0.00     0.00    90.00
   	   25.00     0.00     0.00    90.00
  30 	  186.00   322.16     0.00     0.00     0.00     0.00
  30 	  186.00   322.16     0.00     0.00     0.00     0.00
   	   25.00     0.00     0.00    90.00
   	   25.00     0.00     0.00    90.00
  31 	  310.00   322.16     0.00     0.00     0.00     0.00
  31 	  310.00   322.16     0.00     0.00     0.00     0.00
   	   25.00     0.00     0.00    90.00
   	   25.00     0.00     0.00    90.00
  32 	  434.00   322.16     0.00     0.00     0.00     0.00
  32 	  434.00   322.16     0.00     0.00     0.00     0.00
   	   25.00     0.00     0.00    90.00
   	   25.00     0.00     0.00    90.00
  33 	  558.00   322.16     0.00     0.00     0.00     0.00
  33 	  558.00   322.16     0.00     0.00     0.00     0.00
   	   25.00     0.00     0.00    90.00
   	   25.00     0.00     0.00    90.00
  34 	  682.00   322.16     0.00     0.00     0.00     0.00
  34 	  682.00   322.16     0.00     0.00     0.00     0.00
   	   25.00     0.00     0.00    90.00
   	   25.00     0.00     0.00    90.00
  35 	  248.00   429.55     0.00     0.00     0.00     0.00
  35 	  248.00   429.55     0.00     0.00     0.00     0.00
   	   25.00     0.00     0.00    90.00
   	   25.00     0.00     0.00    90.00
  36 	  372.00   429.55     0.00     0.00     0.00     0.00
  36 	  372.00   429.55     0.00     0.00     0.00     0.00
   	   25.00     0.00     0.00    90.00
   	   25.00     0.00     0.00    90.00
  37 	  496.00   429.55     0.00     0.00     0.00     0.00
  37 	  496.00   429.55     0.00     0.00     0.00     0.00
   	   25.00     0.00     0.00    90.00
   	   25.00     0.00     0.00    90.00
  38 	  620.00   429.55     0.00     0.00     0.00     0.00
  38 	  620.00   429.55     0.00     0.00     0.00     0.00
   	   25.00     0.00     0.00    90.00
   	   25.00     0.00     0.00    90.00
  39 	  744.00   429.55     0.00     0.00     0.00     0.00
  39 	  744.00   429.55     0.00     0.00     0.00     0.00
   	   25.00     0.00     0.00    90.00
   	   25.00     0.00     0.00    90.00
  40 	  310.00   536.94     0.00     0.00     0.00     0.00
  40 	  310.00   536.94     0.00     0.00     0.00     0.00
   	   25.00     0.00     0.00    90.00
   	   25.00     0.00     0.00    90.00
  41 	  434.00   536.94     0.00     0.00     0.00     0.00
  41 	  434.00   536.94     0.00     0.00     0.00     0.00
   	   25.00     0.00     0.00    90.00
   	   25.00     0.00     0.00    90.00
  42 	  558.00   536.94     0.00     0.00     0.00     0.00
  42 	  558.00   536.94     0.00     0.00     0.00     0.00
   	   25.00     0.00     0.00    90.00
   	   25.00     0.00     0.00    90.00
  43 	  682.00   536.94     0.00     0.00     0.00     0.00
  43 	  682.00   536.94     0.00     0.00     0.00     0.00
   	   25.00     0.00     0.00    90.00
   	   25.00     0.00     0.00    90.00
  44 	  806.00   536.94     0.00     0.00     0.00     0.00
  44 	  806.00   536.94     0.00     0.00     0.00     0.00
   	   25.00     0.00     0.00    90.00
   	   25.00     0.00     0.00    90.00
  45 	  372.00   644.32     0.00     0.00     0.00     0.00
  45 	  372.00   644.32     0.00     0.00     0.00     0.00
   	   25.00     0.00     0.00    90.00
   	   25.00     0.00     0.00    90.00
  46 	  496.00   644.32     0.00     0.00     0.00     0.00
  46 	  496.00   644.32     0.00     0.00     0.00     0.00
   	   25.00     0.00     0.00    90.00
   	   25.00     0.00     0.00    90.00
  47 	  620.00   644.32     0.00     0.00     0.00     0.00
  47 	  620.00   644.32     0.00     0.00     0.00     0.00
   	   25.00     0.00     0.00    90.00
   	   25.00     0.00     0.00    90.00
  48 	  744.00   644.32     0.00     0.00     0.00     0.00
  48 	  744.00   644.32     0.00     0.00     0.00     0.00
   	   25.00     0.00     0.00    90.00
   	   25.00     0.00     0.00    90.00
  49 	  868.00   644.32     0.00     0.00     0.00     0.00
  49 	  868.00   644.32     0.00     0.00     0.00     0.00
   	   25.00     0.00     0.00    90.00
   	   25.00     0.00     0.00    90.00
  50 	  434.00   751.71     0.00     0.00     0.00     0.00
  50 	  434.00   751.71     0.00     0.00     0.00     0.00
   	   25.00     0.00     0.00    90.00
   	   25.00     0.00     0.00    90.00
  51 	  558.00   751.71     0.00     0.00     0.00     0.00
  51 	  558.00   751.71     0.00     0.00     0.00     0.00
   	   25.00     0.00     0.00    90.00
   	   25.00     0.00     0.00    90.00
  52 	  682.00   751.71     0.00     0.00     0.00     0.00
  52 	  682.00   751.71     0.00     0.00     0.00     0.00
   	   25.00     0.00     0.00    90.00
   	   25.00     0.00     0.00    90.00
  53 	  806.00   751.71     0.00     0.00     0.00     0.00
  53 	  806.00   751.71     0.00     0.00     0.00     0.00
   	   25.00     0.00     0.00    90.00
   	   25.00     0.00     0.00    90.00
  54 	  930.00   751.71     0.00     0.00     0.00     0.00
  54 	  930.00   751.71     0.00     0.00     0.00     0.00
   	   25.00     0.00     0.00    90.00
   	   25.00     0.00     0.00    90.00
  55 	  496.00   859.10     0.00     0.00     0.00     0.00
  55 	  496.00   859.10     0.00     0.00     0.00     0.00
   	   25.00     0.00     0.00    90.00
   	   25.00     0.00     0.00    90.00
  56 	  620.00   859.10     0.00     0.00     0.00     0.00
  56 	  620.00   859.10     0.00     0.00     0.00     0.00
   	   25.00     0.00     0.00    90.00
   	   25.00     0.00     0.00    90.00
  57 	  744.00   859.10     0.00     0.00     0.00     0.00
  57 	  744.00   859.10     0.00     0.00     0.00     0.00
   	   25.00     0.00     0.00    90.00
   	   25.00     0.00     0.00    90.00
  58 	  868.00   859.10     0.00     0.00     0.00     0.00
  58 	  868.00   859.10     0.00     0.00     0.00     0.00
   	   25.00     0.00     0.00    90.00
   	   25.00     0.00     0.00    90.00
  59 	  992.00   859.10     0.00     0.00     0.00     0.00
  59 	  992.00   859.10     0.00     0.00     0.00     0.00
   	   25.00     0.00     0.00    90.00
   	   25.00     0.00     0.00    90.00
  60 	  558.00   966.48     0.00     0.00     0.00     0.00
  60 	  558.00   966.48     0.00     0.00     0.00     0.00
   	   25.00     0.00     0.00    90.00
   	   25.00     0.00     0.00    90.00
  61 	  682.00   966.48     0.00     0.00     0.00     0.00
  61 	  682.00   966.48     0.00     0.00     0.00     0.00
   	   25.00     0.00     0.00    90.00
   	   25.00     0.00     0.00    90.00
  62 	  806.00   966.48     0.00     0.00     0.00     0.00
  62 	  806.00   966.48     0.00     0.00     0.00     0.00
   	   25.00     0.00     0.00    90.00
   	   25.00     0.00     0.00    90.00
  63 	  930.00   966.48     0.00     0.00     0.00     0.00
  63 	  930.00   966.48     0.00     0.00     0.00     0.00
   	   25.00     0.00     0.00    90.00
   	   25.00     0.00     0.00    90.00
  64 	 1054.00   966.48     0.00     0.00     0.00     0.00
  64 	 1054.00   966.48     0.00     0.00     0.00     0.00
   	   25.00     0.00     0.00    90.00
   	   25.00     0.00     0.00    90.00
  65 	  124.00  -429.55     0.00     0.00     0.00     0.00
  65 	  124.00  -429.55     0.00     0.00     0.00     0.00
   	   25.00     0.00     0.00    90.00
   	   25.00     0.00     0.00    90.00
  66 	  248.00  -429.55     0.00     0.00     0.00     0.00
  66 	  248.00  -429.55     0.00     0.00     0.00     0.00
   	   25.00     0.00     0.00    90.00
   	   25.00     0.00     0.00    90.00
  67 	  372.00  -429.55     0.00     0.00     0.00     0.00
  67 	  372.00  -429.55     0.00     0.00     0.00     0.00
   	   25.00     0.00     0.00    90.00
   	   25.00     0.00     0.00    90.00
  68 	  496.00  -429.55     0.00     0.00     0.00     0.00
  68 	  496.00  -429.55     0.00     0.00     0.00     0.00
   	   25.00     0.00     0.00    90.00
   	   25.00     0.00     0.00    90.00
  69 	  620.00  -429.55     0.00     0.00     0.00     0.00
  69 	  620.00  -429.55     0.00     0.00     0.00     0.00
   	   25.00     0.00     0.00    90.00
   	   25.00     0.00     0.00    90.00
  70 	  744.00  -429.55     0.00     0.00     0.00     0.00
  70 	  744.00  -429.55     0.00     0.00     0.00     0.00
   	   25.00     0.00     0.00    90.00
   	   25.00     0.00     0.00    90.00
  71 	  868.00  -429.55     0.00     0.00     0.00     0.00
  71 	  868.00  -429.55     0.00     0.00     0.00     0.00
   	   25.00     0.00     0.00    90.00
   	   25.00     0.00     0.00    90.00
  72 	  992.00  -429.55     0.00     0.00     0.00     0.00
  72 	  992.00  -429.55     0.00     0.00     0.00     0.00
   	   25.00     0.00     0.00    90.00
   	   25.00     0.00     0.00    90.00
  73 	  186.00  -322.16     0.00     0.00     0.00     0.00
  73 	  186.00  -322.16     0.00     0.00     0.00     0.00
   	   25.00     0.00     0.00    90.00
   	   25.00     0.00     0.00    90.00
  74 	  310.00  -322.16     0.00     0.00     0.00     0.00
  74 	  310.00  -322.16     0.00     0.00     0.00     0.00
   	   25.00     0.00     0.00    90.00
   	   25.00     0.00     0.00    90.00
  75 	  434.00  -322.16     0.00     0.00     0.00     0.00
  75 	  434.00  -322.16     0.00     0.00     0.00     0.00
   	   25.00     0.00     0.00    90.00
   	   25.00     0.00     0.00    90.00
  76 	  558.00  -322.16     0.00     0.00     0.00     0.00
  76 	  558.00  -322.16     0.00     0.00     0.00     0.00
   	   25.00     0.00     0.00    90.00
   	   25.00     0.00     0.00    90.00
  77 	  682.00  -322.16     0.00     0.00     0.00     0.00
  77 	  682.00  -322.16     0.00     0.00     0.00     0.00
   	   25.00     0.00     0.00    90.00
   	   25.00     0.00     0.00    90.00
  78 	  806.00  -322.16     0.00     0.00     0.00     0.00
  78 	  806.00  -322.16     0.00     0.00     0.00     0.00
   	   25.00     0.00     0.00    90.00
   	   25.00     0.00     0.00    90.00
  79 	  930.00  -322.16     0.00     0.00     0.00     0.00
  79 	  930.00  -322.16     0.00     0.00     0.00     0.00
   	   25.00     0.00     0.00    90.00
   	   25.00     0.00     0.00    90.00
  80 	 1054.00  -322.16     0.00     0.00     0.00     0.00
  80 	 1054.00  -322.16     0.00     0.00     0.00     0.00
   	   25.00     0.00     0.00    90.00
   	   25.00     0.00     0.00    90.00
  81 	  248.00  -214.77     0.00     0.00     0.00     0.00
  81 	  248.00  -214.77     0.00     0.00     0.00     0.00
   	   25.00     0.00     0.00    90.00
   	   25.00     0.00     0.00    90.00
  82 	  372.00  -214.77     0.00     0.00     0.00     0.00
  82 	  372.00  -214.77     0.00     0.00     0.00     0.00
   	   25.00     0.00     0.00    90.00
   	   25.00     0.00     0.00    90.00
  83 	  496.00  -214.77     0.00     0.00     0.00     0.00
  83 	  496.00  -214.77     0.00     0.00     0.00     0.00
   	   25.00     0.00     0.00    90.00
   	   25.00     0.00     0.00    90.00
  84 	  620.00  -214.77     0.00     0.00     0.00     0.00
  84 	  620.00  -214.77     0.00     0.00     0.00     0.00
   	   25.00     0.00     0.00    90.00
   	   25.00     0.00     0.00    90.00
  85 	  744.00  -214.77     0.00     0.00     0.00     0.00
  85 	  744.00  -214.77     0.00     0.00     0.00     0.00
   	   25.00     0.00     0.00    90.00
   	   25.00     0.00     0.00    90.00
  86 	  868.00  -214.77     0.00     0.00     0.00     0.00
  86 	  868.00  -214.77     0.00     0.00     0.00     0.00
   	   25.00     0.00     0.00    90.00
   	   25.00     0.00     0.00    90.00
  87 	  992.00  -214.77     0.00     0.00     0.00     0.00
  87 	  992.00  -214.77     0.00     0.00     0.00     0.00
   	   25.00     0.00     0.00    90.00
   	   25.00     0.00     0.00    90.00
  88 	 1116.00  -214.77     0.00     0.00     0.00     0.00
  88 	 1116.00  -214.77     0.00     0.00     0.00     0.00
   	   25.00     0.00     0.00    90.00
   	   25.00     0.00     0.00    90.00
  89 	  310.00  -107.39     0.00     0.00     0.00     0.00
  89 	  310.00  -107.39     0.00     0.00     0.00     0.00
   	   25.00     0.00     0.00    90.00
   	   25.00     0.00     0.00    90.00
  90 	  434.00  -107.39     0.00     0.00     0.00     0.00
  90 	  434.00  -107.39     0.00     0.00     0.00     0.00
   	   25.00     0.00     0.00    90.00
   	   25.00     0.00     0.00    90.00
  91 	  558.00  -107.39     0.00     0.00     0.00     0.00
  91 	  558.00  -107.39     0.00     0.00     0.00     0.00
   	   25.00     0.00     0.00    90.00
   	   25.00     0.00     0.00    90.00
  92 	  682.00  -107.39     0.00     0.00     0.00     0.00
  92 	  682.00  -107.39     0.00     0.00     0.00     0.00
   	   25.00     0.00     0.00    90.00
   	   25.00     0.00     0.00    90.00
  93 	  806.00  -107.39     0.00     0.00     0.00     0.00
  93 	  806.00  -107.39     0.00     0.00     0.00     0.00
   	   25.00     0.00     0.00    90.00
   	   25.00     0.00     0.00    90.00
  94 	  930.00  -107.39     0.00     0.00     0.00     0.00
  94 	  930.00  -107.39     0.00     0.00     0.00     0.00
   	   25.00     0.00     0.00    90.00
   	   25.00     0.00     0.00    90.00
  95 	 1054.00  -107.39     0.00     0.00     0.00     0.00
  95 	 1054.00  -107.39     0.00     0.00     0.00     0.00
   	   25.00     0.00     0.00    90.00
   	   25.00     0.00     0.00    90.00
  96 	 1178.00  -107.39     0.00     0.00     0.00     0.00
  96 	 1178.00  -107.39     0.00     0.00     0.00     0.00
   	   25.00     0.00     0.00    90.00
   	   25.00     0.00     0.00    90.00
  97 	  372.00     0.00     0.00     0.00     0.00     0.00
  97 	  372.00     0.00     0.00     0.00     0.00     0.00
   	   25.00     0.00     0.00    90.00
   	   25.00     0.00     0.00    90.00
  98 	  496.00     0.00     0.00     0.00     0.00     0.00
  98 	  496.00     0.00     0.00     0.00     0.00     0.00
   	   25.00     0.00     0.00    90.00
   	   25.00     0.00     0.00    90.00
  99 	  620.00     0.00     0.00     0.00     0.00     0.00
  99 	  620.00     0.00     0.00     0.00     0.00     0.00
   	   25.00     0.00     0.00    90.00
   	   25.00     0.00     0.00    90.00
 100 	  744.00     0.00     0.00     0.00     0.00     0.00
 100 	  744.00     0.00     0.00     0.00     0.00     0.00
   	   25.00     0.00     0.00    90.00
   	   25.00     0.00     0.00    90.00
 101 	  868.00     0.00     0.00     0.00     0.00     0.00
 101 	  868.00     0.00     0.00     0.00     0.00     0.00
   	   25.00     0.00     0.00    90.00
   	   25.00     0.00     0.00    90.00
 102 	  992.00     0.00     0.00     0.00     0.00     0.00
 102 	  992.00     0.00     0.00     0.00     0.00     0.00
   	   25.00     0.00     0.00    90.00
   	   25.00     0.00     0.00    90.00
 103 	 1116.00     0.00     0.00     0.00     0.00     0.00
 103 	 1116.00     0.00     0.00     0.00     0.00     0.00
   	   25.00     0.00     0.00    90.00
   	   25.00     0.00     0.00    90.00
 104 	 1240.00     0.00     0.00     0.00     0.00     0.00
 104 	 1240.00     0.00     0.00     0.00     0.00     0.00
   	   25.00     0.00     0.00    90.00
   	   25.00     0.00     0.00    90.00

** End writing output file: ../inputs/gr954.dat 
