*******************************************************************************
                         ARRAY PREPROCESSOR ver. 1.0
*******************************************************************************



   1	GROUP testgroup
   3	 GRID SQUARE
   4	 ELEMENT
   5	 GEOMETRY CIRCULAR RADIUS 46
   7	 ADD BLOCK -6 -2 -2 1
   8	 ADD BLOCK 2 4 -1 0
  10	 GROUP_EXCITATION
  11	 AMPLITUDE UNIFORM 15
  12	 PHASE UNIFORM 122
  13	 END

** Generating GROUP: testgroup.
** PSTEP,QSTEP set to:92.000000,92.000000
** Grid ANGLE set to:90.000000 
** Group ROT_ANGLE set to: 0.000000 

** Writing output file: ../inputs/gr958.dat

NEL 
NPORTS
IDUM      REXA     REYA     REZA     THEA     PHEA     PSEA 
          AMP      PSH      PSC      PHEPOL
  40
  40
   1
   1
   1 	 -552.00  -184.00     0.00     0.00     0.00     0.00
   1 	 -552.00  -184.00     0.00     0.00     0.00     0.00
   	   15.00   122.00     0.00    90.00
   	   15.00   122.00     0.00    90.00
   2 	 -460.00  -184.00     0.00     0.00     0.00     0.00
   2 	 -460.00  -184.00     0.00     0.00     0.00     0.00
   	   15.00   122.00     0.00    90.00
   	   15.00   122.00     0.00    90.00
   3 	 -368.00  -184.00     0.00     0.00     0.00     0.00
   3 	 -368.00  -184.00     0.00     0.00     0.00     0.00
   	   15.00   122.00     0.00    90.00
   	   15.00   122.00     0.00    90.00
   4 	 -276.00  -184.00     0.00     0.00     0.00     0.00
   4 	 -276.00  -184.00     0.00     0.00     0.00     0.00
   	   15.00   122.00     0.00    90.00
   	   15.00   122.00     0.00    90.00
   5 	 -184.00  -184.00     0.00     0.00     0.00     0.00
   5 	 -184.00  -184.00     0.00     0.00     0.00     0.00
   	   15.00   122.00     0.00    90.00
   	   15.00   122.00     0.00    90.00
   6 	 -552.00   -92.00     0.00     0.00     0.00     0.00
   6 	 -552.00   -92.00     0.00     0.00     0.00     0.00
   	   15.00   122.00     0.00    90.00
   	   15.00   122.00     0.00    90.00
   7 	 -460.00   -92.00     0.00     0.00     0.00     0.00
   7 	 -460.00   -92.00     0.00     0.00     0.00     0.00
   	   15.00   122.00     0.00    90.00
   	   15.00   122.00     0.00    90.00
   8 	 -368.00   -92.00     0.00     0.00     0.00     0.00
   8 	 -368.00   -92.00     0.00     0.00     0.00     0.00
   	   15.00   122.00     0.00    90.00
   	   15.00   122.00     0.00    90.00
   9 	 -276.00   -92.00     0.00     0.00     0.00     0.00
   9 	 -276.00   -92.00     0.00     0.00     0.00     0.00
   	   15.00   122.00     0.00    90.00
   	   15.00   122.00     0.00    90.00
  10 	 -184.00   -92.00     0.00     0.00     0.00     0.00
  10 	 -184.00   -92.00     0.00     0.00     0.00     0.00
   	   15.00   122.00     0.00    90.00
   	   15.00   122.00     0.00    90.00
  11 	 -552.00     0.00     0.00     0.00     0.00     0.00
  11 	 -552.00     0.00     0.00     0.00     0.00     0.00
   	   15.00   122.00     0.00    90.00
   	   15.00   122.00     0.00    90.00
  12 	 -460.00     0.00     0.00     0.00     0.00     0.00
  12 	 -460.00     0.00     0.00     0.00     0.00     0.00
   	   15.00   122.00     0.00    90.00
   	   15.00   122.00     0.00    90.00
  13 	 -368.00     0.00     0.00     0.00     0.00     0.00
  13 	 -368.00     0.00     0.00     0.00     0.00     0.00
   	   15.00   122.00     0.00    90.00
   	   15.00   122.00     0.00    90.00
  14 	 -276.00     0.00     0.00     0.00     0.00     0.00
  14 	 -276.00     0.00     0.00     0.00     0.00     0.00
   	   15.00   122.00     0.00    90.00
   	   15.00   122.00     0.00    90.00
  15 	 -184.00     0.00     0.00     0.00     0.00     0.00
  15 	 -184.00     0.00     0.00     0.00     0.00     0.00
   	   15.00   122.00     0.00    90.00
   	   15.00   122.00     0.00    90.00
  16 	 -552.00    92.00     0.00     0.00     0.00     0.00
  16 	 -552.00    92.00     0.00     0.00     0.00     0.00
   	   15.00   122.00     0.00    90.00
   	   15.00   122.00     0.00    90.00
  17 	 -460.00    92.00     0.00     0.00     0.00     0.00
  17 	 -460.00    92.00     0.00     0.00     0.00     0.00
   	   15.00   122.00     0.00    90.00
   	   15.00   122.00     0.00    90.00
  18 	 -368.00    92.00     0.00     0.00     0.00     0.00
  18 	 -368.00    92.00     0.00     0.00     0.00     0.00
   	   15.00   122.00     0.00    90.00
   	   15.00   122.00     0.00    90.00
  19 	 -276.00    92.00     0.00     0.00     0.00     0.00
  19 	 -276.00    92.00     0.00     0.00     0.00     0.00
   	   15.00   122.00     0.00    90.00
   	   15.00   122.00     0.00    90.00
  20 	 -184.00    92.00     0.00     0.00     0.00     0.00
  20 	 -184.00    92.00     0.00     0.00     0.00     0.00
   	   15.00   122.00     0.00    90.00
   	   15.00   122.00     0.00    90.00
  21 	  -92.00     0.00     0.00     0.00     0.00     0.00
  21 	  -92.00     0.00     0.00     0.00     0.00     0.00
   	   15.00   122.00     0.00    90.00
   	   15.00   122.00     0.00    90.00
  22 	    0.00     0.00     0.00     0.00     0.00     0.00
  22 	    0.00     0.00     0.00     0.00     0.00     0.00
   	   15.00   122.00     0.00    90.00
   	   15.00   122.00     0.00    90.00
  23 	   92.00     0.00     0.00     0.00     0.00     0.00
  23 	   92.00     0.00     0.00     0.00     0.00     0.00
   	   15.00   122.00     0.00    90.00
   	   15.00   122.00     0.00    90.00
  24 	  184.00     0.00     0.00     0.00     0.00     0.00
  24 	  184.00     0.00     0.00     0.00     0.00     0.00
   	   15.00   122.00     0.00    90.00
   	   15.00   122.00     0.00    90.00
  25 	  -92.00    92.00     0.00     0.00     0.00     0.00
  25 	  -92.00    92.00     0.00     0.00     0.00     0.00
   	   15.00   122.00     0.00    90.00
   	   15.00   122.00     0.00    90.00
  26 	   -0.00    92.00     0.00     0.00     0.00     0.00
  26 	   -0.00    92.00     0.00     0.00     0.00     0.00
   	   15.00   122.00     0.00    90.00
   	   15.00   122.00     0.00    90.00
  27 	   92.00    92.00     0.00     0.00     0.00     0.00
  27 	   92.00    92.00     0.00     0.00     0.00     0.00
   	   15.00   122.00     0.00    90.00
   	   15.00   122.00     0.00    90.00
  28 	  184.00    92.00     0.00     0.00     0.00     0.00
  28 	  184.00    92.00     0.00     0.00     0.00     0.00
   	   15.00   122.00     0.00    90.00
   	   15.00   122.00     0.00    90.00
  29 	  -92.00   184.00     0.00     0.00     0.00     0.00
  29 	  -92.00   184.00     0.00     0.00     0.00     0.00
   	   15.00   122.00     0.00    90.00
   	   15.00   122.00     0.00    90.00
  30 	   -0.00   184.00     0.00     0.00     0.00     0.00
  30 	   -0.00   184.00     0.00     0.00     0.00     0.00
   	   15.00   122.00     0.00    90.00
   	   15.00   122.00     0.00    90.00
  31 	   92.00   184.00     0.00     0.00     0.00     0.00
  31 	   92.00   184.00     0.00     0.00     0.00     0.00
   	   15.00   122.00     0.00    90.00
   	   15.00   122.00     0.00    90.00
  32 	  184.00   184.00     0.00     0.00     0.00     0.00
  32 	  184.00   184.00     0.00     0.00     0.00     0.00
   	   15.00   122.00     0.00    90.00
   	   15.00   122.00     0.00    90.00
  33 	  -92.00   276.00     0.00     0.00     0.00     0.00
  33 	  -92.00   276.00     0.00     0.00     0.00     0.00
   	   15.00   122.00     0.00    90.00
   	   15.00   122.00     0.00    90.00
  34 	   -0.00   276.00     0.00     0.00     0.00     0.00
  34 	   -0.00   276.00     0.00     0.00     0.00     0.00
   	   15.00   122.00     0.00    90.00
   	   15.00   122.00     0.00    90.00
  35 	   92.00   276.00     0.00     0.00     0.00     0.00
  35 	   92.00   276.00     0.00     0.00     0.00     0.00
   	   15.00   122.00     0.00    90.00
   	   15.00   122.00     0.00    90.00
  36 	  184.00   276.00     0.00     0.00     0.00     0.00
  36 	  184.00   276.00     0.00     0.00     0.00     0.00
   	   15.00   122.00     0.00    90.00
   	   15.00   122.00     0.00    90.00
  37 	  -92.00   368.00     0.00     0.00     0.00     0.00
  37 	  -92.00   368.00     0.00     0.00     0.00     0.00
   	   15.00   122.00     0.00    90.00
   	   15.00   122.00     0.00    90.00
  38 	   -0.00   368.00     0.00     0.00     0.00     0.00
  38 	   -0.00   368.00     0.00     0.00     0.00     0.00
   	   15.00   122.00     0.00    90.00
   	   15.00   122.00     0.00    90.00
  39 	   92.00   368.00     0.00     0.00     0.00     0.00
  39 	   92.00   368.00     0.00     0.00     0.00     0.00
   	   15.00   122.00     0.00    90.00
   	   15.00   122.00     0.00    90.00
  40 	  184.00   368.00     0.00     0.00     0.00     0.00
  40 	  184.00   368.00     0.00     0.00     0.00     0.00
   	   15.00   122.00     0.00    90.00
   	   15.00   122.00     0.00    90.00

** End writing output file: ../inputs/gr958.dat 
