*******************************************************************************
                         ARRAY PREPROCESSOR ver. 1.0
*******************************************************************************



   1	GROUP testgroup
   3	 GRID HEXAGONAL
   4	 ELEMENT
   5	 GEOMETRY CIRCULAR 77
   7	 ADD HEXAGON -6 -5
   8	 ADD BLOCK -4 9 1 0
   9	 ADD NODE -8 -5
  10	 ADD HEXAGON 6 4
  12	 GROUP_EXCITATION
  13	 AMPLITUDE UNIFORM 20
  14	 PHASE UNIFORM -85
  15	 END

** Generating GROUP: testgroup.
** PSTEP,QSTEP set to:154.000000,154.000000
** Grid ANGLE set to:60.000000 
** Group ROT_ANGLE set to: 0.000000 

** Writing output file: ../inputs/gr959.dat

NEL 
NPORTS
IDUM      REXA     REYA     REZA     THEA     PHEA     PSEA 
          AMP      PSH      PSC      PHEPOL
  75
  75
   1
   1
   1 	-1386.00  -533.47     0.00     0.00     0.00     0.00
   1 	-1386.00  -533.47     0.00     0.00     0.00     0.00
   	   20.00   -85.00     0.00    90.00
   	   20.00   -85.00     0.00    90.00
   2 	-1232.00  -533.47     0.00     0.00     0.00     0.00
   2 	-1232.00  -533.47     0.00     0.00     0.00     0.00
   	   20.00   -85.00     0.00    90.00
   	   20.00   -85.00     0.00    90.00
   3 	-1155.00  -666.84     0.00     0.00     0.00     0.00
   3 	-1155.00  -666.84     0.00     0.00     0.00     0.00
   	   20.00   -85.00     0.00    90.00
   	   20.00   -85.00     0.00    90.00
   4 	-1232.00  -800.21     0.00     0.00     0.00     0.00
   4 	-1232.00  -800.21     0.00     0.00     0.00     0.00
   	   20.00   -85.00     0.00    90.00
   	   20.00   -85.00     0.00    90.00
   5 	-1386.00  -800.21     0.00     0.00     0.00     0.00
   5 	-1386.00  -800.21     0.00     0.00     0.00     0.00
   	   20.00   -85.00     0.00    90.00
   	   20.00   -85.00     0.00    90.00
   6 	-1463.00  -666.84     0.00     0.00     0.00     0.00
   6 	-1463.00  -666.84     0.00     0.00     0.00     0.00
   	   20.00   -85.00     0.00    90.00
   	   20.00   -85.00     0.00    90.00
   7 	-1309.00  -666.84     0.00     0.00     0.00     0.00
   7 	-1309.00  -666.84     0.00     0.00     0.00     0.00
   	   20.00   -85.00     0.00    90.00
   	   20.00   -85.00     0.00    90.00
   8 	 -616.00     0.00     0.00     0.00     0.00     0.00
   8 	 -616.00     0.00     0.00     0.00     0.00     0.00
   	   20.00   -85.00     0.00    90.00
   	   20.00   -85.00     0.00    90.00
   9 	 -462.00     0.00     0.00     0.00     0.00     0.00
   9 	 -462.00     0.00     0.00     0.00     0.00     0.00
   	   20.00   -85.00     0.00    90.00
   	   20.00   -85.00     0.00    90.00
  10 	 -308.00     0.00     0.00     0.00     0.00     0.00
  10 	 -308.00     0.00     0.00     0.00     0.00     0.00
   	   20.00   -85.00     0.00    90.00
   	   20.00   -85.00     0.00    90.00
  11 	 -154.00     0.00     0.00     0.00     0.00     0.00
  11 	 -154.00     0.00     0.00     0.00     0.00     0.00
   	   20.00   -85.00     0.00    90.00
   	   20.00   -85.00     0.00    90.00
  12 	    0.00     0.00     0.00     0.00     0.00     0.00
  12 	    0.00     0.00     0.00     0.00     0.00     0.00
   	   20.00   -85.00     0.00    90.00
   	   20.00   -85.00     0.00    90.00
  13 	  154.00     0.00     0.00     0.00     0.00     0.00
  13 	  154.00     0.00     0.00     0.00     0.00     0.00
   	   20.00   -85.00     0.00    90.00
   	   20.00   -85.00     0.00    90.00
  14 	 -539.00   133.37     0.00     0.00     0.00     0.00
  14 	 -539.00   133.37     0.00     0.00     0.00     0.00
   	   20.00   -85.00     0.00    90.00
   	   20.00   -85.00     0.00    90.00
  15 	 -385.00   133.37     0.00     0.00     0.00     0.00
  15 	 -385.00   133.37     0.00     0.00     0.00     0.00
   	   20.00   -85.00     0.00    90.00
   	   20.00   -85.00     0.00    90.00
  16 	 -231.00   133.37     0.00     0.00     0.00     0.00
  16 	 -231.00   133.37     0.00     0.00     0.00     0.00
   	   20.00   -85.00     0.00    90.00
   	   20.00   -85.00     0.00    90.00
  17 	  -77.00   133.37     0.00     0.00     0.00     0.00
  17 	  -77.00   133.37     0.00     0.00     0.00     0.00
   	   20.00   -85.00     0.00    90.00
   	   20.00   -85.00     0.00    90.00
  18 	   77.00   133.37     0.00     0.00     0.00     0.00
  18 	   77.00   133.37     0.00     0.00     0.00     0.00
   	   20.00   -85.00     0.00    90.00
   	   20.00   -85.00     0.00    90.00
  19 	  231.00   133.37     0.00     0.00     0.00     0.00
  19 	  231.00   133.37     0.00     0.00     0.00     0.00
   	   20.00   -85.00     0.00    90.00
   	   20.00   -85.00     0.00    90.00
  20 	 -462.00   266.74     0.00     0.00     0.00     0.00
  20 	 -462.00   266.74     0.00     0.00     0.00     0.00
   	   20.00   -85.00     0.00    90.00
   	   20.00   -85.00     0.00    90.00
  21 	 -308.00   266.74     0.00     0.00     0.00     0.00
  21 	 -308.00   266.74     0.00     0.00     0.00     0.00
   	   20.00   -85.00     0.00    90.00
   	   20.00   -85.00     0.00    90.00
  22 	 -154.00   266.74     0.00     0.00     0.00     0.00
  22 	 -154.00   266.74     0.00     0.00     0.00     0.00
   	   20.00   -85.00     0.00    90.00
   	   20.00   -85.00     0.00    90.00
  23 	   -0.00   266.74     0.00     0.00     0.00     0.00
  23 	   -0.00   266.74     0.00     0.00     0.00     0.00
   	   20.00   -85.00     0.00    90.00
   	   20.00   -85.00     0.00    90.00
  24 	  154.00   266.74     0.00     0.00     0.00     0.00
  24 	  154.00   266.74     0.00     0.00     0.00     0.00
   	   20.00   -85.00     0.00    90.00
   	   20.00   -85.00     0.00    90.00
  25 	  308.00   266.74     0.00     0.00     0.00     0.00
  25 	  308.00   266.74     0.00     0.00     0.00     0.00
   	   20.00   -85.00     0.00    90.00
   	   20.00   -85.00     0.00    90.00
  26 	 -385.00   400.10     0.00     0.00     0.00     0.00
  26 	 -385.00   400.10     0.00     0.00     0.00     0.00
   	   20.00   -85.00     0.00    90.00
   	   20.00   -85.00     0.00    90.00
  27 	 -231.00   400.10     0.00     0.00     0.00     0.00
  27 	 -231.00   400.10     0.00     0.00     0.00     0.00
   	   20.00   -85.00     0.00    90.00
   	   20.00   -85.00     0.00    90.00
  28 	  -77.00   400.10     0.00     0.00     0.00     0.00
  28 	  -77.00   400.10     0.00     0.00     0.00     0.00
   	   20.00   -85.00     0.00    90.00
   	   20.00   -85.00     0.00    90.00
  29 	   77.00   400.10     0.00     0.00     0.00     0.00
  29 	   77.00   400.10     0.00     0.00     0.00     0.00
   	   20.00   -85.00     0.00    90.00
   	   20.00   -85.00     0.00    90.00
  30 	  231.00   400.10     0.00     0.00     0.00     0.00
  30 	  231.00   400.10     0.00     0.00     0.00     0.00
   	   20.00   -85.00     0.00    90.00
   	   20.00   -85.00     0.00    90.00
  31 	  385.00   400.10     0.00     0.00     0.00     0.00
  31 	  385.00   400.10     0.00     0.00     0.00     0.00
   	   20.00   -85.00     0.00    90.00
   	   20.00   -85.00     0.00    90.00
  32 	 -308.00   533.47     0.00     0.00     0.00     0.00
  32 	 -308.00   533.47     0.00     0.00     0.00     0.00
   	   20.00   -85.00     0.00    90.00
   	   20.00   -85.00     0.00    90.00
  33 	 -154.00   533.47     0.00     0.00     0.00     0.00
  33 	 -154.00   533.47     0.00     0.00     0.00     0.00
   	   20.00   -85.00     0.00    90.00
   	   20.00   -85.00     0.00    90.00
  34 	   -0.00   533.47     0.00     0.00     0.00     0.00
  34 	   -0.00   533.47     0.00     0.00     0.00     0.00
   	   20.00   -85.00     0.00    90.00
   	   20.00   -85.00     0.00    90.00
  35 	  154.00   533.47     0.00     0.00     0.00     0.00
  35 	  154.00   533.47     0.00     0.00     0.00     0.00
   	   20.00   -85.00     0.00    90.00
   	   20.00   -85.00     0.00    90.00
  36 	  308.00   533.47     0.00     0.00     0.00     0.00
  36 	  308.00   533.47     0.00     0.00     0.00     0.00
   	   20.00   -85.00     0.00    90.00
   	   20.00   -85.00     0.00    90.00
  37 	  462.00   533.47     0.00     0.00     0.00     0.00
  37 	  462.00   533.47     0.00     0.00     0.00     0.00
   	   20.00   -85.00     0.00    90.00
   	   20.00   -85.00     0.00    90.00
  38 	 -231.00   666.84     0.00     0.00     0.00     0.00
  38 	 -231.00   666.84     0.00     0.00     0.00     0.00
   	   20.00   -85.00     0.00    90.00
   	   20.00   -85.00     0.00    90.00
  39 	  -77.00   666.84     0.00     0.00     0.00     0.00
  39 	  -77.00   666.84     0.00     0.00     0.00     0.00
   	   20.00   -85.00     0.00    90.00
   	   20.00   -85.00     0.00    90.00
  40 	   77.00   666.84     0.00     0.00     0.00     0.00
  40 	   77.00   666.84     0.00     0.00     0.00     0.00
   	   20.00   -85.00     0.00    90.00
   	   20.00   -85.00     0.00    90.00
  41 	  231.00   666.84     0.00     0.00     0.00     0.00
  41 	  231.00   666.84     0.00     0.00     0.00     0.00
   	   20.00   -85.00     0.00    90.00
   	   20.00   -85.00     0.00    90.00
  42 	  385.00   666.84     0.00     0.00     0.00     0.00
  42 	  385.00   666.84     0.00     0.00     0.00     0.00
   	   20.00   -85.00     0.00    90.00
   	   20.00   -85.00     0.00    90.00
  43 	  539.00   666.84     0.00     0.00     0.00     0.00
  43 	  539.00   666.84     0.00     0.00     0.00     0.00
   	   20.00   -85.00     0.00    90.00
   	   20.00   -85.00     0.00    90.00
  44 	 -154.00   800.21     0.00     0.00     0.00     0.00
  44 	 -154.00   800.21     0.00     0.00     0.00     0.00
   	   20.00   -85.00     0.00    90.00
   	   20.00   -85.00     0.00    90.00
  45 	   -0.00   800.21     0.00     0.00     0.00     0.00
  45 	   -0.00   800.21     0.00     0.00     0.00     0.00
   	   20.00   -85.00     0.00    90.00
   	   20.00   -85.00     0.00    90.00
  46 	  154.00   800.21     0.00     0.00     0.00     0.00
  46 	  154.00   800.21     0.00     0.00     0.00     0.00
   	   20.00   -85.00     0.00    90.00
   	   20.00   -85.00     0.00    90.00
  47 	  308.00   800.21     0.00     0.00     0.00     0.00
  47 	  308.00   800.21     0.00     0.00     0.00     0.00
   	   20.00   -85.00     0.00    90.00
   	   20.00   -85.00     0.00    90.00
  48 	  462.00   800.21     0.00     0.00     0.00     0.00
  48 	  462.00   800.21     0.00     0.00     0.00     0.00
   	   20.00   -85.00     0.00    90.00
   	   20.00   -85.00     0.00    90.00
  49 	  616.00   800.21     0.00     0.00     0.00     0.00
  49 	  616.00   800.21     0.00     0.00     0.00     0.00
   	   20.00   -85.00     0.00    90.00
   	   20.00   -85.00     0.00    90.00
  50 	  -77.00   933.58     0.00     0.00     0.00     0.00
  50 	  -77.00   933.58     0.00     0.00     0.00     0.00
   	   20.00   -85.00     0.00    90.00
   	   20.00   -85.00     0.00    90.00
  51 	   77.00   933.58     0.00     0.00     0.00     0.00
  51 	   77.00   933.58     0.00     0.00     0.00     0.00
   	   20.00   -85.00     0.00    90.00
   	   20.00   -85.00     0.00    90.00
  52 	  231.00   933.58     0.00     0.00     0.00     0.00
  52 	  231.00   933.58     0.00     0.00     0.00     0.00
   	   20.00   -85.00     0.00    90.00
   	   20.00   -85.00     0.00    90.00
  53 	  385.00   933.58     0.00     0.00     0.00     0.00
  53 	  385.00   933.58     0.00     0.00     0.00     0.00
   	   20.00   -85.00     0.00    90.00
   	   20.00   -85.00     0.00    90.00
  54 	  539.00   933.58     0.00     0.00     0.00     0.00
  54 	  539.00   933.58     0.00     0.00     0.00     0.00
   	   20.00   -85.00     0.00    90.00
   	   20.00   -85.00     0.00    90.00
  55 	  693.00   933.58     0.00     0.00     0.00     0.00
  55 	  693.00   933.58     0.00     0.00     0.00     0.00
   	   20.00   -85.00     0.00    90.00
   	   20.00   -85.00     0.00    90.00
  56 	   -0.00  1066.94     0.00     0.00     0.00     0.00
  56 	   -0.00  1066.94     0.00     0.00     0.00     0.00
   	   20.00   -85.00     0.00    90.00
   	   20.00   -85.00     0.00    90.00
  57 	  154.00  1066.94     0.00     0.00     0.00     0.00
  57 	  154.00  1066.94     0.00     0.00     0.00     0.00
   	   20.00   -85.00     0.00    90.00
   	   20.00   -85.00     0.00    90.00
  58 	  308.00  1066.94     0.00     0.00     0.00     0.00
  58 	  308.00  1066.94     0.00     0.00     0.00     0.00
   	   20.00   -85.00     0.00    90.00
   	   20.00   -85.00     0.00    90.00
  59 	  462.00  1066.94     0.00     0.00     0.00     0.00
  59 	  462.00  1066.94     0.00     0.00     0.00     0.00
   	   20.00   -85.00     0.00    90.00
   	   20.00   -85.00     0.00    90.00
  60 	  616.00  1066.94     0.00     0.00     0.00     0.00
  60 	  616.00  1066.94     0.00     0.00     0.00     0.00
   	   20.00   -85.00     0.00    90.00
   	   20.00   -85.00     0.00    90.00
  61 	  770.00  1066.94     0.00     0.00     0.00     0.00
  61 	  770.00  1066.94     0.00     0.00     0.00     0.00
   	   20.00   -85.00     0.00    90.00
   	   20.00   -85.00     0.00    90.00
  62 	   77.00  1200.31     0.00     0.00     0.00     0.00
  62 	   77.00  1200.31     0.00     0.00     0.00     0.00
   	   20.00   -85.00     0.00    90.00
   	   20.00   -85.00     0.00    90.00
  63 	  231.00  1200.31     0.00     0.00     0.00     0.00
  63 	  231.00  1200.31     0.00     0.00     0.00     0.00
   	   20.00   -85.00     0.00    90.00
   	   20.00   -85.00     0.00    90.00
  64 	  385.00  1200.31     0.00     0.00     0.00     0.00
  64 	  385.00  1200.31     0.00     0.00     0.00     0.00
   	   20.00   -85.00     0.00    90.00
   	   20.00   -85.00     0.00    90.00
  65 	  539.00  1200.31     0.00     0.00     0.00     0.00
  65 	  539.00  1200.31     0.00     0.00     0.00     0.00
   	   20.00   -85.00     0.00    90.00
   	   20.00   -85.00     0.00    90.00
  66 	  693.00  1200.31     0.00     0.00     0.00     0.00
  66 	  693.00  1200.31     0.00     0.00     0.00     0.00
   	   20.00   -85.00     0.00    90.00
   	   20.00   -85.00     0.00    90.00
  67 	  847.00  1200.31     0.00     0.00     0.00     0.00
  67 	  847.00  1200.31     0.00     0.00     0.00     0.00
   	   20.00   -85.00     0.00    90.00
   	   20.00   -85.00     0.00    90.00
  68 	-1617.00  -666.84     0.00     0.00     0.00     0.00
  68 	-1617.00  -666.84     0.00     0.00     0.00     0.00
   	   20.00   -85.00     0.00    90.00
   	   20.00   -85.00     0.00    90.00
  69 	 1155.00   666.84     0.00     0.00     0.00     0.00
  69 	 1155.00   666.84     0.00     0.00     0.00     0.00
   	   20.00   -85.00     0.00    90.00
   	   20.00   -85.00     0.00    90.00
  70 	 1309.00   666.84     0.00     0.00     0.00     0.00
  70 	 1309.00   666.84     0.00     0.00     0.00     0.00
   	   20.00   -85.00     0.00    90.00
   	   20.00   -85.00     0.00    90.00
  71 	 1386.00   533.47     0.00     0.00     0.00     0.00
  71 	 1386.00   533.47     0.00     0.00     0.00     0.00
   	   20.00   -85.00     0.00    90.00
   	   20.00   -85.00     0.00    90.00
  72 	 1309.00   400.10     0.00     0.00     0.00     0.00
  72 	 1309.00   400.10     0.00     0.00     0.00     0.00
   	   20.00   -85.00     0.00    90.00
   	   20.00   -85.00     0.00    90.00
  73 	 1155.00   400.10     0.00     0.00     0.00     0.00
  73 	 1155.00   400.10     0.00     0.00     0.00     0.00
   	   20.00   -85.00     0.00    90.00
   	   20.00   -85.00     0.00    90.00
  74 	 1078.00   533.47     0.00     0.00     0.00     0.00
  74 	 1078.00   533.47     0.00     0.00     0.00     0.00
   	   20.00   -85.00     0.00    90.00
   	   20.00   -85.00     0.00    90.00
  75 	 1232.00   533.47     0.00     0.00     0.00     0.00
  75 	 1232.00   533.47     0.00     0.00     0.00     0.00
   	   20.00   -85.00     0.00    90.00
   	   20.00   -85.00     0.00    90.00

** End writing output file: ../inputs/gr959.dat 
