*******************************************************************************
                         ARRAY PREPROCESSOR ver. 1.0
*******************************************************************************



   1	GROUP testgroup
   3	 GRID RECTANGULAR
   4	 ELEMENT
   5	 GEOMETRY CIRCULAR 49
   6	 POLARIZATION LINEAR
   7	 ADD BLOCK 2 -2 3 2
   9	 GROUP_EXCITATION
  10	 AMPLITUDE UNIFORM 21
  11	 PHASE UNIFORM -62
  12	 END

** Generating GROUP: testgroup.
** PSTEP,QSTEP set to:98.000000,98.000000
** Grid ANGLE set to:90.000000 
** Group ROT_ANGLE set to: 0.000000 

** Writing output file: ../inputs/gr960.dat

NEL 
NPORTS
IDUM      REXA     REYA     REZA     THEA     PHEA     PSEA 
          AMP      PSH      PSC      PHEPOL
  10
  10
   1
   1
   1 	  196.00  -196.00     0.00     0.00     0.00     0.00
   1 	  196.00  -196.00     0.00     0.00     0.00     0.00
   	   21.00   -62.00     0.00    90.00
   	   21.00   -62.00     0.00    90.00
   2 	  294.00  -196.00     0.00     0.00     0.00     0.00
   2 	  294.00  -196.00     0.00     0.00     0.00     0.00
   	   21.00   -62.00     0.00    90.00
   	   21.00   -62.00     0.00    90.00
   3 	  196.00   -98.00     0.00     0.00     0.00     0.00
   3 	  196.00   -98.00     0.00     0.00     0.00     0.00
   	   21.00   -62.00     0.00    90.00
   	   21.00   -62.00     0.00    90.00
   4 	  294.00   -98.00     0.00     0.00     0.00     0.00
   4 	  294.00   -98.00     0.00     0.00     0.00     0.00
   	   21.00   -62.00     0.00    90.00
   	   21.00   -62.00     0.00    90.00
   5 	  196.00     0.00     0.00     0.00     0.00     0.00
   5 	  196.00     0.00     0.00     0.00     0.00     0.00
   	   21.00   -62.00     0.00    90.00
   	   21.00   -62.00     0.00    90.00
   6 	  294.00     0.00     0.00     0.00     0.00     0.00
   6 	  294.00     0.00     0.00     0.00     0.00     0.00
   	   21.00   -62.00     0.00    90.00
   	   21.00   -62.00     0.00    90.00
   7 	  196.00    98.00     0.00     0.00     0.00     0.00
   7 	  196.00    98.00     0.00     0.00     0.00     0.00
   	   21.00   -62.00     0.00    90.00
   	   21.00   -62.00     0.00    90.00
   8 	  294.00    98.00     0.00     0.00     0.00     0.00
   8 	  294.00    98.00     0.00     0.00     0.00     0.00
   	   21.00   -62.00     0.00    90.00
   	   21.00   -62.00     0.00    90.00
   9 	  196.00   196.00     0.00     0.00     0.00     0.00
   9 	  196.00   196.00     0.00     0.00     0.00     0.00
   	   21.00   -62.00     0.00    90.00
   	   21.00   -62.00     0.00    90.00
  10 	  294.00   196.00     0.00     0.00     0.00     0.00
  10 	  294.00   196.00     0.00     0.00     0.00     0.00
   	   21.00   -62.00     0.00    90.00
   	   21.00   -62.00     0.00    90.00

** End writing output file: ../inputs/gr960.dat 
