*******************************************************************************
                         ARRAY PREPROCESSOR ver. 1.0
*******************************************************************************



   1	GROUP testgroup
   3	 GRID RECTANGULAR
   4	 ELEMENT
   5	 GEOMETRY CIRCULAR 68
   7	 ADD BLOCK 1 5 -12 5
   8	 ADD BLOCK 0 2 0 -1
  10	 GROUP_EXCITATION
  11	 AMPLITUDE UNIFORM 33
  12	 PHASE UNIFORM -32
  13	 END

** Generating GROUP: testgroup.
** PSTEP,QSTEP set to:136.000000,136.000000
** Grid ANGLE set to:90.000000 
** Group ROT_ANGLE set to: 0.000000 

** Writing output file: ../inputs/gr966.dat

NEL 
NPORTS
IDUM      REXA     REYA     REZA     THEA     PHEA     PSEA 
          AMP      PSH      PSC      PHEPOL
  18
  18
   1
   1
   1 	-1632.00   680.00     0.00     0.00     0.00     0.00
   1 	-1632.00   680.00     0.00     0.00     0.00     0.00
   	   33.00   -32.00     0.00    90.00
   	   33.00   -32.00     0.00    90.00
   2 	-1496.00   680.00     0.00     0.00     0.00     0.00
   2 	-1496.00   680.00     0.00     0.00     0.00     0.00
   	   33.00   -32.00     0.00    90.00
   	   33.00   -32.00     0.00    90.00
   3 	-1360.00   680.00     0.00     0.00     0.00     0.00
   3 	-1360.00   680.00     0.00     0.00     0.00     0.00
   	   33.00   -32.00     0.00    90.00
   	   33.00   -32.00     0.00    90.00
   4 	-1224.00   680.00     0.00     0.00     0.00     0.00
   4 	-1224.00   680.00     0.00     0.00     0.00     0.00
   	   33.00   -32.00     0.00    90.00
   	   33.00   -32.00     0.00    90.00
   5 	-1088.00   680.00     0.00     0.00     0.00     0.00
   5 	-1088.00   680.00     0.00     0.00     0.00     0.00
   	   33.00   -32.00     0.00    90.00
   	   33.00   -32.00     0.00    90.00
   6 	 -952.00   680.00     0.00     0.00     0.00     0.00
   6 	 -952.00   680.00     0.00     0.00     0.00     0.00
   	   33.00   -32.00     0.00    90.00
   	   33.00   -32.00     0.00    90.00
   7 	 -816.00   680.00     0.00     0.00     0.00     0.00
   7 	 -816.00   680.00     0.00     0.00     0.00     0.00
   	   33.00   -32.00     0.00    90.00
   	   33.00   -32.00     0.00    90.00
   8 	 -680.00   680.00     0.00     0.00     0.00     0.00
   8 	 -680.00   680.00     0.00     0.00     0.00     0.00
   	   33.00   -32.00     0.00    90.00
   	   33.00   -32.00     0.00    90.00
   9 	 -544.00   680.00     0.00     0.00     0.00     0.00
   9 	 -544.00   680.00     0.00     0.00     0.00     0.00
   	   33.00   -32.00     0.00    90.00
   	   33.00   -32.00     0.00    90.00
  10 	 -408.00   680.00     0.00     0.00     0.00     0.00
  10 	 -408.00   680.00     0.00     0.00     0.00     0.00
   	   33.00   -32.00     0.00    90.00
   	   33.00   -32.00     0.00    90.00
  11 	 -272.00   680.00     0.00     0.00     0.00     0.00
  11 	 -272.00   680.00     0.00     0.00     0.00     0.00
   	   33.00   -32.00     0.00    90.00
   	   33.00   -32.00     0.00    90.00
  12 	 -136.00   680.00     0.00     0.00     0.00     0.00
  12 	 -136.00   680.00     0.00     0.00     0.00     0.00
   	   33.00   -32.00     0.00    90.00
   	   33.00   -32.00     0.00    90.00
  13 	   -0.00   680.00     0.00     0.00     0.00     0.00
  13 	   -0.00   680.00     0.00     0.00     0.00     0.00
   	   33.00   -32.00     0.00    90.00
   	   33.00   -32.00     0.00    90.00
  14 	  136.00   680.00     0.00     0.00     0.00     0.00
  14 	  136.00   680.00     0.00     0.00     0.00     0.00
   	   33.00   -32.00     0.00    90.00
   	   33.00   -32.00     0.00    90.00
  15 	    0.00  -136.00     0.00     0.00     0.00     0.00
  15 	    0.00  -136.00     0.00     0.00     0.00     0.00
   	   33.00   -32.00     0.00    90.00
   	   33.00   -32.00     0.00    90.00
  16 	    0.00     0.00     0.00     0.00     0.00     0.00
  16 	    0.00     0.00     0.00     0.00     0.00     0.00
   	   33.00   -32.00     0.00    90.00
   	   33.00   -32.00     0.00    90.00
  17 	   -0.00   136.00     0.00     0.00     0.00     0.00
  17 	   -0.00   136.00     0.00     0.00     0.00     0.00
   	   33.00   -32.00     0.00    90.00
   	   33.00   -32.00     0.00    90.00
  18 	   -0.00   272.00     0.00     0.00     0.00     0.00
  18 	   -0.00   272.00     0.00     0.00     0.00     0.00
   	   33.00   -32.00     0.00    90.00
   	   33.00   -32.00     0.00    90.00

** End writing output file: ../inputs/gr966.dat 
