*******************************************************************************
                         ARRAY PREPROCESSOR ver. 1.0
*******************************************************************************



   1	GROUP testgroup
   3	 GRID TRIANGULAR
   4	 ELEMENT
   5	 GEOMETRY RECTANGULAR PDIM 85 QDIM 28
   8	 PORTS 4
   9	 PORT 1
  10	 AMPLITUDE 66
  11	 PHASE_SHAPING 515
  12	 PORT 2
  13	 AMPLITUDE 25
  14	 PHASE_POL_ARRANG 554
  15	 PORT 3
  16	 AMPLITUDE 25
  17	 PHASE_POL_ARRANG 570
  18	 PORT 4
  19	 AMPLITUDE 17
  20	 PHASE_SHAPING 726
  21	 PHASE_SCANNING 577
  22	 PHASE_POL_ARRANG 650
  23	 ADD BLOCK 3 -2 9 -1
  24	 ADD BLOCK -5 -1 -7 5
  26	 GROUP_EXCITATION
  27	 AMPLITUDE UNIFORM 30
  28	 PHASE UNIFORM -1
  29	 END

** Generating GROUP: testgroup.
** PSTEP,QSTEP set to:85.000000,50.894499
** Grid ANGLE set to:33.377832 
** Group ROT_ANGLE set to: 0.000000 

** Writing output file: ../inputs/gr967.dat

NEL 
NPORTS
IDUM      REXA     REYA     REZA     THEA     PHEA     PSEA 
          AMP      PSH      PSC      PHEPOL
  35
  35
   4
   4
   1 	  170.00   -56.00     0.00     0.00     0.00     0.00
   1 	  170.00   -56.00     0.00     0.00     0.00     0.00
   	 1980.00   514.00     0.00    90.00
   	 1980.00   514.00     0.00    90.00
   	  750.00   553.00     0.00    90.00
   	  750.00   553.00     0.00    90.00
   	  750.00   569.00     0.00    90.00
   	  750.00   569.00     0.00    90.00
   	  510.00  1375.00   577.00    90.00
   	  510.00  1375.00   577.00    90.00
   2 	  255.00   -56.00     0.00     0.00     0.00     0.00
   2 	  255.00   -56.00     0.00     0.00     0.00     0.00
   	 1980.00   514.00     0.00    90.00
   	 1980.00   514.00     0.00    90.00
   	  750.00   553.00     0.00    90.00
   	  750.00   553.00     0.00    90.00
   	  750.00   569.00     0.00    90.00
   	  750.00   569.00     0.00    90.00
   	  510.00  1375.00   577.00    90.00
   	  510.00  1375.00   577.00    90.00
   3 	  340.00   -56.00     0.00     0.00     0.00     0.00
   3 	  340.00   -56.00     0.00     0.00     0.00     0.00
   	 1980.00   514.00     0.00    90.00
   	 1980.00   514.00     0.00    90.00
   	  750.00   553.00     0.00    90.00
   	  750.00   553.00     0.00    90.00
   	  750.00   569.00     0.00    90.00
   	  750.00   569.00     0.00    90.00
   	  510.00  1375.00   577.00    90.00
   	  510.00  1375.00   577.00    90.00
   4 	  425.00   -56.00     0.00     0.00     0.00     0.00
   4 	  425.00   -56.00     0.00     0.00     0.00     0.00
   	 1980.00   514.00     0.00    90.00
   	 1980.00   514.00     0.00    90.00
   	  750.00   553.00     0.00    90.00
   	  750.00   553.00     0.00    90.00
   	  750.00   569.00     0.00    90.00
   	  750.00   569.00     0.00    90.00
   	  510.00  1375.00   577.00    90.00
   	  510.00  1375.00   577.00    90.00
   5 	  510.00   -56.00     0.00     0.00     0.00     0.00
   5 	  510.00   -56.00     0.00     0.00     0.00     0.00
   	 1980.00   514.00     0.00    90.00
   	 1980.00   514.00     0.00    90.00
   	  750.00   553.00     0.00    90.00
   	  750.00   553.00     0.00    90.00
   	  750.00   569.00     0.00    90.00
   	  750.00   569.00     0.00    90.00
   	  510.00  1375.00   577.00    90.00
   	  510.00  1375.00   577.00    90.00
   6 	  595.00   -56.00     0.00     0.00     0.00     0.00
   6 	  595.00   -56.00     0.00     0.00     0.00     0.00
   	 1980.00   514.00     0.00    90.00
   	 1980.00   514.00     0.00    90.00
   	  750.00   553.00     0.00    90.00
   	  750.00   553.00     0.00    90.00
   	  750.00   569.00     0.00    90.00
   	  750.00   569.00     0.00    90.00
   	  510.00  1375.00   577.00    90.00
   	  510.00  1375.00   577.00    90.00
   7 	  680.00   -56.00     0.00     0.00     0.00     0.00
   7 	  680.00   -56.00     0.00     0.00     0.00     0.00
   	 1980.00   514.00     0.00    90.00
   	 1980.00   514.00     0.00    90.00
   	  750.00   553.00     0.00    90.00
   	  750.00   553.00     0.00    90.00
   	  750.00   569.00     0.00    90.00
   	  750.00   569.00     0.00    90.00
   	  510.00  1375.00   577.00    90.00
   	  510.00  1375.00   577.00    90.00
   8 	  212.50   -28.00     0.00     0.00     0.00     0.00
   8 	  212.50   -28.00     0.00     0.00     0.00     0.00
   	 1980.00   514.00     0.00    90.00
   	 1980.00   514.00     0.00    90.00
   	  750.00   553.00     0.00    90.00
   	  750.00   553.00     0.00    90.00
   	  750.00   569.00     0.00    90.00
   	  750.00   569.00     0.00    90.00
   	  510.00  1375.00   577.00    90.00
   	  510.00  1375.00   577.00    90.00
   9 	  297.50   -28.00     0.00     0.00     0.00     0.00
   9 	  297.50   -28.00     0.00     0.00     0.00     0.00
   	 1980.00   514.00     0.00    90.00
   	 1980.00   514.00     0.00    90.00
   	  750.00   553.00     0.00    90.00
   	  750.00   553.00     0.00    90.00
   	  750.00   569.00     0.00    90.00
   	  750.00   569.00     0.00    90.00
   	  510.00  1375.00   577.00    90.00
   	  510.00  1375.00   577.00    90.00
  10 	  382.50   -28.00     0.00     0.00     0.00     0.00
  10 	  382.50   -28.00     0.00     0.00     0.00     0.00
   	 1980.00   514.00     0.00    90.00
   	 1980.00   514.00     0.00    90.00
   	  750.00   553.00     0.00    90.00
   	  750.00   553.00     0.00    90.00
   	  750.00   569.00     0.00    90.00
   	  750.00   569.00     0.00    90.00
   	  510.00  1375.00   577.00    90.00
   	  510.00  1375.00   577.00    90.00
  11 	  467.50   -28.00     0.00     0.00     0.00     0.00
  11 	  467.50   -28.00     0.00     0.00     0.00     0.00
   	 1980.00   514.00     0.00    90.00
   	 1980.00   514.00     0.00    90.00
   	  750.00   553.00     0.00    90.00
   	  750.00   553.00     0.00    90.00
   	  750.00   569.00     0.00    90.00
   	  750.00   569.00     0.00    90.00
   	  510.00  1375.00   577.00    90.00
   	  510.00  1375.00   577.00    90.00
  12 	  552.50   -28.00     0.00     0.00     0.00     0.00
  12 	  552.50   -28.00     0.00     0.00     0.00     0.00
   	 1980.00   514.00     0.00    90.00
   	 1980.00   514.00     0.00    90.00
   	  750.00   553.00     0.00    90.00
   	  750.00   553.00     0.00    90.00
   	  750.00   569.00     0.00    90.00
   	  750.00   569.00     0.00    90.00
   	  510.00  1375.00   577.00    90.00
   	  510.00  1375.00   577.00    90.00
  13 	  637.50   -28.00     0.00     0.00     0.00     0.00
  13 	  637.50   -28.00     0.00     0.00     0.00     0.00
   	 1980.00   514.00     0.00    90.00
   	 1980.00   514.00     0.00    90.00
   	  750.00   553.00     0.00    90.00
   	  750.00   553.00     0.00    90.00
   	  750.00   569.00     0.00    90.00
   	  750.00   569.00     0.00    90.00
   	  510.00  1375.00   577.00    90.00
   	  510.00  1375.00   577.00    90.00
  14 	  722.50   -28.00     0.00     0.00     0.00     0.00
  14 	  722.50   -28.00     0.00     0.00     0.00     0.00
   	 1980.00   514.00     0.00    90.00
   	 1980.00   514.00     0.00    90.00
   	  750.00   553.00     0.00    90.00
   	  750.00   553.00     0.00    90.00
   	  750.00   569.00     0.00    90.00
   	  750.00   569.00     0.00    90.00
   	  510.00  1375.00   577.00    90.00
   	  510.00  1375.00   577.00    90.00
  15 	 -637.50   -28.00     0.00     0.00     0.00     0.00
  15 	 -637.50   -28.00     0.00     0.00     0.00     0.00
   	 1980.00   514.00     0.00    90.00
   	 1980.00   514.00     0.00    90.00
   	  750.00   553.00     0.00    90.00
   	  750.00   553.00     0.00    90.00
   	  750.00   569.00     0.00    90.00
   	  750.00   569.00     0.00    90.00
   	  510.00  1375.00   577.00    90.00
   	  510.00  1375.00   577.00    90.00
  16 	 -552.50   -28.00     0.00     0.00     0.00     0.00
  16 	 -552.50   -28.00     0.00     0.00     0.00     0.00
   	 1980.00   514.00     0.00    90.00
   	 1980.00   514.00     0.00    90.00
   	  750.00   553.00     0.00    90.00
   	  750.00   553.00     0.00    90.00
   	  750.00   569.00     0.00    90.00
   	  750.00   569.00     0.00    90.00
   	  510.00  1375.00   577.00    90.00
   	  510.00  1375.00   577.00    90.00
  17 	 -467.50   -28.00     0.00     0.00     0.00     0.00
  17 	 -467.50   -28.00     0.00     0.00     0.00     0.00
   	 1980.00   514.00     0.00    90.00
   	 1980.00   514.00     0.00    90.00
   	  750.00   553.00     0.00    90.00
   	  750.00   553.00     0.00    90.00
   	  750.00   569.00     0.00    90.00
   	  750.00   569.00     0.00    90.00
   	  510.00  1375.00   577.00    90.00
   	  510.00  1375.00   577.00    90.00
  18 	 -595.00     0.00     0.00     0.00     0.00     0.00
  18 	 -595.00     0.00     0.00     0.00     0.00     0.00
   	 1980.00   514.00     0.00    90.00
   	 1980.00   514.00     0.00    90.00
   	  750.00   553.00     0.00    90.00
   	  750.00   553.00     0.00    90.00
   	  750.00   569.00     0.00    90.00
   	  750.00   569.00     0.00    90.00
   	  510.00  1375.00   577.00    90.00
   	  510.00  1375.00   577.00    90.00
  19 	 -510.00     0.00     0.00     0.00     0.00     0.00
  19 	 -510.00     0.00     0.00     0.00     0.00     0.00
   	 1980.00   514.00     0.00    90.00
   	 1980.00   514.00     0.00    90.00
   	  750.00   553.00     0.00    90.00
   	  750.00   553.00     0.00    90.00
   	  750.00   569.00     0.00    90.00
   	  750.00   569.00     0.00    90.00
   	  510.00  1375.00   577.00    90.00
   	  510.00  1375.00   577.00    90.00
  20 	 -425.00     0.00     0.00     0.00     0.00     0.00
  20 	 -425.00     0.00     0.00     0.00     0.00     0.00
   	 1980.00   514.00     0.00    90.00
   	 1980.00   514.00     0.00    90.00
   	  750.00   553.00     0.00    90.00
   	  750.00   553.00     0.00    90.00
   	  750.00   569.00     0.00    90.00
   	  750.00   569.00     0.00    90.00
   	  510.00  1375.00   577.00    90.00
   	  510.00  1375.00   577.00    90.00
  21 	 -552.50    28.00     0.00     0.00     0.00     0.00
  21 	 -552.50    28.00     0.00     0.00     0.00     0.00
   	 1980.00   514.00     0.00    90.00
   	 1980.00   514.00     0.00    90.00
   	  750.00   553.00     0.00    90.00
   	  750.00   553.00     0.00    90.00
   	  750.00   569.00     0.00    90.00
   	  750.00   569.00     0.00    90.00
   	  510.00  1375.00   577.00    90.00
   	  510.00  1375.00   577.00    90.00
  22 	 -467.50    28.00     0.00     0.00     0.00     0.00
  22 	 -467.50    28.00     0.00     0.00     0.00     0.00
   	 1980.00   514.00     0.00    90.00
   	 1980.00   514.00     0.00    90.00
   	  750.00   553.00     0.00    90.00
   	  750.00   553.00     0.00    90.00
   	  750.00   569.00     0.00    90.00
   	  750.00   569.00     0.00    90.00
   	  510.00  1375.00   577.00    90.00
   	  510.00  1375.00   577.00    90.00
  23 	 -382.50    28.00     0.00     0.00     0.00     0.00
  23 	 -382.50    28.00     0.00     0.00     0.00     0.00
   	 1980.00   514.00     0.00    90.00
   	 1980.00   514.00     0.00    90.00
   	  750.00   553.00     0.00    90.00
   	  750.00   553.00     0.00    90.00
   	  750.00   569.00     0.00    90.00
   	  750.00   569.00     0.00    90.00
   	  510.00  1375.00   577.00    90.00
   	  510.00  1375.00   577.00    90.00
  24 	 -510.00    56.00     0.00     0.00     0.00     0.00
  24 	 -510.00    56.00     0.00     0.00     0.00     0.00
   	 1980.00   514.00     0.00    90.00
   	 1980.00   514.00     0.00    90.00
   	  750.00   553.00     0.00    90.00
   	  750.00   553.00     0.00    90.00
   	  750.00   569.00     0.00    90.00
   	  750.00   569.00     0.00    90.00
   	  510.00  1375.00   577.00    90.00
   	  510.00  1375.00   577.00    90.00
  25 	 -425.00    56.00     0.00     0.00     0.00     0.00
  25 	 -425.00    56.00     0.00     0.00     0.00     0.00
   	 1980.00   514.00     0.00    90.00
   	 1980.00   514.00     0.00    90.00
   	  750.00   553.00     0.00    90.00
   	  750.00   553.00     0.00    90.00
   	  750.00   569.00     0.00    90.00
   	  750.00   569.00     0.00    90.00
   	  510.00  1375.00   577.00    90.00
   	  510.00  1375.00   577.00    90.00
  26 	 -340.00    56.00     0.00     0.00     0.00     0.00
  26 	 -340.00    56.00     0.00     0.00     0.00     0.00
   	 1980.00   514.00     0.00    90.00
   	 1980.00   514.00     0.00    90.00
   	  750.00   553.00     0.00    90.00
   	  750.00   553.00     0.00    90.00
   	  750.00   569.00     0.00    90.00
   	  750.00   569.00     0.00    90.00
   	  510.00  1375.00   577.00    90.00
   	  510.00  1375.00   577.00    90.00
  27 	 -467.50    84.00     0.00     0.00     0.00     0.00
  27 	 -467.50    84.00     0.00     0.00     0.00     0.00
   	 1980.00   514.00     0.00    90.00
   	 1980.00   514.00     0.00    90.00
   	  750.00   553.00     0.00    90.00
   	  750.00   553.00     0.00    90.00
   	  750.00   569.00     0.00    90.00
   	  750.00   569.00     0.00    90.00
   	  510.00  1375.00   577.00    90.00
   	  510.00  1375.00   577.00    90.00
  28 	 -382.50    84.00     0.00     0.00     0.00     0.00
  28 	 -382.50    84.00     0.00     0.00     0.00     0.00
   	 1980.00   514.00     0.00    90.00
   	 1980.00   514.00     0.00    90.00
   	  750.00   553.00     0.00    90.00
   	  750.00   553.00     0.00    90.00
   	  750.00   569.00     0.00    90.00
   	  750.00   569.00     0.00    90.00
   	  510.00  1375.00   577.00    90.00
   	  510.00  1375.00   577.00    90.00
  29 	 -297.50    84.00     0.00     0.00     0.00     0.00
  29 	 -297.50    84.00     0.00     0.00     0.00     0.00
   	 1980.00   514.00     0.00    90.00
   	 1980.00   514.00     0.00    90.00
   	  750.00   553.00     0.00    90.00
   	  750.00   553.00     0.00    90.00
   	  750.00   569.00     0.00    90.00
   	  750.00   569.00     0.00    90.00
   	  510.00  1375.00   577.00    90.00
   	  510.00  1375.00   577.00    90.00
  30 	 -425.00   112.00     0.00     0.00     0.00     0.00
  30 	 -425.00   112.00     0.00     0.00     0.00     0.00
   	 1980.00   514.00     0.00    90.00
   	 1980.00   514.00     0.00    90.00
   	  750.00   553.00     0.00    90.00
   	  750.00   553.00     0.00    90.00
   	  750.00   569.00     0.00    90.00
   	  750.00   569.00     0.00    90.00
   	  510.00  1375.00   577.00    90.00
   	  510.00  1375.00   577.00    90.00
  31 	 -340.00   112.00     0.00     0.00     0.00     0.00
  31 	 -340.00   112.00     0.00     0.00     0.00     0.00
   	 1980.00   514.00     0.00    90.00
   	 1980.00   514.00     0.00    90.00
   	  750.00   553.00     0.00    90.00
   	  750.00   553.00     0.00    90.00
   	  750.00   569.00     0.00    90.00
   	  750.00   569.00     0.00    90.00
   	  510.00  1375.00   577.00    90.00
   	  510.00  1375.00   577.00    90.00
  32 	 -255.00   112.00     0.00     0.00     0.00     0.00
  32 	 -255.00   112.00     0.00     0.00     0.00     0.00
   	 1980.00   514.00     0.00    90.00
   	 1980.00   514.00     0.00    90.00
   	  750.00   553.00     0.00    90.00
   	  750.00   553.00     0.00    90.00
   	  750.00   569.00     0.00    90.00
   	  750.00   569.00     0.00    90.00
   	  510.00  1375.00   577.00    90.00
   	  510.00  1375.00   577.00    90.00
  33 	 -382.50   140.00     0.00     0.00     0.00     0.00
  33 	 -382.50   140.00     0.00     0.00     0.00     0.00
   	 1980.00   514.00     0.00    90.00
   	 1980.00   514.00     0.00    90.00
   	  750.00   553.00     0.00    90.00
   	  750.00   553.00     0.00    90.00
   	  750.00   569.00     0.00    90.00
   	  750.00   569.00     0.00    90.00
   	  510.00  1375.00   577.00    90.00
   	  510.00  1375.00   577.00    90.00
  34 	 -297.50   140.00     0.00     0.00     0.00     0.00
  34 	 -297.50   140.00     0.00     0.00     0.00     0.00
   	 1980.00   514.00     0.00    90.00
   	 1980.00   514.00     0.00    90.00
   	  750.00   553.00     0.00    90.00
   	  750.00   553.00     0.00    90.00
   	  750.00   569.00     0.00    90.00
   	  750.00   569.00     0.00    90.00
   	  510.00  1375.00   577.00    90.00
   	  510.00  1375.00   577.00    90.00
  35 	 -212.50   140.00     0.00     0.00     0.00     0.00
  35 	 -212.50   140.00     0.00     0.00     0.00     0.00
   	 1980.00   514.00     0.00    90.00
   	 1980.00   514.00     0.00    90.00
   	  750.00   553.00     0.00    90.00
   	  750.00   553.00     0.00    90.00
   	  750.00   569.00     0.00    90.00
   	  750.00   569.00     0.00    90.00
   	  510.00  1375.00   577.00    90.00
   	  510.00  1375.00   577.00    90.00

** End writing output file: ../inputs/gr967.dat 
