*******************************************************************************
                         ARRAY PREPROCESSOR ver. 1.0
*******************************************************************************



   1	GROUP testgroup
   3	 GRID RECTANGULAR
   4	 ELEMENT
   5	 GEOMETRY CIRCULAR RADIUS 57
   7	 ADD BLOCK -2 -4 -2 2
   9	 GROUP_EXCITATION
  10	 AMPLITUDE UNIFORM 26
  11	 PHASE UNIFORM -68
  12	 END

** Generating GROUP: testgroup.
** PSTEP,QSTEP set to:114.000000,114.000000
** Grid ANGLE set to:90.000000 
** Group ROT_ANGLE set to: 0.000000 

** Writing output file: ../inputs/gr968.dat

NEL 
NPORTS
IDUM      REXA     REYA     REZA     THEA     PHEA     PSEA 
          AMP      PSH      PSC      PHEPOL
   7
   7
   1
   1
   1 	 -228.00  -456.00     0.00     0.00     0.00     0.00
   1 	 -228.00  -456.00     0.00     0.00     0.00     0.00
   	   26.00   -68.00     0.00    90.00
   	   26.00   -68.00     0.00    90.00
   2 	 -228.00  -342.00     0.00     0.00     0.00     0.00
   2 	 -228.00  -342.00     0.00     0.00     0.00     0.00
   	   26.00   -68.00     0.00    90.00
   	   26.00   -68.00     0.00    90.00
   3 	 -228.00  -228.00     0.00     0.00     0.00     0.00
   3 	 -228.00  -228.00     0.00     0.00     0.00     0.00
   	   26.00   -68.00     0.00    90.00
   	   26.00   -68.00     0.00    90.00
   4 	 -228.00  -114.00     0.00     0.00     0.00     0.00
   4 	 -228.00  -114.00     0.00     0.00     0.00     0.00
   	   26.00   -68.00     0.00    90.00
   	   26.00   -68.00     0.00    90.00
   5 	 -228.00     0.00     0.00     0.00     0.00     0.00
   5 	 -228.00     0.00     0.00     0.00     0.00     0.00
   	   26.00   -68.00     0.00    90.00
   	   26.00   -68.00     0.00    90.00
   6 	 -228.00   114.00     0.00     0.00     0.00     0.00
   6 	 -228.00   114.00     0.00     0.00     0.00     0.00
   	   26.00   -68.00     0.00    90.00
   	   26.00   -68.00     0.00    90.00
   7 	 -228.00   228.00     0.00     0.00     0.00     0.00
   7 	 -228.00   228.00     0.00     0.00     0.00     0.00
   	   26.00   -68.00     0.00    90.00
   	   26.00   -68.00     0.00    90.00

** End writing output file: ../inputs/gr968.dat 
