*******************************************************************************
                         ARRAY PREPROCESSOR ver. 1.0
*******************************************************************************



   1	GROUP testgroup
   3	 GRID HEXAGONAL
   4	 ELEMENT
   5	 GEOMETRY CIRCULAR 74
   6	 POLARIZATION CIRCULAR
   7	 ADD BLOCK 6 6 2 6
   8	 ADD BLOCK 6 -2 5 2
   9	 ADD BLOCK 0 0 9 1
  11	 GROUP_EXCITATION
  12	 AMPLITUDE UNIFORM 20
  13	 PHASE UNIFORM -88
  14	 END

** Generating GROUP: testgroup.
** PSTEP,QSTEP set to:148.000000,148.000000
** Grid ANGLE set to:60.000000 
** Group ROT_ANGLE set to: 0.000000 

** Writing output file: ../inputs/gr969.dat

NEL 
NPORTS
IDUM      REXA     REYA     REZA     THEA     PHEA     PSEA 
          AMP      PSH      PSC      PHEPOL
  35
  35
   1
   1
   1 	  740.00   769.03     0.00     0.00     0.00     0.00
   1 	  740.00   769.03     0.00     0.00     0.00     0.00
   	   20.00   -88.00     0.00    90.00
   	   20.00   -88.00     0.00    90.00
   2 	  888.00   769.03     0.00     0.00     0.00     0.00
   2 	  888.00   769.03     0.00     0.00     0.00     0.00
   	   20.00   -88.00     0.00    90.00
   	   20.00   -88.00     0.00    90.00
   3 	 1036.00   769.03     0.00     0.00     0.00     0.00
   3 	 1036.00   769.03     0.00     0.00     0.00     0.00
   	   20.00   -88.00     0.00    90.00
   	   20.00   -88.00     0.00    90.00
   4 	 1184.00   769.03     0.00     0.00     0.00     0.00
   4 	 1184.00   769.03     0.00     0.00     0.00     0.00
   	   20.00   -88.00     0.00    90.00
   	   20.00   -88.00     0.00    90.00
   5 	 1332.00   769.03     0.00     0.00     0.00     0.00
   5 	 1332.00   769.03     0.00     0.00     0.00     0.00
   	   20.00   -88.00     0.00    90.00
   	   20.00   -88.00     0.00    90.00
   6 	  592.00  -256.34     0.00     0.00     0.00     0.00
   6 	  592.00  -256.34     0.00     0.00     0.00     0.00
   	   20.00   -88.00     0.00    90.00
   	   20.00   -88.00     0.00    90.00
   7 	  740.00  -256.34     0.00     0.00     0.00     0.00
   7 	  740.00  -256.34     0.00     0.00     0.00     0.00
   	   20.00   -88.00     0.00    90.00
   	   20.00   -88.00     0.00    90.00
   8 	  666.00  -128.17     0.00     0.00     0.00     0.00
   8 	  666.00  -128.17     0.00     0.00     0.00     0.00
   	   20.00   -88.00     0.00    90.00
   	   20.00   -88.00     0.00    90.00
   9 	  814.00  -128.17     0.00     0.00     0.00     0.00
   9 	  814.00  -128.17     0.00     0.00     0.00     0.00
   	   20.00   -88.00     0.00    90.00
   	   20.00   -88.00     0.00    90.00
  10 	  740.00     0.00     0.00     0.00     0.00     0.00
  10 	  740.00     0.00     0.00     0.00     0.00     0.00
   	   20.00   -88.00     0.00    90.00
   	   20.00   -88.00     0.00    90.00
  11 	  888.00     0.00     0.00     0.00     0.00     0.00
  11 	  888.00     0.00     0.00     0.00     0.00     0.00
   	   20.00   -88.00     0.00    90.00
   	   20.00   -88.00     0.00    90.00
  12 	  814.00   128.17     0.00     0.00     0.00     0.00
  12 	  814.00   128.17     0.00     0.00     0.00     0.00
   	   20.00   -88.00     0.00    90.00
   	   20.00   -88.00     0.00    90.00
  13 	  962.00   128.17     0.00     0.00     0.00     0.00
  13 	  962.00   128.17     0.00     0.00     0.00     0.00
   	   20.00   -88.00     0.00    90.00
   	   20.00   -88.00     0.00    90.00
  14 	  888.00   256.34     0.00     0.00     0.00     0.00
  14 	  888.00   256.34     0.00     0.00     0.00     0.00
   	   20.00   -88.00     0.00    90.00
   	   20.00   -88.00     0.00    90.00
  15 	 1036.00   256.34     0.00     0.00     0.00     0.00
  15 	 1036.00   256.34     0.00     0.00     0.00     0.00
   	   20.00   -88.00     0.00    90.00
   	   20.00   -88.00     0.00    90.00
  16 	    0.00     0.00     0.00     0.00     0.00     0.00
  16 	    0.00     0.00     0.00     0.00     0.00     0.00
   	   20.00   -88.00     0.00    90.00
   	   20.00   -88.00     0.00    90.00
  17 	  148.00     0.00     0.00     0.00     0.00     0.00
  17 	  148.00     0.00     0.00     0.00     0.00     0.00
   	   20.00   -88.00     0.00    90.00
   	   20.00   -88.00     0.00    90.00
  18 	  296.00     0.00     0.00     0.00     0.00     0.00
  18 	  296.00     0.00     0.00     0.00     0.00     0.00
   	   20.00   -88.00     0.00    90.00
   	   20.00   -88.00     0.00    90.00
  19 	  444.00     0.00     0.00     0.00     0.00     0.00
  19 	  444.00     0.00     0.00     0.00     0.00     0.00
   	   20.00   -88.00     0.00    90.00
   	   20.00   -88.00     0.00    90.00
  20 	  592.00     0.00     0.00     0.00     0.00     0.00
  20 	  592.00     0.00     0.00     0.00     0.00     0.00
   	   20.00   -88.00     0.00    90.00
   	   20.00   -88.00     0.00    90.00
  21 	  740.00     0.00     0.00     0.00     0.00     0.00
  21 	  740.00     0.00     0.00     0.00     0.00     0.00
   	   20.00   -88.00     0.00    90.00
   	   20.00   -88.00     0.00    90.00
  22 	  888.00     0.00     0.00     0.00     0.00     0.00
  22 	  888.00     0.00     0.00     0.00     0.00     0.00
   	   20.00   -88.00     0.00    90.00
   	   20.00   -88.00     0.00    90.00
  23 	 1036.00     0.00     0.00     0.00     0.00     0.00
  23 	 1036.00     0.00     0.00     0.00     0.00     0.00
   	   20.00   -88.00     0.00    90.00
   	   20.00   -88.00     0.00    90.00
  24 	 1184.00     0.00     0.00     0.00     0.00     0.00
  24 	 1184.00     0.00     0.00     0.00     0.00     0.00
   	   20.00   -88.00     0.00    90.00
   	   20.00   -88.00     0.00    90.00
  25 	 1332.00     0.00     0.00     0.00     0.00     0.00
  25 	 1332.00     0.00     0.00     0.00     0.00     0.00
   	   20.00   -88.00     0.00    90.00
   	   20.00   -88.00     0.00    90.00
  26 	   74.00   128.17     0.00     0.00     0.00     0.00
  26 	   74.00   128.17     0.00     0.00     0.00     0.00
   	   20.00   -88.00     0.00    90.00
   	   20.00   -88.00     0.00    90.00
  27 	  222.00   128.17     0.00     0.00     0.00     0.00
  27 	  222.00   128.17     0.00     0.00     0.00     0.00
   	   20.00   -88.00     0.00    90.00
   	   20.00   -88.00     0.00    90.00
  28 	  370.00   128.17     0.00     0.00     0.00     0.00
  28 	  370.00   128.17     0.00     0.00     0.00     0.00
   	   20.00   -88.00     0.00    90.00
   	   20.00   -88.00     0.00    90.00
  29 	  518.00   128.17     0.00     0.00     0.00     0.00
  29 	  518.00   128.17     0.00     0.00     0.00     0.00
   	   20.00   -88.00     0.00    90.00
   	   20.00   -88.00     0.00    90.00
  30 	  666.00   128.17     0.00     0.00     0.00     0.00
  30 	  666.00   128.17     0.00     0.00     0.00     0.00
   	   20.00   -88.00     0.00    90.00
   	   20.00   -88.00     0.00    90.00
  31 	  814.00   128.17     0.00     0.00     0.00     0.00
  31 	  814.00   128.17     0.00     0.00     0.00     0.00
   	   20.00   -88.00     0.00    90.00
   	   20.00   -88.00     0.00    90.00
  32 	  962.00   128.17     0.00     0.00     0.00     0.00
  32 	  962.00   128.17     0.00     0.00     0.00     0.00
   	   20.00   -88.00     0.00    90.00
   	   20.00   -88.00     0.00    90.00
  33 	 1110.00   128.17     0.00     0.00     0.00     0.00
  33 	 1110.00   128.17     0.00     0.00     0.00     0.00
   	   20.00   -88.00     0.00    90.00
   	   20.00   -88.00     0.00    90.00
  34 	 1258.00   128.17     0.00     0.00     0.00     0.00
  34 	 1258.00   128.17     0.00     0.00     0.00     0.00
   	   20.00   -88.00     0.00    90.00
   	   20.00   -88.00     0.00    90.00
  35 	 1406.00   128.17     0.00     0.00     0.00     0.00
  35 	 1406.00   128.17     0.00     0.00     0.00     0.00
   	   20.00   -88.00     0.00    90.00
   	   20.00   -88.00     0.00    90.00

** End writing output file: ../inputs/gr969.dat 
