*******************************************************************************
                         ARRAY PREPROCESSOR ver. 1.0
*******************************************************************************



   1	GROUP testgroup
   3	 GRID HEXAGONAL STEP 81
   4	 ELEMENT
   5	 GEOMETRY CIRCULAR RADIUS 63 mm
   7	 ADD HEXAGON 0 2
   8	 ADD BLOCK 7 0 -14 -1
   9	 ADD HEXAGON -5 -2
  10	 ADD BLOCK 0 -5 2 -2
  12	 GROUP_EXCITATION
  13	 AMPLITUDE UNIFORM 31
  14	 PHASE UNIFORM -13
  15	 END

** WARNING B2: GRID step(s) too small for specified element in GROUP: testgroup
** Generating GROUP: testgroup.
** PSTEP,QSTEP set to:81.000000,81.000000
** Grid ANGLE set to:60.000000 
** Group ROT_ANGLE set to: 0.000000 

** Writing output file: ../inputs/gr973.dat

NEL 
NPORTS
IDUM      REXA     REYA     REZA     THEA     PHEA     PSEA 
          AMP      PSH      PSC      PHEPOL
  70
  70
   1
   1
   1 	   40.50   210.44     0.00     0.00     0.00     0.00
   1 	   40.50   210.44     0.00     0.00     0.00     0.00
   	   31.00   -13.00     0.00    90.00
   	   31.00   -13.00     0.00    90.00
   2 	  121.50   210.44     0.00     0.00     0.00     0.00
   2 	  121.50   210.44     0.00     0.00     0.00     0.00
   	   31.00   -13.00     0.00    90.00
   	   31.00   -13.00     0.00    90.00
   3 	  162.00   140.30     0.00     0.00     0.00     0.00
   3 	  162.00   140.30     0.00     0.00     0.00     0.00
   	   31.00   -13.00     0.00    90.00
   	   31.00   -13.00     0.00    90.00
   4 	  121.50    70.15     0.00     0.00     0.00     0.00
   4 	  121.50    70.15     0.00     0.00     0.00     0.00
   	   31.00   -13.00     0.00    90.00
   	   31.00   -13.00     0.00    90.00
   5 	   40.50    70.15     0.00     0.00     0.00     0.00
   5 	   40.50    70.15     0.00     0.00     0.00     0.00
   	   31.00   -13.00     0.00    90.00
   	   31.00   -13.00     0.00    90.00
   6 	   -0.00   140.30     0.00     0.00     0.00     0.00
   6 	   -0.00   140.30     0.00     0.00     0.00     0.00
   	   31.00   -13.00     0.00    90.00
   	   31.00   -13.00     0.00    90.00
   7 	   81.00   140.30     0.00     0.00     0.00     0.00
   7 	   81.00   140.30     0.00     0.00     0.00     0.00
   	   31.00   -13.00     0.00    90.00
   	   31.00   -13.00     0.00    90.00
   8 	-1174.50   -70.15     0.00     0.00     0.00     0.00
   8 	-1174.50   -70.15     0.00     0.00     0.00     0.00
   	   31.00   -13.00     0.00    90.00
   	   31.00   -13.00     0.00    90.00
   9 	-1093.50   -70.15     0.00     0.00     0.00     0.00
   9 	-1093.50   -70.15     0.00     0.00     0.00     0.00
   	   31.00   -13.00     0.00    90.00
   	   31.00   -13.00     0.00    90.00
  10 	-1012.50   -70.15     0.00     0.00     0.00     0.00
  10 	-1012.50   -70.15     0.00     0.00     0.00     0.00
   	   31.00   -13.00     0.00    90.00
   	   31.00   -13.00     0.00    90.00
  11 	 -931.50   -70.15     0.00     0.00     0.00     0.00
  11 	 -931.50   -70.15     0.00     0.00     0.00     0.00
   	   31.00   -13.00     0.00    90.00
   	   31.00   -13.00     0.00    90.00
  12 	 -850.50   -70.15     0.00     0.00     0.00     0.00
  12 	 -850.50   -70.15     0.00     0.00     0.00     0.00
   	   31.00   -13.00     0.00    90.00
   	   31.00   -13.00     0.00    90.00
  13 	 -769.50   -70.15     0.00     0.00     0.00     0.00
  13 	 -769.50   -70.15     0.00     0.00     0.00     0.00
   	   31.00   -13.00     0.00    90.00
   	   31.00   -13.00     0.00    90.00
  14 	 -688.50   -70.15     0.00     0.00     0.00     0.00
  14 	 -688.50   -70.15     0.00     0.00     0.00     0.00
   	   31.00   -13.00     0.00    90.00
   	   31.00   -13.00     0.00    90.00
  15 	 -607.50   -70.15     0.00     0.00     0.00     0.00
  15 	 -607.50   -70.15     0.00     0.00     0.00     0.00
   	   31.00   -13.00     0.00    90.00
   	   31.00   -13.00     0.00    90.00
  16 	 -526.50   -70.15     0.00     0.00     0.00     0.00
  16 	 -526.50   -70.15     0.00     0.00     0.00     0.00
   	   31.00   -13.00     0.00    90.00
   	   31.00   -13.00     0.00    90.00
  17 	 -445.50   -70.15     0.00     0.00     0.00     0.00
  17 	 -445.50   -70.15     0.00     0.00     0.00     0.00
   	   31.00   -13.00     0.00    90.00
   	   31.00   -13.00     0.00    90.00
  18 	 -364.50   -70.15     0.00     0.00     0.00     0.00
  18 	 -364.50   -70.15     0.00     0.00     0.00     0.00
   	   31.00   -13.00     0.00    90.00
   	   31.00   -13.00     0.00    90.00
  19 	 -283.50   -70.15     0.00     0.00     0.00     0.00
  19 	 -283.50   -70.15     0.00     0.00     0.00     0.00
   	   31.00   -13.00     0.00    90.00
   	   31.00   -13.00     0.00    90.00
  20 	 -202.50   -70.15     0.00     0.00     0.00     0.00
  20 	 -202.50   -70.15     0.00     0.00     0.00     0.00
   	   31.00   -13.00     0.00    90.00
   	   31.00   -13.00     0.00    90.00
  21 	 -121.50   -70.15     0.00     0.00     0.00     0.00
  21 	 -121.50   -70.15     0.00     0.00     0.00     0.00
   	   31.00   -13.00     0.00    90.00
   	   31.00   -13.00     0.00    90.00
  22 	  -40.50   -70.15     0.00     0.00     0.00     0.00
  22 	  -40.50   -70.15     0.00     0.00     0.00     0.00
   	   31.00   -13.00     0.00    90.00
   	   31.00   -13.00     0.00    90.00
  23 	   40.50   -70.15     0.00     0.00     0.00     0.00
  23 	   40.50   -70.15     0.00     0.00     0.00     0.00
   	   31.00   -13.00     0.00    90.00
   	   31.00   -13.00     0.00    90.00
  24 	  121.50   -70.15     0.00     0.00     0.00     0.00
  24 	  121.50   -70.15     0.00     0.00     0.00     0.00
   	   31.00   -13.00     0.00    90.00
   	   31.00   -13.00     0.00    90.00
  25 	  202.50   -70.15     0.00     0.00     0.00     0.00
  25 	  202.50   -70.15     0.00     0.00     0.00     0.00
   	   31.00   -13.00     0.00    90.00
   	   31.00   -13.00     0.00    90.00
  26 	  283.50   -70.15     0.00     0.00     0.00     0.00
  26 	  283.50   -70.15     0.00     0.00     0.00     0.00
   	   31.00   -13.00     0.00    90.00
   	   31.00   -13.00     0.00    90.00
  27 	  364.50   -70.15     0.00     0.00     0.00     0.00
  27 	  364.50   -70.15     0.00     0.00     0.00     0.00
   	   31.00   -13.00     0.00    90.00
   	   31.00   -13.00     0.00    90.00
  28 	  445.50   -70.15     0.00     0.00     0.00     0.00
  28 	  445.50   -70.15     0.00     0.00     0.00     0.00
   	   31.00   -13.00     0.00    90.00
   	   31.00   -13.00     0.00    90.00
  29 	  526.50   -70.15     0.00     0.00     0.00     0.00
  29 	  526.50   -70.15     0.00     0.00     0.00     0.00
   	   31.00   -13.00     0.00    90.00
   	   31.00   -13.00     0.00    90.00
  30 	-1134.00     0.00     0.00     0.00     0.00     0.00
  30 	-1134.00     0.00     0.00     0.00     0.00     0.00
   	   31.00   -13.00     0.00    90.00
   	   31.00   -13.00     0.00    90.00
  31 	-1053.00     0.00     0.00     0.00     0.00     0.00
  31 	-1053.00     0.00     0.00     0.00     0.00     0.00
   	   31.00   -13.00     0.00    90.00
   	   31.00   -13.00     0.00    90.00
  32 	 -972.00     0.00     0.00     0.00     0.00     0.00
  32 	 -972.00     0.00     0.00     0.00     0.00     0.00
   	   31.00   -13.00     0.00    90.00
   	   31.00   -13.00     0.00    90.00
  33 	 -891.00     0.00     0.00     0.00     0.00     0.00
  33 	 -891.00     0.00     0.00     0.00     0.00     0.00
   	   31.00   -13.00     0.00    90.00
   	   31.00   -13.00     0.00    90.00
  34 	 -810.00     0.00     0.00     0.00     0.00     0.00
  34 	 -810.00     0.00     0.00     0.00     0.00     0.00
   	   31.00   -13.00     0.00    90.00
   	   31.00   -13.00     0.00    90.00
  35 	 -729.00     0.00     0.00     0.00     0.00     0.00
  35 	 -729.00     0.00     0.00     0.00     0.00     0.00
   	   31.00   -13.00     0.00    90.00
   	   31.00   -13.00     0.00    90.00
  36 	 -648.00     0.00     0.00     0.00     0.00     0.00
  36 	 -648.00     0.00     0.00     0.00     0.00     0.00
   	   31.00   -13.00     0.00    90.00
   	   31.00   -13.00     0.00    90.00
  37 	 -567.00     0.00     0.00     0.00     0.00     0.00
  37 	 -567.00     0.00     0.00     0.00     0.00     0.00
   	   31.00   -13.00     0.00    90.00
   	   31.00   -13.00     0.00    90.00
  38 	 -486.00     0.00     0.00     0.00     0.00     0.00
  38 	 -486.00     0.00     0.00     0.00     0.00     0.00
   	   31.00   -13.00     0.00    90.00
   	   31.00   -13.00     0.00    90.00
  39 	 -405.00     0.00     0.00     0.00     0.00     0.00
  39 	 -405.00     0.00     0.00     0.00     0.00     0.00
   	   31.00   -13.00     0.00    90.00
   	   31.00   -13.00     0.00    90.00
  40 	 -324.00     0.00     0.00     0.00     0.00     0.00
  40 	 -324.00     0.00     0.00     0.00     0.00     0.00
   	   31.00   -13.00     0.00    90.00
   	   31.00   -13.00     0.00    90.00
  41 	 -243.00     0.00     0.00     0.00     0.00     0.00
  41 	 -243.00     0.00     0.00     0.00     0.00     0.00
   	   31.00   -13.00     0.00    90.00
   	   31.00   -13.00     0.00    90.00
  42 	 -162.00     0.00     0.00     0.00     0.00     0.00
  42 	 -162.00     0.00     0.00     0.00     0.00     0.00
   	   31.00   -13.00     0.00    90.00
   	   31.00   -13.00     0.00    90.00
  43 	  -81.00     0.00     0.00     0.00     0.00     0.00
  43 	  -81.00     0.00     0.00     0.00     0.00     0.00
   	   31.00   -13.00     0.00    90.00
   	   31.00   -13.00     0.00    90.00
  44 	    0.00     0.00     0.00     0.00     0.00     0.00
  44 	    0.00     0.00     0.00     0.00     0.00     0.00
   	   31.00   -13.00     0.00    90.00
   	   31.00   -13.00     0.00    90.00
  45 	   81.00     0.00     0.00     0.00     0.00     0.00
  45 	   81.00     0.00     0.00     0.00     0.00     0.00
   	   31.00   -13.00     0.00    90.00
   	   31.00   -13.00     0.00    90.00
  46 	  162.00     0.00     0.00     0.00     0.00     0.00
  46 	  162.00     0.00     0.00     0.00     0.00     0.00
   	   31.00   -13.00     0.00    90.00
   	   31.00   -13.00     0.00    90.00
  47 	  243.00     0.00     0.00     0.00     0.00     0.00
  47 	  243.00     0.00     0.00     0.00     0.00     0.00
   	   31.00   -13.00     0.00    90.00
   	   31.00   -13.00     0.00    90.00
  48 	  324.00     0.00     0.00     0.00     0.00     0.00
  48 	  324.00     0.00     0.00     0.00     0.00     0.00
   	   31.00   -13.00     0.00    90.00
   	   31.00   -13.00     0.00    90.00
  49 	  405.00     0.00     0.00     0.00     0.00     0.00
  49 	  405.00     0.00     0.00     0.00     0.00     0.00
   	   31.00   -13.00     0.00    90.00
   	   31.00   -13.00     0.00    90.00
  50 	  486.00     0.00     0.00     0.00     0.00     0.00
  50 	  486.00     0.00     0.00     0.00     0.00     0.00
   	   31.00   -13.00     0.00    90.00
   	   31.00   -13.00     0.00    90.00
  51 	  567.00     0.00     0.00     0.00     0.00     0.00
  51 	  567.00     0.00     0.00     0.00     0.00     0.00
   	   31.00   -13.00     0.00    90.00
   	   31.00   -13.00     0.00    90.00
  52 	 -526.50   -70.15     0.00     0.00     0.00     0.00
  52 	 -526.50   -70.15     0.00     0.00     0.00     0.00
   	   31.00   -13.00     0.00    90.00
   	   31.00   -13.00     0.00    90.00
  53 	 -445.50   -70.15     0.00     0.00     0.00     0.00
  53 	 -445.50   -70.15     0.00     0.00     0.00     0.00
   	   31.00   -13.00     0.00    90.00
   	   31.00   -13.00     0.00    90.00
  54 	 -405.00  -140.30     0.00     0.00     0.00     0.00
  54 	 -405.00  -140.30     0.00     0.00     0.00     0.00
   	   31.00   -13.00     0.00    90.00
   	   31.00   -13.00     0.00    90.00
  55 	 -445.50  -210.44     0.00     0.00     0.00     0.00
  55 	 -445.50  -210.44     0.00     0.00     0.00     0.00
   	   31.00   -13.00     0.00    90.00
   	   31.00   -13.00     0.00    90.00
  56 	 -526.50  -210.44     0.00     0.00     0.00     0.00
  56 	 -526.50  -210.44     0.00     0.00     0.00     0.00
   	   31.00   -13.00     0.00    90.00
   	   31.00   -13.00     0.00    90.00
  57 	 -567.00  -140.30     0.00     0.00     0.00     0.00
  57 	 -567.00  -140.30     0.00     0.00     0.00     0.00
   	   31.00   -13.00     0.00    90.00
   	   31.00   -13.00     0.00    90.00
  58 	 -486.00  -140.30     0.00     0.00     0.00     0.00
  58 	 -486.00  -140.30     0.00     0.00     0.00     0.00
   	   31.00   -13.00     0.00    90.00
   	   31.00   -13.00     0.00    90.00
  59 	 -202.50  -350.74     0.00     0.00     0.00     0.00
  59 	 -202.50  -350.74     0.00     0.00     0.00     0.00
   	   31.00   -13.00     0.00    90.00
   	   31.00   -13.00     0.00    90.00
  60 	 -121.50  -350.74     0.00     0.00     0.00     0.00
  60 	 -121.50  -350.74     0.00     0.00     0.00     0.00
   	   31.00   -13.00     0.00    90.00
   	   31.00   -13.00     0.00    90.00
  61 	  -40.50  -350.74     0.00     0.00     0.00     0.00
  61 	  -40.50  -350.74     0.00     0.00     0.00     0.00
   	   31.00   -13.00     0.00    90.00
   	   31.00   -13.00     0.00    90.00
  62 	 -162.00  -280.59     0.00     0.00     0.00     0.00
  62 	 -162.00  -280.59     0.00     0.00     0.00     0.00
   	   31.00   -13.00     0.00    90.00
   	   31.00   -13.00     0.00    90.00
  63 	  -81.00  -280.59     0.00     0.00     0.00     0.00
  63 	  -81.00  -280.59     0.00     0.00     0.00     0.00
   	   31.00   -13.00     0.00    90.00
   	   31.00   -13.00     0.00    90.00
  64 	    0.00  -280.59     0.00     0.00     0.00     0.00
  64 	    0.00  -280.59     0.00     0.00     0.00     0.00
   	   31.00   -13.00     0.00    90.00
   	   31.00   -13.00     0.00    90.00
  65 	 -121.50  -210.44     0.00     0.00     0.00     0.00
  65 	 -121.50  -210.44     0.00     0.00     0.00     0.00
   	   31.00   -13.00     0.00    90.00
   	   31.00   -13.00     0.00    90.00
  66 	  -40.50  -210.44     0.00     0.00     0.00     0.00
  66 	  -40.50  -210.44     0.00     0.00     0.00     0.00
   	   31.00   -13.00     0.00    90.00
   	   31.00   -13.00     0.00    90.00
  67 	   40.50  -210.44     0.00     0.00     0.00     0.00
  67 	   40.50  -210.44     0.00     0.00     0.00     0.00
   	   31.00   -13.00     0.00    90.00
   	   31.00   -13.00     0.00    90.00
  68 	  -81.00  -140.30     0.00     0.00     0.00     0.00
  68 	  -81.00  -140.30     0.00     0.00     0.00     0.00
   	   31.00   -13.00     0.00    90.00
   	   31.00   -13.00     0.00    90.00
  69 	    0.00  -140.30     0.00     0.00     0.00     0.00
  69 	    0.00  -140.30     0.00     0.00     0.00     0.00
   	   31.00   -13.00     0.00    90.00
   	   31.00   -13.00     0.00    90.00
  70 	   81.00  -140.30     0.00     0.00     0.00     0.00
  70 	   81.00  -140.30     0.00     0.00     0.00     0.00
   	   31.00   -13.00     0.00    90.00
   	   31.00   -13.00     0.00    90.00

** End writing output file: ../inputs/gr973.dat 
