*******************************************************************************
                         ARRAY PREPROCESSOR ver. 1.0
*******************************************************************************



   1	GROUP testgroup
   3	 GRID RECTANGULAR PSTEP 41 QSTEP 33 mm
   4	 ELEMENT
   5	 GEOMETRY CIRCULAR 65
   7	 ADD BLOCK -2 -2 5 -2
   8	 ADD BLOCK 3 -4 2 -9
  10	 GROUP_EXCITATION
  11	 AMPLITUDE UNIFORM 21
  12	 PHASE UNIFORM 66
  13	 END

** WARNING B2: GRID step(s) too small for specified element in GROUP: testgroup
** Generating GROUP: testgroup.
** PSTEP,QSTEP set to:41.000000,33.000000
** Grid ANGLE set to:90.000000 
** Group ROT_ANGLE set to: 0.000000 

** Writing output file: ../inputs/gr974.dat

NEL 
NPORTS
IDUM      REXA     REYA     REZA     THEA     PHEA     PSEA 
          AMP      PSH      PSC      PHEPOL
  20
  20
   1
   1
   1 	  -82.00   -66.00     0.00     0.00     0.00     0.00
   1 	  -82.00   -66.00     0.00     0.00     0.00     0.00
   	   21.00    66.00     0.00    90.00
   	   21.00    66.00     0.00    90.00
   2 	  -41.00   -66.00     0.00     0.00     0.00     0.00
   2 	  -41.00   -66.00     0.00     0.00     0.00     0.00
   	   21.00    66.00     0.00    90.00
   	   21.00    66.00     0.00    90.00
   3 	    0.00   -66.00     0.00     0.00     0.00     0.00
   3 	    0.00   -66.00     0.00     0.00     0.00     0.00
   	   21.00    66.00     0.00    90.00
   	   21.00    66.00     0.00    90.00
   4 	   41.00   -66.00     0.00     0.00     0.00     0.00
   4 	   41.00   -66.00     0.00     0.00     0.00     0.00
   	   21.00    66.00     0.00    90.00
   	   21.00    66.00     0.00    90.00
   5 	   82.00   -66.00     0.00     0.00     0.00     0.00
   5 	   82.00   -66.00     0.00     0.00     0.00     0.00
   	   21.00    66.00     0.00    90.00
   	   21.00    66.00     0.00    90.00
   6 	  123.00   -66.00     0.00     0.00     0.00     0.00
   6 	  123.00   -66.00     0.00     0.00     0.00     0.00
   	   21.00    66.00     0.00    90.00
   	   21.00    66.00     0.00    90.00
   7 	  164.00   -66.00     0.00     0.00     0.00     0.00
   7 	  164.00   -66.00     0.00     0.00     0.00     0.00
   	   21.00    66.00     0.00    90.00
   	   21.00    66.00     0.00    90.00
   8 	  205.00   -66.00     0.00     0.00     0.00     0.00
   8 	  205.00   -66.00     0.00     0.00     0.00     0.00
   	   21.00    66.00     0.00    90.00
   	   21.00    66.00     0.00    90.00
   9 	   82.00  -297.00     0.00     0.00     0.00     0.00
   9 	   82.00  -297.00     0.00     0.00     0.00     0.00
   	   21.00    66.00     0.00    90.00
   	   21.00    66.00     0.00    90.00
  10 	  123.00  -297.00     0.00     0.00     0.00     0.00
  10 	  123.00  -297.00     0.00     0.00     0.00     0.00
   	   21.00    66.00     0.00    90.00
   	   21.00    66.00     0.00    90.00
  11 	   82.00  -264.00     0.00     0.00     0.00     0.00
  11 	   82.00  -264.00     0.00     0.00     0.00     0.00
   	   21.00    66.00     0.00    90.00
   	   21.00    66.00     0.00    90.00
  12 	  123.00  -264.00     0.00     0.00     0.00     0.00
  12 	  123.00  -264.00     0.00     0.00     0.00     0.00
   	   21.00    66.00     0.00    90.00
   	   21.00    66.00     0.00    90.00
  13 	   82.00  -231.00     0.00     0.00     0.00     0.00
  13 	   82.00  -231.00     0.00     0.00     0.00     0.00
   	   21.00    66.00     0.00    90.00
   	   21.00    66.00     0.00    90.00
  14 	  123.00  -231.00     0.00     0.00     0.00     0.00
  14 	  123.00  -231.00     0.00     0.00     0.00     0.00
   	   21.00    66.00     0.00    90.00
   	   21.00    66.00     0.00    90.00
  15 	   82.00  -198.00     0.00     0.00     0.00     0.00
  15 	   82.00  -198.00     0.00     0.00     0.00     0.00
   	   21.00    66.00     0.00    90.00
   	   21.00    66.00     0.00    90.00
  16 	  123.00  -198.00     0.00     0.00     0.00     0.00
  16 	  123.00  -198.00     0.00     0.00     0.00     0.00
   	   21.00    66.00     0.00    90.00
   	   21.00    66.00     0.00    90.00
  17 	   82.00  -165.00     0.00     0.00     0.00     0.00
  17 	   82.00  -165.00     0.00     0.00     0.00     0.00
   	   21.00    66.00     0.00    90.00
   	   21.00    66.00     0.00    90.00
  18 	  123.00  -165.00     0.00     0.00     0.00     0.00
  18 	  123.00  -165.00     0.00     0.00     0.00     0.00
   	   21.00    66.00     0.00    90.00
   	   21.00    66.00     0.00    90.00
  19 	   82.00  -132.00     0.00     0.00     0.00     0.00
  19 	   82.00  -132.00     0.00     0.00     0.00     0.00
   	   21.00    66.00     0.00    90.00
   	   21.00    66.00     0.00    90.00
  20 	  123.00  -132.00     0.00     0.00     0.00     0.00
  20 	  123.00  -132.00     0.00     0.00     0.00     0.00
   	   21.00    66.00     0.00    90.00
   	   21.00    66.00     0.00    90.00

** End writing output file: ../inputs/gr974.dat 
