*******************************************************************************
                         ARRAY PREPROCESSOR ver. 1.0
*******************************************************************************



   1	GROUP testgroup
   3	 GRID SQUARE STEP 47
   4	 ELEMENT
   5	 GEOMETRY CIRCULAR 81
   7	 ADD BLOCK 1 -3 6 1
   9	 GROUP_EXCITATION
  10	 AMPLITUDE UNIFORM 22
  11	 PHASE UNIFORM -42
  12	 END

** WARNING B2: GRID step(s) too small for specified element in GROUP: testgroup
** Generating GROUP: testgroup.
** PSTEP,QSTEP set to:47.000000,47.000000
** Grid ANGLE set to:90.000000 
** Group ROT_ANGLE set to: 0.000000 

** Writing output file: ../inputs/gr975.dat

NEL 
NPORTS
IDUM      REXA     REYA     REZA     THEA     PHEA     PSEA 
          AMP      PSH      PSC      PHEPOL
  30
  30
   1
   1
   1 	   47.00  -141.00     0.00     0.00     0.00     0.00
   1 	   47.00  -141.00     0.00     0.00     0.00     0.00
   	   22.00   -42.00     0.00    90.00
   	   22.00   -42.00     0.00    90.00
   2 	   94.00  -141.00     0.00     0.00     0.00     0.00
   2 	   94.00  -141.00     0.00     0.00     0.00     0.00
   	   22.00   -42.00     0.00    90.00
   	   22.00   -42.00     0.00    90.00
   3 	  141.00  -141.00     0.00     0.00     0.00     0.00
   3 	  141.00  -141.00     0.00     0.00     0.00     0.00
   	   22.00   -42.00     0.00    90.00
   	   22.00   -42.00     0.00    90.00
   4 	  188.00  -141.00     0.00     0.00     0.00     0.00
   4 	  188.00  -141.00     0.00     0.00     0.00     0.00
   	   22.00   -42.00     0.00    90.00
   	   22.00   -42.00     0.00    90.00
   5 	  235.00  -141.00     0.00     0.00     0.00     0.00
   5 	  235.00  -141.00     0.00     0.00     0.00     0.00
   	   22.00   -42.00     0.00    90.00
   	   22.00   -42.00     0.00    90.00
   6 	  282.00  -141.00     0.00     0.00     0.00     0.00
   6 	  282.00  -141.00     0.00     0.00     0.00     0.00
   	   22.00   -42.00     0.00    90.00
   	   22.00   -42.00     0.00    90.00
   7 	   47.00   -94.00     0.00     0.00     0.00     0.00
   7 	   47.00   -94.00     0.00     0.00     0.00     0.00
   	   22.00   -42.00     0.00    90.00
   	   22.00   -42.00     0.00    90.00
   8 	   94.00   -94.00     0.00     0.00     0.00     0.00
   8 	   94.00   -94.00     0.00     0.00     0.00     0.00
   	   22.00   -42.00     0.00    90.00
   	   22.00   -42.00     0.00    90.00
   9 	  141.00   -94.00     0.00     0.00     0.00     0.00
   9 	  141.00   -94.00     0.00     0.00     0.00     0.00
   	   22.00   -42.00     0.00    90.00
   	   22.00   -42.00     0.00    90.00
  10 	  188.00   -94.00     0.00     0.00     0.00     0.00
  10 	  188.00   -94.00     0.00     0.00     0.00     0.00
   	   22.00   -42.00     0.00    90.00
   	   22.00   -42.00     0.00    90.00
  11 	  235.00   -94.00     0.00     0.00     0.00     0.00
  11 	  235.00   -94.00     0.00     0.00     0.00     0.00
   	   22.00   -42.00     0.00    90.00
   	   22.00   -42.00     0.00    90.00
  12 	  282.00   -94.00     0.00     0.00     0.00     0.00
  12 	  282.00   -94.00     0.00     0.00     0.00     0.00
   	   22.00   -42.00     0.00    90.00
   	   22.00   -42.00     0.00    90.00
  13 	   47.00   -47.00     0.00     0.00     0.00     0.00
  13 	   47.00   -47.00     0.00     0.00     0.00     0.00
   	   22.00   -42.00     0.00    90.00
   	   22.00   -42.00     0.00    90.00
  14 	   94.00   -47.00     0.00     0.00     0.00     0.00
  14 	   94.00   -47.00     0.00     0.00     0.00     0.00
   	   22.00   -42.00     0.00    90.00
   	   22.00   -42.00     0.00    90.00
  15 	  141.00   -47.00     0.00     0.00     0.00     0.00
  15 	  141.00   -47.00     0.00     0.00     0.00     0.00
   	   22.00   -42.00     0.00    90.00
   	   22.00   -42.00     0.00    90.00
  16 	  188.00   -47.00     0.00     0.00     0.00     0.00
  16 	  188.00   -47.00     0.00     0.00     0.00     0.00
   	   22.00   -42.00     0.00    90.00
   	   22.00   -42.00     0.00    90.00
  17 	  235.00   -47.00     0.00     0.00     0.00     0.00
  17 	  235.00   -47.00     0.00     0.00     0.00     0.00
   	   22.00   -42.00     0.00    90.00
   	   22.00   -42.00     0.00    90.00
  18 	  282.00   -47.00     0.00     0.00     0.00     0.00
  18 	  282.00   -47.00     0.00     0.00     0.00     0.00
   	   22.00   -42.00     0.00    90.00
   	   22.00   -42.00     0.00    90.00
  19 	   47.00     0.00     0.00     0.00     0.00     0.00
  19 	   47.00     0.00     0.00     0.00     0.00     0.00
   	   22.00   -42.00     0.00    90.00
   	   22.00   -42.00     0.00    90.00
  20 	   94.00     0.00     0.00     0.00     0.00     0.00
  20 	   94.00     0.00     0.00     0.00     0.00     0.00
   	   22.00   -42.00     0.00    90.00
   	   22.00   -42.00     0.00    90.00
  21 	  141.00     0.00     0.00     0.00     0.00     0.00
  21 	  141.00     0.00     0.00     0.00     0.00     0.00
   	   22.00   -42.00     0.00    90.00
   	   22.00   -42.00     0.00    90.00
  22 	  188.00     0.00     0.00     0.00     0.00     0.00
  22 	  188.00     0.00     0.00     0.00     0.00     0.00
   	   22.00   -42.00     0.00    90.00
   	   22.00   -42.00     0.00    90.00
  23 	  235.00     0.00     0.00     0.00     0.00     0.00
  23 	  235.00     0.00     0.00     0.00     0.00     0.00
   	   22.00   -42.00     0.00    90.00
   	   22.00   -42.00     0.00    90.00
  24 	  282.00     0.00     0.00     0.00     0.00     0.00
  24 	  282.00     0.00     0.00     0.00     0.00     0.00
   	   22.00   -42.00     0.00    90.00
   	   22.00   -42.00     0.00    90.00
  25 	   47.00    47.00     0.00     0.00     0.00     0.00
  25 	   47.00    47.00     0.00     0.00     0.00     0.00
   	   22.00   -42.00     0.00    90.00
   	   22.00   -42.00     0.00    90.00
  26 	   94.00    47.00     0.00     0.00     0.00     0.00
  26 	   94.00    47.00     0.00     0.00     0.00     0.00
   	   22.00   -42.00     0.00    90.00
   	   22.00   -42.00     0.00    90.00
  27 	  141.00    47.00     0.00     0.00     0.00     0.00
  27 	  141.00    47.00     0.00     0.00     0.00     0.00
   	   22.00   -42.00     0.00    90.00
   	   22.00   -42.00     0.00    90.00
  28 	  188.00    47.00     0.00     0.00     0.00     0.00
  28 	  188.00    47.00     0.00     0.00     0.00     0.00
   	   22.00   -42.00     0.00    90.00
   	   22.00   -42.00     0.00    90.00
  29 	  235.00    47.00     0.00     0.00     0.00     0.00
  29 	  235.00    47.00     0.00     0.00     0.00     0.00
   	   22.00   -42.00     0.00    90.00
   	   22.00   -42.00     0.00    90.00
  30 	  282.00    47.00     0.00     0.00     0.00     0.00
  30 	  282.00    47.00     0.00     0.00     0.00     0.00
   	   22.00   -42.00     0.00    90.00
   	   22.00   -42.00     0.00    90.00

** End writing output file: ../inputs/gr975.dat 
