*******************************************************************************
                         ARRAY PREPROCESSOR ver. 1.0
*******************************************************************************



   1	GROUP testgroup
   3	 GRID SQUARE
   4	 ELEMENT
   5	 GEOMETRY RECTANGULAR 43 68
   8	 ADD BLOCK -9 0 0 0
  10	 GROUP_EXCITATION
  11	 AMPLITUDE UNIFORM 36
  12	 PHASE UNIFORM -40
  13	 END

** Generating GROUP: testgroup.
** PSTEP,QSTEP set to:68.000000,68.000000
** Grid ANGLE set to:90.000000 
** Group ROT_ANGLE set to: 0.000000 

** Writing output file: ../inputs/gr98.dat

NEL 
NPORTS
IDUM      REXA     REYA     REZA     THEA     PHEA     PSEA 
          AMP      PSH      PSC      PHEPOL
  10
  10
   1
   1
   1 	 -612.00     0.00     0.00     0.00     0.00     0.00
   1 	 -612.00     0.00     0.00     0.00     0.00     0.00
   	   36.00   -40.00     0.00    90.00
   	   36.00   -40.00     0.00    90.00
   2 	 -544.00     0.00     0.00     0.00     0.00     0.00
   2 	 -544.00     0.00     0.00     0.00     0.00     0.00
   	   36.00   -40.00     0.00    90.00
   	   36.00   -40.00     0.00    90.00
   3 	 -476.00     0.00     0.00     0.00     0.00     0.00
   3 	 -476.00     0.00     0.00     0.00     0.00     0.00
   	   36.00   -40.00     0.00    90.00
   	   36.00   -40.00     0.00    90.00
   4 	 -408.00     0.00     0.00     0.00     0.00     0.00
   4 	 -408.00     0.00     0.00     0.00     0.00     0.00
   	   36.00   -40.00     0.00    90.00
   	   36.00   -40.00     0.00    90.00
   5 	 -340.00     0.00     0.00     0.00     0.00     0.00
   5 	 -340.00     0.00     0.00     0.00     0.00     0.00
   	   36.00   -40.00     0.00    90.00
   	   36.00   -40.00     0.00    90.00
   6 	 -272.00     0.00     0.00     0.00     0.00     0.00
   6 	 -272.00     0.00     0.00     0.00     0.00     0.00
   	   36.00   -40.00     0.00    90.00
   	   36.00   -40.00     0.00    90.00
   7 	 -204.00     0.00     0.00     0.00     0.00     0.00
   7 	 -204.00     0.00     0.00     0.00     0.00     0.00
   	   36.00   -40.00     0.00    90.00
   	   36.00   -40.00     0.00    90.00
   8 	 -136.00     0.00     0.00     0.00     0.00     0.00
   8 	 -136.00     0.00     0.00     0.00     0.00     0.00
   	   36.00   -40.00     0.00    90.00
   	   36.00   -40.00     0.00    90.00
   9 	  -68.00     0.00     0.00     0.00     0.00     0.00
   9 	  -68.00     0.00     0.00     0.00     0.00     0.00
   	   36.00   -40.00     0.00    90.00
   	   36.00   -40.00     0.00    90.00
  10 	    0.00     0.00     0.00     0.00     0.00     0.00
  10 	    0.00     0.00     0.00     0.00     0.00     0.00
   	   36.00   -40.00     0.00    90.00
   	   36.00   -40.00     0.00    90.00

** End writing output file: ../inputs/gr98.dat 
