*******************************************************************************
                         ARRAY PREPROCESSOR ver. 1.0
*******************************************************************************



   1	GROUP testgroup
   3	 GRID RECTANGULAR
   4	 ELEMENT
   5	 GEOMETRY CIRCULAR 31
   6	 POLARIZATION CIRCULAR
   7	 PORTS 4
   8	 PORT 1
   9	 AMPLITUDE 13
  10	 PHASE_SHAPING 714
  11	 PHASE_POL_ARRANG 618
  12	 PORT 2
  13	 AMPLITUDE 32
  14	 PORT 3
  15	 AMPLITUDE 32
  16	 PORT 4
  17	 POL_ORIENT X AMPLITUDE 24
  18	 PHASE_POL_ARRANG 448
  19	 ADD BLOCK -4 -2 0 4
  20	 ADD BLOCK -5 -1 4 4
  21	 ADD BLOCK 3 0 1 5
  23	 GROUP_EXCITATION
  24	 AMPLITUDE UNIFORM 28
  25	 PHASE UNIFORM -73
  26	 END

** Generating GROUP: testgroup.
** PSTEP,QSTEP set to:62.000000,62.000000
** Grid ANGLE set to:90.000000 
** Group ROT_ANGLE set to: 0.000000 

** Writing output file: ../inputs/gr983.dat

NEL 
NPORTS
IDUM      REXA     REYA     REZA     THEA     PHEA     PSEA 
          AMP      PSH      PSC      PHEPOL
 113
 113
   4
   4
   1 	 -248.00  -124.00     0.00     0.00     0.00     0.00
   1 	 -248.00  -124.00     0.00     0.00     0.00     0.00
   	  364.00  1259.00     0.00    90.00
   	  364.00  1259.00     0.00    90.00
   	  896.00   -73.00     0.00    90.00
   	  896.00   -73.00     0.00    90.00
   	  896.00   -73.00     0.00    90.00
   	  896.00   -73.00     0.00    90.00
   	  672.00   375.00     0.00     0.00
   	  672.00   375.00     0.00     0.00
   2 	 -186.00  -124.00     0.00     0.00     0.00     0.00
   2 	 -186.00  -124.00     0.00     0.00     0.00     0.00
   	  364.00  1259.00     0.00    90.00
   	  364.00  1259.00     0.00    90.00
   	  896.00   -73.00     0.00    90.00
   	  896.00   -73.00     0.00    90.00
   	  896.00   -73.00     0.00    90.00
   	  896.00   -73.00     0.00    90.00
   	  672.00   375.00     0.00     0.00
   	  672.00   375.00     0.00     0.00
   3 	 -124.00  -124.00     0.00     0.00     0.00     0.00
   3 	 -124.00  -124.00     0.00     0.00     0.00     0.00
   	  364.00  1259.00     0.00    90.00
   	  364.00  1259.00     0.00    90.00
   	  896.00   -73.00     0.00    90.00
   	  896.00   -73.00     0.00    90.00
   	  896.00   -73.00     0.00    90.00
   	  896.00   -73.00     0.00    90.00
   	  672.00   375.00     0.00     0.00
   	  672.00   375.00     0.00     0.00
   4 	  -62.00  -124.00     0.00     0.00     0.00     0.00
   4 	  -62.00  -124.00     0.00     0.00     0.00     0.00
   	  364.00  1259.00     0.00    90.00
   	  364.00  1259.00     0.00    90.00
   	  896.00   -73.00     0.00    90.00
   	  896.00   -73.00     0.00    90.00
   	  896.00   -73.00     0.00    90.00
   	  896.00   -73.00     0.00    90.00
   	  672.00   375.00     0.00     0.00
   	  672.00   375.00     0.00     0.00
   5 	    0.00  -124.00     0.00     0.00     0.00     0.00
   5 	    0.00  -124.00     0.00     0.00     0.00     0.00
   	  364.00  1259.00     0.00    90.00
   	  364.00  1259.00     0.00    90.00
   	  896.00   -73.00     0.00    90.00
   	  896.00   -73.00     0.00    90.00
   	  896.00   -73.00     0.00    90.00
   	  896.00   -73.00     0.00    90.00
   	  672.00   375.00     0.00     0.00
   	  672.00   375.00     0.00     0.00
   6 	 -248.00   -62.00     0.00     0.00     0.00     0.00
   6 	 -248.00   -62.00     0.00     0.00     0.00     0.00
   	  364.00  1259.00     0.00    90.00
   	  364.00  1259.00     0.00    90.00
   	  896.00   -73.00     0.00    90.00
   	  896.00   -73.00     0.00    90.00
   	  896.00   -73.00     0.00    90.00
   	  896.00   -73.00     0.00    90.00
   	  672.00   375.00     0.00     0.00
   	  672.00   375.00     0.00     0.00
   7 	 -186.00   -62.00     0.00     0.00     0.00     0.00
   7 	 -186.00   -62.00     0.00     0.00     0.00     0.00
   	  364.00  1259.00     0.00    90.00
   	  364.00  1259.00     0.00    90.00
   	  896.00   -73.00     0.00    90.00
   	  896.00   -73.00     0.00    90.00
   	  896.00   -73.00     0.00    90.00
   	  896.00   -73.00     0.00    90.00
   	  672.00   375.00     0.00     0.00
   	  672.00   375.00     0.00     0.00
   8 	 -124.00   -62.00     0.00     0.00     0.00     0.00
   8 	 -124.00   -62.00     0.00     0.00     0.00     0.00
   	  364.00  1259.00     0.00    90.00
   	  364.00  1259.00     0.00    90.00
   	  896.00   -73.00     0.00    90.00
   	  896.00   -73.00     0.00    90.00
   	  896.00   -73.00     0.00    90.00
   	  896.00   -73.00     0.00    90.00
   	  672.00   375.00     0.00     0.00
   	  672.00   375.00     0.00     0.00
   9 	  -62.00   -62.00     0.00     0.00     0.00     0.00
   9 	  -62.00   -62.00     0.00     0.00     0.00     0.00
   	  364.00  1259.00     0.00    90.00
   	  364.00  1259.00     0.00    90.00
   	  896.00   -73.00     0.00    90.00
   	  896.00   -73.00     0.00    90.00
   	  896.00   -73.00     0.00    90.00
   	  896.00   -73.00     0.00    90.00
   	  672.00   375.00     0.00     0.00
   	  672.00   375.00     0.00     0.00
  10 	    0.00   -62.00     0.00     0.00     0.00     0.00
  10 	    0.00   -62.00     0.00     0.00     0.00     0.00
   	  364.00  1259.00     0.00    90.00
   	  364.00  1259.00     0.00    90.00
   	  896.00   -73.00     0.00    90.00
   	  896.00   -73.00     0.00    90.00
   	  896.00   -73.00     0.00    90.00
   	  896.00   -73.00     0.00    90.00
   	  672.00   375.00     0.00     0.00
   	  672.00   375.00     0.00     0.00
  11 	 -248.00     0.00     0.00     0.00     0.00     0.00
  11 	 -248.00     0.00     0.00     0.00     0.00     0.00
   	  364.00  1259.00     0.00    90.00
   	  364.00  1259.00     0.00    90.00
   	  896.00   -73.00     0.00    90.00
   	  896.00   -73.00     0.00    90.00
   	  896.00   -73.00     0.00    90.00
   	  896.00   -73.00     0.00    90.00
   	  672.00   375.00     0.00     0.00
   	  672.00   375.00     0.00     0.00
  12 	 -186.00     0.00     0.00     0.00     0.00     0.00
  12 	 -186.00     0.00     0.00     0.00     0.00     0.00
   	  364.00  1259.00     0.00    90.00
   	  364.00  1259.00     0.00    90.00
   	  896.00   -73.00     0.00    90.00
   	  896.00   -73.00     0.00    90.00
   	  896.00   -73.00     0.00    90.00
   	  896.00   -73.00     0.00    90.00
   	  672.00   375.00     0.00     0.00
   	  672.00   375.00     0.00     0.00
  13 	 -124.00     0.00     0.00     0.00     0.00     0.00
  13 	 -124.00     0.00     0.00     0.00     0.00     0.00
   	  364.00  1259.00     0.00    90.00
   	  364.00  1259.00     0.00    90.00
   	  896.00   -73.00     0.00    90.00
   	  896.00   -73.00     0.00    90.00
   	  896.00   -73.00     0.00    90.00
   	  896.00   -73.00     0.00    90.00
   	  672.00   375.00     0.00     0.00
   	  672.00   375.00     0.00     0.00
  14 	  -62.00     0.00     0.00     0.00     0.00     0.00
  14 	  -62.00     0.00     0.00     0.00     0.00     0.00
   	  364.00  1259.00     0.00    90.00
   	  364.00  1259.00     0.00    90.00
   	  896.00   -73.00     0.00    90.00
   	  896.00   -73.00     0.00    90.00
   	  896.00   -73.00     0.00    90.00
   	  896.00   -73.00     0.00    90.00
   	  672.00   375.00     0.00     0.00
   	  672.00   375.00     0.00     0.00
  15 	    0.00     0.00     0.00     0.00     0.00     0.00
  15 	    0.00     0.00     0.00     0.00     0.00     0.00
   	  364.00  1259.00     0.00    90.00
   	  364.00  1259.00     0.00    90.00
   	  896.00   -73.00     0.00    90.00
   	  896.00   -73.00     0.00    90.00
   	  896.00   -73.00     0.00    90.00
   	  896.00   -73.00     0.00    90.00
   	  672.00   375.00     0.00     0.00
   	  672.00   375.00     0.00     0.00
  16 	 -248.00    62.00     0.00     0.00     0.00     0.00
  16 	 -248.00    62.00     0.00     0.00     0.00     0.00
   	  364.00  1259.00     0.00    90.00
   	  364.00  1259.00     0.00    90.00
   	  896.00   -73.00     0.00    90.00
   	  896.00   -73.00     0.00    90.00
   	  896.00   -73.00     0.00    90.00
   	  896.00   -73.00     0.00    90.00
   	  672.00   375.00     0.00     0.00
   	  672.00   375.00     0.00     0.00
  17 	 -186.00    62.00     0.00     0.00     0.00     0.00
  17 	 -186.00    62.00     0.00     0.00     0.00     0.00
   	  364.00  1259.00     0.00    90.00
   	  364.00  1259.00     0.00    90.00
   	  896.00   -73.00     0.00    90.00
   	  896.00   -73.00     0.00    90.00
   	  896.00   -73.00     0.00    90.00
   	  896.00   -73.00     0.00    90.00
   	  672.00   375.00     0.00     0.00
   	  672.00   375.00     0.00     0.00
  18 	 -124.00    62.00     0.00     0.00     0.00     0.00
  18 	 -124.00    62.00     0.00     0.00     0.00     0.00
   	  364.00  1259.00     0.00    90.00
   	  364.00  1259.00     0.00    90.00
   	  896.00   -73.00     0.00    90.00
   	  896.00   -73.00     0.00    90.00
   	  896.00   -73.00     0.00    90.00
   	  896.00   -73.00     0.00    90.00
   	  672.00   375.00     0.00     0.00
   	  672.00   375.00     0.00     0.00
  19 	  -62.00    62.00     0.00     0.00     0.00     0.00
  19 	  -62.00    62.00     0.00     0.00     0.00     0.00
   	  364.00  1259.00     0.00    90.00
   	  364.00  1259.00     0.00    90.00
   	  896.00   -73.00     0.00    90.00
   	  896.00   -73.00     0.00    90.00
   	  896.00   -73.00     0.00    90.00
   	  896.00   -73.00     0.00    90.00
   	  672.00   375.00     0.00     0.00
   	  672.00   375.00     0.00     0.00
  20 	   -0.00    62.00     0.00     0.00     0.00     0.00
  20 	   -0.00    62.00     0.00     0.00     0.00     0.00
   	  364.00  1259.00     0.00    90.00
   	  364.00  1259.00     0.00    90.00
   	  896.00   -73.00     0.00    90.00
   	  896.00   -73.00     0.00    90.00
   	  896.00   -73.00     0.00    90.00
   	  896.00   -73.00     0.00    90.00
   	  672.00   375.00     0.00     0.00
   	  672.00   375.00     0.00     0.00
  21 	 -248.00   124.00     0.00     0.00     0.00     0.00
  21 	 -248.00   124.00     0.00     0.00     0.00     0.00
   	  364.00  1259.00     0.00    90.00
   	  364.00  1259.00     0.00    90.00
   	  896.00   -73.00     0.00    90.00
   	  896.00   -73.00     0.00    90.00
   	  896.00   -73.00     0.00    90.00
   	  896.00   -73.00     0.00    90.00
   	  672.00   375.00     0.00     0.00
   	  672.00   375.00     0.00     0.00
  22 	 -186.00   124.00     0.00     0.00     0.00     0.00
  22 	 -186.00   124.00     0.00     0.00     0.00     0.00
   	  364.00  1259.00     0.00    90.00
   	  364.00  1259.00     0.00    90.00
   	  896.00   -73.00     0.00    90.00
   	  896.00   -73.00     0.00    90.00
   	  896.00   -73.00     0.00    90.00
   	  896.00   -73.00     0.00    90.00
   	  672.00   375.00     0.00     0.00
   	  672.00   375.00     0.00     0.00
  23 	 -124.00   124.00     0.00     0.00     0.00     0.00
  23 	 -124.00   124.00     0.00     0.00     0.00     0.00
   	  364.00  1259.00     0.00    90.00
   	  364.00  1259.00     0.00    90.00
   	  896.00   -73.00     0.00    90.00
   	  896.00   -73.00     0.00    90.00
   	  896.00   -73.00     0.00    90.00
   	  896.00   -73.00     0.00    90.00
   	  672.00   375.00     0.00     0.00
   	  672.00   375.00     0.00     0.00
  24 	  -62.00   124.00     0.00     0.00     0.00     0.00
  24 	  -62.00   124.00     0.00     0.00     0.00     0.00
   	  364.00  1259.00     0.00    90.00
   	  364.00  1259.00     0.00    90.00
   	  896.00   -73.00     0.00    90.00
   	  896.00   -73.00     0.00    90.00
   	  896.00   -73.00     0.00    90.00
   	  896.00   -73.00     0.00    90.00
   	  672.00   375.00     0.00     0.00
   	  672.00   375.00     0.00     0.00
  25 	   -0.00   124.00     0.00     0.00     0.00     0.00
  25 	   -0.00   124.00     0.00     0.00     0.00     0.00
   	  364.00  1259.00     0.00    90.00
   	  364.00  1259.00     0.00    90.00
   	  896.00   -73.00     0.00    90.00
   	  896.00   -73.00     0.00    90.00
   	  896.00   -73.00     0.00    90.00
   	  896.00   -73.00     0.00    90.00
   	  672.00   375.00     0.00     0.00
   	  672.00   375.00     0.00     0.00
  26 	 -248.00   186.00     0.00     0.00     0.00     0.00
  26 	 -248.00   186.00     0.00     0.00     0.00     0.00
   	  364.00  1259.00     0.00    90.00
   	  364.00  1259.00     0.00    90.00
   	  896.00   -73.00     0.00    90.00
   	  896.00   -73.00     0.00    90.00
   	  896.00   -73.00     0.00    90.00
   	  896.00   -73.00     0.00    90.00
   	  672.00   375.00     0.00     0.00
   	  672.00   375.00     0.00     0.00
  27 	 -186.00   186.00     0.00     0.00     0.00     0.00
  27 	 -186.00   186.00     0.00     0.00     0.00     0.00
   	  364.00  1259.00     0.00    90.00
   	  364.00  1259.00     0.00    90.00
   	  896.00   -73.00     0.00    90.00
   	  896.00   -73.00     0.00    90.00
   	  896.00   -73.00     0.00    90.00
   	  896.00   -73.00     0.00    90.00
   	  672.00   375.00     0.00     0.00
   	  672.00   375.00     0.00     0.00
  28 	 -124.00   186.00     0.00     0.00     0.00     0.00
  28 	 -124.00   186.00     0.00     0.00     0.00     0.00
   	  364.00  1259.00     0.00    90.00
   	  364.00  1259.00     0.00    90.00
   	  896.00   -73.00     0.00    90.00
   	  896.00   -73.00     0.00    90.00
   	  896.00   -73.00     0.00    90.00
   	  896.00   -73.00     0.00    90.00
   	  672.00   375.00     0.00     0.00
   	  672.00   375.00     0.00     0.00
  29 	  -62.00   186.00     0.00     0.00     0.00     0.00
  29 	  -62.00   186.00     0.00     0.00     0.00     0.00
   	  364.00  1259.00     0.00    90.00
   	  364.00  1259.00     0.00    90.00
   	  896.00   -73.00     0.00    90.00
   	  896.00   -73.00     0.00    90.00
   	  896.00   -73.00     0.00    90.00
   	  896.00   -73.00     0.00    90.00
   	  672.00   375.00     0.00     0.00
   	  672.00   375.00     0.00     0.00
  30 	   -0.00   186.00     0.00     0.00     0.00     0.00
  30 	   -0.00   186.00     0.00     0.00     0.00     0.00
   	  364.00  1259.00     0.00    90.00
   	  364.00  1259.00     0.00    90.00
   	  896.00   -73.00     0.00    90.00
   	  896.00   -73.00     0.00    90.00
   	  896.00   -73.00     0.00    90.00
   	  896.00   -73.00     0.00    90.00
   	  672.00   375.00     0.00     0.00
   	  672.00   375.00     0.00     0.00
  31 	 -248.00   248.00     0.00     0.00     0.00     0.00
  31 	 -248.00   248.00     0.00     0.00     0.00     0.00
   	  364.00  1259.00     0.00    90.00
   	  364.00  1259.00     0.00    90.00
   	  896.00   -73.00     0.00    90.00
   	  896.00   -73.00     0.00    90.00
   	  896.00   -73.00     0.00    90.00
   	  896.00   -73.00     0.00    90.00
   	  672.00   375.00     0.00     0.00
   	  672.00   375.00     0.00     0.00
  32 	 -186.00   248.00     0.00     0.00     0.00     0.00
  32 	 -186.00   248.00     0.00     0.00     0.00     0.00
   	  364.00  1259.00     0.00    90.00
   	  364.00  1259.00     0.00    90.00
   	  896.00   -73.00     0.00    90.00
   	  896.00   -73.00     0.00    90.00
   	  896.00   -73.00     0.00    90.00
   	  896.00   -73.00     0.00    90.00
   	  672.00   375.00     0.00     0.00
   	  672.00   375.00     0.00     0.00
  33 	 -124.00   248.00     0.00     0.00     0.00     0.00
  33 	 -124.00   248.00     0.00     0.00     0.00     0.00
   	  364.00  1259.00     0.00    90.00
   	  364.00  1259.00     0.00    90.00
   	  896.00   -73.00     0.00    90.00
   	  896.00   -73.00     0.00    90.00
   	  896.00   -73.00     0.00    90.00
   	  896.00   -73.00     0.00    90.00
   	  672.00   375.00     0.00     0.00
   	  672.00   375.00     0.00     0.00
  34 	  -62.00   248.00     0.00     0.00     0.00     0.00
  34 	  -62.00   248.00     0.00     0.00     0.00     0.00
   	  364.00  1259.00     0.00    90.00
   	  364.00  1259.00     0.00    90.00
   	  896.00   -73.00     0.00    90.00
   	  896.00   -73.00     0.00    90.00
   	  896.00   -73.00     0.00    90.00
   	  896.00   -73.00     0.00    90.00
   	  672.00   375.00     0.00     0.00
   	  672.00   375.00     0.00     0.00
  35 	   -0.00   248.00     0.00     0.00     0.00     0.00
  35 	   -0.00   248.00     0.00     0.00     0.00     0.00
   	  364.00  1259.00     0.00    90.00
   	  364.00  1259.00     0.00    90.00
   	  896.00   -73.00     0.00    90.00
   	  896.00   -73.00     0.00    90.00
   	  896.00   -73.00     0.00    90.00
   	  896.00   -73.00     0.00    90.00
   	  672.00   375.00     0.00     0.00
   	  672.00   375.00     0.00     0.00
  36 	 -310.00   -62.00     0.00     0.00     0.00     0.00
  36 	 -310.00   -62.00     0.00     0.00     0.00     0.00
   	  364.00  1259.00     0.00    90.00
   	  364.00  1259.00     0.00    90.00
   	  896.00   -73.00     0.00    90.00
   	  896.00   -73.00     0.00    90.00
   	  896.00   -73.00     0.00    90.00
   	  896.00   -73.00     0.00    90.00
   	  672.00   375.00     0.00     0.00
   	  672.00   375.00     0.00     0.00
  37 	 -248.00   -62.00     0.00     0.00     0.00     0.00
  37 	 -248.00   -62.00     0.00     0.00     0.00     0.00
   	  364.00  1259.00     0.00    90.00
   	  364.00  1259.00     0.00    90.00
   	  896.00   -73.00     0.00    90.00
   	  896.00   -73.00     0.00    90.00
   	  896.00   -73.00     0.00    90.00
   	  896.00   -73.00     0.00    90.00
   	  672.00   375.00     0.00     0.00
   	  672.00   375.00     0.00     0.00
  38 	 -186.00   -62.00     0.00     0.00     0.00     0.00
  38 	 -186.00   -62.00     0.00     0.00     0.00     0.00
   	  364.00  1259.00     0.00    90.00
   	  364.00  1259.00     0.00    90.00
   	  896.00   -73.00     0.00    90.00
   	  896.00   -73.00     0.00    90.00
   	  896.00   -73.00     0.00    90.00
   	  896.00   -73.00     0.00    90.00
   	  672.00   375.00     0.00     0.00
   	  672.00   375.00     0.00     0.00
  39 	 -124.00   -62.00     0.00     0.00     0.00     0.00
  39 	 -124.00   -62.00     0.00     0.00     0.00     0.00
   	  364.00  1259.00     0.00    90.00
   	  364.00  1259.00     0.00    90.00
   	  896.00   -73.00     0.00    90.00
   	  896.00   -73.00     0.00    90.00
   	  896.00   -73.00     0.00    90.00
   	  896.00   -73.00     0.00    90.00
   	  672.00   375.00     0.00     0.00
   	  672.00   375.00     0.00     0.00
  40 	  -62.00   -62.00     0.00     0.00     0.00     0.00
  40 	  -62.00   -62.00     0.00     0.00     0.00     0.00
   	  364.00  1259.00     0.00    90.00
   	  364.00  1259.00     0.00    90.00
   	  896.00   -73.00     0.00    90.00
   	  896.00   -73.00     0.00    90.00
   	  896.00   -73.00     0.00    90.00
   	  896.00   -73.00     0.00    90.00
   	  672.00   375.00     0.00     0.00
   	  672.00   375.00     0.00     0.00
  41 	    0.00   -62.00     0.00     0.00     0.00     0.00
  41 	    0.00   -62.00     0.00     0.00     0.00     0.00
   	  364.00  1259.00     0.00    90.00
   	  364.00  1259.00     0.00    90.00
   	  896.00   -73.00     0.00    90.00
   	  896.00   -73.00     0.00    90.00
   	  896.00   -73.00     0.00    90.00
   	  896.00   -73.00     0.00    90.00
   	  672.00   375.00     0.00     0.00
   	  672.00   375.00     0.00     0.00
  42 	   62.00   -62.00     0.00     0.00     0.00     0.00
  42 	   62.00   -62.00     0.00     0.00     0.00     0.00
   	  364.00  1259.00     0.00    90.00
   	  364.00  1259.00     0.00    90.00
   	  896.00   -73.00     0.00    90.00
   	  896.00   -73.00     0.00    90.00
   	  896.00   -73.00     0.00    90.00
   	  896.00   -73.00     0.00    90.00
   	  672.00   375.00     0.00     0.00
   	  672.00   375.00     0.00     0.00
  43 	  124.00   -62.00     0.00     0.00     0.00     0.00
  43 	  124.00   -62.00     0.00     0.00     0.00     0.00
   	  364.00  1259.00     0.00    90.00
   	  364.00  1259.00     0.00    90.00
   	  896.00   -73.00     0.00    90.00
   	  896.00   -73.00     0.00    90.00
   	  896.00   -73.00     0.00    90.00
   	  896.00   -73.00     0.00    90.00
   	  672.00   375.00     0.00     0.00
   	  672.00   375.00     0.00     0.00
  44 	  186.00   -62.00     0.00     0.00     0.00     0.00
  44 	  186.00   -62.00     0.00     0.00     0.00     0.00
   	  364.00  1259.00     0.00    90.00
   	  364.00  1259.00     0.00    90.00
   	  896.00   -73.00     0.00    90.00
   	  896.00   -73.00     0.00    90.00
   	  896.00   -73.00     0.00    90.00
   	  896.00   -73.00     0.00    90.00
   	  672.00   375.00     0.00     0.00
   	  672.00   375.00     0.00     0.00
  45 	  248.00   -62.00     0.00     0.00     0.00     0.00
  45 	  248.00   -62.00     0.00     0.00     0.00     0.00
   	  364.00  1259.00     0.00    90.00
   	  364.00  1259.00     0.00    90.00
   	  896.00   -73.00     0.00    90.00
   	  896.00   -73.00     0.00    90.00
   	  896.00   -73.00     0.00    90.00
   	  896.00   -73.00     0.00    90.00
   	  672.00   375.00     0.00     0.00
   	  672.00   375.00     0.00     0.00
  46 	 -310.00     0.00     0.00     0.00     0.00     0.00
  46 	 -310.00     0.00     0.00     0.00     0.00     0.00
   	  364.00  1259.00     0.00    90.00
   	  364.00  1259.00     0.00    90.00
   	  896.00   -73.00     0.00    90.00
   	  896.00   -73.00     0.00    90.00
   	  896.00   -73.00     0.00    90.00
   	  896.00   -73.00     0.00    90.00
   	  672.00   375.00     0.00     0.00
   	  672.00   375.00     0.00     0.00
  47 	 -248.00     0.00     0.00     0.00     0.00     0.00
  47 	 -248.00     0.00     0.00     0.00     0.00     0.00
   	  364.00  1259.00     0.00    90.00
   	  364.00  1259.00     0.00    90.00
   	  896.00   -73.00     0.00    90.00
   	  896.00   -73.00     0.00    90.00
   	  896.00   -73.00     0.00    90.00
   	  896.00   -73.00     0.00    90.00
   	  672.00   375.00     0.00     0.00
   	  672.00   375.00     0.00     0.00
  48 	 -186.00     0.00     0.00     0.00     0.00     0.00
  48 	 -186.00     0.00     0.00     0.00     0.00     0.00
   	  364.00  1259.00     0.00    90.00
   	  364.00  1259.00     0.00    90.00
   	  896.00   -73.00     0.00    90.00
   	  896.00   -73.00     0.00    90.00
   	  896.00   -73.00     0.00    90.00
   	  896.00   -73.00     0.00    90.00
   	  672.00   375.00     0.00     0.00
   	  672.00   375.00     0.00     0.00
  49 	 -124.00     0.00     0.00     0.00     0.00     0.00
  49 	 -124.00     0.00     0.00     0.00     0.00     0.00
   	  364.00  1259.00     0.00    90.00
   	  364.00  1259.00     0.00    90.00
   	  896.00   -73.00     0.00    90.00
   	  896.00   -73.00     0.00    90.00
   	  896.00   -73.00     0.00    90.00
   	  896.00   -73.00     0.00    90.00
   	  672.00   375.00     0.00     0.00
   	  672.00   375.00     0.00     0.00
  50 	  -62.00     0.00     0.00     0.00     0.00     0.00
  50 	  -62.00     0.00     0.00     0.00     0.00     0.00
   	  364.00  1259.00     0.00    90.00
   	  364.00  1259.00     0.00    90.00
   	  896.00   -73.00     0.00    90.00
   	  896.00   -73.00     0.00    90.00
   	  896.00   -73.00     0.00    90.00
   	  896.00   -73.00     0.00    90.00
   	  672.00   375.00     0.00     0.00
   	  672.00   375.00     0.00     0.00
  51 	    0.00     0.00     0.00     0.00     0.00     0.00
  51 	    0.00     0.00     0.00     0.00     0.00     0.00
   	  364.00  1259.00     0.00    90.00
   	  364.00  1259.00     0.00    90.00
   	  896.00   -73.00     0.00    90.00
   	  896.00   -73.00     0.00    90.00
   	  896.00   -73.00     0.00    90.00
   	  896.00   -73.00     0.00    90.00
   	  672.00   375.00     0.00     0.00
   	  672.00   375.00     0.00     0.00
  52 	   62.00     0.00     0.00     0.00     0.00     0.00
  52 	   62.00     0.00     0.00     0.00     0.00     0.00
   	  364.00  1259.00     0.00    90.00
   	  364.00  1259.00     0.00    90.00
   	  896.00   -73.00     0.00    90.00
   	  896.00   -73.00     0.00    90.00
   	  896.00   -73.00     0.00    90.00
   	  896.00   -73.00     0.00    90.00
   	  672.00   375.00     0.00     0.00
   	  672.00   375.00     0.00     0.00
  53 	  124.00     0.00     0.00     0.00     0.00     0.00
  53 	  124.00     0.00     0.00     0.00     0.00     0.00
   	  364.00  1259.00     0.00    90.00
   	  364.00  1259.00     0.00    90.00
   	  896.00   -73.00     0.00    90.00
   	  896.00   -73.00     0.00    90.00
   	  896.00   -73.00     0.00    90.00
   	  896.00   -73.00     0.00    90.00
   	  672.00   375.00     0.00     0.00
   	  672.00   375.00     0.00     0.00
  54 	  186.00     0.00     0.00     0.00     0.00     0.00
  54 	  186.00     0.00     0.00     0.00     0.00     0.00
   	  364.00  1259.00     0.00    90.00
   	  364.00  1259.00     0.00    90.00
   	  896.00   -73.00     0.00    90.00
   	  896.00   -73.00     0.00    90.00
   	  896.00   -73.00     0.00    90.00
   	  896.00   -73.00     0.00    90.00
   	  672.00   375.00     0.00     0.00
   	  672.00   375.00     0.00     0.00
  55 	  248.00     0.00     0.00     0.00     0.00     0.00
  55 	  248.00     0.00     0.00     0.00     0.00     0.00
   	  364.00  1259.00     0.00    90.00
   	  364.00  1259.00     0.00    90.00
   	  896.00   -73.00     0.00    90.00
   	  896.00   -73.00     0.00    90.00
   	  896.00   -73.00     0.00    90.00
   	  896.00   -73.00     0.00    90.00
   	  672.00   375.00     0.00     0.00
   	  672.00   375.00     0.00     0.00
  56 	 -310.00    62.00     0.00     0.00     0.00     0.00
  56 	 -310.00    62.00     0.00     0.00     0.00     0.00
   	  364.00  1259.00     0.00    90.00
   	  364.00  1259.00     0.00    90.00
   	  896.00   -73.00     0.00    90.00
   	  896.00   -73.00     0.00    90.00
   	  896.00   -73.00     0.00    90.00
   	  896.00   -73.00     0.00    90.00
   	  672.00   375.00     0.00     0.00
   	  672.00   375.00     0.00     0.00
  57 	 -248.00    62.00     0.00     0.00     0.00     0.00
  57 	 -248.00    62.00     0.00     0.00     0.00     0.00
   	  364.00  1259.00     0.00    90.00
   	  364.00  1259.00     0.00    90.00
   	  896.00   -73.00     0.00    90.00
   	  896.00   -73.00     0.00    90.00
   	  896.00   -73.00     0.00    90.00
   	  896.00   -73.00     0.00    90.00
   	  672.00   375.00     0.00     0.00
   	  672.00   375.00     0.00     0.00
  58 	 -186.00    62.00     0.00     0.00     0.00     0.00
  58 	 -186.00    62.00     0.00     0.00     0.00     0.00
   	  364.00  1259.00     0.00    90.00
   	  364.00  1259.00     0.00    90.00
   	  896.00   -73.00     0.00    90.00
   	  896.00   -73.00     0.00    90.00
   	  896.00   -73.00     0.00    90.00
   	  896.00   -73.00     0.00    90.00
   	  672.00   375.00     0.00     0.00
   	  672.00   375.00     0.00     0.00
  59 	 -124.00    62.00     0.00     0.00     0.00     0.00
  59 	 -124.00    62.00     0.00     0.00     0.00     0.00
   	  364.00  1259.00     0.00    90.00
   	  364.00  1259.00     0.00    90.00
   	  896.00   -73.00     0.00    90.00
   	  896.00   -73.00     0.00    90.00
   	  896.00   -73.00     0.00    90.00
   	  896.00   -73.00     0.00    90.00
   	  672.00   375.00     0.00     0.00
   	  672.00   375.00     0.00     0.00
  60 	  -62.00    62.00     0.00     0.00     0.00     0.00
  60 	  -62.00    62.00     0.00     0.00     0.00     0.00
   	  364.00  1259.00     0.00    90.00
   	  364.00  1259.00     0.00    90.00
   	  896.00   -73.00     0.00    90.00
   	  896.00   -73.00     0.00    90.00
   	  896.00   -73.00     0.00    90.00
   	  896.00   -73.00     0.00    90.00
   	  672.00   375.00     0.00     0.00
   	  672.00   375.00     0.00     0.00
  61 	   -0.00    62.00     0.00     0.00     0.00     0.00
  61 	   -0.00    62.00     0.00     0.00     0.00     0.00
   	  364.00  1259.00     0.00    90.00
   	  364.00  1259.00     0.00    90.00
   	  896.00   -73.00     0.00    90.00
   	  896.00   -73.00     0.00    90.00
   	  896.00   -73.00     0.00    90.00
   	  896.00   -73.00     0.00    90.00
   	  672.00   375.00     0.00     0.00
   	  672.00   375.00     0.00     0.00
  62 	   62.00    62.00     0.00     0.00     0.00     0.00
  62 	   62.00    62.00     0.00     0.00     0.00     0.00
   	  364.00  1259.00     0.00    90.00
   	  364.00  1259.00     0.00    90.00
   	  896.00   -73.00     0.00    90.00
   	  896.00   -73.00     0.00    90.00
   	  896.00   -73.00     0.00    90.00
   	  896.00   -73.00     0.00    90.00
   	  672.00   375.00     0.00     0.00
   	  672.00   375.00     0.00     0.00
  63 	  124.00    62.00     0.00     0.00     0.00     0.00
  63 	  124.00    62.00     0.00     0.00     0.00     0.00
   	  364.00  1259.00     0.00    90.00
   	  364.00  1259.00     0.00    90.00
   	  896.00   -73.00     0.00    90.00
   	  896.00   -73.00     0.00    90.00
   	  896.00   -73.00     0.00    90.00
   	  896.00   -73.00     0.00    90.00
   	  672.00   375.00     0.00     0.00
   	  672.00   375.00     0.00     0.00
  64 	  186.00    62.00     0.00     0.00     0.00     0.00
  64 	  186.00    62.00     0.00     0.00     0.00     0.00
   	  364.00  1259.00     0.00    90.00
   	  364.00  1259.00     0.00    90.00
   	  896.00   -73.00     0.00    90.00
   	  896.00   -73.00     0.00    90.00
   	  896.00   -73.00     0.00    90.00
   	  896.00   -73.00     0.00    90.00
   	  672.00   375.00     0.00     0.00
   	  672.00   375.00     0.00     0.00
  65 	  248.00    62.00     0.00     0.00     0.00     0.00
  65 	  248.00    62.00     0.00     0.00     0.00     0.00
   	  364.00  1259.00     0.00    90.00
   	  364.00  1259.00     0.00    90.00
   	  896.00   -73.00     0.00    90.00
   	  896.00   -73.00     0.00    90.00
   	  896.00   -73.00     0.00    90.00
   	  896.00   -73.00     0.00    90.00
   	  672.00   375.00     0.00     0.00
   	  672.00   375.00     0.00     0.00
  66 	 -310.00   124.00     0.00     0.00     0.00     0.00
  66 	 -310.00   124.00     0.00     0.00     0.00     0.00
   	  364.00  1259.00     0.00    90.00
   	  364.00  1259.00     0.00    90.00
   	  896.00   -73.00     0.00    90.00
   	  896.00   -73.00     0.00    90.00
   	  896.00   -73.00     0.00    90.00
   	  896.00   -73.00     0.00    90.00
   	  672.00   375.00     0.00     0.00
   	  672.00   375.00     0.00     0.00
  67 	 -248.00   124.00     0.00     0.00     0.00     0.00
  67 	 -248.00   124.00     0.00     0.00     0.00     0.00
   	  364.00  1259.00     0.00    90.00
   	  364.00  1259.00     0.00    90.00
   	  896.00   -73.00     0.00    90.00
   	  896.00   -73.00     0.00    90.00
   	  896.00   -73.00     0.00    90.00
   	  896.00   -73.00     0.00    90.00
   	  672.00   375.00     0.00     0.00
   	  672.00   375.00     0.00     0.00
  68 	 -186.00   124.00     0.00     0.00     0.00     0.00
  68 	 -186.00   124.00     0.00     0.00     0.00     0.00
   	  364.00  1259.00     0.00    90.00
   	  364.00  1259.00     0.00    90.00
   	  896.00   -73.00     0.00    90.00
   	  896.00   -73.00     0.00    90.00
   	  896.00   -73.00     0.00    90.00
   	  896.00   -73.00     0.00    90.00
   	  672.00   375.00     0.00     0.00
   	  672.00   375.00     0.00     0.00
  69 	 -124.00   124.00     0.00     0.00     0.00     0.00
  69 	 -124.00   124.00     0.00     0.00     0.00     0.00
   	  364.00  1259.00     0.00    90.00
   	  364.00  1259.00     0.00    90.00
   	  896.00   -73.00     0.00    90.00
   	  896.00   -73.00     0.00    90.00
   	  896.00   -73.00     0.00    90.00
   	  896.00   -73.00     0.00    90.00
   	  672.00   375.00     0.00     0.00
   	  672.00   375.00     0.00     0.00
  70 	  -62.00   124.00     0.00     0.00     0.00     0.00
  70 	  -62.00   124.00     0.00     0.00     0.00     0.00
   	  364.00  1259.00     0.00    90.00
   	  364.00  1259.00     0.00    90.00
   	  896.00   -73.00     0.00    90.00
   	  896.00   -73.00     0.00    90.00
   	  896.00   -73.00     0.00    90.00
   	  896.00   -73.00     0.00    90.00
   	  672.00   375.00     0.00     0.00
   	  672.00   375.00     0.00     0.00
  71 	   -0.00   124.00     0.00     0.00     0.00     0.00
  71 	   -0.00   124.00     0.00     0.00     0.00     0.00
   	  364.00  1259.00     0.00    90.00
   	  364.00  1259.00     0.00    90.00
   	  896.00   -73.00     0.00    90.00
   	  896.00   -73.00     0.00    90.00
   	  896.00   -73.00     0.00    90.00
   	  896.00   -73.00     0.00    90.00
   	  672.00   375.00     0.00     0.00
   	  672.00   375.00     0.00     0.00
  72 	   62.00   124.00     0.00     0.00     0.00     0.00
  72 	   62.00   124.00     0.00     0.00     0.00     0.00
   	  364.00  1259.00     0.00    90.00
   	  364.00  1259.00     0.00    90.00
   	  896.00   -73.00     0.00    90.00
   	  896.00   -73.00     0.00    90.00
   	  896.00   -73.00     0.00    90.00
   	  896.00   -73.00     0.00    90.00
   	  672.00   375.00     0.00     0.00
   	  672.00   375.00     0.00     0.00
  73 	  124.00   124.00     0.00     0.00     0.00     0.00
  73 	  124.00   124.00     0.00     0.00     0.00     0.00
   	  364.00  1259.00     0.00    90.00
   	  364.00  1259.00     0.00    90.00
   	  896.00   -73.00     0.00    90.00
   	  896.00   -73.00     0.00    90.00
   	  896.00   -73.00     0.00    90.00
   	  896.00   -73.00     0.00    90.00
   	  672.00   375.00     0.00     0.00
   	  672.00   375.00     0.00     0.00
  74 	  186.00   124.00     0.00     0.00     0.00     0.00
  74 	  186.00   124.00     0.00     0.00     0.00     0.00
   	  364.00  1259.00     0.00    90.00
   	  364.00  1259.00     0.00    90.00
   	  896.00   -73.00     0.00    90.00
   	  896.00   -73.00     0.00    90.00
   	  896.00   -73.00     0.00    90.00
   	  896.00   -73.00     0.00    90.00
   	  672.00   375.00     0.00     0.00
   	  672.00   375.00     0.00     0.00
  75 	  248.00   124.00     0.00     0.00     0.00     0.00
  75 	  248.00   124.00     0.00     0.00     0.00     0.00
   	  364.00  1259.00     0.00    90.00
   	  364.00  1259.00     0.00    90.00
   	  896.00   -73.00     0.00    90.00
   	  896.00   -73.00     0.00    90.00
   	  896.00   -73.00     0.00    90.00
   	  896.00   -73.00     0.00    90.00
   	  672.00   375.00     0.00     0.00
   	  672.00   375.00     0.00     0.00
  76 	 -310.00   186.00     0.00     0.00     0.00     0.00
  76 	 -310.00   186.00     0.00     0.00     0.00     0.00
   	  364.00  1259.00     0.00    90.00
   	  364.00  1259.00     0.00    90.00
   	  896.00   -73.00     0.00    90.00
   	  896.00   -73.00     0.00    90.00
   	  896.00   -73.00     0.00    90.00
   	  896.00   -73.00     0.00    90.00
   	  672.00   375.00     0.00     0.00
   	  672.00   375.00     0.00     0.00
  77 	 -248.00   186.00     0.00     0.00     0.00     0.00
  77 	 -248.00   186.00     0.00     0.00     0.00     0.00
   	  364.00  1259.00     0.00    90.00
   	  364.00  1259.00     0.00    90.00
   	  896.00   -73.00     0.00    90.00
   	  896.00   -73.00     0.00    90.00
   	  896.00   -73.00     0.00    90.00
   	  896.00   -73.00     0.00    90.00
   	  672.00   375.00     0.00     0.00
   	  672.00   375.00     0.00     0.00
  78 	 -186.00   186.00     0.00     0.00     0.00     0.00
  78 	 -186.00   186.00     0.00     0.00     0.00     0.00
   	  364.00  1259.00     0.00    90.00
   	  364.00  1259.00     0.00    90.00
   	  896.00   -73.00     0.00    90.00
   	  896.00   -73.00     0.00    90.00
   	  896.00   -73.00     0.00    90.00
   	  896.00   -73.00     0.00    90.00
   	  672.00   375.00     0.00     0.00
   	  672.00   375.00     0.00     0.00
  79 	 -124.00   186.00     0.00     0.00     0.00     0.00
  79 	 -124.00   186.00     0.00     0.00     0.00     0.00
   	  364.00  1259.00     0.00    90.00
   	  364.00  1259.00     0.00    90.00
   	  896.00   -73.00     0.00    90.00
   	  896.00   -73.00     0.00    90.00
   	  896.00   -73.00     0.00    90.00
   	  896.00   -73.00     0.00    90.00
   	  672.00   375.00     0.00     0.00
   	  672.00   375.00     0.00     0.00
  80 	  -62.00   186.00     0.00     0.00     0.00     0.00
  80 	  -62.00   186.00     0.00     0.00     0.00     0.00
   	  364.00  1259.00     0.00    90.00
   	  364.00  1259.00     0.00    90.00
   	  896.00   -73.00     0.00    90.00
   	  896.00   -73.00     0.00    90.00
   	  896.00   -73.00     0.00    90.00
   	  896.00   -73.00     0.00    90.00
   	  672.00   375.00     0.00     0.00
   	  672.00   375.00     0.00     0.00
  81 	   -0.00   186.00     0.00     0.00     0.00     0.00
  81 	   -0.00   186.00     0.00     0.00     0.00     0.00
   	  364.00  1259.00     0.00    90.00
   	  364.00  1259.00     0.00    90.00
   	  896.00   -73.00     0.00    90.00
   	  896.00   -73.00     0.00    90.00
   	  896.00   -73.00     0.00    90.00
   	  896.00   -73.00     0.00    90.00
   	  672.00   375.00     0.00     0.00
   	  672.00   375.00     0.00     0.00
  82 	   62.00   186.00     0.00     0.00     0.00     0.00
  82 	   62.00   186.00     0.00     0.00     0.00     0.00
   	  364.00  1259.00     0.00    90.00
   	  364.00  1259.00     0.00    90.00
   	  896.00   -73.00     0.00    90.00
   	  896.00   -73.00     0.00    90.00
   	  896.00   -73.00     0.00    90.00
   	  896.00   -73.00     0.00    90.00
   	  672.00   375.00     0.00     0.00
   	  672.00   375.00     0.00     0.00
  83 	  124.00   186.00     0.00     0.00     0.00     0.00
  83 	  124.00   186.00     0.00     0.00     0.00     0.00
   	  364.00  1259.00     0.00    90.00
   	  364.00  1259.00     0.00    90.00
   	  896.00   -73.00     0.00    90.00
   	  896.00   -73.00     0.00    90.00
   	  896.00   -73.00     0.00    90.00
   	  896.00   -73.00     0.00    90.00
   	  672.00   375.00     0.00     0.00
   	  672.00   375.00     0.00     0.00
  84 	  186.00   186.00     0.00     0.00     0.00     0.00
  84 	  186.00   186.00     0.00     0.00     0.00     0.00
   	  364.00  1259.00     0.00    90.00
   	  364.00  1259.00     0.00    90.00
   	  896.00   -73.00     0.00    90.00
   	  896.00   -73.00     0.00    90.00
   	  896.00   -73.00     0.00    90.00
   	  896.00   -73.00     0.00    90.00
   	  672.00   375.00     0.00     0.00
   	  672.00   375.00     0.00     0.00
  85 	  248.00   186.00     0.00     0.00     0.00     0.00
  85 	  248.00   186.00     0.00     0.00     0.00     0.00
   	  364.00  1259.00     0.00    90.00
   	  364.00  1259.00     0.00    90.00
   	  896.00   -73.00     0.00    90.00
   	  896.00   -73.00     0.00    90.00
   	  896.00   -73.00     0.00    90.00
   	  896.00   -73.00     0.00    90.00
   	  672.00   375.00     0.00     0.00
   	  672.00   375.00     0.00     0.00
  86 	 -310.00   248.00     0.00     0.00     0.00     0.00
  86 	 -310.00   248.00     0.00     0.00     0.00     0.00
   	  364.00  1259.00     0.00    90.00
   	  364.00  1259.00     0.00    90.00
   	  896.00   -73.00     0.00    90.00
   	  896.00   -73.00     0.00    90.00
   	  896.00   -73.00     0.00    90.00
   	  896.00   -73.00     0.00    90.00
   	  672.00   375.00     0.00     0.00
   	  672.00   375.00     0.00     0.00
  87 	 -248.00   248.00     0.00     0.00     0.00     0.00
  87 	 -248.00   248.00     0.00     0.00     0.00     0.00
   	  364.00  1259.00     0.00    90.00
   	  364.00  1259.00     0.00    90.00
   	  896.00   -73.00     0.00    90.00
   	  896.00   -73.00     0.00    90.00
   	  896.00   -73.00     0.00    90.00
   	  896.00   -73.00     0.00    90.00
   	  672.00   375.00     0.00     0.00
   	  672.00   375.00     0.00     0.00
  88 	 -186.00   248.00     0.00     0.00     0.00     0.00
  88 	 -186.00   248.00     0.00     0.00     0.00     0.00
   	  364.00  1259.00     0.00    90.00
   	  364.00  1259.00     0.00    90.00
   	  896.00   -73.00     0.00    90.00
   	  896.00   -73.00     0.00    90.00
   	  896.00   -73.00     0.00    90.00
   	  896.00   -73.00     0.00    90.00
   	  672.00   375.00     0.00     0.00
   	  672.00   375.00     0.00     0.00
  89 	 -124.00   248.00     0.00     0.00     0.00     0.00
  89 	 -124.00   248.00     0.00     0.00     0.00     0.00
   	  364.00  1259.00     0.00    90.00
   	  364.00  1259.00     0.00    90.00
   	  896.00   -73.00     0.00    90.00
   	  896.00   -73.00     0.00    90.00
   	  896.00   -73.00     0.00    90.00
   	  896.00   -73.00     0.00    90.00
   	  672.00   375.00     0.00     0.00
   	  672.00   375.00     0.00     0.00
  90 	  -62.00   248.00     0.00     0.00     0.00     0.00
  90 	  -62.00   248.00     0.00     0.00     0.00     0.00
   	  364.00  1259.00     0.00    90.00
   	  364.00  1259.00     0.00    90.00
   	  896.00   -73.00     0.00    90.00
   	  896.00   -73.00     0.00    90.00
   	  896.00   -73.00     0.00    90.00
   	  896.00   -73.00     0.00    90.00
   	  672.00   375.00     0.00     0.00
   	  672.00   375.00     0.00     0.00
  91 	   -0.00   248.00     0.00     0.00     0.00     0.00
  91 	   -0.00   248.00     0.00     0.00     0.00     0.00
   	  364.00  1259.00     0.00    90.00
   	  364.00  1259.00     0.00    90.00
   	  896.00   -73.00     0.00    90.00
   	  896.00   -73.00     0.00    90.00
   	  896.00   -73.00     0.00    90.00
   	  896.00   -73.00     0.00    90.00
   	  672.00   375.00     0.00     0.00
   	  672.00   375.00     0.00     0.00
  92 	   62.00   248.00     0.00     0.00     0.00     0.00
  92 	   62.00   248.00     0.00     0.00     0.00     0.00
   	  364.00  1259.00     0.00    90.00
   	  364.00  1259.00     0.00    90.00
   	  896.00   -73.00     0.00    90.00
   	  896.00   -73.00     0.00    90.00
   	  896.00   -73.00     0.00    90.00
   	  896.00   -73.00     0.00    90.00
   	  672.00   375.00     0.00     0.00
   	  672.00   375.00     0.00     0.00
  93 	  124.00   248.00     0.00     0.00     0.00     0.00
  93 	  124.00   248.00     0.00     0.00     0.00     0.00
   	  364.00  1259.00     0.00    90.00
   	  364.00  1259.00     0.00    90.00
   	  896.00   -73.00     0.00    90.00
   	  896.00   -73.00     0.00    90.00
   	  896.00   -73.00     0.00    90.00
   	  896.00   -73.00     0.00    90.00
   	  672.00   375.00     0.00     0.00
   	  672.00   375.00     0.00     0.00
  94 	  186.00   248.00     0.00     0.00     0.00     0.00
  94 	  186.00   248.00     0.00     0.00     0.00     0.00
   	  364.00  1259.00     0.00    90.00
   	  364.00  1259.00     0.00    90.00
   	  896.00   -73.00     0.00    90.00
   	  896.00   -73.00     0.00    90.00
   	  896.00   -73.00     0.00    90.00
   	  896.00   -73.00     0.00    90.00
   	  672.00   375.00     0.00     0.00
   	  672.00   375.00     0.00     0.00
  95 	  248.00   248.00     0.00     0.00     0.00     0.00
  95 	  248.00   248.00     0.00     0.00     0.00     0.00
   	  364.00  1259.00     0.00    90.00
   	  364.00  1259.00     0.00    90.00
   	  896.00   -73.00     0.00    90.00
   	  896.00   -73.00     0.00    90.00
   	  896.00   -73.00     0.00    90.00
   	  896.00   -73.00     0.00    90.00
   	  672.00   375.00     0.00     0.00
   	  672.00   375.00     0.00     0.00
  96 	   62.00     0.00     0.00     0.00     0.00     0.00
  96 	   62.00     0.00     0.00     0.00     0.00     0.00
   	  364.00  1259.00     0.00    90.00
   	  364.00  1259.00     0.00    90.00
   	  896.00   -73.00     0.00    90.00
   	  896.00   -73.00     0.00    90.00
   	  896.00   -73.00     0.00    90.00
   	  896.00   -73.00     0.00    90.00
   	  672.00   375.00     0.00     0.00
   	  672.00   375.00     0.00     0.00
  97 	  124.00     0.00     0.00     0.00     0.00     0.00
  97 	  124.00     0.00     0.00     0.00     0.00     0.00
   	  364.00  1259.00     0.00    90.00
   	  364.00  1259.00     0.00    90.00
   	  896.00   -73.00     0.00    90.00
   	  896.00   -73.00     0.00    90.00
   	  896.00   -73.00     0.00    90.00
   	  896.00   -73.00     0.00    90.00
   	  672.00   375.00     0.00     0.00
   	  672.00   375.00     0.00     0.00
  98 	  186.00     0.00     0.00     0.00     0.00     0.00
  98 	  186.00     0.00     0.00     0.00     0.00     0.00
   	  364.00  1259.00     0.00    90.00
   	  364.00  1259.00     0.00    90.00
   	  896.00   -73.00     0.00    90.00
   	  896.00   -73.00     0.00    90.00
   	  896.00   -73.00     0.00    90.00
   	  896.00   -73.00     0.00    90.00
   	  672.00   375.00     0.00     0.00
   	  672.00   375.00     0.00     0.00
  99 	   62.00    62.00     0.00     0.00     0.00     0.00
  99 	   62.00    62.00     0.00     0.00     0.00     0.00
   	  364.00  1259.00     0.00    90.00
   	  364.00  1259.00     0.00    90.00
   	  896.00   -73.00     0.00    90.00
   	  896.00   -73.00     0.00    90.00
   	  896.00   -73.00     0.00    90.00
   	  896.00   -73.00     0.00    90.00
   	  672.00   375.00     0.00     0.00
   	  672.00   375.00     0.00     0.00
 100 	  124.00    62.00     0.00     0.00     0.00     0.00
 100 	  124.00    62.00     0.00     0.00     0.00     0.00
   	  364.00  1259.00     0.00    90.00
   	  364.00  1259.00     0.00    90.00
   	  896.00   -73.00     0.00    90.00
   	  896.00   -73.00     0.00    90.00
   	  896.00   -73.00     0.00    90.00
   	  896.00   -73.00     0.00    90.00
   	  672.00   375.00     0.00     0.00
   	  672.00   375.00     0.00     0.00
 101 	  186.00    62.00     0.00     0.00     0.00     0.00
 101 	  186.00    62.00     0.00     0.00     0.00     0.00
   	  364.00  1259.00     0.00    90.00
   	  364.00  1259.00     0.00    90.00
   	  896.00   -73.00     0.00    90.00
   	  896.00   -73.00     0.00    90.00
   	  896.00   -73.00     0.00    90.00
   	  896.00   -73.00     0.00    90.00
   	  672.00   375.00     0.00     0.00
   	  672.00   375.00     0.00     0.00
 102 	   62.00   124.00     0.00     0.00     0.00     0.00
 102 	   62.00   124.00     0.00     0.00     0.00     0.00
   	  364.00  1259.00     0.00    90.00
   	  364.00  1259.00     0.00    90.00
   	  896.00   -73.00     0.00    90.00
   	  896.00   -73.00     0.00    90.00
   	  896.00   -73.00     0.00    90.00
   	  896.00   -73.00     0.00    90.00
   	  672.00   375.00     0.00     0.00
   	  672.00   375.00     0.00     0.00
 103 	  124.00   124.00     0.00     0.00     0.00     0.00
 103 	  124.00   124.00     0.00     0.00     0.00     0.00
   	  364.00  1259.00     0.00    90.00
   	  364.00  1259.00     0.00    90.00
   	  896.00   -73.00     0.00    90.00
   	  896.00   -73.00     0.00    90.00
   	  896.00   -73.00     0.00    90.00
   	  896.00   -73.00     0.00    90.00
   	  672.00   375.00     0.00     0.00
   	  672.00   375.00     0.00     0.00
 104 	  186.00   124.00     0.00     0.00     0.00     0.00
 104 	  186.00   124.00     0.00     0.00     0.00     0.00
   	  364.00  1259.00     0.00    90.00
   	  364.00  1259.00     0.00    90.00
   	  896.00   -73.00     0.00    90.00
   	  896.00   -73.00     0.00    90.00
   	  896.00   -73.00     0.00    90.00
   	  896.00   -73.00     0.00    90.00
   	  672.00   375.00     0.00     0.00
   	  672.00   375.00     0.00     0.00
 105 	   62.00   186.00     0.00     0.00     0.00     0.00
 105 	   62.00   186.00     0.00     0.00     0.00     0.00
   	  364.00  1259.00     0.00    90.00
   	  364.00  1259.00     0.00    90.00
   	  896.00   -73.00     0.00    90.00
   	  896.00   -73.00     0.00    90.00
   	  896.00   -73.00     0.00    90.00
   	  896.00   -73.00     0.00    90.00
   	  672.00   375.00     0.00     0.00
   	  672.00   375.00     0.00     0.00
 106 	  124.00   186.00     0.00     0.00     0.00     0.00
 106 	  124.00   186.00     0.00     0.00     0.00     0.00
   	  364.00  1259.00     0.00    90.00
   	  364.00  1259.00     0.00    90.00
   	  896.00   -73.00     0.00    90.00
   	  896.00   -73.00     0.00    90.00
   	  896.00   -73.00     0.00    90.00
   	  896.00   -73.00     0.00    90.00
   	  672.00   375.00     0.00     0.00
   	  672.00   375.00     0.00     0.00
 107 	  186.00   186.00     0.00     0.00     0.00     0.00
 107 	  186.00   186.00     0.00     0.00     0.00     0.00
   	  364.00  1259.00     0.00    90.00
   	  364.00  1259.00     0.00    90.00
   	  896.00   -73.00     0.00    90.00
   	  896.00   -73.00     0.00    90.00
   	  896.00   -73.00     0.00    90.00
   	  896.00   -73.00     0.00    90.00
   	  672.00   375.00     0.00     0.00
   	  672.00   375.00     0.00     0.00
 108 	   62.00   248.00     0.00     0.00     0.00     0.00
 108 	   62.00   248.00     0.00     0.00     0.00     0.00
   	  364.00  1259.00     0.00    90.00
   	  364.00  1259.00     0.00    90.00
   	  896.00   -73.00     0.00    90.00
   	  896.00   -73.00     0.00    90.00
   	  896.00   -73.00     0.00    90.00
   	  896.00   -73.00     0.00    90.00
   	  672.00   375.00     0.00     0.00
   	  672.00   375.00     0.00     0.00
 109 	  124.00   248.00     0.00     0.00     0.00     0.00
 109 	  124.00   248.00     0.00     0.00     0.00     0.00
   	  364.00  1259.00     0.00    90.00
   	  364.00  1259.00     0.00    90.00
   	  896.00   -73.00     0.00    90.00
   	  896.00   -73.00     0.00    90.00
   	  896.00   -73.00     0.00    90.00
   	  896.00   -73.00     0.00    90.00
   	  672.00   375.00     0.00     0.00
   	  672.00   375.00     0.00     0.00
 110 	  186.00   248.00     0.00     0.00     0.00     0.00
 110 	  186.00   248.00     0.00     0.00     0.00     0.00
   	  364.00  1259.00     0.00    90.00
   	  364.00  1259.00     0.00    90.00
   	  896.00   -73.00     0.00    90.00
   	  896.00   -73.00     0.00    90.00
   	  896.00   -73.00     0.00    90.00
   	  896.00   -73.00     0.00    90.00
   	  672.00   375.00     0.00     0.00
   	  672.00   375.00     0.00     0.00
 111 	   62.00   310.00     0.00     0.00     0.00     0.00
 111 	   62.00   310.00     0.00     0.00     0.00     0.00
   	  364.00  1259.00     0.00    90.00
   	  364.00  1259.00     0.00    90.00
   	  896.00   -73.00     0.00    90.00
   	  896.00   -73.00     0.00    90.00
   	  896.00   -73.00     0.00    90.00
   	  896.00   -73.00     0.00    90.00
   	  672.00   375.00     0.00     0.00
   	  672.00   375.00     0.00     0.00
 112 	  124.00   310.00     0.00     0.00     0.00     0.00
 112 	  124.00   310.00     0.00     0.00     0.00     0.00
   	  364.00  1259.00     0.00    90.00
   	  364.00  1259.00     0.00    90.00
   	  896.00   -73.00     0.00    90.00
   	  896.00   -73.00     0.00    90.00
   	  896.00   -73.00     0.00    90.00
   	  896.00   -73.00     0.00    90.00
   	  672.00   375.00     0.00     0.00
   	  672.00   375.00     0.00     0.00
 113 	  186.00   310.00     0.00     0.00     0.00     0.00
 113 	  186.00   310.00     0.00     0.00     0.00     0.00
   	  364.00  1259.00     0.00    90.00
   	  364.00  1259.00     0.00    90.00
   	  896.00   -73.00     0.00    90.00
   	  896.00   -73.00     0.00    90.00
   	  896.00   -73.00     0.00    90.00
   	  896.00   -73.00     0.00    90.00
   	  672.00   375.00     0.00     0.00
   	  672.00   375.00     0.00     0.00

** End writing output file: ../inputs/gr983.dat 
