*******************************************************************************
                         ARRAY PREPROCESSOR ver. 1.0
*******************************************************************************



   1	GROUP testgroup
   3	 GRID RECTANGULAR PSTEP 77 QSTEP 56
   4	 ELEMENT
   5	 GEOMETRY CIRCULAR 91 dm
   6	 POLARIZATION CIRCULAR
   7	 ADD BLOCK 7 -5 -4 -11
   9	 GROUP_EXCITATION
  10	 AMPLITUDE UNIFORM 18
  11	 PHASE UNIFORM 49
  12	 END

** WARNING B2: GRID step(s) too small for specified element in GROUP: testgroup
** Generating GROUP: testgroup.
** PSTEP,QSTEP set to:77.000000,56.000000
** Grid ANGLE set to:90.000000 
** Group ROT_ANGLE set to: 0.000000 

** Writing output file: ../inputs/gr984.dat

NEL 
NPORTS
IDUM      REXA     REYA     REZA     THEA     PHEA     PSEA 
          AMP      PSH      PSC      PHEPOL
  84
  84
   1
   1
   1 	 -308.00  -616.00     0.00     0.00     0.00     0.00
   1 	 -308.00  -616.00     0.00     0.00     0.00     0.00
   	   18.00    49.00     0.00    90.00
   	   18.00    49.00     0.00    90.00
   2 	 -231.00  -616.00     0.00     0.00     0.00     0.00
   2 	 -231.00  -616.00     0.00     0.00     0.00     0.00
   	   18.00    49.00     0.00    90.00
   	   18.00    49.00     0.00    90.00
   3 	 -154.00  -616.00     0.00     0.00     0.00     0.00
   3 	 -154.00  -616.00     0.00     0.00     0.00     0.00
   	   18.00    49.00     0.00    90.00
   	   18.00    49.00     0.00    90.00
   4 	  -77.00  -616.00     0.00     0.00     0.00     0.00
   4 	  -77.00  -616.00     0.00     0.00     0.00     0.00
   	   18.00    49.00     0.00    90.00
   	   18.00    49.00     0.00    90.00
   5 	    0.00  -616.00     0.00     0.00     0.00     0.00
   5 	    0.00  -616.00     0.00     0.00     0.00     0.00
   	   18.00    49.00     0.00    90.00
   	   18.00    49.00     0.00    90.00
   6 	   77.00  -616.00     0.00     0.00     0.00     0.00
   6 	   77.00  -616.00     0.00     0.00     0.00     0.00
   	   18.00    49.00     0.00    90.00
   	   18.00    49.00     0.00    90.00
   7 	  154.00  -616.00     0.00     0.00     0.00     0.00
   7 	  154.00  -616.00     0.00     0.00     0.00     0.00
   	   18.00    49.00     0.00    90.00
   	   18.00    49.00     0.00    90.00
   8 	  231.00  -616.00     0.00     0.00     0.00     0.00
   8 	  231.00  -616.00     0.00     0.00     0.00     0.00
   	   18.00    49.00     0.00    90.00
   	   18.00    49.00     0.00    90.00
   9 	  308.00  -616.00     0.00     0.00     0.00     0.00
   9 	  308.00  -616.00     0.00     0.00     0.00     0.00
   	   18.00    49.00     0.00    90.00
   	   18.00    49.00     0.00    90.00
  10 	  385.00  -616.00     0.00     0.00     0.00     0.00
  10 	  385.00  -616.00     0.00     0.00     0.00     0.00
   	   18.00    49.00     0.00    90.00
   	   18.00    49.00     0.00    90.00
  11 	  462.00  -616.00     0.00     0.00     0.00     0.00
  11 	  462.00  -616.00     0.00     0.00     0.00     0.00
   	   18.00    49.00     0.00    90.00
   	   18.00    49.00     0.00    90.00
  12 	  539.00  -616.00     0.00     0.00     0.00     0.00
  12 	  539.00  -616.00     0.00     0.00     0.00     0.00
   	   18.00    49.00     0.00    90.00
   	   18.00    49.00     0.00    90.00
  13 	 -308.00  -560.00     0.00     0.00     0.00     0.00
  13 	 -308.00  -560.00     0.00     0.00     0.00     0.00
   	   18.00    49.00     0.00    90.00
   	   18.00    49.00     0.00    90.00
  14 	 -231.00  -560.00     0.00     0.00     0.00     0.00
  14 	 -231.00  -560.00     0.00     0.00     0.00     0.00
   	   18.00    49.00     0.00    90.00
   	   18.00    49.00     0.00    90.00
  15 	 -154.00  -560.00     0.00     0.00     0.00     0.00
  15 	 -154.00  -560.00     0.00     0.00     0.00     0.00
   	   18.00    49.00     0.00    90.00
   	   18.00    49.00     0.00    90.00
  16 	  -77.00  -560.00     0.00     0.00     0.00     0.00
  16 	  -77.00  -560.00     0.00     0.00     0.00     0.00
   	   18.00    49.00     0.00    90.00
   	   18.00    49.00     0.00    90.00
  17 	    0.00  -560.00     0.00     0.00     0.00     0.00
  17 	    0.00  -560.00     0.00     0.00     0.00     0.00
   	   18.00    49.00     0.00    90.00
   	   18.00    49.00     0.00    90.00
  18 	   77.00  -560.00     0.00     0.00     0.00     0.00
  18 	   77.00  -560.00     0.00     0.00     0.00     0.00
   	   18.00    49.00     0.00    90.00
   	   18.00    49.00     0.00    90.00
  19 	  154.00  -560.00     0.00     0.00     0.00     0.00
  19 	  154.00  -560.00     0.00     0.00     0.00     0.00
   	   18.00    49.00     0.00    90.00
   	   18.00    49.00     0.00    90.00
  20 	  231.00  -560.00     0.00     0.00     0.00     0.00
  20 	  231.00  -560.00     0.00     0.00     0.00     0.00
   	   18.00    49.00     0.00    90.00
   	   18.00    49.00     0.00    90.00
  21 	  308.00  -560.00     0.00     0.00     0.00     0.00
  21 	  308.00  -560.00     0.00     0.00     0.00     0.00
   	   18.00    49.00     0.00    90.00
   	   18.00    49.00     0.00    90.00
  22 	  385.00  -560.00     0.00     0.00     0.00     0.00
  22 	  385.00  -560.00     0.00     0.00     0.00     0.00
   	   18.00    49.00     0.00    90.00
   	   18.00    49.00     0.00    90.00
  23 	  462.00  -560.00     0.00     0.00     0.00     0.00
  23 	  462.00  -560.00     0.00     0.00     0.00     0.00
   	   18.00    49.00     0.00    90.00
   	   18.00    49.00     0.00    90.00
  24 	  539.00  -560.00     0.00     0.00     0.00     0.00
  24 	  539.00  -560.00     0.00     0.00     0.00     0.00
   	   18.00    49.00     0.00    90.00
   	   18.00    49.00     0.00    90.00
  25 	 -308.00  -504.00     0.00     0.00     0.00     0.00
  25 	 -308.00  -504.00     0.00     0.00     0.00     0.00
   	   18.00    49.00     0.00    90.00
   	   18.00    49.00     0.00    90.00
  26 	 -231.00  -504.00     0.00     0.00     0.00     0.00
  26 	 -231.00  -504.00     0.00     0.00     0.00     0.00
   	   18.00    49.00     0.00    90.00
   	   18.00    49.00     0.00    90.00
  27 	 -154.00  -504.00     0.00     0.00     0.00     0.00
  27 	 -154.00  -504.00     0.00     0.00     0.00     0.00
   	   18.00    49.00     0.00    90.00
   	   18.00    49.00     0.00    90.00
  28 	  -77.00  -504.00     0.00     0.00     0.00     0.00
  28 	  -77.00  -504.00     0.00     0.00     0.00     0.00
   	   18.00    49.00     0.00    90.00
   	   18.00    49.00     0.00    90.00
  29 	    0.00  -504.00     0.00     0.00     0.00     0.00
  29 	    0.00  -504.00     0.00     0.00     0.00     0.00
   	   18.00    49.00     0.00    90.00
   	   18.00    49.00     0.00    90.00
  30 	   77.00  -504.00     0.00     0.00     0.00     0.00
  30 	   77.00  -504.00     0.00     0.00     0.00     0.00
   	   18.00    49.00     0.00    90.00
   	   18.00    49.00     0.00    90.00
  31 	  154.00  -504.00     0.00     0.00     0.00     0.00
  31 	  154.00  -504.00     0.00     0.00     0.00     0.00
   	   18.00    49.00     0.00    90.00
   	   18.00    49.00     0.00    90.00
  32 	  231.00  -504.00     0.00     0.00     0.00     0.00
  32 	  231.00  -504.00     0.00     0.00     0.00     0.00
   	   18.00    49.00     0.00    90.00
   	   18.00    49.00     0.00    90.00
  33 	  308.00  -504.00     0.00     0.00     0.00     0.00
  33 	  308.00  -504.00     0.00     0.00     0.00     0.00
   	   18.00    49.00     0.00    90.00
   	   18.00    49.00     0.00    90.00
  34 	  385.00  -504.00     0.00     0.00     0.00     0.00
  34 	  385.00  -504.00     0.00     0.00     0.00     0.00
   	   18.00    49.00     0.00    90.00
   	   18.00    49.00     0.00    90.00
  35 	  462.00  -504.00     0.00     0.00     0.00     0.00
  35 	  462.00  -504.00     0.00     0.00     0.00     0.00
   	   18.00    49.00     0.00    90.00
   	   18.00    49.00     0.00    90.00
  36 	  539.00  -504.00     0.00     0.00     0.00     0.00
  36 	  539.00  -504.00     0.00     0.00     0.00     0.00
   	   18.00    49.00     0.00    90.00
   	   18.00    49.00     0.00    90.00
  37 	 -308.00  -448.00     0.00     0.00     0.00     0.00
  37 	 -308.00  -448.00     0.00     0.00     0.00     0.00
   	   18.00    49.00     0.00    90.00
   	   18.00    49.00     0.00    90.00
  38 	 -231.00  -448.00     0.00     0.00     0.00     0.00
  38 	 -231.00  -448.00     0.00     0.00     0.00     0.00
   	   18.00    49.00     0.00    90.00
   	   18.00    49.00     0.00    90.00
  39 	 -154.00  -448.00     0.00     0.00     0.00     0.00
  39 	 -154.00  -448.00     0.00     0.00     0.00     0.00
   	   18.00    49.00     0.00    90.00
   	   18.00    49.00     0.00    90.00
  40 	  -77.00  -448.00     0.00     0.00     0.00     0.00
  40 	  -77.00  -448.00     0.00     0.00     0.00     0.00
   	   18.00    49.00     0.00    90.00
   	   18.00    49.00     0.00    90.00
  41 	    0.00  -448.00     0.00     0.00     0.00     0.00
  41 	    0.00  -448.00     0.00     0.00     0.00     0.00
   	   18.00    49.00     0.00    90.00
   	   18.00    49.00     0.00    90.00
  42 	   77.00  -448.00     0.00     0.00     0.00     0.00
  42 	   77.00  -448.00     0.00     0.00     0.00     0.00
   	   18.00    49.00     0.00    90.00
   	   18.00    49.00     0.00    90.00
  43 	  154.00  -448.00     0.00     0.00     0.00     0.00
  43 	  154.00  -448.00     0.00     0.00     0.00     0.00
   	   18.00    49.00     0.00    90.00
   	   18.00    49.00     0.00    90.00
  44 	  231.00  -448.00     0.00     0.00     0.00     0.00
  44 	  231.00  -448.00     0.00     0.00     0.00     0.00
   	   18.00    49.00     0.00    90.00
   	   18.00    49.00     0.00    90.00
  45 	  308.00  -448.00     0.00     0.00     0.00     0.00
  45 	  308.00  -448.00     0.00     0.00     0.00     0.00
   	   18.00    49.00     0.00    90.00
   	   18.00    49.00     0.00    90.00
  46 	  385.00  -448.00     0.00     0.00     0.00     0.00
  46 	  385.00  -448.00     0.00     0.00     0.00     0.00
   	   18.00    49.00     0.00    90.00
   	   18.00    49.00     0.00    90.00
  47 	  462.00  -448.00     0.00     0.00     0.00     0.00
  47 	  462.00  -448.00     0.00     0.00     0.00     0.00
   	   18.00    49.00     0.00    90.00
   	   18.00    49.00     0.00    90.00
  48 	  539.00  -448.00     0.00     0.00     0.00     0.00
  48 	  539.00  -448.00     0.00     0.00     0.00     0.00
   	   18.00    49.00     0.00    90.00
   	   18.00    49.00     0.00    90.00
  49 	 -308.00  -392.00     0.00     0.00     0.00     0.00
  49 	 -308.00  -392.00     0.00     0.00     0.00     0.00
   	   18.00    49.00     0.00    90.00
   	   18.00    49.00     0.00    90.00
  50 	 -231.00  -392.00     0.00     0.00     0.00     0.00
  50 	 -231.00  -392.00     0.00     0.00     0.00     0.00
   	   18.00    49.00     0.00    90.00
   	   18.00    49.00     0.00    90.00
  51 	 -154.00  -392.00     0.00     0.00     0.00     0.00
  51 	 -154.00  -392.00     0.00     0.00     0.00     0.00
   	   18.00    49.00     0.00    90.00
   	   18.00    49.00     0.00    90.00
  52 	  -77.00  -392.00     0.00     0.00     0.00     0.00
  52 	  -77.00  -392.00     0.00     0.00     0.00     0.00
   	   18.00    49.00     0.00    90.00
   	   18.00    49.00     0.00    90.00
  53 	    0.00  -392.00     0.00     0.00     0.00     0.00
  53 	    0.00  -392.00     0.00     0.00     0.00     0.00
   	   18.00    49.00     0.00    90.00
   	   18.00    49.00     0.00    90.00
  54 	   77.00  -392.00     0.00     0.00     0.00     0.00
  54 	   77.00  -392.00     0.00     0.00     0.00     0.00
   	   18.00    49.00     0.00    90.00
   	   18.00    49.00     0.00    90.00
  55 	  154.00  -392.00     0.00     0.00     0.00     0.00
  55 	  154.00  -392.00     0.00     0.00     0.00     0.00
   	   18.00    49.00     0.00    90.00
   	   18.00    49.00     0.00    90.00
  56 	  231.00  -392.00     0.00     0.00     0.00     0.00
  56 	  231.00  -392.00     0.00     0.00     0.00     0.00
   	   18.00    49.00     0.00    90.00
   	   18.00    49.00     0.00    90.00
  57 	  308.00  -392.00     0.00     0.00     0.00     0.00
  57 	  308.00  -392.00     0.00     0.00     0.00     0.00
   	   18.00    49.00     0.00    90.00
   	   18.00    49.00     0.00    90.00
  58 	  385.00  -392.00     0.00     0.00     0.00     0.00
  58 	  385.00  -392.00     0.00     0.00     0.00     0.00
   	   18.00    49.00     0.00    90.00
   	   18.00    49.00     0.00    90.00
  59 	  462.00  -392.00     0.00     0.00     0.00     0.00
  59 	  462.00  -392.00     0.00     0.00     0.00     0.00
   	   18.00    49.00     0.00    90.00
   	   18.00    49.00     0.00    90.00
  60 	  539.00  -392.00     0.00     0.00     0.00     0.00
  60 	  539.00  -392.00     0.00     0.00     0.00     0.00
   	   18.00    49.00     0.00    90.00
   	   18.00    49.00     0.00    90.00
  61 	 -308.00  -336.00     0.00     0.00     0.00     0.00
  61 	 -308.00  -336.00     0.00     0.00     0.00     0.00
   	   18.00    49.00     0.00    90.00
   	   18.00    49.00     0.00    90.00
  62 	 -231.00  -336.00     0.00     0.00     0.00     0.00
  62 	 -231.00  -336.00     0.00     0.00     0.00     0.00
   	   18.00    49.00     0.00    90.00
   	   18.00    49.00     0.00    90.00
  63 	 -154.00  -336.00     0.00     0.00     0.00     0.00
  63 	 -154.00  -336.00     0.00     0.00     0.00     0.00
   	   18.00    49.00     0.00    90.00
   	   18.00    49.00     0.00    90.00
  64 	  -77.00  -336.00     0.00     0.00     0.00     0.00
  64 	  -77.00  -336.00     0.00     0.00     0.00     0.00
   	   18.00    49.00     0.00    90.00
   	   18.00    49.00     0.00    90.00
  65 	    0.00  -336.00     0.00     0.00     0.00     0.00
  65 	    0.00  -336.00     0.00     0.00     0.00     0.00
   	   18.00    49.00     0.00    90.00
   	   18.00    49.00     0.00    90.00
  66 	   77.00  -336.00     0.00     0.00     0.00     0.00
  66 	   77.00  -336.00     0.00     0.00     0.00     0.00
   	   18.00    49.00     0.00    90.00
   	   18.00    49.00     0.00    90.00
  67 	  154.00  -336.00     0.00     0.00     0.00     0.00
  67 	  154.00  -336.00     0.00     0.00     0.00     0.00
   	   18.00    49.00     0.00    90.00
   	   18.00    49.00     0.00    90.00
  68 	  231.00  -336.00     0.00     0.00     0.00     0.00
  68 	  231.00  -336.00     0.00     0.00     0.00     0.00
   	   18.00    49.00     0.00    90.00
   	   18.00    49.00     0.00    90.00
  69 	  308.00  -336.00     0.00     0.00     0.00     0.00
  69 	  308.00  -336.00     0.00     0.00     0.00     0.00
   	   18.00    49.00     0.00    90.00
   	   18.00    49.00     0.00    90.00
  70 	  385.00  -336.00     0.00     0.00     0.00     0.00
  70 	  385.00  -336.00     0.00     0.00     0.00     0.00
   	   18.00    49.00     0.00    90.00
   	   18.00    49.00     0.00    90.00
  71 	  462.00  -336.00     0.00     0.00     0.00     0.00
  71 	  462.00  -336.00     0.00     0.00     0.00     0.00
   	   18.00    49.00     0.00    90.00
   	   18.00    49.00     0.00    90.00
  72 	  539.00  -336.00     0.00     0.00     0.00     0.00
  72 	  539.00  -336.00     0.00     0.00     0.00     0.00
   	   18.00    49.00     0.00    90.00
   	   18.00    49.00     0.00    90.00
  73 	 -308.00  -280.00     0.00     0.00     0.00     0.00
  73 	 -308.00  -280.00     0.00     0.00     0.00     0.00
   	   18.00    49.00     0.00    90.00
   	   18.00    49.00     0.00    90.00
  74 	 -231.00  -280.00     0.00     0.00     0.00     0.00
  74 	 -231.00  -280.00     0.00     0.00     0.00     0.00
   	   18.00    49.00     0.00    90.00
   	   18.00    49.00     0.00    90.00
  75 	 -154.00  -280.00     0.00     0.00     0.00     0.00
  75 	 -154.00  -280.00     0.00     0.00     0.00     0.00
   	   18.00    49.00     0.00    90.00
   	   18.00    49.00     0.00    90.00
  76 	  -77.00  -280.00     0.00     0.00     0.00     0.00
  76 	  -77.00  -280.00     0.00     0.00     0.00     0.00
   	   18.00    49.00     0.00    90.00
   	   18.00    49.00     0.00    90.00
  77 	    0.00  -280.00     0.00     0.00     0.00     0.00
  77 	    0.00  -280.00     0.00     0.00     0.00     0.00
   	   18.00    49.00     0.00    90.00
   	   18.00    49.00     0.00    90.00
  78 	   77.00  -280.00     0.00     0.00     0.00     0.00
  78 	   77.00  -280.00     0.00     0.00     0.00     0.00
   	   18.00    49.00     0.00    90.00
   	   18.00    49.00     0.00    90.00
  79 	  154.00  -280.00     0.00     0.00     0.00     0.00
  79 	  154.00  -280.00     0.00     0.00     0.00     0.00
   	   18.00    49.00     0.00    90.00
   	   18.00    49.00     0.00    90.00
  80 	  231.00  -280.00     0.00     0.00     0.00     0.00
  80 	  231.00  -280.00     0.00     0.00     0.00     0.00
   	   18.00    49.00     0.00    90.00
   	   18.00    49.00     0.00    90.00
  81 	  308.00  -280.00     0.00     0.00     0.00     0.00
  81 	  308.00  -280.00     0.00     0.00     0.00     0.00
   	   18.00    49.00     0.00    90.00
   	   18.00    49.00     0.00    90.00
  82 	  385.00  -280.00     0.00     0.00     0.00     0.00
  82 	  385.00  -280.00     0.00     0.00     0.00     0.00
   	   18.00    49.00     0.00    90.00
   	   18.00    49.00     0.00    90.00
  83 	  462.00  -280.00     0.00     0.00     0.00     0.00
  83 	  462.00  -280.00     0.00     0.00     0.00     0.00
   	   18.00    49.00     0.00    90.00
   	   18.00    49.00     0.00    90.00
  84 	  539.00  -280.00     0.00     0.00     0.00     0.00
  84 	  539.00  -280.00     0.00     0.00     0.00     0.00
   	   18.00    49.00     0.00    90.00
   	   18.00    49.00     0.00    90.00

** End writing output file: ../inputs/gr984.dat 
