*******************************************************************************
                         ARRAY PREPROCESSOR ver. 1.0
*******************************************************************************



   1	GROUP testgroup
   3	 GRID TRIANGULAR ANGLE 74 PSTEP 38 QSTEP 45
   4	 ELEMENT
   5	 GEOMETRY CIRCULAR 58 mm
   6	 POLARIZATION CIRCULAR
   7	 ADD HEXAGON -8 2
   8	 ADD BLOCK -6 -1 7 0
  10	 GROUP_EXCITATION
  11	 AMPLITUDE UNIFORM 23
  12	 PHASE UNIFORM 32
  13	 END

** WARNING B2: GRID step(s) too small for specified element in GROUP: testgroup
** Generating GROUP: testgroup.
** PSTEP,QSTEP set to:38.000000,45.000000
** Grid ANGLE set to:74.000000 
** Group ROT_ANGLE set to: 0.000000 

** Writing output file: ../inputs/gr986.dat

NEL 
NPORTS
IDUM      REXA     REYA     REZA     THEA     PHEA     PSEA 
          AMP      PSH      PSC      PHEPOL
  35
  35
   1
   1
   1 	 -304.79   129.77     0.00     0.00     0.00     0.00
   1 	 -304.79   129.77     0.00     0.00     0.00     0.00
   	   23.00    32.00     0.00    90.00
   	   23.00    32.00     0.00    90.00
   2 	 -266.79   129.77     0.00     0.00     0.00     0.00
   2 	 -266.79   129.77     0.00     0.00     0.00     0.00
   	   23.00    32.00     0.00    90.00
   	   23.00    32.00     0.00    90.00
   3 	 -241.19    86.51     0.00     0.00     0.00     0.00
   3 	 -241.19    86.51     0.00     0.00     0.00     0.00
   	   23.00    32.00     0.00    90.00
   	   23.00    32.00     0.00    90.00
   4 	 -253.60    43.26     0.00     0.00     0.00     0.00
   4 	 -253.60    43.26     0.00     0.00     0.00     0.00
   	   23.00    32.00     0.00    90.00
   	   23.00    32.00     0.00    90.00
   5 	 -291.60    43.26     0.00     0.00     0.00     0.00
   5 	 -291.60    43.26     0.00     0.00     0.00     0.00
   	   23.00    32.00     0.00    90.00
   	   23.00    32.00     0.00    90.00
   6 	 -317.19    86.51     0.00     0.00     0.00     0.00
   6 	 -317.19    86.51     0.00     0.00     0.00     0.00
   	   23.00    32.00     0.00    90.00
   	   23.00    32.00     0.00    90.00
   7 	 -279.19    86.51     0.00     0.00     0.00     0.00
   7 	 -279.19    86.51     0.00     0.00     0.00     0.00
   	   23.00    32.00     0.00    90.00
   	   23.00    32.00     0.00    90.00
   8 	 -240.40   -43.26     0.00     0.00     0.00     0.00
   8 	 -240.40   -43.26     0.00     0.00     0.00     0.00
   	   23.00    32.00     0.00    90.00
   	   23.00    32.00     0.00    90.00
   9 	 -202.40   -43.26     0.00     0.00     0.00     0.00
   9 	 -202.40   -43.26     0.00     0.00     0.00     0.00
   	   23.00    32.00     0.00    90.00
   	   23.00    32.00     0.00    90.00
  10 	 -164.40   -43.26     0.00     0.00     0.00     0.00
  10 	 -164.40   -43.26     0.00     0.00     0.00     0.00
   	   23.00    32.00     0.00    90.00
   	   23.00    32.00     0.00    90.00
  11 	 -126.40   -43.26     0.00     0.00     0.00     0.00
  11 	 -126.40   -43.26     0.00     0.00     0.00     0.00
   	   23.00    32.00     0.00    90.00
   	   23.00    32.00     0.00    90.00
  12 	  -88.40   -43.26     0.00     0.00     0.00     0.00
  12 	  -88.40   -43.26     0.00     0.00     0.00     0.00
   	   23.00    32.00     0.00    90.00
   	   23.00    32.00     0.00    90.00
  13 	  -50.40   -43.26     0.00     0.00     0.00     0.00
  13 	  -50.40   -43.26     0.00     0.00     0.00     0.00
   	   23.00    32.00     0.00    90.00
   	   23.00    32.00     0.00    90.00
  14 	  -12.40   -43.26     0.00     0.00     0.00     0.00
  14 	  -12.40   -43.26     0.00     0.00     0.00     0.00
   	   23.00    32.00     0.00    90.00
   	   23.00    32.00     0.00    90.00
  15 	   25.60   -43.26     0.00     0.00     0.00     0.00
  15 	   25.60   -43.26     0.00     0.00     0.00     0.00
   	   23.00    32.00     0.00    90.00
   	   23.00    32.00     0.00    90.00
  16 	   63.60   -43.26     0.00     0.00     0.00     0.00
  16 	   63.60   -43.26     0.00     0.00     0.00     0.00
   	   23.00    32.00     0.00    90.00
   	   23.00    32.00     0.00    90.00
  17 	  101.60   -43.26     0.00     0.00     0.00     0.00
  17 	  101.60   -43.26     0.00     0.00     0.00     0.00
   	   23.00    32.00     0.00    90.00
   	   23.00    32.00     0.00    90.00
  18 	  139.60   -43.26     0.00     0.00     0.00     0.00
  18 	  139.60   -43.26     0.00     0.00     0.00     0.00
   	   23.00    32.00     0.00    90.00
   	   23.00    32.00     0.00    90.00
  19 	  177.60   -43.26     0.00     0.00     0.00     0.00
  19 	  177.60   -43.26     0.00     0.00     0.00     0.00
   	   23.00    32.00     0.00    90.00
   	   23.00    32.00     0.00    90.00
  20 	  215.60   -43.26     0.00     0.00     0.00     0.00
  20 	  215.60   -43.26     0.00     0.00     0.00     0.00
   	   23.00    32.00     0.00    90.00
   	   23.00    32.00     0.00    90.00
  21 	  253.60   -43.26     0.00     0.00     0.00     0.00
  21 	  253.60   -43.26     0.00     0.00     0.00     0.00
   	   23.00    32.00     0.00    90.00
   	   23.00    32.00     0.00    90.00
  22 	 -228.00     0.00     0.00     0.00     0.00     0.00
  22 	 -228.00     0.00     0.00     0.00     0.00     0.00
   	   23.00    32.00     0.00    90.00
   	   23.00    32.00     0.00    90.00
  23 	 -190.00     0.00     0.00     0.00     0.00     0.00
  23 	 -190.00     0.00     0.00     0.00     0.00     0.00
   	   23.00    32.00     0.00    90.00
   	   23.00    32.00     0.00    90.00
  24 	 -152.00     0.00     0.00     0.00     0.00     0.00
  24 	 -152.00     0.00     0.00     0.00     0.00     0.00
   	   23.00    32.00     0.00    90.00
   	   23.00    32.00     0.00    90.00
  25 	 -114.00     0.00     0.00     0.00     0.00     0.00
  25 	 -114.00     0.00     0.00     0.00     0.00     0.00
   	   23.00    32.00     0.00    90.00
   	   23.00    32.00     0.00    90.00
  26 	  -76.00     0.00     0.00     0.00     0.00     0.00
  26 	  -76.00     0.00     0.00     0.00     0.00     0.00
   	   23.00    32.00     0.00    90.00
   	   23.00    32.00     0.00    90.00
  27 	  -38.00     0.00     0.00     0.00     0.00     0.00
  27 	  -38.00     0.00     0.00     0.00     0.00     0.00
   	   23.00    32.00     0.00    90.00
   	   23.00    32.00     0.00    90.00
  28 	    0.00     0.00     0.00     0.00     0.00     0.00
  28 	    0.00     0.00     0.00     0.00     0.00     0.00
   	   23.00    32.00     0.00    90.00
   	   23.00    32.00     0.00    90.00
  29 	   38.00     0.00     0.00     0.00     0.00     0.00
  29 	   38.00     0.00     0.00     0.00     0.00     0.00
   	   23.00    32.00     0.00    90.00
   	   23.00    32.00     0.00    90.00
  30 	   76.00     0.00     0.00     0.00     0.00     0.00
  30 	   76.00     0.00     0.00     0.00     0.00     0.00
   	   23.00    32.00     0.00    90.00
   	   23.00    32.00     0.00    90.00
  31 	  114.00     0.00     0.00     0.00     0.00     0.00
  31 	  114.00     0.00     0.00     0.00     0.00     0.00
   	   23.00    32.00     0.00    90.00
   	   23.00    32.00     0.00    90.00
  32 	  152.00     0.00     0.00     0.00     0.00     0.00
  32 	  152.00     0.00     0.00     0.00     0.00     0.00
   	   23.00    32.00     0.00    90.00
   	   23.00    32.00     0.00    90.00
  33 	  190.00     0.00     0.00     0.00     0.00     0.00
  33 	  190.00     0.00     0.00     0.00     0.00     0.00
   	   23.00    32.00     0.00    90.00
   	   23.00    32.00     0.00    90.00
  34 	  228.00     0.00     0.00     0.00     0.00     0.00
  34 	  228.00     0.00     0.00     0.00     0.00     0.00
   	   23.00    32.00     0.00    90.00
   	   23.00    32.00     0.00    90.00
  35 	  266.00     0.00     0.00     0.00     0.00     0.00
  35 	  266.00     0.00     0.00     0.00     0.00     0.00
   	   23.00    32.00     0.00    90.00
   	   23.00    32.00     0.00    90.00

** End writing output file: ../inputs/gr986.dat 
