*******************************************************************************
                         ARRAY PREPROCESSOR ver. 1.0
*******************************************************************************



   1	GROUP testgroup
   3	 GRID TRIANGULAR
   4	 ELEMENT
   5	 GEOMETRY CIRCULAR 81
   7	 ADD NODE 2 0
   8	 ADD BLOCK -3 -1 5 2
  10	 GROUP_EXCITATION
  11	 AMPLITUDE UNIFORM 16
  12	 PHASE UNIFORM -77
  13	 END

** WARNING B2: GRID step(s) too small for specified element in GROUP: testgroup
** Generating GROUP: testgroup.
** PSTEP,QSTEP set to:162.000000,162.000000
** Grid ANGLE set to:60.000000 
** Group ROT_ANGLE set to: 0.000000 

** Writing output file: ../inputs/gr990.dat

NEL 
NPORTS
IDUM      REXA     REYA     REZA     THEA     PHEA     PSEA 
          AMP      PSH      PSC      PHEPOL
  37
  37
   1
   1
   1 	  324.00     0.00     0.00     0.00     0.00     0.00
   1 	  324.00     0.00     0.00     0.00     0.00     0.00
   	   16.00   -77.00     0.00    90.00
   	   16.00   -77.00     0.00    90.00
   2 	 -567.00  -140.30     0.00     0.00     0.00     0.00
   2 	 -567.00  -140.30     0.00     0.00     0.00     0.00
   	   16.00   -77.00     0.00    90.00
   	   16.00   -77.00     0.00    90.00
   3 	 -405.00  -140.30     0.00     0.00     0.00     0.00
   3 	 -405.00  -140.30     0.00     0.00     0.00     0.00
   	   16.00   -77.00     0.00    90.00
   	   16.00   -77.00     0.00    90.00
   4 	 -243.00  -140.30     0.00     0.00     0.00     0.00
   4 	 -243.00  -140.30     0.00     0.00     0.00     0.00
   	   16.00   -77.00     0.00    90.00
   	   16.00   -77.00     0.00    90.00
   5 	  -81.00  -140.30     0.00     0.00     0.00     0.00
   5 	  -81.00  -140.30     0.00     0.00     0.00     0.00
   	   16.00   -77.00     0.00    90.00
   	   16.00   -77.00     0.00    90.00
   6 	   81.00  -140.30     0.00     0.00     0.00     0.00
   6 	   81.00  -140.30     0.00     0.00     0.00     0.00
   	   16.00   -77.00     0.00    90.00
   	   16.00   -77.00     0.00    90.00
   7 	  243.00  -140.30     0.00     0.00     0.00     0.00
   7 	  243.00  -140.30     0.00     0.00     0.00     0.00
   	   16.00   -77.00     0.00    90.00
   	   16.00   -77.00     0.00    90.00
   8 	  405.00  -140.30     0.00     0.00     0.00     0.00
   8 	  405.00  -140.30     0.00     0.00     0.00     0.00
   	   16.00   -77.00     0.00    90.00
   	   16.00   -77.00     0.00    90.00
   9 	  567.00  -140.30     0.00     0.00     0.00     0.00
   9 	  567.00  -140.30     0.00     0.00     0.00     0.00
   	   16.00   -77.00     0.00    90.00
   	   16.00   -77.00     0.00    90.00
  10 	  729.00  -140.30     0.00     0.00     0.00     0.00
  10 	  729.00  -140.30     0.00     0.00     0.00     0.00
   	   16.00   -77.00     0.00    90.00
   	   16.00   -77.00     0.00    90.00
  11 	 -486.00     0.00     0.00     0.00     0.00     0.00
  11 	 -486.00     0.00     0.00     0.00     0.00     0.00
   	   16.00   -77.00     0.00    90.00
   	   16.00   -77.00     0.00    90.00
  12 	 -324.00     0.00     0.00     0.00     0.00     0.00
  12 	 -324.00     0.00     0.00     0.00     0.00     0.00
   	   16.00   -77.00     0.00    90.00
   	   16.00   -77.00     0.00    90.00
  13 	 -162.00     0.00     0.00     0.00     0.00     0.00
  13 	 -162.00     0.00     0.00     0.00     0.00     0.00
   	   16.00   -77.00     0.00    90.00
   	   16.00   -77.00     0.00    90.00
  14 	    0.00     0.00     0.00     0.00     0.00     0.00
  14 	    0.00     0.00     0.00     0.00     0.00     0.00
   	   16.00   -77.00     0.00    90.00
   	   16.00   -77.00     0.00    90.00
  15 	  162.00     0.00     0.00     0.00     0.00     0.00
  15 	  162.00     0.00     0.00     0.00     0.00     0.00
   	   16.00   -77.00     0.00    90.00
   	   16.00   -77.00     0.00    90.00
  16 	  324.00     0.00     0.00     0.00     0.00     0.00
  16 	  324.00     0.00     0.00     0.00     0.00     0.00
   	   16.00   -77.00     0.00    90.00
   	   16.00   -77.00     0.00    90.00
  17 	  486.00     0.00     0.00     0.00     0.00     0.00
  17 	  486.00     0.00     0.00     0.00     0.00     0.00
   	   16.00   -77.00     0.00    90.00
   	   16.00   -77.00     0.00    90.00
  18 	  648.00     0.00     0.00     0.00     0.00     0.00
  18 	  648.00     0.00     0.00     0.00     0.00     0.00
   	   16.00   -77.00     0.00    90.00
   	   16.00   -77.00     0.00    90.00
  19 	  810.00     0.00     0.00     0.00     0.00     0.00
  19 	  810.00     0.00     0.00     0.00     0.00     0.00
   	   16.00   -77.00     0.00    90.00
   	   16.00   -77.00     0.00    90.00
  20 	 -405.00   140.30     0.00     0.00     0.00     0.00
  20 	 -405.00   140.30     0.00     0.00     0.00     0.00
   	   16.00   -77.00     0.00    90.00
   	   16.00   -77.00     0.00    90.00
  21 	 -243.00   140.30     0.00     0.00     0.00     0.00
  21 	 -243.00   140.30     0.00     0.00     0.00     0.00
   	   16.00   -77.00     0.00    90.00
   	   16.00   -77.00     0.00    90.00
  22 	  -81.00   140.30     0.00     0.00     0.00     0.00
  22 	  -81.00   140.30     0.00     0.00     0.00     0.00
   	   16.00   -77.00     0.00    90.00
   	   16.00   -77.00     0.00    90.00
  23 	   81.00   140.30     0.00     0.00     0.00     0.00
  23 	   81.00   140.30     0.00     0.00     0.00     0.00
   	   16.00   -77.00     0.00    90.00
   	   16.00   -77.00     0.00    90.00
  24 	  243.00   140.30     0.00     0.00     0.00     0.00
  24 	  243.00   140.30     0.00     0.00     0.00     0.00
   	   16.00   -77.00     0.00    90.00
   	   16.00   -77.00     0.00    90.00
  25 	  405.00   140.30     0.00     0.00     0.00     0.00
  25 	  405.00   140.30     0.00     0.00     0.00     0.00
   	   16.00   -77.00     0.00    90.00
   	   16.00   -77.00     0.00    90.00
  26 	  567.00   140.30     0.00     0.00     0.00     0.00
  26 	  567.00   140.30     0.00     0.00     0.00     0.00
   	   16.00   -77.00     0.00    90.00
   	   16.00   -77.00     0.00    90.00
  27 	  729.00   140.30     0.00     0.00     0.00     0.00
  27 	  729.00   140.30     0.00     0.00     0.00     0.00
   	   16.00   -77.00     0.00    90.00
   	   16.00   -77.00     0.00    90.00
  28 	  891.00   140.30     0.00     0.00     0.00     0.00
  28 	  891.00   140.30     0.00     0.00     0.00     0.00
   	   16.00   -77.00     0.00    90.00
   	   16.00   -77.00     0.00    90.00
  29 	 -324.00   280.59     0.00     0.00     0.00     0.00
  29 	 -324.00   280.59     0.00     0.00     0.00     0.00
   	   16.00   -77.00     0.00    90.00
   	   16.00   -77.00     0.00    90.00
  30 	 -162.00   280.59     0.00     0.00     0.00     0.00
  30 	 -162.00   280.59     0.00     0.00     0.00     0.00
   	   16.00   -77.00     0.00    90.00
   	   16.00   -77.00     0.00    90.00
  31 	   -0.00   280.59     0.00     0.00     0.00     0.00
  31 	   -0.00   280.59     0.00     0.00     0.00     0.00
   	   16.00   -77.00     0.00    90.00
   	   16.00   -77.00     0.00    90.00
  32 	  162.00   280.59     0.00     0.00     0.00     0.00
  32 	  162.00   280.59     0.00     0.00     0.00     0.00
   	   16.00   -77.00     0.00    90.00
   	   16.00   -77.00     0.00    90.00
  33 	  324.00   280.59     0.00     0.00     0.00     0.00
  33 	  324.00   280.59     0.00     0.00     0.00     0.00
   	   16.00   -77.00     0.00    90.00
   	   16.00   -77.00     0.00    90.00
  34 	  486.00   280.59     0.00     0.00     0.00     0.00
  34 	  486.00   280.59     0.00     0.00     0.00     0.00
   	   16.00   -77.00     0.00    90.00
   	   16.00   -77.00     0.00    90.00
  35 	  648.00   280.59     0.00     0.00     0.00     0.00
  35 	  648.00   280.59     0.00     0.00     0.00     0.00
   	   16.00   -77.00     0.00    90.00
   	   16.00   -77.00     0.00    90.00
  36 	  810.00   280.59     0.00     0.00     0.00     0.00
  36 	  810.00   280.59     0.00     0.00     0.00     0.00
   	   16.00   -77.00     0.00    90.00
   	   16.00   -77.00     0.00    90.00
  37 	  972.00   280.59     0.00     0.00     0.00     0.00
  37 	  972.00   280.59     0.00     0.00     0.00     0.00
   	   16.00   -77.00     0.00    90.00
   	   16.00   -77.00     0.00    90.00

** End writing output file: ../inputs/gr990.dat 
