*******************************************************************************
                         ARRAY PREPROCESSOR ver. 1.0
*******************************************************************************



   1	GROUP testgroup
   3	 GRID RECTANGULAR
   4	 ELEMENT
   5	 GEOMETRY CIRCULAR 54
   7	 ADD BLOCK 9 3 -2 -2
   8	 ADD BLOCK 0 -7 0 0
   9	 ADD BLOCK -2 0 2 -4
  10	 ADD BLOCK 2 -7 0 -7
  12	 GROUP_EXCITATION
  13	 AMPLITUDE UNIFORM 22
  14	 PHASE UNIFORM -251
  15	 END

** Generating GROUP: testgroup.
** PSTEP,QSTEP set to:108.000000,108.000000
** Grid ANGLE set to:90.000000 
** Group ROT_ANGLE set to: 0.000000 

** Writing output file: ../inputs/gr992.dat

NEL 
NPORTS
IDUM      REXA     REYA     REZA     THEA     PHEA     PSEA 
          AMP      PSH      PSC      PHEPOL
 108
 108
   1
   1
   1 	 -216.00  -216.00     0.00     0.00     0.00     0.00
   1 	 -216.00  -216.00     0.00     0.00     0.00     0.00
   	   22.00  -251.00     0.00    90.00
   	   22.00  -251.00     0.00    90.00
   2 	 -108.00  -216.00     0.00     0.00     0.00     0.00
   2 	 -108.00  -216.00     0.00     0.00     0.00     0.00
   	   22.00  -251.00     0.00    90.00
   	   22.00  -251.00     0.00    90.00
   3 	    0.00  -216.00     0.00     0.00     0.00     0.00
   3 	    0.00  -216.00     0.00     0.00     0.00     0.00
   	   22.00  -251.00     0.00    90.00
   	   22.00  -251.00     0.00    90.00
   4 	  108.00  -216.00     0.00     0.00     0.00     0.00
   4 	  108.00  -216.00     0.00     0.00     0.00     0.00
   	   22.00  -251.00     0.00    90.00
   	   22.00  -251.00     0.00    90.00
   5 	  216.00  -216.00     0.00     0.00     0.00     0.00
   5 	  216.00  -216.00     0.00     0.00     0.00     0.00
   	   22.00  -251.00     0.00    90.00
   	   22.00  -251.00     0.00    90.00
   6 	  324.00  -216.00     0.00     0.00     0.00     0.00
   6 	  324.00  -216.00     0.00     0.00     0.00     0.00
   	   22.00  -251.00     0.00    90.00
   	   22.00  -251.00     0.00    90.00
   7 	  432.00  -216.00     0.00     0.00     0.00     0.00
   7 	  432.00  -216.00     0.00     0.00     0.00     0.00
   	   22.00  -251.00     0.00    90.00
   	   22.00  -251.00     0.00    90.00
   8 	  540.00  -216.00     0.00     0.00     0.00     0.00
   8 	  540.00  -216.00     0.00     0.00     0.00     0.00
   	   22.00  -251.00     0.00    90.00
   	   22.00  -251.00     0.00    90.00
   9 	  648.00  -216.00     0.00     0.00     0.00     0.00
   9 	  648.00  -216.00     0.00     0.00     0.00     0.00
   	   22.00  -251.00     0.00    90.00
   	   22.00  -251.00     0.00    90.00
  10 	  756.00  -216.00     0.00     0.00     0.00     0.00
  10 	  756.00  -216.00     0.00     0.00     0.00     0.00
   	   22.00  -251.00     0.00    90.00
   	   22.00  -251.00     0.00    90.00
  11 	  864.00  -216.00     0.00     0.00     0.00     0.00
  11 	  864.00  -216.00     0.00     0.00     0.00     0.00
   	   22.00  -251.00     0.00    90.00
   	   22.00  -251.00     0.00    90.00
  12 	  972.00  -216.00     0.00     0.00     0.00     0.00
  12 	  972.00  -216.00     0.00     0.00     0.00     0.00
   	   22.00  -251.00     0.00    90.00
   	   22.00  -251.00     0.00    90.00
  13 	 -216.00  -108.00     0.00     0.00     0.00     0.00
  13 	 -216.00  -108.00     0.00     0.00     0.00     0.00
   	   22.00  -251.00     0.00    90.00
   	   22.00  -251.00     0.00    90.00
  14 	 -108.00  -108.00     0.00     0.00     0.00     0.00
  14 	 -108.00  -108.00     0.00     0.00     0.00     0.00
   	   22.00  -251.00     0.00    90.00
   	   22.00  -251.00     0.00    90.00
  15 	    0.00  -108.00     0.00     0.00     0.00     0.00
  15 	    0.00  -108.00     0.00     0.00     0.00     0.00
   	   22.00  -251.00     0.00    90.00
   	   22.00  -251.00     0.00    90.00
  16 	  108.00  -108.00     0.00     0.00     0.00     0.00
  16 	  108.00  -108.00     0.00     0.00     0.00     0.00
   	   22.00  -251.00     0.00    90.00
   	   22.00  -251.00     0.00    90.00
  17 	  216.00  -108.00     0.00     0.00     0.00     0.00
  17 	  216.00  -108.00     0.00     0.00     0.00     0.00
   	   22.00  -251.00     0.00    90.00
   	   22.00  -251.00     0.00    90.00
  18 	  324.00  -108.00     0.00     0.00     0.00     0.00
  18 	  324.00  -108.00     0.00     0.00     0.00     0.00
   	   22.00  -251.00     0.00    90.00
   	   22.00  -251.00     0.00    90.00
  19 	  432.00  -108.00     0.00     0.00     0.00     0.00
  19 	  432.00  -108.00     0.00     0.00     0.00     0.00
   	   22.00  -251.00     0.00    90.00
   	   22.00  -251.00     0.00    90.00
  20 	  540.00  -108.00     0.00     0.00     0.00     0.00
  20 	  540.00  -108.00     0.00     0.00     0.00     0.00
   	   22.00  -251.00     0.00    90.00
   	   22.00  -251.00     0.00    90.00
  21 	  648.00  -108.00     0.00     0.00     0.00     0.00
  21 	  648.00  -108.00     0.00     0.00     0.00     0.00
   	   22.00  -251.00     0.00    90.00
   	   22.00  -251.00     0.00    90.00
  22 	  756.00  -108.00     0.00     0.00     0.00     0.00
  22 	  756.00  -108.00     0.00     0.00     0.00     0.00
   	   22.00  -251.00     0.00    90.00
   	   22.00  -251.00     0.00    90.00
  23 	  864.00  -108.00     0.00     0.00     0.00     0.00
  23 	  864.00  -108.00     0.00     0.00     0.00     0.00
   	   22.00  -251.00     0.00    90.00
   	   22.00  -251.00     0.00    90.00
  24 	  972.00  -108.00     0.00     0.00     0.00     0.00
  24 	  972.00  -108.00     0.00     0.00     0.00     0.00
   	   22.00  -251.00     0.00    90.00
   	   22.00  -251.00     0.00    90.00
  25 	 -216.00     0.00     0.00     0.00     0.00     0.00
  25 	 -216.00     0.00     0.00     0.00     0.00     0.00
   	   22.00  -251.00     0.00    90.00
   	   22.00  -251.00     0.00    90.00
  26 	 -108.00     0.00     0.00     0.00     0.00     0.00
  26 	 -108.00     0.00     0.00     0.00     0.00     0.00
   	   22.00  -251.00     0.00    90.00
   	   22.00  -251.00     0.00    90.00
  27 	    0.00     0.00     0.00     0.00     0.00     0.00
  27 	    0.00     0.00     0.00     0.00     0.00     0.00
   	   22.00  -251.00     0.00    90.00
   	   22.00  -251.00     0.00    90.00
  28 	  108.00     0.00     0.00     0.00     0.00     0.00
  28 	  108.00     0.00     0.00     0.00     0.00     0.00
   	   22.00  -251.00     0.00    90.00
   	   22.00  -251.00     0.00    90.00
  29 	  216.00     0.00     0.00     0.00     0.00     0.00
  29 	  216.00     0.00     0.00     0.00     0.00     0.00
   	   22.00  -251.00     0.00    90.00
   	   22.00  -251.00     0.00    90.00
  30 	  324.00     0.00     0.00     0.00     0.00     0.00
  30 	  324.00     0.00     0.00     0.00     0.00     0.00
   	   22.00  -251.00     0.00    90.00
   	   22.00  -251.00     0.00    90.00
  31 	  432.00     0.00     0.00     0.00     0.00     0.00
  31 	  432.00     0.00     0.00     0.00     0.00     0.00
   	   22.00  -251.00     0.00    90.00
   	   22.00  -251.00     0.00    90.00
  32 	  540.00     0.00     0.00     0.00     0.00     0.00
  32 	  540.00     0.00     0.00     0.00     0.00     0.00
   	   22.00  -251.00     0.00    90.00
   	   22.00  -251.00     0.00    90.00
  33 	  648.00     0.00     0.00     0.00     0.00     0.00
  33 	  648.00     0.00     0.00     0.00     0.00     0.00
   	   22.00  -251.00     0.00    90.00
   	   22.00  -251.00     0.00    90.00
  34 	  756.00     0.00     0.00     0.00     0.00     0.00
  34 	  756.00     0.00     0.00     0.00     0.00     0.00
   	   22.00  -251.00     0.00    90.00
   	   22.00  -251.00     0.00    90.00
  35 	  864.00     0.00     0.00     0.00     0.00     0.00
  35 	  864.00     0.00     0.00     0.00     0.00     0.00
   	   22.00  -251.00     0.00    90.00
   	   22.00  -251.00     0.00    90.00
  36 	  972.00     0.00     0.00     0.00     0.00     0.00
  36 	  972.00     0.00     0.00     0.00     0.00     0.00
   	   22.00  -251.00     0.00    90.00
   	   22.00  -251.00     0.00    90.00
  37 	 -216.00   108.00     0.00     0.00     0.00     0.00
  37 	 -216.00   108.00     0.00     0.00     0.00     0.00
   	   22.00  -251.00     0.00    90.00
   	   22.00  -251.00     0.00    90.00
  38 	 -108.00   108.00     0.00     0.00     0.00     0.00
  38 	 -108.00   108.00     0.00     0.00     0.00     0.00
   	   22.00  -251.00     0.00    90.00
   	   22.00  -251.00     0.00    90.00
  39 	   -0.00   108.00     0.00     0.00     0.00     0.00
  39 	   -0.00   108.00     0.00     0.00     0.00     0.00
   	   22.00  -251.00     0.00    90.00
   	   22.00  -251.00     0.00    90.00
  40 	  108.00   108.00     0.00     0.00     0.00     0.00
  40 	  108.00   108.00     0.00     0.00     0.00     0.00
   	   22.00  -251.00     0.00    90.00
   	   22.00  -251.00     0.00    90.00
  41 	  216.00   108.00     0.00     0.00     0.00     0.00
  41 	  216.00   108.00     0.00     0.00     0.00     0.00
   	   22.00  -251.00     0.00    90.00
   	   22.00  -251.00     0.00    90.00
  42 	  324.00   108.00     0.00     0.00     0.00     0.00
  42 	  324.00   108.00     0.00     0.00     0.00     0.00
   	   22.00  -251.00     0.00    90.00
   	   22.00  -251.00     0.00    90.00
  43 	  432.00   108.00     0.00     0.00     0.00     0.00
  43 	  432.00   108.00     0.00     0.00     0.00     0.00
   	   22.00  -251.00     0.00    90.00
   	   22.00  -251.00     0.00    90.00
  44 	  540.00   108.00     0.00     0.00     0.00     0.00
  44 	  540.00   108.00     0.00     0.00     0.00     0.00
   	   22.00  -251.00     0.00    90.00
   	   22.00  -251.00     0.00    90.00
  45 	  648.00   108.00     0.00     0.00     0.00     0.00
  45 	  648.00   108.00     0.00     0.00     0.00     0.00
   	   22.00  -251.00     0.00    90.00
   	   22.00  -251.00     0.00    90.00
  46 	  756.00   108.00     0.00     0.00     0.00     0.00
  46 	  756.00   108.00     0.00     0.00     0.00     0.00
   	   22.00  -251.00     0.00    90.00
   	   22.00  -251.00     0.00    90.00
  47 	  864.00   108.00     0.00     0.00     0.00     0.00
  47 	  864.00   108.00     0.00     0.00     0.00     0.00
   	   22.00  -251.00     0.00    90.00
   	   22.00  -251.00     0.00    90.00
  48 	  972.00   108.00     0.00     0.00     0.00     0.00
  48 	  972.00   108.00     0.00     0.00     0.00     0.00
   	   22.00  -251.00     0.00    90.00
   	   22.00  -251.00     0.00    90.00
  49 	 -216.00   216.00     0.00     0.00     0.00     0.00
  49 	 -216.00   216.00     0.00     0.00     0.00     0.00
   	   22.00  -251.00     0.00    90.00
   	   22.00  -251.00     0.00    90.00
  50 	 -108.00   216.00     0.00     0.00     0.00     0.00
  50 	 -108.00   216.00     0.00     0.00     0.00     0.00
   	   22.00  -251.00     0.00    90.00
   	   22.00  -251.00     0.00    90.00
  51 	   -0.00   216.00     0.00     0.00     0.00     0.00
  51 	   -0.00   216.00     0.00     0.00     0.00     0.00
   	   22.00  -251.00     0.00    90.00
   	   22.00  -251.00     0.00    90.00
  52 	  108.00   216.00     0.00     0.00     0.00     0.00
  52 	  108.00   216.00     0.00     0.00     0.00     0.00
   	   22.00  -251.00     0.00    90.00
   	   22.00  -251.00     0.00    90.00
  53 	  216.00   216.00     0.00     0.00     0.00     0.00
  53 	  216.00   216.00     0.00     0.00     0.00     0.00
   	   22.00  -251.00     0.00    90.00
   	   22.00  -251.00     0.00    90.00
  54 	  324.00   216.00     0.00     0.00     0.00     0.00
  54 	  324.00   216.00     0.00     0.00     0.00     0.00
   	   22.00  -251.00     0.00    90.00
   	   22.00  -251.00     0.00    90.00
  55 	  432.00   216.00     0.00     0.00     0.00     0.00
  55 	  432.00   216.00     0.00     0.00     0.00     0.00
   	   22.00  -251.00     0.00    90.00
   	   22.00  -251.00     0.00    90.00
  56 	  540.00   216.00     0.00     0.00     0.00     0.00
  56 	  540.00   216.00     0.00     0.00     0.00     0.00
   	   22.00  -251.00     0.00    90.00
   	   22.00  -251.00     0.00    90.00
  57 	  648.00   216.00     0.00     0.00     0.00     0.00
  57 	  648.00   216.00     0.00     0.00     0.00     0.00
   	   22.00  -251.00     0.00    90.00
   	   22.00  -251.00     0.00    90.00
  58 	  756.00   216.00     0.00     0.00     0.00     0.00
  58 	  756.00   216.00     0.00     0.00     0.00     0.00
   	   22.00  -251.00     0.00    90.00
   	   22.00  -251.00     0.00    90.00
  59 	  864.00   216.00     0.00     0.00     0.00     0.00
  59 	  864.00   216.00     0.00     0.00     0.00     0.00
   	   22.00  -251.00     0.00    90.00
   	   22.00  -251.00     0.00    90.00
  60 	  972.00   216.00     0.00     0.00     0.00     0.00
  60 	  972.00   216.00     0.00     0.00     0.00     0.00
   	   22.00  -251.00     0.00    90.00
   	   22.00  -251.00     0.00    90.00
  61 	 -216.00   324.00     0.00     0.00     0.00     0.00
  61 	 -216.00   324.00     0.00     0.00     0.00     0.00
   	   22.00  -251.00     0.00    90.00
   	   22.00  -251.00     0.00    90.00
  62 	 -108.00   324.00     0.00     0.00     0.00     0.00
  62 	 -108.00   324.00     0.00     0.00     0.00     0.00
   	   22.00  -251.00     0.00    90.00
   	   22.00  -251.00     0.00    90.00
  63 	   -0.00   324.00     0.00     0.00     0.00     0.00
  63 	   -0.00   324.00     0.00     0.00     0.00     0.00
   	   22.00  -251.00     0.00    90.00
   	   22.00  -251.00     0.00    90.00
  64 	  108.00   324.00     0.00     0.00     0.00     0.00
  64 	  108.00   324.00     0.00     0.00     0.00     0.00
   	   22.00  -251.00     0.00    90.00
   	   22.00  -251.00     0.00    90.00
  65 	  216.00   324.00     0.00     0.00     0.00     0.00
  65 	  216.00   324.00     0.00     0.00     0.00     0.00
   	   22.00  -251.00     0.00    90.00
   	   22.00  -251.00     0.00    90.00
  66 	  324.00   324.00     0.00     0.00     0.00     0.00
  66 	  324.00   324.00     0.00     0.00     0.00     0.00
   	   22.00  -251.00     0.00    90.00
   	   22.00  -251.00     0.00    90.00
  67 	  432.00   324.00     0.00     0.00     0.00     0.00
  67 	  432.00   324.00     0.00     0.00     0.00     0.00
   	   22.00  -251.00     0.00    90.00
   	   22.00  -251.00     0.00    90.00
  68 	  540.00   324.00     0.00     0.00     0.00     0.00
  68 	  540.00   324.00     0.00     0.00     0.00     0.00
   	   22.00  -251.00     0.00    90.00
   	   22.00  -251.00     0.00    90.00
  69 	  648.00   324.00     0.00     0.00     0.00     0.00
  69 	  648.00   324.00     0.00     0.00     0.00     0.00
   	   22.00  -251.00     0.00    90.00
   	   22.00  -251.00     0.00    90.00
  70 	  756.00   324.00     0.00     0.00     0.00     0.00
  70 	  756.00   324.00     0.00     0.00     0.00     0.00
   	   22.00  -251.00     0.00    90.00
   	   22.00  -251.00     0.00    90.00
  71 	  864.00   324.00     0.00     0.00     0.00     0.00
  71 	  864.00   324.00     0.00     0.00     0.00     0.00
   	   22.00  -251.00     0.00    90.00
   	   22.00  -251.00     0.00    90.00
  72 	  972.00   324.00     0.00     0.00     0.00     0.00
  72 	  972.00   324.00     0.00     0.00     0.00     0.00
   	   22.00  -251.00     0.00    90.00
   	   22.00  -251.00     0.00    90.00
  73 	    0.00  -756.00     0.00     0.00     0.00     0.00
  73 	    0.00  -756.00     0.00     0.00     0.00     0.00
   	   22.00  -251.00     0.00    90.00
   	   22.00  -251.00     0.00    90.00
  74 	    0.00  -648.00     0.00     0.00     0.00     0.00
  74 	    0.00  -648.00     0.00     0.00     0.00     0.00
   	   22.00  -251.00     0.00    90.00
   	   22.00  -251.00     0.00    90.00
  75 	    0.00  -540.00     0.00     0.00     0.00     0.00
  75 	    0.00  -540.00     0.00     0.00     0.00     0.00
   	   22.00  -251.00     0.00    90.00
   	   22.00  -251.00     0.00    90.00
  76 	    0.00  -432.00     0.00     0.00     0.00     0.00
  76 	    0.00  -432.00     0.00     0.00     0.00     0.00
   	   22.00  -251.00     0.00    90.00
   	   22.00  -251.00     0.00    90.00
  77 	    0.00  -324.00     0.00     0.00     0.00     0.00
  77 	    0.00  -324.00     0.00     0.00     0.00     0.00
   	   22.00  -251.00     0.00    90.00
   	   22.00  -251.00     0.00    90.00
  78 	    0.00  -216.00     0.00     0.00     0.00     0.00
  78 	    0.00  -216.00     0.00     0.00     0.00     0.00
   	   22.00  -251.00     0.00    90.00
   	   22.00  -251.00     0.00    90.00
  79 	    0.00  -108.00     0.00     0.00     0.00     0.00
  79 	    0.00  -108.00     0.00     0.00     0.00     0.00
   	   22.00  -251.00     0.00    90.00
   	   22.00  -251.00     0.00    90.00
  80 	    0.00     0.00     0.00     0.00     0.00     0.00
  80 	    0.00     0.00     0.00     0.00     0.00     0.00
   	   22.00  -251.00     0.00    90.00
   	   22.00  -251.00     0.00    90.00
  81 	 -216.00  -432.00     0.00     0.00     0.00     0.00
  81 	 -216.00  -432.00     0.00     0.00     0.00     0.00
   	   22.00  -251.00     0.00    90.00
   	   22.00  -251.00     0.00    90.00
  82 	 -108.00  -432.00     0.00     0.00     0.00     0.00
  82 	 -108.00  -432.00     0.00     0.00     0.00     0.00
   	   22.00  -251.00     0.00    90.00
   	   22.00  -251.00     0.00    90.00
  83 	    0.00  -432.00     0.00     0.00     0.00     0.00
  83 	    0.00  -432.00     0.00     0.00     0.00     0.00
   	   22.00  -251.00     0.00    90.00
   	   22.00  -251.00     0.00    90.00
  84 	  108.00  -432.00     0.00     0.00     0.00     0.00
  84 	  108.00  -432.00     0.00     0.00     0.00     0.00
   	   22.00  -251.00     0.00    90.00
   	   22.00  -251.00     0.00    90.00
  85 	  216.00  -432.00     0.00     0.00     0.00     0.00
  85 	  216.00  -432.00     0.00     0.00     0.00     0.00
   	   22.00  -251.00     0.00    90.00
   	   22.00  -251.00     0.00    90.00
  86 	 -216.00  -324.00     0.00     0.00     0.00     0.00
  86 	 -216.00  -324.00     0.00     0.00     0.00     0.00
   	   22.00  -251.00     0.00    90.00
   	   22.00  -251.00     0.00    90.00
  87 	 -108.00  -324.00     0.00     0.00     0.00     0.00
  87 	 -108.00  -324.00     0.00     0.00     0.00     0.00
   	   22.00  -251.00     0.00    90.00
   	   22.00  -251.00     0.00    90.00
  88 	    0.00  -324.00     0.00     0.00     0.00     0.00
  88 	    0.00  -324.00     0.00     0.00     0.00     0.00
   	   22.00  -251.00     0.00    90.00
   	   22.00  -251.00     0.00    90.00
  89 	  108.00  -324.00     0.00     0.00     0.00     0.00
  89 	  108.00  -324.00     0.00     0.00     0.00     0.00
   	   22.00  -251.00     0.00    90.00
   	   22.00  -251.00     0.00    90.00
  90 	  216.00  -324.00     0.00     0.00     0.00     0.00
  90 	  216.00  -324.00     0.00     0.00     0.00     0.00
   	   22.00  -251.00     0.00    90.00
   	   22.00  -251.00     0.00    90.00
  91 	 -216.00  -216.00     0.00     0.00     0.00     0.00
  91 	 -216.00  -216.00     0.00     0.00     0.00     0.00
   	   22.00  -251.00     0.00    90.00
   	   22.00  -251.00     0.00    90.00
  92 	 -108.00  -216.00     0.00     0.00     0.00     0.00
  92 	 -108.00  -216.00     0.00     0.00     0.00     0.00
   	   22.00  -251.00     0.00    90.00
   	   22.00  -251.00     0.00    90.00
  93 	    0.00  -216.00     0.00     0.00     0.00     0.00
  93 	    0.00  -216.00     0.00     0.00     0.00     0.00
   	   22.00  -251.00     0.00    90.00
   	   22.00  -251.00     0.00    90.00
  94 	  108.00  -216.00     0.00     0.00     0.00     0.00
  94 	  108.00  -216.00     0.00     0.00     0.00     0.00
   	   22.00  -251.00     0.00    90.00
   	   22.00  -251.00     0.00    90.00
  95 	  216.00  -216.00     0.00     0.00     0.00     0.00
  95 	  216.00  -216.00     0.00     0.00     0.00     0.00
   	   22.00  -251.00     0.00    90.00
   	   22.00  -251.00     0.00    90.00
  96 	 -216.00  -108.00     0.00     0.00     0.00     0.00
  96 	 -216.00  -108.00     0.00     0.00     0.00     0.00
   	   22.00  -251.00     0.00    90.00
   	   22.00  -251.00     0.00    90.00
  97 	 -108.00  -108.00     0.00     0.00     0.00     0.00
  97 	 -108.00  -108.00     0.00     0.00     0.00     0.00
   	   22.00  -251.00     0.00    90.00
   	   22.00  -251.00     0.00    90.00
  98 	    0.00  -108.00     0.00     0.00     0.00     0.00
  98 	    0.00  -108.00     0.00     0.00     0.00     0.00
   	   22.00  -251.00     0.00    90.00
   	   22.00  -251.00     0.00    90.00
  99 	  108.00  -108.00     0.00     0.00     0.00     0.00
  99 	  108.00  -108.00     0.00     0.00     0.00     0.00
   	   22.00  -251.00     0.00    90.00
   	   22.00  -251.00     0.00    90.00
 100 	  216.00  -108.00     0.00     0.00     0.00     0.00
 100 	  216.00  -108.00     0.00     0.00     0.00     0.00
   	   22.00  -251.00     0.00    90.00
   	   22.00  -251.00     0.00    90.00
 101 	 -216.00     0.00     0.00     0.00     0.00     0.00
 101 	 -216.00     0.00     0.00     0.00     0.00     0.00
   	   22.00  -251.00     0.00    90.00
   	   22.00  -251.00     0.00    90.00
 102 	 -108.00     0.00     0.00     0.00     0.00     0.00
 102 	 -108.00     0.00     0.00     0.00     0.00     0.00
   	   22.00  -251.00     0.00    90.00
   	   22.00  -251.00     0.00    90.00
 103 	    0.00     0.00     0.00     0.00     0.00     0.00
 103 	    0.00     0.00     0.00     0.00     0.00     0.00
   	   22.00  -251.00     0.00    90.00
   	   22.00  -251.00     0.00    90.00
 104 	  108.00     0.00     0.00     0.00     0.00     0.00
 104 	  108.00     0.00     0.00     0.00     0.00     0.00
   	   22.00  -251.00     0.00    90.00
   	   22.00  -251.00     0.00    90.00
 105 	  216.00     0.00     0.00     0.00     0.00     0.00
 105 	  216.00     0.00     0.00     0.00     0.00     0.00
   	   22.00  -251.00     0.00    90.00
   	   22.00  -251.00     0.00    90.00
 106 	    0.00  -756.00     0.00     0.00     0.00     0.00
 106 	    0.00  -756.00     0.00     0.00     0.00     0.00
   	   22.00  -251.00     0.00    90.00
   	   22.00  -251.00     0.00    90.00
 107 	  108.00  -756.00     0.00     0.00     0.00     0.00
 107 	  108.00  -756.00     0.00     0.00     0.00     0.00
   	   22.00  -251.00     0.00    90.00
   	   22.00  -251.00     0.00    90.00
 108 	  216.00  -756.00     0.00     0.00     0.00     0.00
 108 	  216.00  -756.00     0.00     0.00     0.00     0.00
   	   22.00  -251.00     0.00    90.00
   	   22.00  -251.00     0.00    90.00

** End writing output file: ../inputs/gr992.dat 
