*******************************************************************************
                         ARRAY PREPROCESSOR ver. 1.0
*******************************************************************************



   1	GROUP testgroup
   3	 GRID HEXAGONAL
   4	 ELEMENT
   5	 GEOMETRY CIRCULAR 98
   6	 POLARIZATION CIRCULAR RH
   8	 ADD HEXAGON 4 -10
   9	 ADD NODE -5 -1 ORIENTATION 42 48 6
  11	 GROUP_EXCITATION
  12	 AMPLITUDE UNIFORM 39
  13	 PHASE UNIFORM -88
  14	 END

** Generating GROUP: testgroup.
** PSTEP,QSTEP set to:196.000000,196.000000
** Grid ANGLE set to:60.000000 
** Group ROT_ANGLE set to: 0.000000 

** Writing output file: ../inputs/gr995.dat

NEL 
NPORTS
IDUM      REXA     REYA     REZA     THEA     PHEA     PSEA 
          AMP      PSH      PSC      PHEPOL
   8
   8
   1
   1
   1 	 -294.00 -1527.67     0.00     0.00     0.00     0.00
   1 	 -294.00 -1527.67     0.00     0.00     0.00     0.00
   	   39.00   -88.00     0.00    90.00
   	   39.00   -88.00     0.00    90.00
   2 	  -98.00 -1527.67     0.00     0.00     0.00     0.00
   2 	  -98.00 -1527.67     0.00     0.00     0.00     0.00
   	   39.00   -88.00     0.00    90.00
   	   39.00   -88.00     0.00    90.00
   3 	    0.00 -1697.41     0.00     0.00     0.00     0.00
   3 	    0.00 -1697.41     0.00     0.00     0.00     0.00
   	   39.00   -88.00     0.00    90.00
   	   39.00   -88.00     0.00    90.00
   4 	  -98.00 -1867.15     0.00     0.00     0.00     0.00
   4 	  -98.00 -1867.15     0.00     0.00     0.00     0.00
   	   39.00   -88.00     0.00    90.00
   	   39.00   -88.00     0.00    90.00
   5 	 -294.00 -1867.15     0.00     0.00     0.00     0.00
   5 	 -294.00 -1867.15     0.00     0.00     0.00     0.00
   	   39.00   -88.00     0.00    90.00
   	   39.00   -88.00     0.00    90.00
   6 	 -392.00 -1697.41     0.00     0.00     0.00     0.00
   6 	 -392.00 -1697.41     0.00     0.00     0.00     0.00
   	   39.00   -88.00     0.00    90.00
   	   39.00   -88.00     0.00    90.00
   7 	 -196.00 -1697.41     0.00     0.00     0.00     0.00
   7 	 -196.00 -1697.41     0.00     0.00     0.00     0.00
   	   39.00   -88.00     0.00    90.00
   	   39.00   -88.00     0.00    90.00
   8 	-1078.00  -169.74     0.00    42.00    48.00     6.00
   8 	-1078.00  -169.74     0.00    42.00    48.00     6.00
   	   39.00   -88.00     0.00    90.00
   	   39.00   -88.00     0.00    90.00

** End writing output file: ../inputs/gr995.dat 
