*******************************************************************************
                         ARRAY PREPROCESSOR ver. 1.0
*******************************************************************************



   1	GROUP testgroup
   3	 GRID HEXAGONAL STEP 54
   4	 ELEMENT
   5	 GEOMETRY CIRCULAR 39
   7	 ADD HEXAGON -3 -7
   8	 ADD HEXAGON -6 4
   9	 ADD BLOCK 2 11 0 1
  10	 ADD BLOCK -2 5 -3 3
  12	 GROUP_EXCITATION
  13	 AMPLITUDE UNIFORM 32
  14	 PHASE UNIFORM -23
  15	 END

** WARNING B2: GRID step(s) too small for specified element in GROUP: testgroup
** Generating GROUP: testgroup.
** PSTEP,QSTEP set to:54.000000,54.000000
** Grid ANGLE set to:60.000000 
** Group ROT_ANGLE set to: 0.000000 

** Writing output file: ../inputs/gr997.dat

NEL 
NPORTS
IDUM      REXA     REYA     REZA     THEA     PHEA     PSEA 
          AMP      PSH      PSC      PHEPOL
  53
  53
   1
   1
   1 	 -378.00  -280.59     0.00     0.00     0.00     0.00
   1 	 -378.00  -280.59     0.00     0.00     0.00     0.00
   	   32.00   -23.00     0.00    90.00
   	   32.00   -23.00     0.00    90.00
   2 	 -324.00  -280.59     0.00     0.00     0.00     0.00
   2 	 -324.00  -280.59     0.00     0.00     0.00     0.00
   	   32.00   -23.00     0.00    90.00
   	   32.00   -23.00     0.00    90.00
   3 	 -297.00  -327.36     0.00     0.00     0.00     0.00
   3 	 -297.00  -327.36     0.00     0.00     0.00     0.00
   	   32.00   -23.00     0.00    90.00
   	   32.00   -23.00     0.00    90.00
   4 	 -324.00  -374.12     0.00     0.00     0.00     0.00
   4 	 -324.00  -374.12     0.00     0.00     0.00     0.00
   	   32.00   -23.00     0.00    90.00
   	   32.00   -23.00     0.00    90.00
   5 	 -378.00  -374.12     0.00     0.00     0.00     0.00
   5 	 -378.00  -374.12     0.00     0.00     0.00     0.00
   	   32.00   -23.00     0.00    90.00
   	   32.00   -23.00     0.00    90.00
   6 	 -405.00  -327.36     0.00     0.00     0.00     0.00
   6 	 -405.00  -327.36     0.00     0.00     0.00     0.00
   	   32.00   -23.00     0.00    90.00
   	   32.00   -23.00     0.00    90.00
   7 	 -351.00  -327.36     0.00     0.00     0.00     0.00
   7 	 -351.00  -327.36     0.00     0.00     0.00     0.00
   	   32.00   -23.00     0.00    90.00
   	   32.00   -23.00     0.00    90.00
   8 	 -243.00   233.83     0.00     0.00     0.00     0.00
   8 	 -243.00   233.83     0.00     0.00     0.00     0.00
   	   32.00   -23.00     0.00    90.00
   	   32.00   -23.00     0.00    90.00
   9 	 -189.00   233.83     0.00     0.00     0.00     0.00
   9 	 -189.00   233.83     0.00     0.00     0.00     0.00
   	   32.00   -23.00     0.00    90.00
   	   32.00   -23.00     0.00    90.00
  10 	 -162.00   187.06     0.00     0.00     0.00     0.00
  10 	 -162.00   187.06     0.00     0.00     0.00     0.00
   	   32.00   -23.00     0.00    90.00
   	   32.00   -23.00     0.00    90.00
  11 	 -189.00   140.30     0.00     0.00     0.00     0.00
  11 	 -189.00   140.30     0.00     0.00     0.00     0.00
   	   32.00   -23.00     0.00    90.00
   	   32.00   -23.00     0.00    90.00
  12 	 -243.00   140.30     0.00     0.00     0.00     0.00
  12 	 -243.00   140.30     0.00     0.00     0.00     0.00
   	   32.00   -23.00     0.00    90.00
   	   32.00   -23.00     0.00    90.00
  13 	 -270.00   187.06     0.00     0.00     0.00     0.00
  13 	 -270.00   187.06     0.00     0.00     0.00     0.00
   	   32.00   -23.00     0.00    90.00
   	   32.00   -23.00     0.00    90.00
  14 	 -216.00   187.06     0.00     0.00     0.00     0.00
  14 	 -216.00   187.06     0.00     0.00     0.00     0.00
   	   32.00   -23.00     0.00    90.00
   	   32.00   -23.00     0.00    90.00
  15 	   27.00    46.77     0.00     0.00     0.00     0.00
  15 	   27.00    46.77     0.00     0.00     0.00     0.00
   	   32.00   -23.00     0.00    90.00
   	   32.00   -23.00     0.00    90.00
  16 	   81.00    46.77     0.00     0.00     0.00     0.00
  16 	   81.00    46.77     0.00     0.00     0.00     0.00
   	   32.00   -23.00     0.00    90.00
   	   32.00   -23.00     0.00    90.00
  17 	  135.00    46.77     0.00     0.00     0.00     0.00
  17 	  135.00    46.77     0.00     0.00     0.00     0.00
   	   32.00   -23.00     0.00    90.00
   	   32.00   -23.00     0.00    90.00
  18 	   54.00    93.53     0.00     0.00     0.00     0.00
  18 	   54.00    93.53     0.00     0.00     0.00     0.00
   	   32.00   -23.00     0.00    90.00
   	   32.00   -23.00     0.00    90.00
  19 	  108.00    93.53     0.00     0.00     0.00     0.00
  19 	  108.00    93.53     0.00     0.00     0.00     0.00
   	   32.00   -23.00     0.00    90.00
   	   32.00   -23.00     0.00    90.00
  20 	  162.00    93.53     0.00     0.00     0.00     0.00
  20 	  162.00    93.53     0.00     0.00     0.00     0.00
   	   32.00   -23.00     0.00    90.00
   	   32.00   -23.00     0.00    90.00
  21 	   81.00   140.30     0.00     0.00     0.00     0.00
  21 	   81.00   140.30     0.00     0.00     0.00     0.00
   	   32.00   -23.00     0.00    90.00
   	   32.00   -23.00     0.00    90.00
  22 	  135.00   140.30     0.00     0.00     0.00     0.00
  22 	  135.00   140.30     0.00     0.00     0.00     0.00
   	   32.00   -23.00     0.00    90.00
   	   32.00   -23.00     0.00    90.00
  23 	  189.00   140.30     0.00     0.00     0.00     0.00
  23 	  189.00   140.30     0.00     0.00     0.00     0.00
   	   32.00   -23.00     0.00    90.00
   	   32.00   -23.00     0.00    90.00
  24 	  108.00   187.06     0.00     0.00     0.00     0.00
  24 	  108.00   187.06     0.00     0.00     0.00     0.00
   	   32.00   -23.00     0.00    90.00
   	   32.00   -23.00     0.00    90.00
  25 	  162.00   187.06     0.00     0.00     0.00     0.00
  25 	  162.00   187.06     0.00     0.00     0.00     0.00
   	   32.00   -23.00     0.00    90.00
   	   32.00   -23.00     0.00    90.00
  26 	  216.00   187.06     0.00     0.00     0.00     0.00
  26 	  216.00   187.06     0.00     0.00     0.00     0.00
   	   32.00   -23.00     0.00    90.00
   	   32.00   -23.00     0.00    90.00
  27 	  135.00   233.83     0.00     0.00     0.00     0.00
  27 	  135.00   233.83     0.00     0.00     0.00     0.00
   	   32.00   -23.00     0.00    90.00
   	   32.00   -23.00     0.00    90.00
  28 	  189.00   233.83     0.00     0.00     0.00     0.00
  28 	  189.00   233.83     0.00     0.00     0.00     0.00
   	   32.00   -23.00     0.00    90.00
   	   32.00   -23.00     0.00    90.00
  29 	  243.00   233.83     0.00     0.00     0.00     0.00
  29 	  243.00   233.83     0.00     0.00     0.00     0.00
   	   32.00   -23.00     0.00    90.00
   	   32.00   -23.00     0.00    90.00
  30 	  162.00   280.59     0.00     0.00     0.00     0.00
  30 	  162.00   280.59     0.00     0.00     0.00     0.00
   	   32.00   -23.00     0.00    90.00
   	   32.00   -23.00     0.00    90.00
  31 	  216.00   280.59     0.00     0.00     0.00     0.00
  31 	  216.00   280.59     0.00     0.00     0.00     0.00
   	   32.00   -23.00     0.00    90.00
   	   32.00   -23.00     0.00    90.00
  32 	  270.00   280.59     0.00     0.00     0.00     0.00
  32 	  270.00   280.59     0.00     0.00     0.00     0.00
   	   32.00   -23.00     0.00    90.00
   	   32.00   -23.00     0.00    90.00
  33 	  189.00   327.36     0.00     0.00     0.00     0.00
  33 	  189.00   327.36     0.00     0.00     0.00     0.00
   	   32.00   -23.00     0.00    90.00
   	   32.00   -23.00     0.00    90.00
  34 	  243.00   327.36     0.00     0.00     0.00     0.00
  34 	  243.00   327.36     0.00     0.00     0.00     0.00
   	   32.00   -23.00     0.00    90.00
   	   32.00   -23.00     0.00    90.00
  35 	  297.00   327.36     0.00     0.00     0.00     0.00
  35 	  297.00   327.36     0.00     0.00     0.00     0.00
   	   32.00   -23.00     0.00    90.00
   	   32.00   -23.00     0.00    90.00
  36 	  216.00   374.12     0.00     0.00     0.00     0.00
  36 	  216.00   374.12     0.00     0.00     0.00     0.00
   	   32.00   -23.00     0.00    90.00
   	   32.00   -23.00     0.00    90.00
  37 	  270.00   374.12     0.00     0.00     0.00     0.00
  37 	  270.00   374.12     0.00     0.00     0.00     0.00
   	   32.00   -23.00     0.00    90.00
   	   32.00   -23.00     0.00    90.00
  38 	  324.00   374.12     0.00     0.00     0.00     0.00
  38 	  324.00   374.12     0.00     0.00     0.00     0.00
   	   32.00   -23.00     0.00    90.00
   	   32.00   -23.00     0.00    90.00
  39 	  243.00   420.89     0.00     0.00     0.00     0.00
  39 	  243.00   420.89     0.00     0.00     0.00     0.00
   	   32.00   -23.00     0.00    90.00
   	   32.00   -23.00     0.00    90.00
  40 	  297.00   420.89     0.00     0.00     0.00     0.00
  40 	  297.00   420.89     0.00     0.00     0.00     0.00
   	   32.00   -23.00     0.00    90.00
   	   32.00   -23.00     0.00    90.00
  41 	  351.00   420.89     0.00     0.00     0.00     0.00
  41 	  351.00   420.89     0.00     0.00     0.00     0.00
   	   32.00   -23.00     0.00    90.00
   	   32.00   -23.00     0.00    90.00
  42 	  270.00   467.65     0.00     0.00     0.00     0.00
  42 	  270.00   467.65     0.00     0.00     0.00     0.00
   	   32.00   -23.00     0.00    90.00
   	   32.00   -23.00     0.00    90.00
  43 	  324.00   467.65     0.00     0.00     0.00     0.00
  43 	  324.00   467.65     0.00     0.00     0.00     0.00
   	   32.00   -23.00     0.00    90.00
   	   32.00   -23.00     0.00    90.00
  44 	  378.00   467.65     0.00     0.00     0.00     0.00
  44 	  378.00   467.65     0.00     0.00     0.00     0.00
   	   32.00   -23.00     0.00    90.00
   	   32.00   -23.00     0.00    90.00
  45 	  297.00   514.42     0.00     0.00     0.00     0.00
  45 	  297.00   514.42     0.00     0.00     0.00     0.00
   	   32.00   -23.00     0.00    90.00
   	   32.00   -23.00     0.00    90.00
  46 	  351.00   514.42     0.00     0.00     0.00     0.00
  46 	  351.00   514.42     0.00     0.00     0.00     0.00
   	   32.00   -23.00     0.00    90.00
   	   32.00   -23.00     0.00    90.00
  47 	  405.00   514.42     0.00     0.00     0.00     0.00
  47 	  405.00   514.42     0.00     0.00     0.00     0.00
   	   32.00   -23.00     0.00    90.00
   	   32.00   -23.00     0.00    90.00
  48 	  -81.00   140.30     0.00     0.00     0.00     0.00
  48 	  -81.00   140.30     0.00     0.00     0.00     0.00
   	   32.00   -23.00     0.00    90.00
   	   32.00   -23.00     0.00    90.00
  49 	  -27.00   140.30     0.00     0.00     0.00     0.00
  49 	  -27.00   140.30     0.00     0.00     0.00     0.00
   	   32.00   -23.00     0.00    90.00
   	   32.00   -23.00     0.00    90.00
  50 	  -54.00   187.06     0.00     0.00     0.00     0.00
  50 	  -54.00   187.06     0.00     0.00     0.00     0.00
   	   32.00   -23.00     0.00    90.00
   	   32.00   -23.00     0.00    90.00
  51 	   -0.00   187.06     0.00     0.00     0.00     0.00
  51 	   -0.00   187.06     0.00     0.00     0.00     0.00
   	   32.00   -23.00     0.00    90.00
   	   32.00   -23.00     0.00    90.00
  52 	  -27.00   233.83     0.00     0.00     0.00     0.00
  52 	  -27.00   233.83     0.00     0.00     0.00     0.00
   	   32.00   -23.00     0.00    90.00
   	   32.00   -23.00     0.00    90.00
  53 	   27.00   233.83     0.00     0.00     0.00     0.00
  53 	   27.00   233.83     0.00     0.00     0.00     0.00
   	   32.00   -23.00     0.00    90.00
   	   32.00   -23.00     0.00    90.00

** End writing output file: ../inputs/gr997.dat 
